-1.057637123913746116e-15
-8.801521784005606672e-16
-5.491223738844650918e-16
-3.433454288664986655e-16
-2.472990193969016623e-16
-2.142550169654195225e-16
-1.985667787623174007e-16
-1.917554909087010621e-16
-1.662675610442548535e-16
-1.503564112247958418e-16
-1.471477706045648954e-16
-1.380034447185128537e-16
-1.342937149080846446e-16
-1.301270899206300051e-16
-1.206440571880132607e-16
-1.200057510987214777e-16
-1.098491934170034683e-16
-1.075649959727771243e-16
-1.067076284447252219e-16
-9.944361104636945882e-17
-9.573685586968583382e-17
-9.141149657301475617e-17
-8.751185341870581063e-17
-8.547201040416242691e-17
-8.377282588199092722e-17
-7.879503046575724749e-17
-7.444059764610645528e-17
-7.011088185754387222e-17
-6.931400274399915759e-17
-6.775993044314540251e-17
-6.448843584204563575e-17
-6.367611287295570256e-17
-6.106867043214518222e-17
-5.803142969143833110e-17
-5.724034849917323740e-17
-5.424678313311561001e-17
-5.135959071130257628e-17
-5.001804078911205155e-17
-4.774827125351241798e-17
-4.723496081743241151e-17
-4.647177645256473316e-17
-4.504672760866126686e-17
-4.395760955107294906e-17
-4.253970267258279933e-17
-4.038420476189968173e-17
-3.867019683971525927e-17
-3.672343324338919400e-17
-3.562935240726532550e-17
-3.528875661198004754e-17
-3.288627441424565942e-17
-3.185374883986021722e-17
-3.169490753044770226e-17
-3.104040185310576622e-17
-2.935660659330902912e-17
-2.850815665014928046e-17
-2.763376374111199858e-17
-2.732184416231720218e-17
-2.512225188313997543e-17
-2.464486246480983131e-17
-2.373480305182192254e-17
-2.341130972536546152e-17
-2.298938902192945448e-17
-2.218850699305342326e-17
-2.163254171779289107e-17
-2.112269326920526855e-17
-2.013234927306150710e-17
-1.926471450072101452e-17
-1.911814360300986639e-17
-1.875800873207642680e-17
-1.778059503165765075e-17
-1.751945662549951195e-17
-1.683261071169441343e-17
-1.591570175564662890e-17
-1.519913511698508102e-17
-1.512060576057365830e-17
-1.396458821275560135e-17
-1.305187597650782241e-17
-1.204273872668699610e-17
-1.161086436627119153e-17
-1.113594564465275814e-17
-1.072051846111584912e-17
-1.017371587288598892e-17
-9.962401321918285537e-18
-8.524245064671030453e-18
-8.412036744177918176e-18
-8.048347905687223166e-18
-7.402440382760433141e-18
-6.506595765925670195e-18
-6.341798488248780123e-18
-5.428149237822099850e-18
-5.315618882185531650e-18
-4.965304255401516201e-18
-4.386604324632400826e-18
-4.027422650265908794e-18
-3.532074421720541197e-18
-2.967625940214025347e-18
-2.595765247936599204e-18
-2.413080819209664631e-18
-1.376706053250109754e-18
-1.137839420829125298e-18
-1.117260966329232166e-18
-8.133611380442404573e-19
-6.723081327858623825e-19
-5.045865728463157065e-19
-3.799972980398385373e-19
-2.540878180754202295e-19
-1.733302075247556254e-19
-1.692307725774149381e-20
-9.041821647687019012e-21
-3.800135556959310267e-21
-2.123122994701662570e-21
-1.429530986950107222e-21
-9.990927099326585229e-22
-6.885932703784240281e-22
-2.481937495655570164e-22
-7.452995687179951028e-23
-1.177989308691612853e-23
1.016545394530631931e-26
6.496292178299795480e-23
5.525572700308384854e-22
7.118597666235338693e-22
1.230877248677676556e-21
1.758878482067906538e-21
3.098009449967783900e-21
6.856777003644033914e-21
8.478626225077763048e-21
7.940328261641082207e-20
2.271901270567852215e-19
3.041562830798295559e-19
8.724717395817746999e-19
9.974655809339730261e-19
1.123477020902642784e-18
1.814289658774013372e-18
1.907324188879252698e-18
2.119982772843915975e-18
2.438339536819898568e-18
2.516684072097510998e-18
2.848453563041985905e-18
3.682238747838634650e-18
3.745626732624407150e-18
4.030283729792712270e-18
4.695234181032179158e-18
4.940378706449406359e-18
5.191572388249906888e-18
6.143119026584064816e-18
6.613440172558208820e-18
6.862505295871561773e-18
7.314854191481358842e-18
7.903701470787673921e-18
8.366122506817716034e-18
8.997839975212912332e-18
9.272459262256150571e-18
9.871876062096797767e-18
1.055809708336101417e-17
1.094719380829193921e-17
1.148821874819151321e-17
1.231651677320019720e-17
1.281688644064462445e-17
1.377059625868157183e-17
1.430395509277515381e-17
1.462259905352397824e-17
1.562887240899195892e-17
1.577371982395287054e-17
1.677535672340822616e-17
1.734627284249133932e-17
1.772651045152599872e-17
1.853106628647268645e-17
1.908504672179471710e-17
1.992514249615931095e-17
2.055721341564575896e-17
2.145567111467332562e-17
2.242397699793716331e-17
2.279294560858903629e-17
2.373311802794727357e-17
2.471829658791086711e-17
2.591843548592607080e-17
2.757507062942809777e-17
2.777647194309699913e-17
2.855470006079749254e-17
2.959203029927854495e-17
3.121291873420902405e-17
3.146617530271127886e-17
3.210976668127714543e-17
3.338200313868659750e-17
3.433243424298142886e-17
3.527086053624344475e-17
3.662905233438253672e-17
3.782928996180709716e-17
3.836599319956776917e-17
3.939078247108949124e-17
4.022133452951753535e-17
4.175218820712109912e-17
4.312006286824995225e-17
4.544321827240699098e-17
4.660633987056407894e-17
4.765943732942747553e-17
4.874844302499777331e-17
4.997692434824470355e-17
5.358917155184573741e-17
5.434976524777568562e-17
5.584243248130771114e-17
5.827445505713588370e-17
6.102714511009501697e-17
6.355458990362878697e-17
6.775455337361916315e-17
6.907867363014330657e-17
7.149128007033150573e-17
7.573414953492895618e-17
8.140442036674515171e-17
8.381293849434078194e-17
8.688604960877806808e-17
8.841933090066494094e-17
9.286853263318937589e-17
9.491765986070596064e-17
1.014853522031300310e-16
1.098458674714572052e-16
1.156602964197031213e-16
1.181404777339817608e-16
1.231040940393555567e-16
1.299253158005795360e-16
1.358784560996320013e-16
1.451169912861743545e-16
1.586021155706617494e-16
1.685082178969209617e-16
1.746376180024641389e-16
1.853661108743420730e-16
2.242248061262290999e-16
2.561369940215560046e-16
2.684935188280480322e-16
5.375351394726662472e-16
6.586544752283220300e-16
4.760685787560834460e-05
8.172655892946795305e-04
1.226224113804370375e-03
2.425935393427191156e-03
2.669128821706727179e-03
2.975737980232158030e-03
3.459769062501782955e-03
4.496356963285335143e-03
6.105374758042837052e-03
6.140717855179540427e-03
8.346190339409509037e-03
1.107695237340369440e-02
1.135064219670002886e-02
1.956668735339243265e-02
2.442099649302394496e-02
4.028916237471991818e-02
5.146278736150797228e-02
5.865407503012783075e-02
1.000943634759009493e-01
1.083712472686131634e-01
1.637944344193524859e-01
3.438593683373121213e-01
1.761139232437613167e+00
4.341644602990708535e+00
1.045534721794473754e+01
