-8.243442939183458174e-18
-5.625952414851370043e-18
-2.219915841971597779e-18
-2.014636272259326368e-18
-1.556044450348856082e-18
-1.272564292688068887e-18
-1.234067576893426644e-18
-1.110585347765252576e-18
-1.024946307095549427e-18
-9.890372816560823719e-19
-9.211896861707355610e-19
-8.907369962868078843e-19
-8.363711669952355009e-19
-7.916480346413137920e-19
-7.665002989507477931e-19
-7.490657661888265890e-19
-7.310116814025323504e-19
-6.827810260438929131e-19
-6.323135437259305383e-19
-6.082631187975040619e-19
-5.946719812749121122e-19
-5.799982747692619308e-19
-5.612056804117555901e-19
-5.495023765192153709e-19
-5.129685411999924315e-19
-4.885325927182324004e-19
-4.732473070757473754e-19
-4.594841707609693588e-19
-4.477404005188393378e-19
-4.471036251423098291e-19
-4.399849930191175270e-19
-4.361975936107605686e-19
-4.222201374610143208e-19
-3.961452171439917492e-19
-3.848646794920429194e-19
-3.721507856277984555e-19
-3.653886779236985201e-19
-3.615856294394628997e-19
-3.540045867183978749e-19
-3.387658832064713963e-19
-3.260926341192711424e-19
-3.215784713894044651e-19
-3.140380522166276675e-19
-3.050900980462334029e-19
-2.998724831044572878e-19
-2.937073358864853836e-19
-2.893494732937211826e-19
-2.870310041860512280e-19
-2.746665614511546066e-19
-2.662113961994509945e-19
-2.616299555610890057e-19
-2.538909029136266847e-19
-2.433517314539048685e-19
-2.387438030799246471e-19
-2.314846409186791277e-19
-2.296152320367891858e-19
-2.253284830667085198e-19
-2.114998377907151227e-19
-2.020498066567370812e-19
-1.947314047804803671e-19
-1.925465479688303602e-19
-1.887910896023423078e-19
-1.802072976583216784e-19
-1.766313001398637627e-19
-1.703261831929533769e-19
-1.698987774573429811e-19
-1.622687289689292310e-19
-1.605948600104459410e-19
-1.503475958059535946e-19
-1.445866632239150824e-19
-1.399285349851291868e-19
-1.369271275320533135e-19
-1.320583694497611071e-19
-1.282212309662811402e-19
-1.239878025917177389e-19
-1.173885818128003291e-19
-1.128528532395562043e-19
-1.099803668443591157e-19
-1.063322731817684287e-19
-1.007180765157857024e-19
-9.926744166976190821e-20
-9.482465844204400799e-20
-9.207308529354034098e-20
-8.694152420182740557e-20
-8.146482004595955990e-20
-8.050922312756934739e-20
-7.777355570587083643e-20
-7.168703521805782324e-20
-7.015477459120603901e-20
-6.774384339932491267e-20
-6.350541020776049147e-20
-5.934605420712744773e-20
-5.727352735648850014e-20
-5.277772262844796296e-20
-5.122016521281681801e-20
-4.521297043831771377e-20
-4.342528173194515895e-20
-4.182958534416708437e-20
-3.891426681277921046e-20
-3.584765130017542964e-20
-3.226783944408364694e-20
-3.195567203068948739e-20
-2.847250126238139140e-20
-2.777831105811025198e-20
-2.503474429645399684e-20
-2.293897291806091704e-20
-2.006437129009920115e-20
-1.982353111231071820e-20
-1.664976732178062602e-20
-1.177221665348034766e-20
-1.017160174888365207e-20
-7.175444676781001425e-21
-5.058184532631754925e-21
-1.333721401697183561e-21
-1.157647817242286266e-21
2.686786328420591054e-21
4.654992787232902263e-21
5.214444080022402081e-21
7.883960215491435302e-21
8.191301270315556071e-21
1.169941640395700089e-20
1.601352461480544904e-20
1.649204299697091895e-20
1.913240304607460902e-20
1.975968321349334431e-20
2.090528039454740313e-20
2.355668504883292049e-20
2.696026517276825781e-20
2.980858939085488418e-20
3.461401956104520551e-20
3.631202015555907924e-20
3.822013106186909979e-20
4.258220727230055489e-20
4.311873170057301951e-20
4.672015506345840444e-20
4.756137428902430119e-20
4.960757715441612654e-20
5.717596656893698082e-20
5.799253307516457798e-20
6.043945279600989607e-20
6.222387240577170576e-20
6.967161279760436976e-20
7.171174454724462332e-20
7.399689963710295985e-20
7.523784521830314072e-20
7.938879173015769446e-20
8.135635350564670794e-20
8.375497539584069803e-20
9.040411587755686899e-20
9.699668892137174650e-20
1.023114126491143637e-19
1.052352236214534216e-19
1.067380897397819695e-19
1.161212894138355766e-19
1.166527760711737646e-19
1.269604414211492004e-19
1.310976161603619251e-19
1.358274238407661246e-19
1.403650301028326054e-19
1.465704457272801651e-19
1.515159258130271029e-19
1.563697059356478749e-19
1.584795825400347546e-19
1.636754783610537897e-19
1.692636437515225033e-19
1.741927148656326255e-19
1.772438221277299284e-19
1.803961907596014531e-19
1.830625568787649596e-19
1.926931884549535340e-19
1.955022096652203571e-19
2.055056375545940583e-19
2.122273784822470053e-19
2.203412236749378334e-19
2.246762789877739149e-19
2.285025305062182721e-19
2.333201270030119106e-19
2.426214865072734013e-19
2.457479860817950054e-19
2.577753400870707451e-19
2.649710905686698008e-19
2.690309719430514701e-19
2.795679573500823482e-19
2.839738837664079917e-19
2.909955385854694513e-19
2.993094595069114944e-19
3.013205383468482535e-19
3.124796094334160895e-19
3.268316737984185651e-19
3.290069908049098339e-19
3.384922329274994916e-19
3.571366789983192130e-19
3.682527673171358851e-19
3.728722297057505085e-19
3.822963922962469276e-19
4.024306393588018491e-19
4.157743524396352781e-19
4.269300288519941891e-19
4.362553963744885638e-19
4.471353328909149343e-19
4.519829309330724405e-19
4.705120150321825407e-19
4.919698585042677325e-19
5.028273402274627893e-19
5.145610745068906114e-19
5.377079587153579745e-19
5.733069676159719861e-19
5.851000577013430698e-19
6.028501702985387306e-19
6.308757735695786572e-19
6.536283992183157401e-19
6.812436092976551835e-19
6.916087109768367472e-19
7.191206467341679889e-19
7.864834306887691690e-19
8.212466552184302323e-19
8.589936881591633070e-19
9.025180484078316950e-19
9.513836496940906877e-19
9.862768676519010928e-19
1.138734689301189841e-18
1.149905341436603364e-18
1.200325620001151848e-18
1.591267879827104056e-18
1.682706500438643463e-18
1.866656364439708737e-18
2.038726347447411071e-18
2.977133368983573400e-18
5.240192813958443380e-18
5.457784584708179259e-18
5.926538525312312075e-18
4.025214901271285774e-06
5.699056707663323325e-06
1.003343998776058121e-05
1.195765532309069999e-05
1.692000162268450760e-05
2.327113513410604135e-05
2.664693899788259446e-05
2.839426388677975042e-05
3.400402548038351124e-05
3.981013790313261166e-05
6.368094795632988833e-05
7.942073397510495943e-05
9.418724490012479495e-05
1.073481469972145338e-04
1.800366335696337232e-04
2.903670602969485120e-04
3.447346098393593190e-04
3.870678369908488073e-04
4.224217912859695007e-04
9.523420634842766569e-04
9.704126051322646421e-04
3.113812343659444308e-03
1.625440643768040830e-02
2.050526747703102295e-02
8.883579776484312740e-02
