7.643257731371898463e-03
5.525832740296499068e-03
4.903380066795280830e-03
4.696140335235865666e-03
3.780574365439470438e-03
3.309495478403471323e-03
2.909929191131558832e-03
2.749448211096538509e-03
2.468966698972726876e-03
2.256260970694435371e-03
2.222810187568253441e-03
1.985661203283352501e-03
1.889464442476834673e-03
1.782772240393786867e-03
1.684672417339667288e-03
1.520002009883609020e-03
1.480423519187334860e-03
1.412915202208065010e-03
1.279765163756913177e-03
1.172421807022121535e-03
1.089111573266152676e-03
1.045443529725815146e-03
1.022645179312551330e-03
9.239632443341949967e-04
8.794097521511607405e-04
8.435003845340765215e-04
7.635343939383406730e-04
7.497441232235853032e-04
7.128435561151402712e-04
6.834203471291330680e-04
6.580187564283357816e-04
6.236457186207400999e-04
6.056003607812041490e-04
5.689280185204202353e-04
5.622074100267808721e-04
5.370850062291714468e-04
5.131979638282210777e-04
4.856313967217434414e-04
4.618935419386678283e-04
4.409412818036059821e-04
4.326369395570264418e-04
4.065028011643730078e-04
3.850872030969202438e-04
3.653360528523588420e-04
3.575295551840001573e-04
3.423336644049419287e-04
3.123622985668657857e-04
3.015808601775794157e-04
2.983148640326573693e-04
2.795445318661311123e-04
2.748581810907800159e-04
2.646203717463479761e-04
2.456985404800743561e-04
2.412132275942194270e-04
2.240361153776642311e-04
2.220714109334234472e-04
2.150164822080763416e-04
2.009471678905298060e-04
1.929147320534650776e-04
1.894231108798644862e-04
1.824851838950643495e-04
1.770607666490427677e-04
1.714431712619037386e-04
1.561508876922273700e-04
1.541220309388692772e-04
1.496619353026083278e-04
1.412793010987027881e-04
1.371096160345671399e-04
1.324628828577480556e-04
1.268139227355316535e-04
1.209559306224388889e-04
1.120593229249498477e-04
1.108118079942551823e-04
1.089721850731099672e-04
1.025250375715304257e-04
9.564812047575207185e-05
8.974730460901581973e-05
8.931808280856457188e-05
8.617057673077317475e-05
8.369600789732371121e-05
7.872737502295787198e-05
7.584336650528877681e-05
7.382319965070655856e-05
7.072468064577006118e-05
6.754135426921169998e-05
6.504229277687809097e-05
6.313085489931321984e-05
6.188409479804406785e-05
5.790103795914304464e-05
5.665004888301720335e-05
5.068109673952230182e-05
4.891027218443104473e-05
4.533989842522474653e-05
4.305961357607101641e-05
4.166762206017056512e-05
3.987595666732699488e-05
3.870527924017531750e-05
3.701102027028912479e-05
3.547127604510774489e-05
3.416298327078374624e-05
2.955582808326043755e-05
2.888186054401267627e-05
2.688331274306188245e-05
2.536664174006942764e-05
2.233429504551747393e-05
2.222365328504537406e-05
2.101031411603455492e-05
2.058952572757040026e-05
1.960095252829212111e-05
1.871002061150670858e-05
1.670734065822111880e-05
1.505564573832863015e-05
1.482877762219071258e-05
1.366035636105071789e-05
1.323253253052818856e-05
1.230348658620221076e-05
1.125045550814887882e-05
1.112855985476021706e-05
1.005087237879169136e-05
9.594242671858275480e-06
8.844392714042997099e-06
8.203647209526305771e-06
7.610778773059774285e-06
7.124942800977833045e-06
6.893955613067015771e-06
5.433637098881657593e-06
5.058928567297565997e-06
4.353389730276443940e-06
4.162568248914794505e-06
3.659904412749791249e-06
2.972376224184058835e-06
2.723472062559200071e-06
2.210272358032088290e-06
1.812443671837274623e-06
1.548188756735440521e-06
1.452599324863846505e-06
9.981149052607012701e-07
4.503351765918066922e-07
2.885548209265173950e-07
1.809151864187562167e-07
3.023158386833248645e-21
-3.505144951812072609e-20
-9.228378144854385608e-08
-2.758904765862686105e-07
-7.641449594837902277e-07
-9.047870385319169904e-07
-1.126624333467156042e-06
-1.485373369775611405e-06
-2.077494695832747671e-06
-2.222152992866762281e-06
-2.262519611780880552e-06
-2.563536982377887870e-06
-3.228422628762935920e-06
-3.832560644262874467e-06
-3.966853563107850465e-06
-4.259697277197370776e-06
-4.861462311800599590e-06
-5.945439964452702253e-06
-6.311196310914042765e-06
-7.086002408306176844e-06
-7.678881419753290873e-06
-7.963216271682821732e-06
-8.857401551768077100e-06
-9.302836404626954755e-06
-9.694155471436840529e-06
-1.036972829147911935e-05
-1.162626033946036600e-05
-1.266706021971706340e-05
-1.324770386124549783e-05
-1.432922952519476529e-05
-1.487915484878437823e-05
-1.554217540202325652e-05
-1.630426284148299269e-05
-1.905200499752076867e-05
-1.924395659062836988e-05
-2.009426589009313019e-05
-2.234176253251877141e-05
-2.374994422672909499e-05
-2.413981971793643976e-05
-2.589190361175365592e-05
-2.749107464775446424e-05
-2.967672424382106878e-05
-3.241718348375827549e-05
-3.454839623677670186e-05
-3.650761053840658935e-05
-3.753334658158237724e-05
-4.027769148419559412e-05
-4.264582042456811474e-05
-4.756720941566185460e-05
-4.855532752362885584e-05
-5.160754937939842800e-05
-5.495258233626679840e-05
-5.564176225548007432e-05
-6.090806312105918814e-05
-6.488364343962534715e-05
-6.892397008164927749e-05
-7.337024907706402488e-05
-8.033758067920742274e-05
-8.163916901385336392e-05
-8.587167036516000769e-05
-9.229978950207438514e-05
-9.483081755825245953e-05
-9.800705952879462560e-05
-1.020595587965383177e-04
-1.113597965953822975e-04
-1.167837766200197276e-04
-1.211958679095171575e-04
-1.298852840310355558e-04
-1.363733086199712301e-04
-1.476774237493279471e-04
-1.576378154065514385e-04
-1.674132516953886704e-04
-1.687338335793338263e-04
-1.787112989203651218e-04
-1.828420403762193039e-04
-1.893663814105091085e-04
-1.972096912614804858e-04
-2.184958934358068375e-04
-2.288053034560950255e-04
-2.359283276330868882e-04
-2.441096197702265983e-04
-2.618677487295319249e-04
-2.669408130214817512e-04
-2.891455876146626410e-04
-2.992251580826701864e-04
-3.266858246041725493e-04
-3.444626499491730640e-04
-3.476513794914245408e-04
-3.818412395890913020e-04
-4.009497914408929106e-04
-4.090801190526212024e-04
-4.319181347718723668e-04
-4.637776269726049251e-04
-4.922641661509600305e-04
-5.197726590852491018e-04
-5.718848801696108488e-04
-5.812126983443643286e-04
-6.377129910378156368e-04
-6.468367727163965367e-04
-6.824821068883514573e-04
-7.454463849462729689e-04
-7.511369833772607108e-04
-8.292727103565710215e-04
-8.816563748574261089e-04
-9.347488923873513000e-04
-9.878728044463551145e-04
-1.058044668260670279e-03
-1.107686165809175938e-03
-1.254958045024901587e-03
-1.343393266111866501e-03
-1.477645067744788815e-03
-1.617660456237795304e-03
-1.799891939784126031e-03
-2.096280682803077812e-03
-2.320518121304641392e-03
-2.863216617539802739e-03
