-2.295271010891607177e-02
-1.626574036456547925e-02
-1.482447006216072900e-02
-8.969780161777910626e-03
-7.145486014950921949e-03
-6.161081075089353681e-03
-6.061123148633342471e-03
-5.182268570382158462e-03
-4.519877757498041125e-03
-3.942491184632759826e-03
-3.592426840431623726e-03
-3.363868167903600638e-03
-3.014429373770228637e-03
-2.489997748993801312e-03
-2.445595378602685721e-03
-2.237430960124391771e-03
-2.147865444775145637e-03
-1.918687683952458988e-03
-1.689418863846344756e-03
-1.569341375601120223e-03
-1.473730212257305834e-03
-1.393608449516867262e-03
-1.271716140490021735e-03
-1.144996555569581563e-03
-1.100856677615157878e-03
-1.035421335818441108e-03
-1.016333054915208789e-03
-9.232972036062220582e-04
-8.241838128480103972e-04
-7.831062788990661612e-04
-7.619917033850397235e-04
-7.053824862721648449e-04
-6.564048871084335584e-04
-6.418004771414613117e-04
-6.017726766373756708e-04
-5.301733613291788111e-04
-5.027077576218974249e-04
-4.844052446375460958e-04
-4.503661086813970566e-04
-4.377763381968928719e-04
-4.021435990998431824e-04
-3.880655075283792328e-04
-3.693680621384791136e-04
-3.496795947770833628e-04
-3.199311894912832571e-04
-3.100745856195334703e-04
-2.854081748481949662e-04
-2.677615545193936597e-04
-2.640286374508900606e-04
-2.396721683814465812e-04
-2.311354542897330988e-04
-2.224744146059306267e-04
-2.152041007845274876e-04
-1.852004853066511775e-04
-1.848556810489891135e-04
-1.682777322036458473e-04
-1.620172561090237225e-04
-1.535252899084823164e-04
-1.448992084913478667e-04
-1.372517869506932131e-04
-1.329502488381508829e-04
-1.270135803759145756e-04
-1.222547002810095570e-04
-1.148184902651228350e-04
-1.120755948079983877e-04
-1.049437614223965840e-04
-9.370542979561420356e-05
-8.828960441240016918e-05
-8.264439443422078946e-05
-8.124806189019977121e-05
-7.420917092462865183e-05
-6.938971059804145084e-05
-6.700008725318537842e-05
-5.985509256684374570e-05
-5.610744125054055139e-05
-5.293428244994591731e-05
-5.065684872632080188e-05
-4.641487688389528182e-05
-4.169515172854862959e-05
-4.019601841980933765e-05
-3.926457701998656286e-05
-3.597045589128724152e-05
-3.422617046570364648e-05
-3.083130930450202434e-05
-2.899478367496022244e-05
-2.818803834343151332e-05
-2.566323589897682696e-05
-2.336589503764250909e-05
-2.058725316197815454e-05
-1.845864113491216735e-05
-1.803951746473259760e-05
-1.682985568497226441e-05
-1.481634352019655508e-05
-1.290503166491838424e-05
-1.173032234630736593e-05
-1.092376353946264040e-05
-1.002875002114343093e-05
-9.662844794545239887e-06
-9.006888367122933226e-06
-8.282904302011919099e-06
-6.437441788733362766e-06
-5.964729055831898039e-06
-5.171138001450726159e-06
-4.908249112326167118e-06
-4.216326284381248500e-06
-3.570675098182716496e-06
-2.933764008063483492e-06
-2.494522485119245021e-06
-1.929868763952331234e-06
-1.351652396546644167e-06
-1.071950021041148368e-06
-4.367231396024272629e-07
-1.937971365723904719e-18
9.915889440286409057e-18
2.910779463556503379e-07
3.968798896235000644e-07
9.095472641698379044e-07
9.170610885354862456e-07
1.430812468090397942e-06
1.994985192947948904e-06
2.226498950634890569e-06
2.799420480166040061e-06
4.120813401930012756e-06
4.736626642313258590e-06
5.293479379891570854e-06
6.187239006200220869e-06
6.506187554438421735e-06
7.688399321136027903e-06
8.899594718969121730e-06
9.543070046595029769e-06
1.086718695879517020e-05
1.183626834171419521e-05
1.410782940896777983e-05
1.449214421323295513e-05
1.512417833833658713e-05
1.635457341451872424e-05
1.820179993256001850e-05
1.952531014078742131e-05
2.002500759394361380e-05
2.159006895703957012e-05
2.374020935351539550e-05
2.437543195894125488e-05
2.712184604593378113e-05
2.789818251938916906e-05
3.066239029308920778e-05
3.287524356450450213e-05
3.567254715559992832e-05
3.729732756278620004e-05
3.866953446593655381e-05
4.258494984547656168e-05
4.481157840901523858e-05
5.071289867138325212e-05
5.244927779893323591e-05
5.491116332774874240e-05
5.734958454616525891e-05
5.833930072459335788e-05
6.269873831740286317e-05
6.605373740987400719e-05
6.705464132687359103e-05
6.858144117775261432e-05
7.923628744928878941e-05
7.993009854130600370e-05
8.664557470142949288e-05
8.847021752351016174e-05
9.151198365108702748e-05
1.000633423373397307e-04
1.042051281859801369e-04
1.178062122145032571e-04
1.199269562604510762e-04
1.250116666176032262e-04
1.405793415085557251e-04
1.438093569719865619e-04
1.470818641514012577e-04
1.588781359104867146e-04
1.645345842765031904e-04
1.698281454571218393e-04
1.777628764675323234e-04
1.992342314981093211e-04
2.021320631884973714e-04
2.148389230938660399e-04
2.305992797243900056e-04
2.447899607710406103e-04
2.517863634956872087e-04
2.693360035202592906e-04
2.929073416148182674e-04
2.968448488065691319e-04
3.093306397863850791e-04
3.312056371939137329e-04
3.478596838168451126e-04
3.576948932923825907e-04
3.786431041377628795e-04
3.931620796348645266e-04
4.344842349135752554e-04
4.625230139772583729e-04
4.844654845671134895e-04
5.105381419638226927e-04
5.297247550166266647e-04
5.459556062169065209e-04
5.634824371903788664e-04
6.226075560842519530e-04
6.412809082297146746e-04
6.631261352156162577e-04
7.135396307756391998e-04
8.045266289380258607e-04
8.219855167123187771e-04
8.877432543377777006e-04
9.439642015103209523e-04
1.023590851753758022e-03
1.042975912547468168e-03
1.109571597717110784e-03
1.141440726505366359e-03
1.148234021818127530e-03
1.270175791540456133e-03
1.388912927456748729e-03
1.439654089946227396e-03
1.638706106941672722e-03
1.703937246695856654e-03
1.929340568122806269e-03
2.005568217139029521e-03
2.124145817905551473e-03
2.240291344172490578e-03
2.340887154845606652e-03
2.679684304682415034e-03
2.834719789919832537e-03
2.931114099318993423e-03
3.118976552410896406e-03
3.637923903896809336e-03
3.842715011764395033e-03
4.177429721574889981e-03
4.580363481384438010e-03
4.927151049748346341e-03
6.297384360209132108e-03
6.646229805015753736e-03
7.380852242225499453e-03
7.752058167321254113e-03
8.307859413099295126e-03
9.620092931501296463e-03
9.921939964985981159e-03
1.191896569135190639e-02
1.352707030930285458e-02
1.549928273574562552e-02
1.938423541526157132e-02
2.328836510395968645e-02
2.666274538502584959e-02
3.061816810342399275e-02
3.187329274399322565e-02
4.223521230751813016e-02
6.630912141604053400e-02
8.312597201097829402e-02
1.044188199212255919e-01
1.584422871989739912e-01
2.040492889957152278e-01
3.705361611240972630e-01
1.787824686230796711e+00
4.356240295113371630e+00
1.099707750930885197e+01
