2.767625745911421464e-02
2.402308899106326417e-02
1.614068187639551219e-02
7.499674022101636070e-03
5.126296607579357290e-03
3.819563609253663790e-03
2.882283423842875968e-03
2.051575106048385711e-03
1.958968908524417758e-03
1.850035889962331351e-03
1.763606768005627655e-03
1.404005211985381559e-03
1.250226431596998273e-03
9.847668824996185042e-04
9.491654773541334045e-04
8.102879564492490409e-04
7.039131011209215534e-04
6.225137954088481558e-04
6.122663547693847500e-04
5.219392222130602539e-04
4.952996263207940994e-04
3.759642089430678788e-04
2.866843474546749439e-04
2.323962377230949007e-04
1.239028613349661950e-04
9.092789368038327408e-18
7.588920343717507018e-18
6.295285730218727656e-18
5.112606088183298747e-18
4.715615985854834628e-18
4.657234772835966801e-18
4.550310912408681084e-18
4.370836907246811284e-18
4.256803361041654825e-18
3.952121682092340055e-18
3.740283282936473653e-18
3.700777222975306643e-18
3.550713975652147134e-18
3.529354395737112872e-18
3.391555608122337900e-18
3.252195727638879516e-18
3.160349642991953465e-18
3.028517481796961844e-18
2.996920733739878166e-18
2.899108368326761171e-18
2.779700984926786540e-18
2.648401226157628496e-18
2.631504739526811269e-18
2.598561011818001061e-18
2.520075499862467223e-18
2.417549291269318994e-18
2.319805464306468578e-18
2.269865179268238093e-18
2.258157285358704946e-18
2.113474315946401065e-18
2.068477813932122237e-18
2.044321010759683849e-18
1.998744378562663122e-18
1.973194645448169980e-18
1.943449161083253244e-18
1.866738978138074789e-18
1.795385015460478991e-18
1.788875599684923081e-18
1.764349277426032959e-18
1.701012686803351184e-18
1.645376068460567094e-18
1.600835227412200301e-18
1.575172362279365134e-18
1.550032387227285311e-18
1.505992304629216696e-18
1.444180241482324258e-18
1.418346456611058452e-18
1.383526293116433543e-18
1.369536750146766726e-18
1.327820327059200667e-18
1.271848067604088155e-18
1.244010938147917154e-18
1.219572985486195534e-18
1.197955039436905891e-18
1.169994128080020269e-18
1.118549079771852877e-18
1.108563700517045920e-18
1.079385059076320449e-18
1.051242910555724672e-18
9.973366454320086964e-19
9.666716818128724328e-19
9.559702662350478979e-19
9.136569979315803200e-19
9.052659007260133017e-19
8.741326680001185514e-19
8.479025436249133068e-19
8.023525015995429270e-19
8.010006458960861525e-19
7.578222662221588091e-19
7.341804653523038229e-19
7.125449936729571425e-19
6.890286069725622695e-19
6.568684132969370420e-19
6.445852431214528996e-19
6.072173202250902390e-19
6.022581269851651872e-19
5.901339255749594069e-19
5.534185411289475187e-19
5.475325404132137874e-19
5.264780879838042713e-19
5.079808087495506654e-19
4.970007390878876389e-19
4.756067792952545885e-19
4.609680436059757842e-19
4.327769808669454861e-19
4.055391439145296190e-19
3.957458600340536289e-19
3.682727753994287406e-19
3.648028752606651026e-19
3.536964183565038344e-19
3.307824696049145167e-19
3.249514174651514126e-19
3.011939460253334395e-19
2.877901544847117395e-19
2.829765226282698776e-19
2.533666385380311823e-19
2.316704201560357912e-19
2.259889041234269295e-19
2.189813134300624561e-19
1.950852301974810411e-19
1.708304024166280500e-19
1.495150144022572109e-19
1.416725258842416313e-19
1.372250159670293393e-19
1.257104631077640989e-19
1.115955565618047070e-19
9.422505860388636178e-20
8.487833212698321618e-20
7.460665607036245684e-20
5.766504924512909581e-20
4.821774638992332501e-20
4.229956637078103590e-20
3.243411146636435918e-20
2.349999509610630254e-20
1.635215104897651594e-20
2.966176508512362830e-21
-2.125587372147848295e-21
-7.297191089860007715e-21
-2.335256869253918637e-20
-3.852431155586761500e-20
-4.477278874408443936e-20
-4.965642696432932281e-20
-6.314554639780789324e-20
-7.330641689603613095e-20
-8.990074117691232742e-20
-1.010187724142135677e-19
-1.256613147191359715e-19
-1.379957463793119737e-19
-1.425190705521711791e-19
-1.562103309003541712e-19
-1.707645266423243791e-19
-1.854309055083275063e-19
-2.027972640641049939e-19
-2.233448125059400299e-19
-2.313660277239236783e-19
-2.665412615682821614e-19
-2.717578249752422778e-19
-2.800366747533688778e-19
-2.957300952242789937e-19
-3.098294892024012389e-19
-3.331689695343307507e-19
-3.557330924060062407e-19
-3.711588973696636370e-19
-3.894270117590236738e-19
-3.979898416021290374e-19
-4.166949089942371126e-19
-4.200853838873330999e-19
-4.668817346159892365e-19
-4.784217368910051708e-19
-4.954943315437093681e-19
-5.150819050655109840e-19
-5.425257952322151715e-19
-5.494559553287905008e-19
-5.786236531481821689e-19
-5.828234557991553905e-19
-5.871886744194925755e-19
-6.361445079656517092e-19
-6.865942253944806017e-19
-7.130947899572357626e-19
-7.404797557724778240e-19
-7.515718555626440661e-19
-7.682815818133062113e-19
-7.988236335124311089e-19
-8.325705765180589859e-19
-8.698187238000090700e-19
-8.733139689323792821e-19
-8.852337733931384014e-19
-9.046132626938838700e-19
-9.275264703578789904e-19
-9.517449773560836900e-19
-1.012048528090275551e-18
-1.024558174167287178e-18
-1.042537387555566108e-18
-1.074505481267918057e-18
-1.127486773451378408e-18
-1.153811866469850352e-18
-1.177261754341823283e-18
-1.202763486762507995e-18
-1.227929903367188633e-18
-1.281162005721209125e-18
-1.297727539166160183e-18
-1.347485315364717274e-18
-1.427774439172195494e-18
-1.450271395692330962e-18
-1.454605065348798865e-18
-1.519103150614632609e-18
-1.543536651970672620e-18
-1.573518485702559543e-18
-1.595637794916036525e-18
-1.625682666391651637e-18
-1.705008679584281437e-18
-1.742260053522356442e-18
-1.819804077973309996e-18
-1.863382255909677745e-18
-1.908011269140070584e-18
-1.931304721375557544e-18
-2.040444182003989356e-18
-2.069382789057107665e-18
-2.135468003840230106e-18
-2.165356116331270773e-18
-2.267375044543184935e-18
-2.304461600845090638e-18
-2.334959053855608998e-18
-2.386816610919359444e-18
-2.428828279588090826e-18
-2.466284107812336704e-18
-2.535242692653488912e-18
-2.651152784544479187e-18
-2.666977059389471638e-18
-2.793664315891160694e-18
-2.895968240203298518e-18
-2.921393993622140812e-18
-3.014489523417896558e-18
-3.070532747958041780e-18
-3.087539253910824585e-18
-3.154040919436880120e-18
-3.250197468407776579e-18
-3.383051526527552130e-18
-3.458724080040632146e-18
-3.518708136970678896e-18
-3.792555129451591293e-18
-3.991169579025528097e-18
-4.342245172738941906e-18
-4.569126736107820741e-18
-4.691749936844926540e-18
-5.054494173808123370e-18
-5.243431551450805731e-18
-5.590650431635546075e-18
-6.197070586204887485e-18
-7.114551951476860080e-18
-7.986390990476104524e-18
