-7.087026019943145476e-06
-6.137578149300127219e-06
-5.009212679710190728e-06
-4.687390797399553673e-06
-3.169246137503376483e-06
-2.668713418655729428e-06
-1.582432776588300990e-06
-6.718477456093981153e-07
-6.061472475990044195e-07
-5.471220984459944305e-07
-4.893039942254651390e-07
-4.360345808099176162e-07
-3.737749889078177054e-07
-3.225592524698633481e-07
-3.035954997352632143e-07
-2.404878072431244398e-07
-2.366047704914366108e-07
-1.646540003162968328e-07
-1.256374905217996183e-07
-1.135107322979268162e-07
-6.653037627480590497e-08
-2.537708114713086590e-08
-2.721451910486661032e-19
1.729584800010801215e-19
8.584687465312948725e-09
3.392295670292605201e-08
4.349466756167319508e-08
8.235633714681960024e-08
1.838123748438988313e-07
2.240842474494403465e-07
2.620950748472641037e-07
3.513039266705123695e-07
5.436370727176682349e-07
5.806414846574326952e-07
7.617262489205592988e-07
8.151379660531503767e-07
1.033759429220063455e-06
1.376560268039524204e-06
1.505301280644528754e-06
1.613353485902848838e-06
1.887769735648613534e-06
2.072784175529687144e-06
2.235393356065101528e-06
2.309084174243278055e-06
2.543721572247874241e-06
2.556165168187285808e-06
2.849650471989018557e-06
2.910970864971335810e-06
3.081297031917246863e-06
3.209630509669870258e-06
3.467756783621910755e-06
3.579467493896219219e-06
3.676109772357276936e-06
3.869818711020638377e-06
4.048401291864228337e-06
4.286738504612136195e-06
4.382067846997620561e-06
4.683831702943097456e-06
4.725733031187286173e-06
4.920493636437111291e-06
5.110312850218109118e-06
5.603659491741462082e-06
5.849295358240182488e-06
6.047843601758395201e-06
6.123615116081392563e-06
6.272322808460659511e-06
6.415952546860325945e-06
6.528303198183912650e-06
6.794581929165313000e-06
6.994909754009189627e-06
7.379256050730106231e-06
7.643677600538863125e-06
8.167064473415851987e-06
8.720538456967633854e-06
8.773984850456338232e-06
9.326842556539601496e-06
9.500956361760493025e-06
9.761493629875494230e-06
9.847753267588843713e-06
1.050813081576853152e-05
1.064237291576224925e-05
1.089518140241136195e-05
1.108522608160555934e-05
1.128912856495138561e-05
1.164680067859712535e-05
1.171356544210200285e-05
1.209689291429236664e-05
1.253592028333700784e-05
1.300946156314340536e-05
1.337752772859878710e-05
1.358239320106731538e-05
1.393923818453413295e-05
1.466532875943544592e-05
1.516154094777934909e-05
1.539613956622123359e-05
1.559311712477417849e-05
1.621347622080312995e-05
1.697610521050052027e-05
1.717076769146067390e-05
1.806080357305727392e-05
1.849664517218445586e-05
1.898086195963046992e-05
1.943641167864861396e-05
1.979354286385075359e-05
2.059324790505820732e-05
2.139993210471997321e-05
2.215929234263426433e-05
2.278205663178697733e-05
2.312231632778476007e-05
2.356499525762560134e-05
2.465943107079161329e-05
2.513100883249831826e-05
2.594331933588068790e-05
2.631718467342315901e-05
2.719052622306120819e-05
2.887659926727225904e-05
2.956441429235124929e-05
3.057085824787840586e-05
3.123727162104507929e-05
3.224750603698052563e-05
3.249809121558316840e-05
3.271062644319015143e-05
3.306915082165093583e-05
3.395294626814488533e-05
3.564334735958538797e-05
3.627595753399105613e-05
3.814369582743181716e-05
4.033535836057508013e-05
4.094879145723899526e-05
4.182994607883127263e-05
4.317249512036799652e-05
4.392956102707161378e-05
4.506958420240920468e-05
4.808991521753448262e-05
4.883323358589410811e-05
4.950563161619980692e-05
5.092277094164321150e-05
5.135715854186468472e-05
5.366190232230317941e-05
5.400707334639171767e-05
5.731429661346596020e-05
5.866096978543073616e-05
6.483582118009074892e-05
6.566307748297790391e-05
6.644555820552886991e-05
6.810968736717058216e-05
6.922880720913607636e-05
7.033938997516963449e-05
7.395890998923711993e-05
7.552070796497038871e-05
7.749796544436698238e-05
7.959567302305736887e-05
8.154250447266318694e-05
8.285311250921957972e-05
8.658825576754495222e-05
8.880854291909343848e-05
9.122406681564172997e-05
9.838380859956272402e-05
9.886330543520136047e-05
1.002038076192464654e-04
1.023618601370588184e-04
1.035884910670734776e-04
1.056034971958568717e-04
1.116576192486444464e-04
1.130518888041894394e-04
1.155744050977472324e-04
1.236097191246759606e-04
1.278344183105919584e-04
1.313591090485031110e-04
1.392710007572947010e-04
1.452500201027651355e-04
1.485047882723593466e-04
1.573649158063369403e-04
1.600754994849611242e-04
1.630288748343923044e-04
1.659923109308796278e-04
1.678387274818658053e-04
1.737901653522145879e-04
1.746723427659118289e-04
1.780986189933574809e-04
1.861766599452078846e-04
1.960807646464444759e-04
2.014033808847371168e-04
2.065735546855553158e-04
2.174817413983472561e-04
2.206613953318932323e-04
2.219410869409836498e-04
2.310606237659043800e-04
2.458898195885778353e-04
2.547802283921593754e-04
2.614504416814629820e-04
2.661884558460708987e-04
2.778100639889219880e-04
2.806147702145779825e-04
2.899952847821267313e-04
3.086957733398702211e-04
3.347343030725468739e-04
3.452417360122473885e-04
3.453969745962326399e-04
3.545948817363227495e-04
3.651743836909889310e-04
3.737760450615851943e-04
3.808854456876253924e-04
4.040287738688957378e-04
4.159481516106076091e-04
4.207446567658914768e-04
4.538962370998446058e-04
4.580648214005638287e-04
5.011756988418601113e-04
5.257010879033538128e-04
5.333926424396714938e-04
5.441068129189184166e-04
5.905490647145263811e-04
5.995754542656930733e-04
6.047195391308526815e-04
6.634486725686847405e-04
6.931382247924098823e-04
7.369270418873897837e-04
7.658227887013386009e-04
7.864569235525704048e-04
8.252706746360988482e-04
8.649805804678703872e-04
9.323803091810783233e-04
9.448278853964474280e-04
1.044142453327927354e-03
1.118208025501837063e-03
1.137263414141142506e-03
1.189993616878351219e-03
1.309977362283989630e-03
1.366203315368358460e-03
1.438718985649942595e-03
1.498927777471482318e-03
1.610957169457243911e-03
1.760280182382530870e-03
1.996254091830653582e-03
2.021101690608883856e-03
2.063437518794269260e-03
2.210695351776632497e-03
2.522279970553578145e-03
2.833214472120587114e-03
3.195884361770826368e-03
3.482889970129928944e-03
3.998414828642880489e-03
4.564628866699377459e-03
5.689887896201183820e-03
6.294295134750704616e-03
7.130190920869259978e-03
7.621115741713133974e-03
8.219316031193784483e-03
1.094575061555810511e-02
1.382791542391509192e-02
1.480362753222461657e-02
3.417207971157527890e-02
6.643200470142082703e-02
7.324525152441144216e-02
3.108881204540864251e-01
