-4.983864474931311329e-18
-3.945059767055726582e-18
-3.677041125094492973e-18
-1.716829342301174382e-18
-1.361660434647603575e-18
-1.067188624895023681e-18
-8.933653244107106370e-19
-8.366471188763896568e-19
-8.022797940633740438e-19
-7.535833557688348375e-19
-6.920650205974142910e-19
-6.693134153459875605e-19
-6.308592420120151858e-19
-5.928997432965688181e-19
-5.720144310206559993e-19
-5.608995269329695048e-19
-5.208489802836093111e-19
-4.932799368918335757e-19
-4.662900757977827439e-19
-4.471386714741121769e-19
-4.161728992087871558e-19
-4.046138519033258408e-19
-4.001245895858556985e-19
-3.882594160760561694e-19
-3.699405956878539760e-19
-3.461374758101608363e-19
-3.417673740377547700e-19
-3.386283387432545384e-19
-3.246759940202183560e-19
-3.175255298779580726e-19
-3.055124279222628786e-19
-3.027745344877462154e-19
-3.005837247049130524e-19
-2.909084398715121825e-19
-2.797384335101021216e-19
-2.749739847661660923e-19
-2.618609784686667493e-19
-2.481103590878633224e-19
-2.437814238548388404e-19
-2.387396662196633366e-19
-2.355215022042429693e-19
-2.299729552673284112e-19
-2.232806334614187227e-19
-2.183868993285121416e-19
-2.098224742374529491e-19
-2.050745537592770062e-19
-1.957050081194562267e-19
-1.879935895563340370e-19
-1.860551176184310690e-19
-1.798759268123874880e-19
-1.772687771286108513e-19
-1.732032381815184002e-19
-1.688646984070924280e-19
-1.648508055813368586e-19
-1.594816606056489272e-19
-1.522802752107421593e-19
-1.482152198050938473e-19
-1.434822181859583731e-19
-1.410056461430960685e-19
-1.386441303282178475e-19
-1.324457389147394757e-19
-1.293023172021030559e-19
-1.275423378377279472e-19
-1.244440963506602503e-19
-1.190257094696818685e-19
-1.177344366422111685e-19
-1.146442106854122127e-19
-1.106997753473134676e-19
-1.047873896451809432e-19
-1.044442719542337905e-19
-1.004713637783134170e-19
-9.645061805204239243e-20
-9.291765818172166260e-20
-8.926165102479582464e-20
-8.841789406118421656e-20
-8.266569948322498002e-20
-8.130696958143229371e-20
-7.882868223939444495e-20
-7.728651433451525834e-20
-7.467115266819897742e-20
-7.265749643569967826e-20
-7.101296285598075014e-20
-6.736886107498829168e-20
-6.470607672409060667e-20
-6.112627335480902943e-20
-6.053271318123071625e-20
-5.869099027403116208e-20
-5.365901931634692062e-20
-5.208400003035875997e-20
-5.057634471340631691e-20
-4.752348435142237491e-20
-4.414470557327976221e-20
-4.187822583149946057e-20
-4.004830284222722786e-20
-3.933642661874298424e-20
-3.836563858536505869e-20
-3.111685196371857710e-20
-3.095153471065623254e-20
-2.792386014602234957e-20
-2.569247277735901605e-20
-2.529396784500125665e-20
-2.290348380611828147e-20
-2.106766427892142604e-20
-2.061140538147168406e-20
-1.604211250826743779e-20
-1.389405957222426398e-20
-1.308159054527489992e-20
-9.546860535206808994e-21
-8.746446744862516320e-21
-7.904526368215798664e-21
-5.542565990209907502e-21
-4.342707286135285708e-21
-3.170608412730795389e-21
-1.596079484411534214e-21
-3.916790935274314433e-22
2.227476011240378835e-21
4.602852520734352270e-21
5.625371411076569816e-21
7.019689396564334601e-21
9.402699090735915651e-21
1.070132629400813901e-20
1.172100035098195985e-20
1.302841622230592375e-20
1.599481617758580152e-20
1.763976363650043161e-20
1.920976829827211091e-20
1.934746372695894704e-20
2.117162413381417848e-20
2.529928797024768298e-20
2.795033740856194389e-20
2.990259964058533608e-20
3.131206903154465988e-20
3.495474237306454253e-20
3.753421900097990317e-20
3.797536679569881901e-20
4.106342898969587741e-20
4.138174608950184400e-20
4.406780893866321953e-20
4.749836714603904027e-20
4.842566862240117960e-20
4.995156551546248719e-20
5.214912174623466201e-20
5.336851127397942622e-20
5.828395490599193907e-20
5.932956661558707649e-20
6.014573585766563488e-20
6.487170343711629868e-20
6.841903053902017232e-20
7.017143166822048874e-20
7.149039300955710594e-20
7.445231745950204897e-20
7.771535196592248320e-20
7.911204172456427892e-20
8.260309545635253283e-20
8.520830849363061012e-20
9.038730023806968445e-20
9.224594026861291412e-20
9.480919716446541757e-20
1.009395591859616542e-19
1.024051547382232982e-19
1.039237866933782554e-19
1.088587354562630037e-19
1.098869870941761798e-19
1.160213630024537533e-19
1.190431780712692919e-19
1.228138288229700822e-19
1.278932262868754767e-19
1.329479866961265610e-19
1.355764886001030862e-19
1.375325227816079121e-19
1.402056302306072145e-19
1.426119131586911105e-19
1.500907000253995487e-19
1.557462669469618408e-19
1.631120088938317336e-19
1.654866520029639581e-19
1.684284694559588153e-19
1.714397374416380907e-19
1.734664938190654490e-19
1.808596191702766042e-19
1.852055681160678487e-19
1.893541305255897754e-19
1.903433523327221358e-19
1.969970630114218910e-19
1.992811682509137944e-19
2.032138832041314549e-19
2.104725647417491768e-19
2.173344090985723939e-19
2.208502924519550673e-19
2.277613330260216694e-19
2.353092527455325649e-19
2.399075988097342215e-19
2.510902867839745975e-19
2.536030832561870280e-19
2.589424148774843975e-19
2.690300001420079770e-19
2.696672161642267801e-19
2.780430787808048281e-19
2.834631082649318734e-19
2.962979837589736480e-19
3.099556236513229072e-19
3.273636760563959191e-19
3.525586439914076262e-19
3.584767781334428596e-19
3.656241786381849794e-19
3.734838827184237240e-19
3.787150501556074026e-19
3.990418338956916497e-19
4.349555360020440615e-19
4.488923184883281352e-19
4.528962480756086950e-19
4.708346310057471161e-19
4.922738252804384162e-19
5.057344339781461609e-19
5.236875866199055466e-19
5.395719170759801021e-19
5.542074069475982120e-19
5.666658436449405241e-19
6.100627062502755326e-19
6.400853631842370025e-19
6.635044556772261278e-19
6.842542825794684955e-19
7.630761934618538271e-19
8.226064665929260384e-19
9.088488574062037038e-19
9.636924613785444404e-19
1.046796491106531859e-18
1.290455873975326845e-18
1.471546274408561444e-18
2.373654875985714257e-18
7.681634723742671170e-18
2.918363431894497596e-06
4.224733008939011261e-06
7.345636389352141449e-06
8.787168390210135552e-06
1.242622762298156736e-05
1.717026334622317834e-05
1.981372141786482636e-05
2.106613596548446442e-05
2.512650563907766924e-05
2.911688422208356022e-05
4.702244223180899118e-05
5.784559859353340295e-05
6.765127206121123978e-05
7.865900106900924091e-05
1.321874523850597783e-04
2.119042460103439686e-04
2.528327703597352933e-04
2.846472663333667248e-04
3.100716029370242347e-04
6.934897749023912102e-04
7.023584526517814407e-04
2.212518505044493329e-03
1.103118260363920161e-02
1.430077713002646765e-02
4.971617854429824512e-02
