5.341335710260483247e-03
3.874400833992517473e-03
3.395544547721694294e-03
3.064059936438589919e-03
2.559193744127992269e-03
2.105644892203892629e-03
2.047138292972331287e-03
1.724912279526683804e-03
1.569951257506958450e-03
1.555456744364412756e-03
1.311036233741904537e-03
1.226675508329956674e-03
1.210327229335087136e-03
1.096178929175143247e-03
1.020230687972966148e-03
9.138990020625289935e-04
8.475918143280141695e-04
7.515260885971010918e-04
7.417094625730502946e-04
7.017773085888818780e-04
6.513861159914882248e-04
6.143474450655438861e-04
5.451454224357036313e-04
5.173796637948065505e-04
4.825558994972755093e-04
4.555053816301804026e-04
4.391944642649041461e-04
4.276205256957253697e-04
4.035503637264225402e-04
3.800283452889422148e-04
3.562646797319337331e-04
3.389778615515094597e-04
3.261043489643092926e-04
3.093670389716527357e-04
2.972515577637816170e-04
2.937315050502932912e-04
2.621538162912252562e-04
2.569916485753314956e-04
2.358454097719858906e-04
2.288195357947564413e-04
2.103330854518824613e-04
2.072578583406391498e-04
1.895445852174719079e-04
1.826550614753223018e-04
1.761677008294676970e-04
1.631953056658536430e-04
1.572745963428140231e-04
1.540362793354533959e-04
1.408373732581608368e-04
1.317408146682462835e-04
1.253791676464464011e-04
1.201681134769564204e-04
1.135232780478218583e-04
1.103246656911343465e-04
1.085723533135223630e-04
1.046851317171835247e-04
9.773530113139005868e-05
9.306008620868331952e-05
8.941613509121917533e-05
8.327669155069304674e-05
8.090834243668994414e-05
7.701245927062732091e-05
7.542028376372670163e-05
7.190556789481411092e-05
6.655925861424907245e-05
6.395122591952482575e-05
6.211603190531912516e-05
5.951064131873486383e-05
5.325169947558762857e-05
5.095055094485177087e-05
4.944572590509642727e-05
4.587637578650224321e-05
4.393891722124888886e-05
4.284746648417120835e-05
4.174970957970302926e-05
3.879668383854787355e-05
3.495236299419431395e-05
3.375200938389379975e-05
3.121313573001329589e-05
3.093957736651149656e-05
3.058844740220875198e-05
2.890979448672059408e-05
2.655515334209230185e-05
2.572813343167371141e-05
2.424954055255187184e-05
2.408677910268113237e-05
2.039141096945649951e-05
1.977176512661845610e-05
1.707527706399093297e-05
1.633521169742415966e-05
1.448022325840645401e-05
1.403050027412562568e-05
1.350665834727486430e-05
1.234704065649315338e-05
1.158457529178028956e-05
1.118229087684953085e-05
1.038418774860508525e-05
9.447887485624580940e-06
9.132564660828950220e-06
8.603514315750846665e-06
7.452058659974121181e-06
7.101619465674719869e-06
6.866261885846531852e-06
6.092479721775354616e-06
5.503840925673451170e-06
4.725422749195769581e-06
3.983407037298357891e-06
3.647161226765348216e-06
3.306468879836625345e-06
2.947841493688036844e-06
2.400196217298235272e-06
1.908369678226877912e-06
1.600689397196274638e-06
1.300084968414207318e-06
1.150550732053870499e-06
9.196789289035664304e-07
6.061661620551672378e-07
4.703589150208465059e-07
2.717832760632631847e-07
1.479580311271433648e-07
3.795603395214253404e-21
-1.823725600568924542e-20
-4.900999596890540347e-07
-6.710349578255194512e-07
-8.913826365227343778e-07
-9.332935932339537543e-07
-1.275656265124763486e-06
-1.549452547362828120e-06
-1.711069756259231677e-06
-2.012671508861112117e-06
-2.500644492381524252e-06
-2.736963796216806312e-06
-2.837397031237845647e-06
-2.966450025739039398e-06
-4.045353079510887071e-06
-4.816300523121114111e-06
-5.021245786605308545e-06
-5.334265664891139509e-06
-5.483667621851738084e-06
-6.016025257530812796e-06
-6.379846796905910440e-06
-7.047094951827490886e-06
-7.516701201467070039e-06
-7.901273392042634656e-06
-8.325043453599705989e-06
-9.381923174967638908e-06
-1.000125715857277478e-05
-1.007587661184938127e-05
-1.058687891189640614e-05
-1.146854448172622855e-05
-1.210784739926599463e-05
-1.338226850990173664e-05
-1.476474852047335769e-05
-1.554389547651519133e-05
-1.663236130157654007e-05
-1.700943727543568150e-05
-1.856732700379943213e-05
-1.934760986775208009e-05
-1.959801117499396214e-05
-2.068233072547071794e-05
-2.206636466736776987e-05
-2.392868619015965068e-05
-2.508110017456319674e-05
-2.567529901661789050e-05
-2.679413454733093651e-05
-2.740828212303413148e-05
-2.938595986429744795e-05
-3.101986194721884305e-05
-3.248080034949021465e-05
-3.417098619735430297e-05
-3.605003733213273505e-05
-3.765808521284030121e-05
-3.900744973222899096e-05
-4.254407047532521275e-05
-4.516250533277941799e-05
-4.684582410465929977e-05
-5.062803663997256752e-05
-5.299274553644884363e-05
-5.533594459019780597e-05
-5.812447346593684760e-05
-6.004986887268005621e-05
-6.457622235868295266e-05
-6.521940958828676283e-05
-7.229061306917452883e-05
-7.476767935263970593e-05
-7.970978873906413851e-05
-8.206685924268573374e-05
-8.668653438534924750e-05
-9.047721143763464780e-05
-9.059427379306812626e-05
-9.687559744539634744e-05
-9.861127143174973852e-05
-1.011471342950259181e-04
-1.087755759473696860e-04
-1.115706586535665062e-04
-1.171963695881770597e-04
-1.213156803910226566e-04
-1.261773947727447894e-04
-1.388155851854608032e-04
-1.441974229040858980e-04
-1.504227932084229260e-04
-1.529049554767515228e-04
-1.595096739136107682e-04
-1.624183670420224833e-04
-1.650553092772932265e-04
-1.706928581899100166e-04
-1.839907438883601500e-04
-2.109964111841050995e-04
-2.165663428615027927e-04
-2.290281142708645162e-04
-2.310254537283779129e-04
-2.399384430612280382e-04
-2.478781494957133218e-04
-2.639094797264176042e-04
-2.683615051457268440e-04
-2.787307329249529703e-04
-2.988533323895479804e-04
-3.108925746518198399e-04
-3.216045941788965340e-04
-3.526786475768487936e-04
-3.541870713424117982e-04
-3.750357778064827038e-04
-3.854667728200276977e-04
-4.250538173539975245e-04
-4.267807348949733022e-04
-4.480642292242992351e-04
-4.642826095216616563e-04
-4.760029181338834830e-04
-5.056416720511693053e-04
-5.155338745848703306e-04
-5.389793109450168908e-04
-5.794187085820299123e-04
-5.953076319533573716e-04
-6.123481814755787856e-04
-6.761516580072401104e-04
-7.198188967161490330e-04
-7.607636831016614115e-04
-7.856619860298265801e-04
-8.383979522244850834e-04
-8.702084747869311522e-04
-9.206303619661458312e-04
-9.875448011417338207e-04
-1.016769311903909000e-03
-1.060701811607334556e-03
-1.115210860524943779e-03
-1.188914778515735718e-03
-1.263869466553607960e-03
-1.351361359909028503e-03
-1.503985319204216011e-03
-1.623292890726377776e-03
-1.732187643499198421e-03
-1.914827867837081733e-03
-2.107696227988625423e-03
-2.422046705757378501e-03
-2.639200860395657898e-03
-3.156449219734539131e-03
