2.199987122624617528e-03
2.022941557988940965e-03
1.950055701154512940e-03
1.823808446818528470e-03
1.694714210628101491e-03
1.646903639937271268e-03
1.593208577590117699e-03
1.537749865070100769e-03
1.498384624249457422e-03
1.457033522146361027e-03
1.412411278416765689e-03
1.370218295220115151e-03
1.302823258494826501e-03
1.269861353010374571e-03
1.180909278511804933e-03
1.176441762495990685e-03
1.103268378067223925e-03
1.068839160576833978e-03
1.051159771210711689e-03
9.841656609974468346e-04
9.748099404327935803e-04
9.260548816247298658e-04
9.109660963312823934e-04
8.526515282297793133e-04
8.391226970324271997e-04
8.230685072539787716e-04
7.909443385807617567e-04
7.677271811333058948e-04
7.560029473274036725e-04
7.239804910948046237e-04
7.001862742974832672e-04
6.933277363188573243e-04
6.429879361771794269e-04
6.315189015055364206e-04
6.233113186789711064e-04
5.986892577987452555e-04
5.932178879842748111e-04
5.628804082837996501e-04
5.577558096345596470e-04
5.509637650532051576e-04
5.423858833836496963e-04
5.289210884254903593e-04
5.126240574830375797e-04
4.931579086456970226e-04
4.869457992933690343e-04
4.763810686814654136e-04
4.626758824848230213e-04
4.524977689857032949e-04
4.365473704708232013e-04
4.318138231297560001e-04
4.206232670654360783e-04
3.943175182900602151e-04
3.902828147394405605e-04
3.841233902032393979e-04
3.762099509639930061e-04
3.670832068780787772e-04
3.584677914608834395e-04
3.479354102091570156e-04
3.376944605646260244e-04
3.360399996700862927e-04
3.265881776690017957e-04
3.191006439468608452e-04
3.171153862998374708e-04
3.103311208509070343e-04
2.884017633291177207e-04
2.856894626421506585e-04
2.771210976895210963e-04
2.742116881427256983e-04
2.689261557584512281e-04
2.611232289898619981e-04
2.510404414597921250e-04
2.504034463233150115e-04
2.441536490494514372e-04
2.307869317388492106e-04
2.257455283156488933e-04
2.181640512876962515e-04
2.110965490125469581e-04
2.097505349292029054e-04
2.071036578299548009e-04
2.057828791174331226e-04
1.992533771600063085e-04
1.927528986135861305e-04
1.899410960300524297e-04
1.850424476537251861e-04
1.829733151315321817e-04
1.783803240826230794e-04
1.751118661292629672e-04
1.704105853031364867e-04
1.683938757758938608e-04
1.600150703366124620e-04
1.585543654570250888e-04
1.528648914321120516e-04
1.487508642513443019e-04
1.458865815968774481e-04
1.395774823611973397e-04
1.360292183615705193e-04
1.317837044572136272e-04
1.300132127192786373e-04
1.277282005422597131e-04
1.252749185215780588e-04
1.200515159632083222e-04
1.171929529228333324e-04
1.115817952168569779e-04
1.104065871211657444e-04
1.092927372992816558e-04
1.070504870976704667e-04
1.049280073533743476e-04
1.033507973505941384e-04
1.007356090338131448e-04
9.730331559874119175e-05
9.607424434190868739e-05
9.418804191745508924e-05
9.121524021174207185e-05
8.712784348929675465e-05
8.504971454348619333e-05
8.425121596217227541e-05
8.140483587799473165e-05
7.999155562309839351e-05
7.789250275179878888e-05
7.457675315161072405e-05
7.315183499170078703e-05
7.058730143384657268e-05
6.997010695461878204e-05
6.800408776377077347e-05
6.574467151411486176e-05
6.412947281248617987e-05
6.378063408160300864e-05
6.163650909369684978e-05
5.999499154176970604e-05
5.956274058129688625e-05
5.577136902692213710e-05
5.434677398572622940e-05
5.266946337180768709e-05
5.119636409533570440e-05
4.997753442763700447e-05
4.847139976750759413e-05
4.784740569975581083e-05
4.685021784374201483e-05
4.628599125960058795e-05
4.505204926520042774e-05
4.339918841215223574e-05
4.241325714225634933e-05
4.110478947605748329e-05
4.039122323366001860e-05
3.930732313182111362e-05
3.746536287354812597e-05
3.723783408630175175e-05
3.616978700217270555e-05
3.562240235887704327e-05
3.519062837262524143e-05
3.425901084093968952e-05
3.354292780855537873e-05
3.239645850272511885e-05
3.120780262027493101e-05
3.077216556076692175e-05
3.033646562054922993e-05
2.959397031565183156e-05
2.715151634244352782e-05
2.689962344680377969e-05
2.660320252967935669e-05
2.608009025354103433e-05
2.537450563112282877e-05
2.485354665229671603e-05
2.441281267031236444e-05
2.394563491596459650e-05
2.236443987709552439e-05
2.183753292025708860e-05
2.169761616308897814e-05
2.092485798952216039e-05
2.066145902170719436e-05
2.040423036686710219e-05
1.985484230050509736e-05
1.880977584248691025e-05
1.828501882729531556e-05
1.785950149686205273e-05
1.693415353624129810e-05
1.677203177122782798e-05
1.660377687640729721e-05
1.617277894176697407e-05
1.558251842478092225e-05
1.517442989503538613e-05
1.488732208167000615e-05
1.424802515861857269e-05
1.380999207248171183e-05
1.346919543547673237e-05
1.304830656028339705e-05
1.218017306376431180e-05
1.210319375765064129e-05
1.197056687475589740e-05
1.134771482834861484e-05
1.098293296003719368e-05
1.081685093322799706e-05
1.052643758210124403e-05
1.009827309994561772e-05
9.483327284638650757e-06
9.270782200844219153e-06
9.074825364260027279e-06
8.749831189780830565e-06
8.470419461298416919e-06
8.358909563955217465e-06
7.636999318887229069e-06
7.492207364504231149e-06
7.092726542195692365e-06
6.725466309798040451e-06
6.380502556430664267e-06
6.255476182731015555e-06
5.914206617739662019e-06
5.856364008829967185e-06
5.198720868756247724e-06
5.172442171966559884e-06
4.782205371498812444e-06
4.341339831795058593e-06
4.113366300790062800e-06
3.952646388376653734e-06
3.555543277594922758e-06
3.277285205262762706e-06
3.074931907826211397e-06
2.621511190153004593e-06
2.069284943831031167e-06
1.792280833839687911e-06
1.473191195616098380e-06
1.184112574451277237e-06
7.496882398120808766e-07
6.800264960781927116e-07
5.220924633244797133e-07
4.436824113817318328e-07
3.184054492665538161e-07
2.247466973669033922e-07
1.035745309025757978e-07
3.054896656398202270e-20
1.342902128175254091e-20
-7.071417189296906470e-09
-1.797648742584589830e-08
-1.202778908905221712e-07
-1.602640695605138856e-07
-2.485864291801947661e-07
-3.444104122041655499e-07
-3.819342674663073073e-07
-5.096214372975958193e-07
-6.642869713046987137e-07
-7.878035048706772421e-07
-9.036650618749640922e-07
-1.062464146911352980e-06
-1.129556426958112070e-06
-1.298335928477498112e-06
-1.425403696548196553e-06
-1.741202492094981710e-06
-1.809867700350448620e-06
-2.009611337679043166e-06
-2.695260809017003212e-06
-5.206002057271087761e-06
-6.970148167972090059e-06
-7.190458798074538748e-06
-7.239346217300683698e-06
-7.735376551647496385e-06
-8.509159118993440819e-06
