3.344891647365359766e-02
2.631976885637359043e-02
1.713662323871513460e-02
8.472316728041131423e-03
6.021659045368834076e-03
4.183666395529812843e-03
3.081602625087308863e-03
2.285376491258730297e-03
2.243020522403489040e-03
2.163890622836373533e-03
1.961403867891273623e-03
1.639057845805695635e-03
1.316080152444594562e-03
1.123976354911075627e-03
1.079725708274045229e-03
9.227027448313362187e-04
7.605479723896867638e-04
7.070790931966008247e-04
6.756352695989534642e-04
6.208150017837642557e-04
5.333358970860992143e-04
3.957308646808861989e-04
3.097447850033066964e-04
2.572684340398931151e-04
1.414360478250946526e-04
1.212636891564606818e-17
7.150623581579906837e-18
5.894776664234033781e-18
5.581869710350659203e-18
5.375030594987365634e-18
4.607691017772157499e-18
4.495129947239721614e-18
4.393630358537841731e-18
4.335510715715087700e-18
4.097076113591290835e-18
4.046937697513511064e-18
3.928376800738488044e-18
3.699596586285454931e-18
3.631616176312419796e-18
3.545781303690697839e-18
3.446688698177191096e-18
3.301037018859402472e-18
3.214586270643011538e-18
3.132364329475893578e-18
3.059948997460964266e-18
2.935513669336098307e-18
2.872963360785750324e-18
2.745140560544193944e-18
2.733848525163785671e-18
2.649615001098844856e-18
2.597453126543593379e-18
2.519182350785325934e-18
2.440374428532537947e-18
2.371294115646299665e-18
2.281140840089597754e-18
2.244395704156878768e-18
2.197376451771604458e-18
2.176211754321256458e-18
2.121300932324281535e-18
2.093288557102086139e-18
2.025191141976178555e-18
1.985415299631286036e-18
1.948366279542653584e-18
1.897774515210753722e-18
1.887319015003921343e-18
1.869855466995430721e-18
1.753213525556128164e-18
1.709613008930130152e-18
1.691150874663414090e-18
1.663127292145307185e-18
1.575361580099836831e-18
1.568850267829797980e-18
1.519724567524226350e-18
1.479799672135078886e-18
1.425539745578848789e-18
1.414980165207315563e-18
1.403934517189545681e-18
1.394453141427272557e-18
1.289341272734139128e-18
1.258585410995704042e-18
1.186841885894576517e-18
1.172144307882537258e-18
1.161371709404782519e-18
1.110218185879014247e-18
1.076021379203523582e-18
1.046525160424612500e-18
1.018768902649038262e-18
1.007794665524353494e-18
9.605431342259576164e-19
9.323474869202424182e-19
9.054709327775929579e-19
8.908406106265977346e-19
8.642571550484844015e-19
8.427595417817728543e-19
8.314983419848679256e-19
8.131129471795992660e-19
7.683357528909111366e-19
7.476117595775816437e-19
7.282900229045376500e-19
6.981280429592526072e-19
6.715300462417144559e-19
6.580747253716030608e-19
6.229844829676544442e-19
6.064305082132377781e-19
5.937348011282082833e-19
5.669446886958082543e-19
5.230846668797926168e-19
5.040138242977771749e-19
4.897104386364890363e-19
4.739901537661878365e-19
4.536302244849281348e-19
4.174413968913264527e-19
4.065654706951027921e-19
4.032761793245654518e-19
3.905793835433106615e-19
3.588090797724848113e-19
3.492300857399620585e-19
3.392012607968658336e-19
3.117154615347628895e-19
2.816140397358413191e-19
2.769491457619308744e-19
2.525244722360001735e-19
2.513728824957378019e-19
2.232801738396297976e-19
2.037491928925680326e-19
1.855146044486207637e-19
1.735647437775288367e-19
1.626481111474248929e-19
1.340709701950309581e-19
1.280561312732038795e-19
1.181877541221396588e-19
1.146156758972044737e-19
9.198495115142711072e-20
7.518475211227154952e-20
6.025272082804115410e-20
4.961978548949244088e-20
4.164196122269954122e-20
3.374300978088427337e-20
1.832185075313181056e-20
1.161246550586731022e-20
5.192449359042675804e-21
-1.351498588689828719e-20
-1.705048381106024826e-20
-2.770601188336918792e-20
-3.618312074256198177e-20
-6.289441249395139418e-20
-6.886553377600821102e-20
-7.087316821143773556e-20
-8.725020078285790580e-20
-9.354505612343598633e-20
-1.064684878778493030e-19
-1.305602423897451252e-19
-1.576523057220084105e-19
-1.754080103825531454e-19
-1.805026290620825732e-19
-2.016510041039908839e-19
-2.130470690072325341e-19
-2.290584967663265368e-19
-2.455982995844922363e-19
-2.640126502763529955e-19
-2.684776045207348696e-19
-2.830247475140214326e-19
-3.052451812818048901e-19
-3.189900857123577889e-19
-3.226754153548908611e-19
-3.384000835469705700e-19
-3.687265464206177338e-19
-3.876936908538330057e-19
-4.052711593644612715e-19
-4.368782729454955461e-19
-4.512379960432910311e-19
-4.747002905155168170e-19
-4.969604297283559383e-19
-5.082896832797221846e-19
-5.311881538531894933e-19
-5.549084109706027040e-19
-5.692507056265205349e-19
-5.906079040419707211e-19
-6.301977904124058290e-19
-6.543206389137892093e-19
-6.648484698133988451e-19
-7.095717935024751238e-19
-7.228218926516252129e-19
-7.348568952673578490e-19
-7.913541187746545160e-19
-8.150017348209616860e-19
-8.477424525778633581e-19
-8.592735491269329820e-19
-8.766060363434894100e-19
-9.256043592780197730e-19
-9.480734621321849928e-19
-9.573822802042402995e-19
-9.797256425508011002e-19
-1.065788911531817437e-18
-1.075437534063928379e-18
-1.092674245185231592e-18
-1.138834822016447518e-18
-1.164459975988372049e-18
-1.204485142925505872e-18
-1.213453512572683019e-18
-1.227894528795312589e-18
-1.262920022909987185e-18
-1.304736233772551957e-18
-1.351683937820071012e-18
-1.385959777877087901e-18
-1.428126725618107248e-18
-1.467318920020970284e-18
-1.509313841168036363e-18
-1.570577143236000809e-18
-1.610527807784323381e-18
-1.621073813723428279e-18
-1.676866781747132016e-18
-1.735586730667812727e-18
-1.799986063604702650e-18
-1.852105025991203653e-18
-1.875030869249802375e-18
-1.937577672033449812e-18
-1.991664276699023228e-18
-2.031735282739729639e-18
-2.046672397880297594e-18
-2.153131788285012119e-18
-2.212231430395587276e-18
-2.247663213889051028e-18
-2.258280776505077293e-18
-2.380725930025490849e-18
-2.402902028615839131e-18
-2.465905697356793444e-18
-2.532712042923743330e-18
-2.595251945934996761e-18
-2.645045264079763583e-18
-2.695408880556624149e-18
-2.806451116735470059e-18
-2.883556813576660903e-18
-2.911659357744576038e-18
-3.060279064813454895e-18
-3.102735226734778398e-18
-3.209889536696880899e-18
-3.294377623140310024e-18
-3.323046905071097671e-18
-3.355445275616126793e-18
-3.547326989383403918e-18
-3.648193718790391473e-18
-3.783842174738060915e-18
-4.080788375646795045e-18
-4.258337445330449456e-18
-4.362535406604283860e-18
-4.532856236227497155e-18
-4.584023584010794927e-18
-4.777566550853240412e-18
-4.949667383003761441e-18
-5.360738016818145724e-18
-5.731432928762281357e-18
-6.175995380044233795e-18
-6.727850809593172052e-18
-7.798249878511113532e-18
-8.362284291173164530e-18
