2.757464240675270434e-02
2.611752482483403054e-02
1.927597513136232801e-02
7.787588755089397928e-03
4.732602878703906328e-03
4.448174664073961670e-03
4.084269184262467010e-03
2.968077654069562355e-03
2.435819374833175007e-03
2.364363924641040785e-03
2.147694627404251287e-03
2.088428800987641044e-03
1.963306610208081279e-03
1.833490554319035454e-03
1.673053913233825234e-03
1.593960943832982858e-03
1.393288793687406067e-03
1.349824286441729830e-03
1.212080790847963434e-03
1.167934568255639839e-03
1.148412445763176068e-03
1.049032320389601874e-03
1.008453331028855669e-03
9.465540739208896503e-04
9.003293884962144250e-04
8.326682532842835790e-04
7.956115532218669675e-04
7.397035337249433396e-04
6.996213850651706017e-04
6.774396028051854913e-04
6.402984297788997256e-04
5.974287170097448713e-04
5.624779853250119321e-04
5.501457573975060801e-04
5.115727397698719477e-04
5.101198401985744101e-04
4.905278206429746239e-04
4.683874890473696171e-04
4.383501797977269483e-04
4.017681214583891831e-04
3.927922059734295993e-04
3.750098059890770072e-04
3.615742313745499222e-04
3.487973178266942447e-04
3.145770492369979088e-04
3.034610785807514304e-04
2.907415526220159785e-04
2.868276896875314474e-04
2.791937723496540217e-04
2.578371387619607076e-04
2.479921799556189760e-04
2.407573705065565593e-04
2.302553915718524001e-04
2.257083203953037678e-04
2.126044828290157547e-04
1.952863078919850196e-04
1.889696674298861655e-04
1.795352378572100105e-04
1.656638590365160774e-04
1.559957956456825578e-04
1.542143598176431128e-04
1.508001821122293828e-04
1.453003377396391068e-04
1.399692811636993523e-04
1.315487284634567330e-04
1.272698524475704353e-04
1.211463174672442605e-04
1.195373045711001426e-04
1.055173385576227592e-04
9.955612012770177896e-05
9.561635764769790271e-05
9.486441119838143448e-05
9.198929293972028147e-05
8.761491831961654890e-05
8.661491355995944641e-05
8.145114871601213740e-05
7.288510384857712157e-05
7.170285781396021710e-05
6.806746013740212276e-05
6.632608270853927843e-05
6.074018336710193647e-05
5.770605028367820809e-05
5.432987972298398846e-05
5.156501514442723494e-05
5.005277659739148437e-05
4.810315847757995299e-05
4.736918871398463135e-05
4.459957987629364781e-05
4.096460287211381261e-05
3.698583930066996479e-05
3.607869831827447836e-05
3.386875508609139905e-05
3.258480176302548285e-05
3.069582400291631148e-05
2.997371140371505994e-05
2.913922224451546131e-05
2.805627269341385028e-05
2.507234518042674923e-05
2.439105300228679488e-05
2.312698177479769496e-05
2.173901824290989511e-05
2.098073711418127976e-05
2.055883853468574074e-05
1.881355570138352370e-05
1.771036254015212960e-05
1.687648278522987694e-05
1.593064796959786067e-05
1.473713617279175498e-05
1.421184560084183329e-05
1.379446734132273038e-05
1.232183618386301560e-05
1.160172210542304326e-05
1.044577925940108391e-05
9.367109841772823628e-06
8.744128165144858148e-06
8.647672992057409019e-06
7.598931061617205078e-06
7.563161126856157693e-06
7.150061954447642728e-06
6.600788129123724413e-06
6.357588997756528028e-06
5.560201232374487621e-06
5.013330716445274172e-06
4.600559936103110998e-06
3.799498426861706321e-06
3.654120555602613552e-06
3.103326479804694027e-06
2.755954513767771010e-06
2.524013819599785873e-06
1.958381097689546334e-06
1.843202116540072906e-06
1.335861771728340885e-06
1.123171441180816286e-06
8.678575108625295315e-07
4.096027472012828485e-07
2.183700793161210716e-07
2.979180367321091068e-19
-1.572743781221320036e-19
-7.552874778276689952e-08
-2.830987917232485009e-07
-5.931639798076040732e-07
-7.694233527536170718e-07
-8.866400580301118648e-07
-1.154289404446020872e-06
-1.427996755752616206e-06
-1.628311633336608453e-06
-2.142728140018432125e-06
-2.164940920941536000e-06
-2.650922699802425407e-06
-3.170953953241380191e-06
-3.325310406518099567e-06
-4.049013339327762688e-06
-4.481594202157801749e-06
-4.958136692637611381e-06
-5.821565647437295041e-06
-6.427864486975597337e-06
-6.745092976846979530e-06
-7.599816040104823943e-06
-8.276662465379968386e-06
-8.383775375702948645e-06
-9.296367955838997525e-06
-9.891046556662095736e-06
-1.025836800696534068e-05
-1.109738545439434191e-05
-1.158417475344497032e-05
-1.322182532559509364e-05
-1.377937648386440483e-05
-1.484092864637047317e-05
-1.556083483622001416e-05
-1.730424630733794816e-05
-1.759893959405570049e-05
-2.021784383747942434e-05
-2.093864800841853955e-05
-2.298246633656019248e-05
-2.399017350913358368e-05
-2.590667312963171114e-05
-2.780207891993091593e-05
-3.053643449522053081e-05
-3.156487112097441846e-05
-3.372213361768495711e-05
-3.496770158743595997e-05
-3.541377806996447706e-05
-3.645629614008300776e-05
-4.004033641508748136e-05
-4.137127170268601266e-05
-4.586919292214638837e-05
-4.707671536301010189e-05
-4.893002904268823125e-05
-5.160883544662263323e-05
-5.324608828462578991e-05
-5.573938756634567109e-05
-5.806137409888070350e-05
-5.976076024128070560e-05
-6.210615836905241456e-05
-6.488158277926594391e-05
-6.735764046666512113e-05
-7.531703880662789815e-05
-7.937179853630584178e-05
-8.203403012599496812e-05
-8.718104519888581687e-05
-9.605601960634847618e-05
-9.631192656320264854e-05
-1.014076659575230817e-04
-1.027687315416178529e-04
-1.059594131107999965e-04
-1.170724689214573618e-04
-1.222000562103043035e-04
-1.304899515419303364e-04
-1.322406248554191101e-04
-1.472275718777459963e-04
-1.493963422347180674e-04
-1.498494782032524901e-04
-1.614575627530277129e-04
-1.660680231324141798e-04
-1.713639019741213204e-04
-1.821398981034054183e-04
-1.916560909946350678e-04
-2.047902824997649776e-04
-2.113730063692074318e-04
-2.232912573433199941e-04
-2.368077226063120650e-04
-2.500469544721898945e-04
-2.692043248246094771e-04
-2.812613110843654508e-04
-2.988988383844569884e-04
-3.136630848510425285e-04
-3.432383357971677371e-04
-3.564069293665328170e-04
-3.773948842340751463e-04
-4.013003447319695837e-04
-4.411467345937848976e-04
-4.485660888387622077e-04
-4.809057910294703918e-04
-4.870726899092080110e-04
-5.423863527503519936e-04
-5.602175001588927160e-04
-6.129555018909516387e-04
-6.432362308537790648e-04
-6.795602080987407732e-04
-7.535650903745668653e-04
-8.169585719897246891e-04
-8.663840074554183266e-04
-8.995288798335207342e-04
-9.410261418288437801e-04
-1.005180692217545919e-03
-1.188996559741510844e-03
-1.222631668471949734e-03
-1.274114856912715718e-03
-1.516810239569559233e-03
-1.603631127552315391e-03
-1.808354075749056848e-03
-2.206360168759453552e-03
-2.313861815759617364e-03
-2.654262268088788696e-03
-3.460787813552833932e-03
-3.924931625912167141e-03
