-7.775877984988308067e-02
-2.329985959778010235e-02
-1.685937856029760817e-02
-1.505549624380615389e-02
-6.519432834601394423e-03
-6.156280459495801737e-03
-5.307426290677472180e-03
-3.854482862259308012e-03
-3.604112796972165373e-03
-3.375619692111373263e-03
-3.228639130695447682e-03
-2.951901588699884678e-03
-2.308500904465753817e-03
-2.027774366232848718e-03
-1.884024193382799993e-03
-1.685911155510216473e-03
-1.437743310746698779e-03
-1.307379423228912860e-03
-1.195718995967993536e-03
-1.090241052488039345e-03
-1.054649035445018616e-03
-9.745351759161265072e-04
-9.135826441743677331e-04
-8.275682593535776651e-04
-7.852194382925112032e-04
-7.531936893033124372e-04
-7.213535404942361630e-04
-6.460612145058270209e-04
-6.172278589179177244e-04
-5.968782263967880490e-04
-5.640672353781830007e-04
-5.313233030775873274e-04
-5.052521401640595921e-04
-4.947077653026694813e-04
-4.544149547284402841e-04
-4.271749353484887660e-04
-4.045476103178336533e-04
-3.999625524162765851e-04
-3.903423252372433981e-04
-3.657493600949843866e-04
-3.443585521679207737e-04
-3.239167103020641216e-04
-3.143377000015424444e-04
-3.096356476377882866e-04
-2.900479322274453946e-04
-2.809360008007015953e-04
-2.736743131274671070e-04
-2.554702264662121487e-04
-2.340288473618061863e-04
-2.286673584724059182e-04
-2.270406460716923962e-04
-2.197806622948131892e-04
-2.126842257928107573e-04
-2.011706677173047061e-04
-1.970204519886943097e-04
-1.912114666062315134e-04
-1.850317492693763044e-04
-1.827253207092456014e-04
-1.810713511015057671e-04
-1.740023709848215899e-04
-1.666810024462370187e-04
-1.563744087726922131e-04
-1.469139597867644771e-04
-1.431161299070546128e-04
-1.375797155118906544e-04
-1.364011899302347314e-04
-1.299276188497815914e-04
-1.267387973651866191e-04
-1.215340160398727234e-04
-1.180416839965323501e-04
-1.158672624858500386e-04
-1.113485342700317853e-04
-1.091437979588019078e-04
-1.054961442802396460e-04
-1.022052665042271760e-04
-9.773560841941693756e-05
-9.615321717078494860e-05
-9.190365226146770129e-05
-9.076171481156781367e-05
-8.843572137184625270e-05
-8.708668564346656242e-05
-8.673632984798234681e-05
-8.360953650472041589e-05
-8.320174861038780970e-05
-8.067522967593683438e-05
-7.672061845124191642e-05
-7.157144025255844503e-05
-7.022543486906229543e-05
-6.806366701493101563e-05
-6.442981005872562604e-05
-6.079110339906325887e-05
-5.816572493724626934e-05
-5.785395065858364965e-05
-5.593738893954266497e-05
-5.523338412704822850e-05
-5.362442340014526659e-05
-5.295061260041533413e-05
-5.245614895764583337e-05
-5.118057523836377969e-05
-4.809723831564921456e-05
-4.694780280231126458e-05
-4.609758937738417991e-05
-4.450827121492364238e-05
-4.293142127714101944e-05
-4.205336154216029001e-05
-4.096872287349649248e-05
-3.951455532893749945e-05
-3.910757827949956590e-05
-3.717596465354075166e-05
-3.624879366472090128e-05
-3.601830381590256393e-05
-3.506558266749885505e-05
-3.488152695771953919e-05
-3.347954821037096780e-05
-3.109948254906428667e-05
-3.017912574869428775e-05
-2.884008304740139561e-05
-2.759003942797729655e-05
-2.703686341939984681e-05
-2.644283153245299654e-05
-2.595240339715531477e-05
-2.542454087314454341e-05
-2.503144675081145939e-05
-2.369798773473257732e-05
-2.329476643716384777e-05
-2.291112843213461187e-05
-2.206135553216490066e-05
-2.152588912057657654e-05
-2.118165077222694526e-05
-2.034560676987537124e-05
-1.925135972372333875e-05
-1.810868051352896771e-05
-1.799875378843535293e-05
-1.756741494554445672e-05
-1.743134104581120684e-05
-1.681793649914939618e-05
-1.643120504186087631e-05
-1.630347942701708790e-05
-1.571548896324866221e-05
-1.541256047520597080e-05
-1.533855475611943056e-05
-1.414203625901570378e-05
-1.376324872227818608e-05
-1.330739584084072171e-05
-1.323823815509801290e-05
-1.270489638404059799e-05
-1.244420206881934904e-05
-1.207826168493466398e-05
-1.199889062365983611e-05
-1.138595513968165646e-05
-1.123761930043939063e-05
-1.082052528317111285e-05
-1.041136914175554972e-05
-1.026286614967210577e-05
-9.920701367000930179e-06
-9.577172815189079495e-06
-9.362506350295351170e-06
-8.911827451604784601e-06
-8.748150449336331884e-06
-8.232195187834687595e-06
-8.131299523890338820e-06
-7.827273367953339878e-06
-7.751549833097621454e-06
-7.648589189142184205e-06
-7.470782133388865196e-06
-7.027852691909013415e-06
-6.930507199365827107e-06
-6.743631891993563578e-06
-6.681126267561334626e-06
-6.242777150478033300e-06
-6.146540641700391933e-06
-5.956932214737931560e-06
-5.874259294317837004e-06
-5.783058381735041918e-06
-5.636162880231884961e-06
-5.318048172602831222e-06
-5.287789549806968820e-06
-5.207510249317776188e-06
-4.960303406823080167e-06
-4.873723668803701614e-06
-4.667951828430284466e-06
-4.565300072659247001e-06
-4.517966255935806947e-06
-4.057654184478997083e-06
-3.901311211683596601e-06
-3.849974996522747146e-06
-3.650738427023293191e-06
-3.528766524024911348e-06
-3.385315671554840252e-06
-3.336181021192047361e-06
-3.294838281527034957e-06
-3.165462368833829276e-06
-3.093728036625023678e-06
-3.000126531826583111e-06
-2.616128400885083713e-06
-2.515609724236861133e-06
-2.486631769338028811e-06
-2.449856122727569018e-06
-2.424054889732568678e-06
-2.283073826027754229e-06
-2.182175173713975595e-06
-1.999941150355061484e-06
-1.915505607172877549e-06
-1.889282946655605017e-06
-1.675718478324890297e-06
-1.640146956451628705e-06
-1.567845312564828557e-06
-1.554001402581551086e-06
-1.456686539465203989e-06
-1.357598773592121588e-06
-1.304260117660980263e-06
-1.238460350540568631e-06
-1.113196117727048386e-06
-1.025477363747025155e-06
-9.358848600893792747e-07
-8.563578392317191201e-07
-7.827570943954477566e-07
-7.070546831077273598e-07
-5.359014452729658717e-07
-4.788781976588673127e-07
-4.036650164081056491e-07
-3.480029547477267132e-07
-2.299485227648825600e-07
-1.665555316744068041e-07
-1.402040033502412286e-07
-1.105975145678373281e-07
-1.007444575610530733e-07
-6.026184488926524615e-08
-2.636701895290894842e-08
-1.601653908769761977e-09
-1.597132394115298958e-19
4.386464758183989787e-20
9.695656679214970540e-09
2.592902139948851814e-08
2.817898501064638913e-08
6.407447712526745614e-08
8.670781829257779232e-08
9.189909094827697246e-08
1.178999756257518819e-07
1.587950484396861231e-07
1.987372860690491133e-07
2.245296942686206583e-07
2.477909414112981784e-07
2.694055199342797489e-07
3.187935372798732155e-07
3.502894664685858432e-07
4.442084168105236070e-07
5.102588136069742808e-07
7.010720690511759885e-07
9.138385839987930122e-07
1.750918267290099386e-06
2.540694824199592247e-06
2.584035263763688576e-06
3.426718849995843324e-06
5.381086333531349172e-06
1.175636469534642392e-05
