-4.888672366834660721e-02
-4.250077917445009568e-02
-3.050677374403758246e-02
-2.354416480119654598e-02
-1.982785081073343628e-02
-1.782082000278372574e-02
-1.544840870242436028e-02
-1.272378434249518686e-02
-1.223964945159889892e-02
-1.056719509774198783e-02
-9.302210914780804918e-03
-8.510911111026047207e-03
-7.110711993235991311e-03
-6.666278282404403989e-03
-6.188063006094382534e-03
-5.726009499371202162e-03
-5.400454894220944532e-03
-4.868506657106656289e-03
-4.384643788937088102e-03
-4.182590139311327150e-03
-4.069704899931185504e-03
-3.837134873022396420e-03
-3.562454571479628431e-03
-3.184397411011577039e-03
-3.061883841988473787e-03
-2.817030026119855726e-03
-2.496355253776215335e-03
-2.372312995525810344e-03
-2.254889900320248847e-03
-2.156518290126552620e-03
-1.907353549613645697e-03
-1.880217961487036255e-03
-1.786493131497226194e-03
-1.669622220893225966e-03
-1.588699105667528387e-03
-1.492297063959069229e-03
-1.323432347141158521e-03
-1.287970912606289627e-03
-1.184485380409236975e-03
-1.176101708886019039e-03
-1.068685350819136536e-03
-1.029647774947329685e-03
-9.571628456461844878e-04
-9.227042180261972419e-04
-8.585949232835995981e-04
-8.193641658040157509e-04
-7.856123349808825365e-04
-7.642171824104919626e-04
-7.124695387342596482e-04
-6.806580054321899635e-04
-6.594933362558377723e-04
-6.414112017094479069e-04
-5.994751432135060794e-04
-5.691674543880847559e-04
-5.369186897754370160e-04
-5.068264389602667244e-04
-4.950522440890455823e-04
-4.688586159836736307e-04
-4.515628815866739123e-04
-4.200784162107340080e-04
-4.029572989842031836e-04
-3.785409949505901418e-04
-3.518111962134979199e-04
-3.449448019806022848e-04
-3.357874228209503870e-04
-3.060435723836221994e-04
-3.024989699251110420e-04
-2.876420507253681417e-04
-2.812891850295235461e-04
-2.590040077510931318e-04
-2.543237645597171701e-04
-2.326538132191875296e-04
-2.280991117114750306e-04
-2.101694473293654302e-04
-2.067655026281801011e-04
-1.965893254445746886e-04
-1.803765368399688502e-04
-1.748188095172807427e-04
-1.676553100427941522e-04
-1.526670345240042546e-04
-1.489339337545667963e-04
-1.446726436751206773e-04
-1.389452377616891808e-04
-1.327186908845483682e-04
-1.283042078029848721e-04
-1.247816229644381427e-04
-1.151765845796575045e-04
-1.049472661531740679e-04
-9.762228367187134720e-05
-9.401619945605311666e-05
-8.655055438793882508e-05
-7.820097382757542649e-05
-7.642237812958228697e-05
-7.299301222265912065e-05
-6.902474533806289721e-05
-6.403532948848785053e-05
-6.191270239699982918e-05
-5.749703117492815333e-05
-5.230204601640897383e-05
-5.102004683138032244e-05
-4.802388888988515714e-05
-4.486661753654556809e-05
-4.293565651940920493e-05
-4.137488436955926748e-05
-3.751085677547976442e-05
-3.573153255995356180e-05
-2.971984491305422897e-05
-2.917835402268109188e-05
-2.678716932156729517e-05
-2.556683182808389734e-05
-2.368693225703004995e-05
-2.229197015471800879e-05
-2.002178255202954505e-05
-1.885900558191289569e-05
-1.873927743850797666e-05
-1.599037307917022959e-05
-1.584927459121963889e-05
-1.271385710673015890e-05
-1.223527368686000529e-05
-1.130969923181485053e-05
-9.629112981783446426e-06
-9.120788187320780287e-06
-7.921512391278184297e-06
-6.858000331395159355e-06
-6.267454588695946558e-06
-5.992966760940452808e-06
-4.262364766772837450e-06
-2.937715182435090825e-06
-1.943853245830884103e-06
-1.334430630557083644e-06
-5.137866085930748682e-07
-5.100164280354282323e-19
7.446737653615902514e-18
6.413629271667058617e-09
3.894993402094037252e-07
1.165791662814950892e-06
1.406124291347970130e-06
2.234016382340484845e-06
2.663348251625769510e-06
3.445217007242107458e-06
3.958648289069847854e-06
4.603147311985772936e-06
5.620576303506351356e-06
5.904465173278057779e-06
7.218283273085593296e-06
7.849000111023234774e-06
7.889930820572191124e-06
9.685832278508412960e-06
1.148535672520452183e-05
1.276630068357643567e-05
1.464527927072267471e-05
1.546381755070719754e-05
1.670444078098754705e-05
1.924828528527992988e-05
2.018248379741391523e-05
2.162530666717205782e-05
2.222513102251761518e-05
2.304160585354175859e-05
2.639818812209177417e-05
2.876468977485883765e-05
3.023033627028596989e-05
3.593462639451017350e-05
3.826088438362292379e-05
3.999044571297659915e-05
4.546484461030188794e-05
4.662943327483091359e-05
4.811348960346201908e-05
5.132781834848330953e-05
5.282543935681126442e-05
5.791229823053393403e-05
6.237549429715878496e-05
6.469199846036688374e-05
6.985075834429045703e-05
7.466053253870297507e-05
8.003710534531179878e-05
8.334485303197283778e-05
9.096258653059231120e-05
9.440207832394637694e-05
1.063193609420619068e-04
1.098598916831347659e-04
1.190161403415472080e-04
1.221664834259301958e-04
1.338330701388253888e-04
1.417428328342262107e-04
1.460798023843857900e-04
1.648622988850219784e-04
1.694494770851730269e-04
1.805707199459521256e-04
1.951835931330259349e-04
2.098047738323848476e-04
2.308031057498671345e-04
2.395196501024078281e-04
2.518931587663201816e-04
2.689159484700693529e-04
2.929808048664776961e-04
3.109728118803752289e-04
3.345834614299518701e-04
3.573666616824041470e-04
3.623676932804235158e-04
4.060763703527950417e-04
4.155985892687886997e-04
4.397261115983632385e-04
4.789512870943371569e-04
4.941993075428609316e-04
5.545186231650130193e-04
5.828688187949690588e-04
6.402221102316071237e-04
6.663386022203113138e-04
6.973937517214893458e-04
7.591565018865284106e-04
8.082554875750127188e-04
8.940015449807844124e-04
8.982165186843688595e-04
9.526077987512960709e-04
9.737869114785907684e-04
1.106690456516373549e-03
1.270697172496401814e-03
1.474769679390459162e-03
1.513010289003445920e-03
1.562044623697040474e-03
1.689110496378254866e-03
1.807043521938451157e-03
2.140493862063858489e-03
2.301688774721384351e-03
2.318034785656237183e-03
2.518091134353026613e-03
2.736870806490995268e-03
3.143293568008604256e-03
3.355013619959614467e-03
3.476795371698926385e-03
4.057520922823690084e-03
4.844319818357212433e-03
5.277454819725583418e-03
5.396161548739037729e-03
6.030196165814665638e-03
7.086171351470815609e-03
7.343660518585624214e-03
8.079418165491160375e-03
8.848049362300720866e-03
1.091120200593508061e-02
1.292919661063690259e-02
1.533718293007958408e-02
1.874607783782534023e-02
2.228209217428889569e-02
2.552327240425307509e-02
2.739945918557945212e-02
3.244516746959172360e-02
3.745433395405227406e-02
7.177824859847048433e-02
8.327000492269229226e-02
1.375302068543581280e-01
1.620100296084211466e-01
3.480971453885021161e-01
1.363418978009982352e+00
3.065775914432033566e+00
6.874093449053436444e+00
