2.115842613161108068e-02
1.798130827211815580e-02
1.656801559447395808e-02
5.685365996849179974e-03
3.789971106304113567e-03
2.595391772482769435e-03
2.350884124591551185e-03
2.066621688760618674e-03
1.709472299618669793e-03
1.664032470912714607e-03
1.427963178606233945e-03
1.334330286319056029e-03
1.127135283821660431e-03
1.090108835463293388e-03
9.889296241186644552e-04
9.165725505077485912e-04
8.692776222649320787e-04
7.681326706339666917e-04
7.523173432238812420e-04
7.340572099261190048e-04
6.608561487864423982e-04
6.234325529926777352e-04
5.905251284242957763e-04
5.615150953133135094e-04
5.269014122797635808e-04
4.885075934459072195e-04
4.675919200736853199e-04
4.516040225264549663e-04
4.363681087597545325e-04
4.023250163667467516e-04
3.804929929248539525e-04
3.677158080469341184e-04
3.411495056204942133e-04
3.287030957403144532e-04
3.010845986242753863e-04
2.694021300733890917e-04
2.627615103615475929e-04
2.388535555374490761e-04
2.252183257640773186e-04
2.156899882183196764e-04
2.090556430514320732e-04
1.990227981255587592e-04
1.913611142744752716e-04
1.789996543131696163e-04
1.721921092380317272e-04
1.693558367062275984e-04
1.481051504396513970e-04
1.366063903705000307e-04
1.318584450815976053e-04
1.266305955869174028e-04
1.217359749621715285e-04
1.136580360582515199e-04
1.076853626011749936e-04
1.030494142428547624e-04
9.666349824999750017e-05
9.264546466476473248e-05
8.588008474724588039e-05
8.203227323798092344e-05
7.539925484196082156e-05
7.089746174582603217e-05
6.719951321722317293e-05
6.520864506501613568e-05
6.104539508555043915e-05
5.787057485598634646e-05
5.316232259244029265e-05
5.156863188574653154e-05
4.477467217577648745e-05
4.468774894888398393e-05
3.938112235814832031e-05
3.836541984276683087e-05
3.700516503650840781e-05
3.473494744875371898e-05
3.178741458639149537e-05
3.023736108909905982e-05
2.878531639880039521e-05
2.805580574400328865e-05
2.599045402758512762e-05
2.210687451255384511e-05
2.175361287905741041e-05
2.047876045636900402e-05
1.899845399897053848e-05
1.820520897237359461e-05
1.757199613121960272e-05
1.613569697190148834e-05
1.598437548547037827e-05
1.447389507091089811e-05
1.295142040929568228e-05
1.188786828215151055e-05
9.733816547678214066e-06
8.980508852357618326e-06
8.126372640168095054e-06
7.612736526133419248e-06
7.162292885294667029e-06
6.541551033691891144e-06
5.877223197327715782e-06
4.952300185395211317e-06
4.652634389610545853e-06
4.199143407263370254e-06
3.445505981532902176e-06
3.199346317599294655e-06
2.702094100630043138e-06
2.328804538343077770e-06
2.180208168064896155e-06
1.969465969648350843e-06
1.815150960827136765e-06
1.226260217879388140e-06
7.232107095014864981e-07
5.128440783859776688e-07
3.029519952970721168e-07
3.023733118943847853e-19
-5.273806118878723937e-20
-1.169765648111022687e-07
-2.763666081605429288e-07
-4.255813679323209186e-07
-5.205174874670209804e-07
-9.697577467120102300e-07
-1.594419616274082011e-06
-2.145992280431628746e-06
-2.696233070087147424e-06
-3.167203894289823204e-06
-3.649250068997525793e-06
-4.151939915029614875e-06
-5.291949546025276360e-06
-5.519993573061572482e-06
-5.947157208153606237e-06
-6.790734206937357832e-06
-7.594619977861267373e-06
-7.768259144604002086e-06
-8.416427298912070815e-06
-1.024798045923709249e-05
-1.046867647055141825e-05
-1.132239298199984622e-05
-1.187184272398673289e-05
-1.321163736618266867e-05
-1.399078107776895580e-05
-1.443478628959772826e-05
-1.616423512576142037e-05
-1.690562967448509094e-05
-1.803965220938918878e-05
-1.993668112159233488e-05
-2.235984180421596822e-05
-2.379026362620149715e-05
-2.475692637015801381e-05
-2.553414477041077754e-05
-2.756722387109044700e-05
-2.975787926324136796e-05
-2.998751668435280319e-05
-3.212531120919562229e-05
-3.241579347240294942e-05
-3.516566933391619985e-05
-3.643737945714636540e-05
-3.794487700402758774e-05
-3.975060894279462345e-05
-4.298974791566682213e-05
-4.352501751922505807e-05
-4.617114437576220229e-05
-4.910555880816324027e-05
-5.049945436263338598e-05
-5.260225438199389228e-05
-5.900636440563634629e-05
-6.150465319459862894e-05
-6.180223586808755547e-05
-6.488330394063310084e-05
-6.882940884840417560e-05
-7.424646239386875255e-05
-7.575372718282657287e-05
-7.770629733235347202e-05
-8.255229263247267513e-05
-8.473328018890044554e-05
-8.785050945968638631e-05
-9.090583953297602703e-05
-9.282186733023279224e-05
-9.794797205123384639e-05
-1.013007706476369281e-04
-1.034078078329186224e-04
-1.070389541348685267e-04
-1.088003379418986421e-04
-1.146211957989676418e-04
-1.214907638626265166e-04
-1.243219919854026388e-04
-1.287365565590455768e-04
-1.322578962797078318e-04
-1.411000821400759783e-04
-1.481420476883763384e-04
-1.511064184993000741e-04
-1.534947947877580998e-04
-1.579415729091184590e-04
-1.719557566536235760e-04
-1.754309703333549453e-04
-1.886930738718451414e-04
-1.917769415512167149e-04
-1.929699941539755610e-04
-2.058304208207424016e-04
-2.109465673191126633e-04
-2.155535356530854463e-04
-2.221126782046568262e-04
-2.400026294445761158e-04
-2.448562398484171163e-04
-2.629309673049156693e-04
-2.707243543965783461e-04
-2.823339682262582381e-04
-2.849168968323658791e-04
-2.941317688086817492e-04
-3.064031760827230690e-04
-3.123549907267628200e-04
-3.249545225488978894e-04
-3.413114096677845712e-04
-3.562255670848541713e-04
-3.853862343603535381e-04
-4.087933325426656192e-04
-4.138913780584026702e-04
-4.288613942309590747e-04
-4.688565347652173766e-04
-4.719174703768758247e-04
-5.085623357768375959e-04
-5.199746669628639312e-04
-5.413193830011668725e-04
-5.452632547789384391e-04
-5.608209850506490823e-04
-5.829692209121928575e-04
-6.418271883448021901e-04
-6.652572564871780036e-04
-6.693287478800906062e-04
-7.139880685586706037e-04
-7.347132080960924521e-04
-7.743191292847722163e-04
-8.026991679468306303e-04
-8.086418686760719638e-04
-8.855462699573379186e-04
-9.618356543577474263e-04
-9.713370951869937722e-04
-1.036754532802316997e-03
-1.059758200486147052e-03
-1.131883595337729179e-03
-1.167558851756483667e-03
-1.303224101264097981e-03
-1.309000496791180726e-03
-1.403065811359867094e-03
-1.519664226974272274e-03
-1.624793016615189720e-03
-1.681679653241249881e-03
-1.813922412751504563e-03
-2.019143772851085365e-03
-2.089044746655291385e-03
-2.213953342590035175e-03
-2.306903193621245678e-03
-2.501416822808361171e-03
-2.574024742676638781e-03
-2.793978420756461269e-03
-3.182089324102522522e-03
-3.494351675941768844e-03
-3.706687495039435402e-03
-4.484127026029498947e-03
-4.959269671515798353e-03
-6.147371503366928433e-03
-6.838477669526067323e-03
