-2.253320686511219376e-02
-1.444421281028501584e-02
-1.315107230155685043e-02
-8.689878852339606718e-03
-6.656520271725546549e-03
-5.682161567090691923e-03
-4.525800942437192484e-03
-4.165944528171059390e-03
-3.869626552187617387e-03
-3.501953388349614976e-03
-3.023731823132036044e-03
-2.656423705281118434e-03
-2.208607278578125430e-03
-2.078470696451770183e-03
-1.977228687525815938e-03
-1.677723797986329897e-03
-1.465883532439986921e-03
-1.367507813097090319e-03
-1.280269499271177898e-03
-1.259969129426614931e-03
-9.946102361604177659e-04
-8.853647573843089445e-04
-8.072911671202785732e-04
-7.640504504760505097e-04
-7.332060831219177960e-04
-6.462334562282691028e-04
-6.300057885206967589e-04
-5.582660030801584947e-04
-4.994991296881579274e-04
-4.461823772776591377e-04
-4.094676845829423647e-04
-3.902188202238974927e-04
-3.780848314211760408e-04
-3.467412031243876096e-04
-3.326823868092537869e-04
-2.937188418299359967e-04
-2.668707329164026962e-04
-2.608511488300373649e-04
-2.405906229742508519e-04
-2.274187837248878405e-04
-2.022084943735573089e-04
-1.953306933948340245e-04
-1.845738890932034344e-04
-1.695712331682757909e-04
-1.562452527630778622e-04
-1.470548080485215188e-04
-1.352865175146429611e-04
-1.290916977843891225e-04
-1.211351838525522262e-04
-1.146391768557911589e-04
-1.075534871723469023e-04
-1.021862459790376490e-04
-9.674244454215126206e-05
-8.553212105934639240e-05
-7.801463514311364239e-05
-7.061470164804015028e-05
-6.574051913060177785e-05
-6.430083817034102603e-05
-4.897884729684525232e-05
-4.652078570447787398e-05
-4.179428297349553352e-05
-3.888909319199071137e-05
-3.740583021746917921e-05
-3.487720325482027405e-05
-3.319726418050403867e-05
-3.163847731921549532e-05
-2.817837836180894868e-05
-2.587155682001017143e-05
-2.509289046277437811e-05
-2.298457897923613183e-05
-2.153834474423587389e-05
-1.837238610739026467e-05
-1.592972533841757998e-05
-1.472940584747693174e-05
-1.209112969507452957e-05
-1.132476000043153548e-05
-1.070567885133422934e-05
-7.564882650502879800e-06
-6.940166860324426872e-06
-6.284994011342686182e-06
-5.845482741816264634e-06
-4.287515233231935111e-06
-4.104163897197065848e-06
-3.383051315866017028e-06
-2.882304712261204700e-06
-2.399639825404834540e-06
-2.043073957985925437e-06
-1.764916606050385041e-06
-1.252129688950039310e-06
-1.071294747134285130e-06
-4.788680112184341109e-07
-4.564704288577626061e-07
-3.599996297549245449e-07
-2.767206155204926006e-07
-1.865158677254402242e-07
-1.470415011884750651e-07
-1.365092991993537778e-07
-1.007579805726286052e-07
-8.601570428364615370e-08
-6.231723893461779963e-08
-4.972460177776589371e-08
-4.126395459069055886e-08
-2.927751836315290331e-08
-2.576936264058535581e-08
-2.041835397609672190e-08
-9.822547808547286512e-09
-6.075446242355370268e-09
-4.364765032801877044e-09
-2.822072918175970524e-09
-6.244116547700264684e-10
-1.394444388612554018e-11
3.837322714215156454e-19
7.849709444480378613e-17
2.381892930356450278e-10
1.806083502260519707e-09
3.764605876143020316e-09
5.545587836489117886e-09
7.917997065974171239e-09
2.926861911729894553e-08
7.454104427404438740e-08
2.304310148899320476e-07
2.475146603365432239e-07
5.001753419201584761e-07
1.374098900728279917e-06
1.935114957225222517e-06
2.300137672427672521e-06
2.756412861953414726e-06
2.958185013071900878e-06
4.820229044852552145e-06
5.929941239263468706e-06
6.756802252420697082e-06
7.594404407077850032e-06
7.917687561808488397e-06
1.015890559753260852e-05
1.202852291132662766e-05
1.240867124676601803e-05
1.314815368771661951e-05
1.480737596777438341e-05
1.626243338709269380e-05
1.746687265760006336e-05
1.951392863956554852e-05
2.089148569008955359e-05
2.259102447949443490e-05
2.373872205818939869e-05
2.638937145007066426e-05
2.762332908416635337e-05
2.959582202825876296e-05
3.029163109876668568e-05
3.605585743685320104e-05
3.915112912382786643e-05
4.030796021236750920e-05
4.135251998837339768e-05
4.697285452962744832e-05
4.896192409154041786e-05
5.456176375342303543e-05
5.658274300998935820e-05
5.940067180004347195e-05
6.230174667011496381e-05
6.468300163441374545e-05
6.925909342477716004e-05
7.100167798187268994e-05
7.219120829713275718e-05
8.186126327571509309e-05
8.819355589926051661e-05
9.087476874315646397e-05
9.391385948346083607e-05
9.732407725794886371e-05
1.053762888931217886e-04
1.172935589434187878e-04
1.227658229557973882e-04
1.312460519841658429e-04
1.396277480915837665e-04
1.471416170783488610e-04
1.542055151036862725e-04
1.623091593310771615e-04
1.717616008134189383e-04
1.753778660544966705e-04
1.882875080703708581e-04
2.023669823204134004e-04
2.080388025130188367e-04
2.224353620010064759e-04
2.327814282449941464e-04
2.487350175689790775e-04
2.637743416430429972e-04
2.839944092253181068e-04
3.016778413954003253e-04
3.056040972552365891e-04
3.249688661909507490e-04
3.467495146861361414e-04
3.589021198606414591e-04
3.764778530151597627e-04
3.921264498200263530e-04
4.042522879468094812e-04
4.589723144831296783e-04
4.854486017379608690e-04
4.983495653876480851e-04
5.161006606199123117e-04
5.444523730339494985e-04
5.845022260315322314e-04
5.933319779385241074e-04
6.135073452053331836e-04
6.704144816881093573e-04
7.104006013087392664e-04
7.901176843162955894e-04
8.290537041980041138e-04
8.682957797598621959e-04
9.472863959292851087e-04
1.015480915703974481e-03
1.061052527688118941e-03
1.104738701572859994e-03
1.141702109003337254e-03
1.166694797213576858e-03
1.268801391340352224e-03
1.404827017451061198e-03
1.446107766705868143e-03
1.664084229604915295e-03
1.690339956075309754e-03
1.895676357480907724e-03
2.007259191682973266e-03
2.112552580010102193e-03
2.258817169299120065e-03
2.352366244556045819e-03
2.670003174879118785e-03
2.811637949525581937e-03
2.913199993673301624e-03
3.092144962643294734e-03
3.689027460458046363e-03
3.767405855245390713e-03
4.180433938602859389e-03
4.566601151522781295e-03
4.937211065314412242e-03
6.267889553045906392e-03
6.597447104660759433e-03
7.306886049217086419e-03
7.746470171401250923e-03
8.258928579616891391e-03
9.735876306830697213e-03
9.927475768537284001e-03
1.195397445550541032e-02
1.354426825522252881e-02
1.555954836918403347e-02
1.942469646573568437e-02
2.331527561726012832e-02
2.666427170313833903e-02
3.055209537591533145e-02
3.189260764369946516e-02
3.935103133148778326e-02
6.815605898459851930e-02
8.340902753156738403e-02
1.063442143897463527e-01
1.592010131201202217e-01
2.057478498746318218e-01
3.762094598351146679e-01
1.853957189747970968e+00
4.471867353385563071e+00
1.158326346168647092e+01
