-2.645855366380722804e-17
-1.192761525877403788e-17
-1.103466130407418979e-17
-9.653965190079288932e-18
-9.016383368765303570e-18
-8.515506470991535105e-18
-7.879107238874082835e-18
-7.508879898238372173e-18
-6.512780982968552140e-18
-6.441296494571032994e-18
-6.176487576783760964e-18
-5.958781063870622640e-18
-5.684105130369926074e-18
-5.554822477089999901e-18
-5.290893994461087054e-18
-4.922000475321197854e-18
-4.719830891796627711e-18
-4.478976292985161930e-18
-4.478696670977732699e-18
-4.291457909251979395e-18
-4.084245761846420324e-18
-3.923214779856525750e-18
-3.874712664819240313e-18
-3.712206192963012895e-18
-3.610715270580737222e-18
-3.426889223700732591e-18
-3.393152814467889988e-18
-3.314313005342023115e-18
-3.195773053211928330e-18
-3.075746224409142968e-18
-3.005523147138447989e-18
-2.931886848317383688e-18
-2.865577316247937086e-18
-2.757685551520963052e-18
-2.627062780540757410e-18
-2.603559307410532218e-18
-2.473854713597418923e-18
-2.431898315478259504e-18
-2.318470775847655083e-18
-2.292495708622479527e-18
-2.215299974310323681e-18
-2.205895076005150930e-18
-2.128539616760339361e-18
-2.050962836137300532e-18
-1.947828612145786415e-18
-1.908536045875138249e-18
-1.830641833432567998e-18
-1.792109492271137848e-18
-1.776593243752710113e-18
-1.729984178157557621e-18
-1.687380631687005562e-18
-1.645919444086145470e-18
-1.628416934937067813e-18
-1.611518170345365018e-18
-1.541457256035073192e-18
-1.531113393819198743e-18
-1.470565543781098834e-18
-1.430350376887915429e-18
-1.384095377345688842e-18
-1.367121941607298296e-18
-1.344076032809856151e-18
-1.279191143000673217e-18
-1.270334645829115831e-18
-1.231213874025178050e-18
-1.163196872436423044e-18
-1.136997714059495943e-18
-1.115860805243870132e-18
-1.062718239677501106e-18
-1.027896810097327911e-18
-9.861006543001738992e-19
-9.747326608439507375e-19
-9.143473010958027934e-19
-8.711225163679623748e-19
-8.603704303828651823e-19
-8.128722732808769906e-19
-7.966672031105728757e-19
-7.873162791706429050e-19
-7.455807094581588997e-19
-7.270805076682215685e-19
-6.851506906389289849e-19
-6.534801681262186322e-19
-6.434457640605719250e-19
-6.132140587728616111e-19
-5.921345134611404189e-19
-5.885897693434098967e-19
-5.801532730617583654e-19
-5.645267746400577592e-19
-5.093699559511566113e-19
-4.986017025898528727e-19
-4.843270024426406819e-19
-4.716360244656435288e-19
-4.468366340715568583e-19
-4.411731136882778611e-19
-4.064880584130934730e-19
-3.778066267678346075e-19
-3.698937704409366884e-19
-3.515675848401106465e-19
-3.396772533147007367e-19
-3.319082149687587386e-19
-2.993889828819650185e-19
-2.611719424643620366e-19
-2.344590405752135017e-19
-2.296156509319655902e-19
-2.025907338099198109e-19
-1.945716205704427333e-19
-1.704798011411386818e-19
-1.561381717897709118e-19
-1.360188199809232676e-19
-1.081512385959579975e-19
-9.041866781425182399e-20
-7.372037342187330981e-20
-6.697144417215165442e-20
-4.724738955345040712e-20
-2.642713714706599192e-20
-1.053842919887655213e-20
3.024523509677569640e-21
2.195429072350443291e-20
2.962124450681024290e-20
6.234132409416623006e-20
7.456145268668819775e-20
8.810365893153867832e-20
1.248471856255361085e-19
1.418095469214595677e-19
1.522316979872571852e-19
1.573749081276688584e-19
1.800280063455021832e-19
1.988365566843170065e-19
2.214765828822818636e-19
2.296182875549030378e-19
2.455500835821551425e-19
2.725382073616325746e-19
2.847088355986469001e-19
3.171919231879680301e-19
3.368293787773078328e-19
3.485369682051986404e-19
3.590810597440407900e-19
3.779625763145815827e-19
3.908561605107694377e-19
4.299985506595381752e-19
4.471530669082480618e-19
4.612849515508836809e-19
4.979758452314480051e-19
5.058066594792606759e-19
5.134228565207716156e-19
5.319692427357999976e-19
5.626937487755991545e-19
5.969470533514664702e-19
6.145215557090899855e-19
6.509040541420041489e-19
6.711639962934675973e-19
6.765256486393554719e-19
7.102299583200139509e-19
7.358412966858142694e-19
7.603107615058624213e-19
7.653064351607244861e-19
8.123790883316659779e-19
8.395539924114311550e-19
8.637087094532365852e-19
9.012905295969808981e-19
9.294999874595588321e-19
9.763481675346583246e-19
9.884112506937062640e-19
1.008515626899936194e-18
1.026313541206165212e-18
1.091528998175578530e-18
1.118416819181169742e-18
1.148306406650637811e-18
1.190016788706461733e-18
1.215391809253011874e-18
1.230425880750946317e-18
1.257405792258065389e-18
1.321312500347855991e-18
1.349888724883382085e-18
1.366846835065495315e-18
1.407777841126262029e-18
1.447958500717968732e-18
1.526839080589337574e-18
1.562054581454310610e-18
1.595832672105734328e-18
1.656883656795941393e-18
1.695728190324054987e-18
1.754132836129399768e-18
1.771728774089046991e-18
1.876012950416658254e-18
1.933640468894927281e-18
1.950287505130532034e-18
2.039617677365383432e-18
2.052801029728367910e-18
2.138670789070994941e-18
2.213257481317194124e-18
2.235170836531914424e-18
2.303635652764839280e-18
2.366588912516063785e-18
2.459304727485684118e-18
2.507608959042348238e-18
2.606575207777262947e-18
2.704322854595401760e-18
2.786351825520708712e-18
2.863090233727372573e-18
2.979402478246584344e-18
3.056001715490982016e-18
3.120031046361608702e-18
3.223892167508115037e-18
3.302607847653648172e-18
3.398530083455474151e-18
3.536429337425179222e-18
3.655681283313948890e-18
3.730567316695790033e-18
3.804216142610740555e-18
4.036840047743128174e-18
4.202796039265795107e-18
4.402414565359237220e-18
4.516201189637965578e-18
4.711852760820194029e-18
4.995321539022346867e-18
5.136790903863757919e-18
5.155850770510350616e-18
5.537704980549154568e-18
5.662783141377335926e-18
6.353469216329740353e-18
6.646953448127662051e-18
6.806520152447758404e-18
7.550517205900926320e-18
7.674738807052442540e-18
8.597153909397488568e-18
8.958075361859114604e-18
9.077132328367147232e-18
1.554519172145226562e-17
1.732144183835621795e-17
1.925919112153980247e-17
2.108448190929390281e-17
3.564476858381875361e-05
5.050066986223818242e-05
8.896724015727857553e-05
1.070307461602625884e-04
1.529107465008886901e-04
2.035069499781294448e-04
2.329265511007918177e-04
2.464991458317958707e-04
2.982099133279251342e-04
3.473877890777373953e-04
5.448899297269589473e-04
6.599725686222906269e-04
7.905776580543157810e-04
8.945141045410988758e-04
1.528223729703947651e-03
2.331750871730224519e-03
2.653078860472936513e-03
3.156918177144809549e-03
3.442675681632766365e-03
7.224335025085838052e-03
7.305731004324014441e-03
2.059795686237178916e-02
7.649528076637861218e-02
1.108151255276702551e-01
2.209786378673063711e-01
