1.762709340353369402e-04
1.243440268689239973e-04
6.783263812391217436e-05
3.647409272618798497e-05
2.620300415691083140e-05
1.903542325315227309e-05
1.488733061873566300e-05
1.252688774356446909e-05
9.531594256319182192e-06
8.454670087724490296e-06
7.641805538365076933e-06
7.177876674357813195e-06
4.980729921301656415e-06
4.502843467890448179e-06
4.202841522412473151e-06
3.179842153535579302e-06
3.112006871441953056e-06
3.012173077869842906e-06
2.644333191467111615e-06
2.247994209819547969e-06
2.084862792864468550e-06
1.338806069084600476e-06
1.224407584249460587e-06
8.083446232400600813e-07
6.371116329707838880e-07
1.509117274971201654e-19
9.956625893303268184e-20
9.195881115169009172e-20
8.398999917037082001e-20
8.324953621824019860e-20
7.423052699264193357e-20
7.250979942148220215e-20
6.510246590245423860e-20
6.279030774731957913e-20
6.143046640433668254e-20
5.791159145495483838e-20
5.618293594976854049e-20
5.597845688428287177e-20
5.372781462643144638e-20
4.948025143510561501e-20
4.789564073961026629e-20
4.548667919900459777e-20
4.354949928319085302e-20
4.200122096273053517e-20
4.068236375026359488e-20
3.969947403305126799e-20
3.713238367713803880e-20
3.655090255949157948e-20
3.563149963211567656e-20
3.475958878954162790e-20
3.388392280512380508e-20
3.303390103457710484e-20
3.175787208711045400e-20
3.114986106263285827e-20
3.038544191012653502e-20
2.973333638266869057e-20
2.927413949230408681e-20
2.833361874116744653e-20
2.728247650781552426e-20
2.721219980800962324e-20
2.614356090354871293e-20
2.546703138378035653e-20
2.465567141354375112e-20
2.394167095081789219e-20
2.336374871397541005e-20
2.308447274067996960e-20
2.193948969238465542e-20
2.103584014412804417e-20
2.075514153890372732e-20
1.997201591049404259e-20
1.971557271346335888e-20
1.941473671903868454e-20
1.889280286918360845e-20
1.783264383031299819e-20
1.750682230001319322e-20
1.686342163176916590e-20
1.622974545227829871e-20
1.612276930676377039e-20
1.574484944055281484e-20
1.512435732617931498e-20
1.483072945908354348e-20
1.428181675454096897e-20
1.387732680287276820e-20
1.339077431418797096e-20
1.306835254987849443e-20
1.272216046899797827e-20
1.236150401525982853e-20
1.219622590374547949e-20
1.177122614852711385e-20
1.159524088219823972e-20
1.089303921754311578e-20
1.076052001457809579e-20
1.049197474362133073e-20
1.017997455907214351e-20
9.486609986413771884e-21
9.450456867196445406e-21
9.108369588717949123e-21
8.944066823134684266e-21
8.587603899722158191e-21
8.153730695361175683e-21
7.693236871576635930e-21
7.400730005322809612e-21
7.201124562116784960e-21
6.891897727346485867e-21
6.528795303986973984e-21
6.390582609285606622e-21
6.199360659972364196e-21
5.788105809576967927e-21
5.615342448315674077e-21
5.456796135646958818e-21
5.120134014238894766e-21
4.939749907247912642e-21
4.701439626319534003e-21
4.536472767785837611e-21
4.341297813789691088e-21
4.093230569896086453e-21
3.825628100812610240e-21
3.526649768896814890e-21
3.464523182474481936e-21
3.139076864073919270e-21
3.070503372920445198e-21
2.908314931978017772e-21
2.470060024340147290e-21
2.290209966870096160e-21
2.236504803508305496e-21
1.999806551545214480e-21
1.738662625017430970e-21
1.486136080156587773e-21
1.424423977366674413e-21
1.383481652546284989e-21
1.055117176272558705e-21
9.896531815547104537e-22
8.285806233644847111e-22
7.541922298362393034e-22
6.830994052031792778e-22
4.900311091083684287e-22
3.942374831369072179e-22
3.201286195001956964e-22
2.072592656071774768e-22
6.240709550020233890e-23
-8.330144866681789752e-23
-9.799714850316641043e-23
-1.645334256399280820e-22
-1.845724959226161288e-22
-2.973797509024032504e-22
-4.370852206360826365e-22
-6.005415968891674173e-22
-6.376580338489083566e-22
-1.104086595955693745e-21
-1.248382795439573576e-21
-1.341554833174974672e-21
-1.492861650331546918e-21
-1.644788646931142376e-21
-1.803402538894831373e-21
-1.880165806432882882e-21
-2.057473725709713716e-21
-2.447692230289162332e-21
-2.542614029793269129e-21
-2.760208288958623085e-21
-2.799013112085630712e-21
-2.921825715240545786e-21
-3.063594872090569953e-21
-3.436647931325600383e-21
-3.788687437173291775e-21
-4.063413805129342018e-21
-4.269174954722201599e-21
-4.382863771692737074e-21
-4.419665150704072156e-21
-4.966485857510533712e-21
-5.179447302170321503e-21
-5.562117045057507267e-21
-5.935230026307588220e-21
-6.103734389908162439e-21
-6.213820090367032918e-21
-6.588722741581389081e-21
-6.666977940936721837e-21
-7.141949021481014511e-21
-7.336856052546589065e-21
-7.542762143068050766e-21
-7.818063438722083123e-21
-8.077875545478874198e-21
-8.280847364481642190e-21
-8.756807869750764997e-21
-9.185720732661982486e-21
-9.367218602561431483e-21
-9.585690238618180457e-21
-1.024414892828707907e-20
-1.027540144670261350e-20
-1.047418273884066647e-20
-1.069640665736522095e-20
-1.118721058798492793e-20
-1.162961233317587227e-20
-1.213517918066753720e-20
-1.240671119810261102e-20
-1.312002537827738561e-20
-1.341244973855320983e-20
-1.372915460542097041e-20
-1.404609478153595558e-20
-1.456531483390425372e-20
-1.490527370690185176e-20
-1.522344127389106585e-20
-1.596209860685687066e-20
-1.619771615910071130e-20
-1.660568064042617586e-20
-1.738500443963206031e-20
-1.784660094635339338e-20
-1.795747201046253858e-20
-1.819163776893348892e-20
-1.863962948772683271e-20
-1.885801070938211474e-20
-1.952001078062129567e-20
-2.057479963053218811e-20
-2.065433113535205046e-20
-2.137978246866960802e-20
-2.219695760751285986e-20
-2.242362329776852025e-20
-2.342273918738616412e-20
-2.372503601222410204e-20
-2.472178328708897219e-20
-2.513963486378678141e-20
-2.565391419761552009e-20
-2.642513887006576705e-20
-2.708072945333304811e-20
-2.879384461028947131e-20
-2.932027839997173102e-20
-3.065575011175397276e-20
-3.082501975809621487e-20
-3.160500656995198531e-20
-3.335208526977725208e-20
-3.368055933298653883e-20
-3.505196956337070279e-20
-3.597672497549523362e-20
-3.648107028822566807e-20
-3.883084920243294312e-20
-3.899594170317166874e-20
-4.019678779145394634e-20
-4.416560729784582200e-20
-4.492290365213419679e-20
-4.660743137982003104e-20
-4.898126401976561169e-20
-5.027117022221963098e-20
-5.320841205403788445e-20
-5.387978402197280106e-20
-5.501292153567710306e-20
-5.597720903708008956e-20
-5.829128468011626358e-20
-6.167849569286422508e-20
-6.305802889882290826e-20
-6.458926357066128283e-20
-6.969277699436387894e-20
-7.331678100037405159e-20
-7.655494131925161824e-20
-9.036331253737012187e-20
-9.888710797656958716e-20
-1.079749846157445102e-19
-1.255416949399727162e-19
