-1.258740693607586003e+00
-1.744283263058568623e-01
-1.504435845402494198e-01
-6.247841240969902177e-02
-5.577894770152734549e-02
-3.505189605745201442e-02
-3.199345791614527368e-02
-2.105458463998610696e-02
-1.661192248465140006e-02
-1.531923668630868346e-02
-1.368154087941709715e-02
-1.056058214166350970e-02
-9.769264753263496442e-03
-8.971752491721765241e-03
-7.701278283837617242e-03
-7.071610186974614486e-03
-6.532521967193676178e-03
-5.255381527505998893e-03
-5.219888613684692258e-03
-4.498174728812932496e-03
-3.993876113851761722e-03
-3.679298560445637498e-03
-3.401921578810424094e-03
-3.102561898603935827e-03
-2.978464596686103416e-03
-2.802611330272092218e-03
-2.542162459639648545e-03
-2.417466927768419441e-03
-2.174481984778647327e-03
-2.097431633112825915e-03
-2.052940344751333010e-03
-1.928970101005134065e-03
-1.848042007236010880e-03
-1.731679370174773937e-03
-1.431018680073266628e-03
-1.367105107306748960e-03
-1.245023692855508476e-03
-1.202424390546921740e-03
-1.182213590189088673e-03
-1.083696509426735049e-03
-1.041669728377922054e-03
-9.665960206398854304e-04
-9.389747187169142969e-04
-8.819864682814459230e-04
-8.652034283317771007e-04
-7.681900682243225425e-04
-7.380793189139543730e-04
-6.891211752119530236e-04
-6.559624598816634093e-04
-6.236084800126850871e-04
-5.958685456595810446e-04
-5.664847486986264447e-04
-5.208242863965786796e-04
-5.016163129494008530e-04
-4.968425474346969094e-04
-4.578360542743624959e-04
-4.373673442869172555e-04
-3.936884230314509629e-04
-3.768795187448292046e-04
-3.636278892420497259e-04
-3.450617483067687312e-04
-3.171721767509358869e-04
-3.091562983525596641e-04
-3.009419595179207291e-04
-2.918895512933700957e-04
-2.768432094811258920e-04
-2.440406032082991210e-04
-2.327941012553278062e-04
-2.221714204021452903e-04
-2.147592265712149095e-04
-2.069523576682714581e-04
-1.973552299896629719e-04
-1.845271091181028764e-04
-1.670372839856002606e-04
-1.564943283935099454e-04
-1.506303741861911055e-04
-1.412876097681832162e-04
-1.345454256862492915e-04
-1.325391105651575470e-04
-1.227245124008096615e-04
-1.174653114412343887e-04
-1.047666625905566194e-04
-1.037601236006969476e-04
-9.790579799215959355e-05
-8.740635679972992155e-05
-8.510601767845461492e-05
-8.212806353264265834e-05
-7.664447494244689568e-05
-7.109031710066155048e-05
-6.761450396561425583e-05
-6.364044386369518210e-05
-6.180476387354023383e-05
-6.011422455353305643e-05
-5.863074695566101969e-05
-5.521108975055018275e-05
-5.280382882293949566e-05
-4.727469745217769857e-05
-4.486817274064021707e-05
-4.300746360084952617e-05
-3.761588106296977251e-05
-3.567324781873858870e-05
-3.385422298979402696e-05
-3.260244609192347533e-05
-2.792608988408023043e-05
-2.659280470666706690e-05
-2.379383461605660905e-05
-2.224192428623648549e-05
-2.153482604893391364e-05
-2.056419898886703194e-05
-1.946168188235526645e-05
-1.706012713336561880e-05
-1.657241789821091571e-05
-1.449393107653357900e-05
-1.382782452825742604e-05
-1.292291508309873709e-05
-1.259275230740131558e-05
-1.069708042029965247e-05
-9.178273563240522408e-06
-8.003138183322138272e-06
-6.860147050136695840e-06
-5.757186620775593208e-06
-5.600411703116049003e-06
-4.052595360207434202e-06
-3.369956993352203585e-06
-2.473950473853122442e-06
-2.335089498119620229e-06
-2.130916645723698100e-06
-1.155347091185628132e-06
-9.858548236576188860e-07
-8.031495268872790458e-07
-6.510944913696410765e-07
-4.342795206047367913e-07
-1.177488619710263977e-07
-5.596405192979662630e-08
-6.910728073558203265e-20
1.046628121869514623e-19
3.081191270015079223e-07
4.594721184537617217e-07
5.798781245614612942e-07
7.833904206767643601e-07
1.060827802975689971e-06
1.455614242827218390e-06
1.827680583974088805e-06
2.207518835970422638e-06
2.405483761147269332e-06
2.619089271720229771e-06
2.865232002820494079e-06
3.106744543469848488e-06
3.469144197449749169e-06
3.756142859792711094e-06
4.641245157571012796e-06
5.133190854383167533e-06
5.747348708400411204e-06
6.986645445227398433e-06
7.277684672511979844e-06
7.740547720131518104e-06
9.176411285623735682e-06
1.005609886525521247e-05
1.242267257720583200e-05
1.358311712479628835e-05
1.379516068549247689e-05
1.513951750458080247e-05
1.620431515137592214e-05
1.880880462317449870e-05
1.989963919963470341e-05
2.119183037139860552e-05
2.238334684785856939e-05
2.395183270189599726e-05
2.555137147545422801e-05
2.723154598774425749e-05
2.879590319089814779e-05
2.919190700476526502e-05
3.140931448358862208e-05
3.525260869062628452e-05
3.646714669020105764e-05
3.744262364304072442e-05
4.086926912341778978e-05
4.159993454662405340e-05
4.271771143368666547e-05
4.748080799672946658e-05
4.866021663404207677e-05
5.609781761521733954e-05
5.776729138245425475e-05
6.309795763442178928e-05
6.551248030281233922e-05
7.414699032328045749e-05
7.485598839278461065e-05
8.291603296878161198e-05
8.727567134083087500e-05
9.608887924002836468e-05
1.014404911208131844e-04
1.104344804540945119e-04
1.127857303059768510e-04
1.212464419754805578e-04
1.342074228775115021e-04
1.350408853412708168e-04
1.503603983817496982e-04
1.556101839848420465e-04
1.690776305534044742e-04
1.825882564073400699e-04
1.922497818833472335e-04
2.033496399513117989e-04
2.058824960572005298e-04
2.163981749104201564e-04
2.231603411122878551e-04
2.320717206767474263e-04
2.469747603697748043e-04
2.723285236888752089e-04
2.812931686381047337e-04
3.006951769673911197e-04
3.075965140078146514e-04
3.279357862518666837e-04
3.585788750920095654e-04
3.750809649193275115e-04
4.112522729922016241e-04
4.144840009297302082e-04
4.546217134161844144e-04
4.703538764697927539e-04
4.821799800822776025e-04
5.127896041920296721e-04
5.986886058359140944e-04
6.186900649615913097e-04
6.268788153446093036e-04
7.161938313709366715e-04
7.927853382933574720e-04
8.139150306174227842e-04
8.744973425660930184e-04
9.588260408739930716e-04
1.026647619300081809e-03
1.061306133132695981e-03
1.074867230197893700e-03
1.285340286722514705e-03
1.345759074185535293e-03
1.472913546625125112e-03
1.619106685043296759e-03
1.834124569205123267e-03
2.063672870986367567e-03
2.243771560303200411e-03
2.318395474793052101e-03
2.553944896630475862e-03
3.158065519792231223e-03
3.293185876533110974e-03
3.939172214556679180e-03
4.107372748865903075e-03
4.827988594369028892e-03
5.833628685808029714e-03
7.710324243885862197e-03
8.474480511019392981e-03
1.100996455712081011e-02
1.106690439019489616e-02
1.337338199598076156e-02
1.792890246529673173e-02
2.186151449406924588e-02
2.928727173616308549e-02
5.425814044625411336e-02
1.497538062723397789e-01
