-2.240993746376529483e-02
-1.466663011861529461e-02
-1.338944770669439795e-02
-8.692494741507015774e-03
-6.634183187749275422e-03
-5.755686804610794967e-03
-4.751646161147852002e-03
-4.227292795875858822e-03
-4.164903791528131415e-03
-3.649303348518700453e-03
-3.082723181755946985e-03
-2.764168863691835072e-03
-2.270382331030995193e-03
-2.184509188337284847e-03
-2.004252032501579756e-03
-1.809985974545495367e-03
-1.512274100034176989e-03
-1.395713210819454157e-03
-1.316214474788358815e-03
-1.285642086425137047e-03
-1.056779665190548572e-03
-9.932503471263914255e-04
-8.835279604715355834e-04
-8.321914265823542132e-04
-7.856509081646766406e-04
-6.986903867931452223e-04
-6.727933043779732187e-04
-6.630389966079731391e-04
-5.987580202766552622e-04
-5.529543441417252405e-04
-4.831991488684770817e-04
-4.610822068967828291e-04
-4.202579753782856244e-04
-4.115105337127154838e-04
-3.953401552250115480e-04
-3.691924486565960448e-04
-3.348122175876224317e-04
-3.149765214025988455e-04
-2.965928976175065640e-04
-2.784814749104508823e-04
-2.712278506406137443e-04
-2.636314971297926916e-04
-2.361128621346450789e-04
-2.253285244991700700e-04
-2.138021840752633298e-04
-2.000770872812669330e-04
-1.896412886315690263e-04
-1.825056255310478735e-04
-1.774185560900680512e-04
-1.671285943822849846e-04
-1.568295651140837687e-04
-1.452062187307421692e-04
-1.348311427400338198e-04
-1.317059150756551701e-04
-1.233202166737104187e-04
-1.185884362888068639e-04
-1.112431241456393442e-04
-1.026113774509231481e-04
-9.833164714323321121e-05
-9.585121164825197160e-05
-9.083699321569643726e-05
-8.287248128069762954e-05
-7.775123839938506655e-05
-7.223740899990288111e-05
-6.864189288757654756e-05
-6.039989182419456686e-05
-5.814567240684357676e-05
-5.226597307344856821e-05
-4.880685506658142338e-05
-4.418522881603828545e-05
-4.263129809975549789e-05
-3.770972080687732820e-05
-3.729253563650140885e-05
-3.645231976019151294e-05
-3.569167649071431817e-05
-3.201219438632819865e-05
-3.077199670034257378e-05
-2.923717206191177461e-05
-2.706999599899555351e-05
-2.572679107285379959e-05
-2.419850451458680973e-05
-2.279926782058888708e-05
-1.982936738222684293e-05
-1.813122145807048231e-05
-1.719722352228733036e-05
-1.618324156180679275e-05
-1.449532609243108571e-05
-1.351453730265691550e-05
-1.295152223500228771e-05
-1.219436043565757479e-05
-9.160273314593348021e-06
-8.312662968803525494e-06
-7.588840288303440776e-06
-6.923559320701693007e-06
-6.782184463088229615e-06
-5.896176677692747137e-06
-5.289651230689562591e-06
-4.028746653658784747e-06
-3.777066325666217184e-06
-3.486457309990760494e-06
-3.197298522391586940e-06
-2.766659943320627148e-06
-2.246407672241007220e-06
-2.061124145083507996e-06
-1.740302186941819721e-06
-1.335733357540705346e-06
-1.116698448744518583e-06
-8.548892751188212702e-07
-4.835043386124506349e-07
-3.291216909539674301e-07
-1.940281746245113483e-07
-1.181057373390657296e-17
-8.262399116250113424e-20
7.430270276534358732e-09
1.063012978100059331e-07
4.664556781779771348e-07
5.899073236862373443e-07
6.262055722749718012e-07
1.171882163278263393e-06
1.505679947906408726e-06
1.795247378157852534e-06
2.512415118199519742e-06
2.756178309623614410e-06
3.147510953607053017e-06
3.521918590875231939e-06
5.485891342087205855e-06
5.689704736032554178e-06
7.011918449293453773e-06
7.521770320790454154e-06
8.683363011411748987e-06
1.003725780814967482e-05
1.057815560212461749e-05
1.224211939317375230e-05
1.255261934450958664e-05
1.445946856680769410e-05
1.534652147557458694e-05
1.742302719650343728e-05
1.769297404061750026e-05
1.885041283365739015e-05
2.122062882804471966e-05
2.203356493164491839e-05
2.352923086495920394e-05
2.428199773942109834e-05
2.770668984493371173e-05
2.927983773777132642e-05
2.987714598148395612e-05
3.589214160156767834e-05
3.630055263630253891e-05
3.815784159437844318e-05
3.905271379139178855e-05
4.413333927176423931e-05
4.652903431486755839e-05
4.840949564817502654e-05
5.456860253711867252e-05
5.648135588063835051e-05
5.860527584718830434e-05
5.955607227146294717e-05
6.344221163983732178e-05
6.826623452785773264e-05
7.083025423461999416e-05
7.201555532161399095e-05
7.917025319981505329e-05
8.244538664626868663e-05
8.977157608467710502e-05
9.144474311888894794e-05
9.461716551965812527e-05
9.948173117075568737e-05
1.053708559818347591e-04
1.184014136536135666e-04
1.217401810073495948e-04
1.358027931274337905e-04
1.401327150104960751e-04
1.469399610103178837e-04
1.549676051898053828e-04
1.625639405513243602e-04
1.720789628576838170e-04
1.740621629087628157e-04
1.880709103914875722e-04
2.044097299036927852e-04
2.130509576450990723e-04
2.205446941980104716e-04
2.344572866268526863e-04
2.481623611258082529e-04
2.638825647522898064e-04
2.838432010185004423e-04
3.000194652303219875e-04
3.074015357354869583e-04
3.240128839875674864e-04
3.449727432793954192e-04
3.580850963416807383e-04
3.779016029084558931e-04
3.944500579862099832e-04
4.033916797033851157e-04
4.588334182095193318e-04
4.887395399119278533e-04
5.008884294969330334e-04
5.152041983033859825e-04
5.413425431316372079e-04
5.795925536741529426e-04
5.929454147640500321e-04
6.186610028120666108e-04
6.678588626276837090e-04
7.109294182094163259e-04
7.862876279797020819e-04
8.277800762061607049e-04
8.679670719218080064e-04
9.478265767158173833e-04
1.015496596979996533e-03
1.056328365620075706e-03
1.104278466049304604e-03
1.135482545486799118e-03
1.157647943557147275e-03
1.266674921448867046e-03
1.398721169751525892e-03
1.443840683341553752e-03
1.662059133936064949e-03
1.692630537726041301e-03
1.901944316802219471e-03
2.002166970916307090e-03
2.111882731143447257e-03
2.252542323216401732e-03
2.351038914505314964e-03
2.676981873005798013e-03
2.810540215316421203e-03
2.919004771412160061e-03
3.088923738867932478e-03
3.674070278882079089e-03
3.777016977597846218e-03
4.177951579904161210e-03
4.577878041634377004e-03
4.933699607303606433e-03
6.278555840437273494e-03
6.626644693305452222e-03
7.330249218230830595e-03
7.743024042468214969e-03
8.244461132003007287e-03
9.696763817773831895e-03
9.939024565143970980e-03
1.192333678596019762e-02
1.354352228996790267e-02
1.554868526321799733e-02
1.937991137172943162e-02
2.333226480682180914e-02
2.650177742357964425e-02
3.046216694584332266e-02
3.194219495942766940e-02
3.984244406379686826e-02
6.772838812686624022e-02
8.333363368084777123e-02
1.058259934431798749e-01
1.583660207803145037e-01
2.053163926142820284e-01
3.717534735062422158e-01
1.829367432204557664e+00
4.449828181999063048e+00
1.139230141076611602e+01
