-1.227364505479288770e+00
-1.699257493918012174e-01
-1.475936428374600706e-01
-6.168647132217796453e-02
-5.517370136735379182e-02
-3.447622474417775390e-02
-3.153295040467639365e-02
-2.093606233438942421e-02
-1.643637497642490286e-02
-1.526929523701656306e-02
-1.352789689181552700e-02
-1.046516824910906536e-02
-9.717950159172213109e-03
-8.847684910294809774e-03
-7.637980096997668521e-03
-7.007701308093093433e-03
-6.478548280243416786e-03
-5.191045765453651886e-03
-5.147187809995473588e-03
-4.444337341193389107e-03
-3.953721886778364600e-03
-3.658568710563904654e-03
-3.372314518883185071e-03
-3.049081917323914672e-03
-2.945387034354611435e-03
-2.766168726671144971e-03
-2.529163589599165134e-03
-2.376136484515062666e-03
-2.156286521114985678e-03
-2.081177981533282630e-03
-2.026813989555598626e-03
-1.915299887475097398e-03
-1.831453721624286832e-03
-1.711952861867951231e-03
-1.407147159587100781e-03
-1.350193538646519281e-03
-1.231725781890022700e-03
-1.174560386186452665e-03
-1.166538822065980993e-03
-1.074130044167288280e-03
-1.021158579954474944e-03
-9.591224882258352720e-04
-9.247248814184590854e-04
-8.700168074129027446e-04
-8.384316141088131143e-04
-7.570934824659880831e-04
-7.387198159337153265e-04
-6.822563424334936785e-04
-6.434840154598552324e-04
-6.083525139058837145e-04
-5.847851797931172355e-04
-5.569603800913067431e-04
-5.146278674831256204e-04
-4.957695366911855960e-04
-4.877694094094568418e-04
-4.503349248351042121e-04
-4.304218880148724690e-04
-3.868485860985709009e-04
-3.690290751893267633e-04
-3.567341398629873925e-04
-3.413861968562507563e-04
-3.053857852761378213e-04
-3.010704388823329984e-04
-2.927301259397394832e-04
-2.837189783192375480e-04
-2.696506145467839261e-04
-2.406339821317598148e-04
-2.260153835166139847e-04
-2.212438484150173134e-04
-2.117898176848178194e-04
-1.996702330013075833e-04
-1.955512365946815889e-04
-1.838662008445451825e-04
-1.633051665165457058e-04
-1.503119244090933852e-04
-1.459964653253081955e-04
-1.401652352110674849e-04
-1.349180264108725512e-04
-1.295581312245645215e-04
-1.199591561553920512e-04
-1.157327799808267481e-04
-1.039053515744253227e-04
-1.017068628419184976e-04
-9.454650460461107872e-05
-8.608401602746342538e-05
-8.250741191079506568e-05
-8.059723301463165223e-05
-7.392022047641948050e-05
-6.949169547914203912e-05
-6.539281442556403015e-05
-6.150257674872227557e-05
-6.071516463854961007e-05
-5.846574224967524642e-05
-5.693938690371091760e-05
-5.391024358347818688e-05
-5.167656529431151471e-05
-4.766855425167472590e-05
-4.277719910104952451e-05
-4.161151931289823800e-05
-3.602405493203615980e-05
-3.422516680707341500e-05
-3.255467121480650768e-05
-3.111498273016558908e-05
-2.714991355310027114e-05
-2.518709862364480170e-05
-2.316025915273036437e-05
-2.164828163617010093e-05
-2.089075017113815503e-05
-2.016003865942253291e-05
-1.957511312900240692e-05
-1.708949542157910185e-05
-1.649176241641326510e-05
-1.492636997626857750e-05
-1.371660206980335387e-05
-1.333476076511332843e-05
-1.191336470778206057e-05
-1.073722397844919156e-05
-9.674970946136800872e-06
-8.752531336061988214e-06
-7.738307888711836233e-06
-7.339809127914796623e-06
-6.388192847645922849e-06
-5.596087151999499050e-06
-4.313666473708070122e-06
-3.762484525133799504e-06
-3.503574655485644934e-06
-3.075550449374900140e-06
-2.362688163827523445e-06
-1.864801220322370259e-06
-1.461941646962865565e-06
-9.451128328265329765e-07
-5.330916784828962526e-07
-4.940232024938259729e-07
7.572057836113156083e-19
1.128092688607307834e-18
4.690062192967226143e-07
9.196897411178000603e-07
1.497194637273946933e-06
1.916837905187791203e-06
2.379067512246047092e-06
3.331764902212256257e-06
3.511240179948919683e-06
4.056061839676467794e-06
4.716137459434876963e-06
5.013751845491275597e-06
5.615442210209655973e-06
5.986556605286210335e-06
6.897831451954662144e-06
7.856963097904909627e-06
9.435738429919038892e-06
9.882201289620672635e-06
1.071977249449957306e-05
1.225393099861914266e-05
1.300379473254554244e-05
1.508631576003022497e-05
1.617484703779809813e-05
1.690284968446847740e-05
1.732862070336697768e-05
2.031318064232424638e-05
2.254706424216255343e-05
2.535583913440392402e-05
2.592070738592541554e-05
2.698031093720631353e-05
2.850287325765159043e-05
3.188127412661547231e-05
3.643945852710785848e-05
3.826111538797439485e-05
3.961320994742016161e-05
4.262656453736879885e-05
4.520275435235785350e-05
4.872410234452023150e-05
5.316311032005867002e-05
5.462281824957975287e-05
5.565681921293980452e-05
6.200033747179814903e-05
6.424054624647935921e-05
6.843164389675759104e-05
7.141371501276721719e-05
8.207026388281037012e-05
8.643208389616699298e-05
8.962458946486890569e-05
9.619935100073020865e-05
1.042250767169649331e-04
1.113346035234832524e-04
1.149707514978643498e-04
1.196668053786275877e-04
1.359168437751612907e-04
1.427050352481735172e-04
1.481777854905758096e-04
1.518850769801668023e-04
1.637061665609430513e-04
1.693296758103764556e-04
1.746187159269995965e-04
2.014767987705625991e-04
2.068458904355163796e-04
2.182588464322907497e-04
2.272142419857535347e-04
2.360502031576867639e-04
2.582409179499744090e-04
2.687309538640745969e-04
2.839133421419775681e-04
2.888232086482270147e-04
3.122237353824424224e-04
3.273998840665101303e-04
3.478617332368804825e-04
3.690082321122263457e-04
3.895040412217351620e-04
4.081139136972853536e-04
4.268502974778120716e-04
4.503094924141951136e-04
4.717775542120881613e-04
4.943197413922926185e-04
5.186423429284423015e-04
5.764519115742785865e-04
6.252311402627814966e-04
6.488029344436782239e-04
6.877053962038701031e-04
7.115502045298585741e-04
7.989419505359365891e-04
8.215448564776776322e-04
8.838514292049734879e-04
9.463963001337239280e-04
9.892752829893671461e-04
1.050256128638952201e-03
1.070816425220642376e-03
1.134589238918211687e-03
1.256546818584323901e-03
1.313664821981395687e-03
1.376648871725239366e-03
1.508850304299638821e-03
1.601812637434561499e-03
1.771854013015216299e-03
1.951540078638838152e-03
2.071153865242893882e-03
2.353663814185983586e-03
2.441055004407451535e-03
2.613907822615270556e-03
2.816599165783021785e-03
3.223913620035346542e-03
3.512968415217848379e-03
4.005327067850205855e-03
4.388398277130728907e-03
4.800611076831748196e-03
5.353979669749178889e-03
5.518159078292676940e-03
6.491592133959685380e-03
8.484940582760672895e-03
9.009822022650337131e-03
1.148044876196658258e-02
1.256299487208155027e-02
1.422079951615632179e-02
1.860986870819751615e-02
2.382159456221186536e-02
3.133804743598003761e-02
5.462295003396695769e-02
1.491395263789099812e-01
