5.401731921631279000e-03
3.918778370643714003e-03
3.431211511420671854e-03
3.108263217607272477e-03
2.592062160140732718e-03
2.133122996128264393e-03
2.069942087228104910e-03
1.747439705397631736e-03
1.590487437460626555e-03
1.574624159915624091e-03
1.327591986522533513e-03
1.245173510819022958e-03
1.227337225242543153e-03
1.112934812766343262e-03
1.034181852556949636e-03
9.275230878139292812e-04
8.609331248853720414e-04
7.647023128538194816e-04
7.538345134005077549e-04
7.127252209694475912e-04
6.616391146522927584e-04
6.236239753829300389e-04
5.543730373841518040e-04
5.259751274097106350e-04
4.895045713581790657e-04
4.633115515642080399e-04
4.457636078784875714e-04
4.341473427119891745e-04
4.117400772334954898e-04
3.872997054673918264e-04
3.624851624834735716e-04
3.441682712734583970e-04
3.314778592878306123e-04
3.141979733017739754e-04
3.018380396884375602e-04
2.978436852776470745e-04
2.672738207241941188e-04
2.614426640136571778e-04
2.402060383517655537e-04
2.320580381682218313e-04
2.134721930052767508e-04
2.113994237595318861e-04
1.920277581165778661e-04
1.857256029526582622e-04
1.789645298899021826e-04
1.655288932857874808e-04
1.604567812326797402e-04
1.562999738685056023e-04
1.433173044983629494e-04
1.347697026691194470e-04
1.275923343045238633e-04
1.226879812427515888e-04
1.166845346119095610e-04
1.127776336465622980e-04
1.104975410346617563e-04
1.060300934144404892e-04
9.967072123825457101e-05
9.486554587771350866e-05
9.166764613757522225e-05
8.484980941426651464e-05
8.265302192692355703e-05
7.891076482886385840e-05
7.597894600208471522e-05
7.329437011718214839e-05
6.913201572430961901e-05
6.546685941953957547e-05
6.332900096886203789e-05
6.087172261054287522e-05
5.405187129982581492e-05
5.254799697489093222e-05
5.050792042103680100e-05
4.705796705273318687e-05
4.485829224944334442e-05
4.395676765864624214e-05
4.300777237501809302e-05
3.979466679505999562e-05
3.607150279855550403e-05
3.474833305578646161e-05
3.207937878775967176e-05
3.185925137327428171e-05
3.126007761514057416e-05
2.965603369428791491e-05
2.737080512444894283e-05
2.626165985217707066e-05
2.510686198726371564e-05
2.476751770191152368e-05
2.115746599661666813e-05
2.067264256215927109e-05
1.767881945441722438e-05
1.682877549805094012e-05
1.485370149830258718e-05
1.455320803169661162e-05
1.370152506862337464e-05
1.269002785134964839e-05
1.207537298715769211e-05
1.163165819090640245e-05
1.067095141716519793e-05
9.756120209245399425e-06
9.563513670631966024e-06
8.785848836682898642e-06
7.781241071091576697e-06
7.500409930331447834e-06
7.060105436041610694e-06
6.347021367139515295e-06
5.771184903843369408e-06
5.025304476739787265e-06
4.207701233931955720e-06
3.796062179263221082e-06
3.433721817003920590e-06
3.135053082197075041e-06
2.574226716483550557e-06
2.041195893962522784e-06
1.701929021542454606e-06
1.409220784575757306e-06
1.321138366138840968e-06
1.074906389021842715e-06
7.177948712405053289e-07
6.533948721774249152e-07
3.215162687409000875e-07
2.757712537476089936e-07
5.683905378813874025e-20
-7.049553184336341192e-20
-3.578166735666279961e-07
-5.829019373379467672e-07
-7.168038650337886778e-07
-8.004956588263684406e-07
-1.146402850276397131e-06
-1.358090798436310314e-06
-1.611494902559564027e-06
-1.925746777213486823e-06
-2.279100335627038550e-06
-2.458873942118920885e-06
-2.694046614518793558e-06
-2.821281862430974228e-06
-3.821517404773533983e-06
-4.609733757974631309e-06
-4.889290570485548321e-06
-5.211275937420213721e-06
-5.293509407686611833e-06
-5.718417903469635299e-06
-6.256983515558513197e-06
-6.914295072591922650e-06
-7.242981213503966263e-06
-7.766177474341607215e-06
-8.200619431038657487e-06
-9.042814029840798802e-06
-9.754734313312872187e-06
-9.935886509511702877e-06
-1.036964823963704328e-05
-1.129303409589473597e-05
-1.173876892999835496e-05
-1.309519118636941352e-05
-1.461533012440867822e-05
-1.528191320242212691e-05
-1.620674435066121375e-05
-1.652657541083468642e-05
-1.828465019089157458e-05
-1.913291406820786275e-05
-1.916719741661848143e-05
-2.047490917082266663e-05
-2.169971605773774205e-05
-2.367051875066269426e-05
-2.460312737591783543e-05
-2.533450652306077071e-05
-2.638545106873845094e-05
-2.690040883703916061e-05
-2.895190126298868594e-05
-3.067430846494235524e-05
-3.205185686809884995e-05
-3.389220683395749982e-05
-3.566985433147502378e-05
-3.704889984940948545e-05
-3.847343892629972762e-05
-4.193717371498814259e-05
-4.489001528183879505e-05
-4.638547620097827144e-05
-5.012596625751773608e-05
-5.254698844764546484e-05
-5.484113569083371722e-05
-5.746987702646716450e-05
-5.948000216101441591e-05
-6.385405325958466521e-05
-6.425945251207652517e-05
-7.190710083521435216e-05
-7.372151329976164413e-05
-7.891510085218754868e-05
-8.105444326745017062e-05
-8.605877579068357396e-05
-8.956294901155230630e-05
-9.005524388536692993e-05
-9.533685205057322760e-05
-9.773420577297028760e-05
-1.001869972089568684e-04
-1.078027512894496199e-04
-1.105606176903366629e-04
-1.165766568364242706e-04
-1.210260808677219321e-04
-1.256937703637157617e-04
-1.376965701638204853e-04
-1.431211521764456126e-04
-1.498974046452743918e-04
-1.514513666771329222e-04
-1.586325961190169641e-04
-1.611506607327473377e-04
-1.644249111237889476e-04
-1.694513347779459667e-04
-1.831649685861554372e-04
-2.098638564683766544e-04
-2.159616164448116202e-04
-2.283245125510718887e-04
-2.298032124111358760e-04
-2.393361082112197566e-04
-2.468265879855281709e-04
-2.629213051869348588e-04
-2.672113942093476196e-04
-2.779680557049035456e-04
-2.969750470426662527e-04
-3.098862987754484404e-04
-3.202140870718166426e-04
-3.513504588687184154e-04
-3.526473269261129039e-04
-3.739172573685988496e-04
-3.839555441325893611e-04
-4.237994727024870564e-04
-4.261961759209610635e-04
-4.463367293586672428e-04
-4.631775789629651355e-04
-4.744663907519936353e-04
-5.042463774995543718e-04
-5.141465621514432812e-04
-5.380056637674365599e-04
-5.778177465751581409e-04
-5.927251700466466865e-04
-6.109661001517882346e-04
-6.744964038197761354e-04
-7.187298529949680444e-04
-7.590134472864822719e-04
-7.849021431587975073e-04
-8.377747460098969833e-04
-8.694499118571762499e-04
-9.194160999817090497e-04
-9.859182734863534796e-04
-1.015644851515893829e-03
-1.059421896154658354e-03
-1.114163543749338136e-03
-1.187909873426890939e-03
-1.262506747203966280e-03
-1.349939531324455440e-03
-1.502418244503798007e-03
-1.621608526486980825e-03
-1.730580123503470263e-03
-1.913687248127692725e-03
-2.106052521247813759e-03
-2.421065829435840346e-03
-2.639124553891603227e-03
-3.156186335178461869e-03
