5.336317864854337595e-03
3.870697583781478220e-03
3.392574028168250481e-03
3.060362412858080687e-03
2.556446805102701066e-03
2.103349849704623086e-03
2.045193694013839290e-03
1.723028445746101417e-03
1.568209202582515529e-03
1.553860970646728148e-03
1.309652222079621311e-03
1.225131880151507412e-03
1.208902299784719164e-03
1.094742380630879790e-03
1.019046481752836205e-03
9.127448471277562359e-04
8.464670549041200401e-04
7.504100228711823445e-04
7.406692547843371889e-04
7.008405869812586210e-04
6.505138768841504937e-04
6.135565671823532945e-04
5.443605864648564134e-04
5.166443807696487981e-04
4.819748183262389423e-04
4.548397826512018361e-04
4.386259092348025160e-04
4.270540817264252228e-04
4.028365620331350420e-04
3.794019383591121686e-04
3.557188613440565570e-04
3.385340797704354098e-04
3.256309799247503233e-04
3.089546809791852695e-04
2.968138494956708479e-04
2.933701756045050497e-04
2.616742696869374298e-04
2.566104230887851956e-04
2.354605732894400616e-04
2.285347758237930849e-04
2.100626518032557466e-04
2.068954292685105934e-04
1.893356869679630947e-04
1.823578449159953658e-04
1.759323791123241977e-04
1.629913201691108129e-04
1.569971254320825279e-04
1.538408229597064891e-04
1.406241281000737350e-04
1.314779720601160905e-04
1.251927446465973847e-04
1.199427254882227446e-04
1.132431831599050621e-04
1.101236580337346685e-04
1.083860515353081546e-04
1.045527434165988270e-04
9.756495150613514347e-05
9.290338128650330767e-05
8.922012734697958990e-05
8.314317373451863343e-05
8.075444772898490199e-05
7.684886518826923357e-05
7.536174968795204300e-05
7.178380062728040203e-05
6.631914155126410453e-05
6.381636016933878446e-05
6.200307512195147469e-05
5.938579367578960823e-05
5.318380409136480385e-05
5.080317113695329701e-05
4.935235376709792295e-05
4.576348152857423896e-05
4.385501274883317073e-05
4.274775945339450247e-05
4.164017712686494103e-05
3.870147770851724869e-05
3.484943523729400455e-05
3.365801449900562224e-05
3.113878319386627949e-05
3.085314101162699418e-05
3.051272014014384218e-05
2.882906162373115720e-05
2.648011355440354152e-05
2.567897397225632163e-05
2.417170137930444416e-05
2.402508364374407928e-05
2.032642969072746220e-05
1.968609442777837550e-05
1.702213386137099360e-05
1.628886058901349757e-05
1.444823555697542432e-05
1.398981822307471764e-05
1.348410208187354807e-05
1.231306318653225515e-05
1.154170982742369195e-05
1.114589789598636560e-05
1.035754417212739892e-05
9.419491567492025970e-06
9.093963995796440971e-06
8.586859065574294222e-06
7.424822857288099467e-06
7.055852803574499744e-06
6.848391609451044934e-06
6.068328379960181004e-06
5.482353621255931448e-06
4.697036770712802220e-06
3.961135825616457776e-06
3.633339916316448083e-06
3.294511633437245739e-06
2.929815004275550507e-06
2.383882696177439077e-06
1.896570539710193866e-06
1.591061386232903362e-06
1.290804180922831716e-06
1.135054722728174338e-06
9.046151720275516189e-07
5.958350027951187169e-07
4.553386758652884768e-07
2.680095132345693728e-07
1.327527490574603729e-07
8.656974815958572296e-21
-8.503299708426930842e-20
-4.997984619543578363e-07
-6.784751850987228828e-07
-9.075066624210254749e-07
-9.486712415109412712e-07
-1.287963076811120750e-06
-1.568125524401895656e-06
-1.721465203922468469e-06
-2.020503341519116546e-06
-2.517086178115313002e-06
-2.762782269744320031e-06
-2.864444173323455296e-06
-2.980627706000736726e-06
-4.068677182618994872e-06
-4.832820844852132441e-06
-5.037468555100799477e-06
-5.347529323557302582e-06
-5.503473402106502309e-06
-6.044035234451407341e-06
-6.391918620079768423e-06
-7.060632805350380359e-06
-7.546431763038806385e-06
-7.916567678385723984e-06
-8.338249902585808011e-06
-9.416450232619184748e-06
-1.002385289069087805e-05
-1.009131290977125863e-05
-1.060846179293281753e-05
-1.148609136682390497e-05
-1.214536641766922998e-05
-1.341010701118490884e-05
-1.477963964650650617e-05
-1.556920043083103336e-05
-1.667321605812585925e-05
-1.705539277314806659e-05
-1.859645686100627044e-05
-1.936701769737395442e-05
-1.963838109455862767e-05
-2.070433416226953453e-05
-2.210152468353124544e-05
-2.395431875891273983e-05
-2.512736971581268800e-05
-2.570961888141935211e-05
-2.683450521076560127e-05
-2.745447763067453199e-05
-2.943353669496103663e-05
-3.105500611367922431e-05
-3.252416541097713374e-05
-3.420114735373181651e-05
-3.608794581599028778e-05
-3.771953057705574295e-05
-3.906128869970611342e-05
-4.260105359149572366e-05
-4.519156342378652288e-05
-4.689207917544623971e-05
-5.067666024673883347e-05
-5.304071563900129247e-05
-5.538513364109958961e-05
-5.818991649322521209e-05
-6.010806355510247970e-05
-6.465285303790089958e-05
-6.531860856205453660e-05
-7.233144786725837145e-05
-7.486461909401022179e-05
-7.978759069389654702e-05
-8.218187519807781949e-05
-8.675391109363700512e-05
-9.054738110508105868e-05
-9.067505606510645048e-05
-9.702833313251395860e-05
-9.870704826639491126e-05
-1.012487462109055568e-04
-1.088732483104866330e-04
-1.116725975046047237e-04
-1.172661087308033985e-04
-1.213576130376103641e-04
-1.262320865230247952e-04
-1.389243253588799069e-04
-1.443133024234486957e-04
-1.504818060063601497e-04
-1.530571124364591047e-04
-1.596098891629481407e-04
-1.625548802651593237e-04
-1.651266456456252653e-04
-1.708283482648450613e-04
-1.840790658829697583e-04
-2.111144426212211811e-04
-2.166352992438416898e-04
-2.291095335285520313e-04
-2.311590168046995188e-04
-2.400122666264579779e-04
-2.479924402648213920e-04
-2.640192043852295466e-04
-2.684899650179079877e-04
-2.788294208289297782e-04
-2.990493114316689896e-04
-3.110147462731868294e-04
-3.217621643533570552e-04
-3.528374408548456812e-04
-3.543668277039276971e-04
-3.751617352719298164e-04
-3.856394578498877892e-04
-4.251991536476300662e-04
-4.268646579871170467e-04
-4.482517354398482773e-04
-4.644178759584157833e-04
-4.761756391390744702e-04
-5.058119263033331904e-04
-5.157093447574206827e-04
-5.391171625033061490e-04
-5.796176214398336647e-04
-5.955851591535461743e-04
-6.125210190618671962e-04
-6.763511854066856128e-04
-7.199711991618317972e-04
-7.609871803107232449e-04
-7.857822533208020039e-04
-8.385179596683434849e-04
-8.703414837491588478e-04
-9.208164536168528215e-04
-9.877685384261209421e-04
-1.016945709227199107e-03
-1.060893172253269410e-03
-1.115382199727123994e-03
-1.189070975999948800e-03
-1.264079859859885101e-03
-1.351578733765438581e-03
-1.504219727706670746e-03
-1.623557035846971740e-03
-1.732429352136860209e-03
-1.915039930006677896e-03
-2.107974232658747608e-03
-2.422276020438896352e-03
-2.639354726703303441e-03
-3.156598263280008948e-03
