-1.265638240248079471e+00
-1.755724190179848154e-01
-1.511095519611046489e-01
-6.267593552828286396e-02
-5.591174863187499400e-02
-3.518532984086827214e-02
-3.211048235663704203e-02
-2.107577844773918935e-02
-1.665605568511843715e-02
-1.532900296060218069e-02
-1.371622048675565780e-02
-1.058423349741012889e-02
-9.779599656382738024e-03
-9.002342846431374626e-03
-7.716499782238528220e-03
-7.085670388548293008e-03
-6.546788965425878563e-03
-5.269132956557193853e-03
-5.238646282559318405e-03
-4.510824289696564564e-03
-4.004790020988802969e-03
-3.685117297228205496e-03
-3.408509352066335825e-03
-3.114751815338652301e-03
-2.987556040705739279e-03
-2.812599755903148931e-03
-2.545653672220004205e-03
-2.428122594571451975e-03
-2.180170556211048511e-03
-2.102352751875041434e-03
-2.059817194833142052e-03
-1.931432233471296620e-03
-1.852991536456962416e-03
-1.737377271210419592e-03
-1.437637810636527595e-03
-1.371917007839116133e-03
-1.248463119940161539e-03
-1.213371837812791346e-03
-1.184649279063591755e-03
-1.086366926288534224e-03
-1.046718460387701787e-03
-9.687798750356567965e-04
-9.427574445388674272e-04
-8.867644006561221665e-04
-8.725788947511793365e-04
-7.715385829833101708e-04
-7.390940099392517143e-04
-6.912774234832236558e-04
-6.606793570517160551e-04
-6.284527727953456667e-04
-5.992557258458794216e-04
-5.689622065503104975e-04
-5.221219469555087554e-04
-5.037756400431914411e-04
-4.980241024127440982e-04
-4.599966153886802861e-04
-4.392602963134270479e-04
-3.959778195148964215e-04
-3.802473379652216790e-04
-3.643697923930641082e-04
-3.459320939463902934e-04
-3.205698202400399381e-04
-3.120898862344986965e-04
-3.025661728102790968e-04
-2.933917129179178934e-04
-2.788178196930705781e-04
-2.446711796247792595e-04
-2.346512730909120262e-04
-2.217589326369731161e-04
-2.154154689902723684e-04
-2.087733466960810930e-04
-1.976028096569794107e-04
-1.843064624920184445e-04
-1.680628539077230592e-04
-1.585605741900541457e-04
-1.518273229547829201e-04
-1.406565787606778545e-04
-1.336585729486547338e-04
-1.329355920895975525e-04
-1.233096540139017321e-04
-1.178321099426825005e-04
-1.047865874051151318e-04
-1.041350853941260066e-04
-9.864727272490879742e-05
-8.754273437945859452e-05
-8.562280301218804966e-05
-8.225516431568611622e-05
-7.734067223330808288e-05
-7.154531676605328187e-05
-6.826240920122997997e-05
-6.408763565702901887e-05
-6.200894974130302445e-05
-6.011670991315787315e-05
-5.905174517722293381e-05
-5.520464117827217376e-05
-5.272363291106522151e-05
-4.663439147274798412e-05
-4.516569912357353250e-05
-4.226454967807892650e-05
-3.798514428904707635e-05
-3.608881818234520241e-05
-3.388979933840023266e-05
-3.272865585571215586e-05
-2.804531196731606835e-05
-2.708493426467515838e-05
-2.370967463368042831e-05
-2.239712179836018458e-05
-2.163012771262861063e-05
-2.088810268274363241e-05
-1.969262838704980965e-05
-1.718080102737965491e-05
-1.649726118223803956e-05
-1.454755952060024817e-05
-1.355455408575669179e-05
-1.272791227762631575e-05
-1.250610542699252821e-05
-1.017612388820136272e-05
-8.910165528475084835e-06
-7.549118008734670173e-06
-6.496714265549297860e-06
-6.086686044568629609e-06
-5.376163897282684635e-06
-3.870538309630266617e-06
-2.595331455999898913e-06
-2.043318425934235214e-06
-1.940767527976520736e-06
-1.462645284518097579e-06
-5.765555818673966054e-07
-5.587007157496642796e-07
-3.785384399819786916e-07
-2.888306842408995774e-07
-2.319266370552451196e-07
-1.371341395651121030e-07
-4.924961559636600119e-08
-3.402872100830921421e-19
2.826775550894451182e-20
2.279568488303039793e-08
1.253580420903900854e-07
1.574312283001456304e-07
3.460776750833665404e-07
3.725581278764142214e-07
4.647943064787309229e-07
7.623660525271858838e-07
9.583471633121814912e-07
1.192150404471696847e-06
1.662546766697792508e-06
1.747229973438410877e-06
1.808714995435202155e-06
2.027438030726131225e-06
2.198385615725834400e-06
2.610341519073620045e-06
2.829951813053635415e-06
3.381672756005732313e-06
3.669998764224264444e-06
3.959587049955300795e-06
4.059407366218273911e-06
4.455008191462161799e-06
4.778323118508513539e-06
5.434338944357236599e-06
6.103586705110335195e-06
6.851729063512821751e-06
7.591961055206456000e-06
7.713744576628059116e-06
8.505296213526804771e-06
9.740461436398919099e-06
1.063744515036643968e-05
1.149043185951062595e-05
1.288433928758794117e-05
1.413571642236975327e-05
1.539871405381410083e-05
1.609266460596511138e-05
1.691614832930658611e-05
2.027028478826478590e-05
2.202048643767930703e-05
2.270963921324467823e-05
2.379017025064518326e-05
2.630078275460714278e-05
2.695558238518895171e-05
2.743850496320027953e-05
3.008498864128804259e-05
3.197055789697552519e-05
3.328315543877402084e-05
3.619780809926309600e-05
3.780208775254858319e-05
3.910200959015642033e-05
4.172576996056500298e-05
4.638797979534791120e-05
4.782863064102533927e-05
5.249294841224249708e-05
5.534188397505591212e-05
6.151003232347417775e-05
7.105318332783273113e-05
7.186737497630573800e-05
8.074002270817606775e-05
8.470363849199079721e-05
9.078950669457070148e-05
1.041330227763938358e-04
1.108444578357500632e-04
1.210112364237098982e-04
1.263092471391434731e-04
1.274943935164587268e-04
1.301248253946970786e-04
1.418733389838019001e-04
1.558932905959120455e-04
1.759210466763074031e-04
1.900585379766265735e-04
2.029809100872722379e-04
2.141562945910138694e-04
2.166448104680436916e-04
2.240958713712203521e-04
2.602527010859801652e-04
2.776658515632016459e-04
2.811055239812208523e-04
2.992094622115726060e-04
3.382327706104539715e-04
3.560223008510038866e-04
3.641014315880418645e-04
3.973984872168958215e-04
4.199235179722329739e-04
4.405982557728929357e-04
4.530034754567388664e-04
5.522875856385534325e-04
5.798678688587262549e-04
5.972964310851689535e-04
6.772683611257846251e-04
7.095338837030869825e-04
7.747343746519459815e-04
8.380918593331472934e-04
9.056948548990482193e-04
9.654555678005212731e-04
1.018313184050092732e-03
1.271536507184715861e-03
1.325617016074454339e-03
1.374891730626589224e-03
1.598892650593600456e-03
1.759656259144425387e-03
2.023609282438468878e-03
2.159626226717951264e-03
2.276756757770548572e-03
2.423086422265416286e-03
3.027337737906963134e-03
3.228784394103839141e-03
3.821744546810036669e-03
4.015786012856409001e-03
4.761072315591029745e-03
5.631979375771476067e-03
7.433246409138185261e-03
8.420232568465276304e-03
1.084044057514897859e-02
1.090775012621216823e-02
1.315986010810897035e-02
1.782869691150308633e-02
2.122080168612133777e-02
2.908962595176375551e-02
5.407861324995744123e-02
1.510107588990282634e-01
