-1.053969825485431157e-15
-4.807417656836269352e-16
-2.682908152032216806e-16
-2.623948573823586257e-16
-2.065349279767983786e-16
-2.032172343638115185e-16
-1.850405501946004678e-16
-1.805444483390129188e-16
-1.607451322307424831e-16
-1.459866897631680174e-16
-1.392077334270045625e-16
-1.300182432446291158e-16
-1.208652860870632358e-16
-1.175774594298665021e-16
-1.124209974250112308e-16
-1.086299243928356554e-16
-1.025741334699376804e-16
-9.592406507936662657e-17
-9.497670493602309095e-17
-9.302416522998940950e-17
-9.000205065001361690e-17
-8.673444543004997004e-17
-8.257428221452321601e-17
-7.869359053539816802e-17
-7.325278030461661659e-17
-7.256579602527549926e-17
-7.175115383270116652e-17
-7.023406065566720721e-17
-6.858016026048451399e-17
-6.558878674117803623e-17
-6.430966308235346728e-17
-6.266357101043128974e-17
-6.131966964643646315e-17
-5.750858447031422257e-17
-5.667373937510184599e-17
-5.538359015636673943e-17
-5.285126506886425854e-17
-4.972376607835243077e-17
-4.856503313855422064e-17
-4.668262897414517748e-17
-4.527836346657630188e-17
-4.404252371347479561e-17
-4.262479152648775688e-17
-4.125713590993033007e-17
-4.090467778466236073e-17
-3.907516501603910147e-17
-3.728936682085255773e-17
-3.689618806893687727e-17
-3.667649023024840921e-17
-3.458992674622618496e-17
-3.191658472619103410e-17
-3.140224240506251216e-17
-3.016284055510721947e-17
-2.896660877693766432e-17
-2.850702627500809792e-17
-2.807237207112930749e-17
-2.735692571015830935e-17
-2.692334205206034559e-17
-2.463531320454094150e-17
-2.366520188062994841e-17
-2.348966293179245786e-17
-2.332397425799161928e-17
-2.191794033574536272e-17
-2.045957769970346264e-17
-2.003351411645705777e-17
-1.939659660521576215e-17
-1.842500479810618532e-17
-1.783199115046012003e-17
-1.747530840683914268e-17
-1.697244900756770894e-17
-1.692366226518841728e-17
-1.559811895061023397e-17
-1.535975263264788547e-17
-1.501069025032559649e-17
-1.392766554359991173e-17
-1.379221858566920567e-17
-1.293120250031796384e-17
-1.255566330984063862e-17
-1.202179596378789392e-17
-1.138100399351578766e-17
-1.116731822868524011e-17
-1.071174709424898866e-17
-1.028740982537067587e-17
-9.738002752537620622e-18
-9.184480653750931972e-18
-8.693275064523569333e-18
-8.162119599958802073e-18
-7.799956384947686638e-18
-7.572875375304189324e-18
-7.230867557681902527e-18
-6.589161173727925276e-18
-6.250479469569880838e-18
-5.925884014837110360e-18
-5.699709487636398522e-18
-5.064867113996521254e-18
-4.715607613216767808e-18
-4.220835858695036186e-18
-4.144476359807130954e-18
-3.852996737566138383e-18
-3.709422453616862595e-18
-3.320459636917037467e-18
-2.863379225604477116e-18
-2.827443937699451710e-18
-2.629793986010479280e-18
-2.400675774661154451e-18
-2.284932719778794445e-18
-1.865525175936101994e-18
-1.770837404856653369e-18
-1.593999531607771762e-18
-1.329908479861313469e-18
-1.150349233415854600e-18
-8.819828217531152220e-19
-7.957797202486922059e-19
-6.669196167869544147e-19
-5.058302158750758440e-19
-4.328989300586710006e-19
-4.073136390239568641e-20
6.779148456374456943e-20
2.113163422973079473e-19
2.800897821325700954e-19
5.482516902549132619e-19
6.654977303441094829e-19
9.709231788272683270e-19
1.175897456773424828e-18
1.352064287917229802e-18
1.614837816080589382e-18
1.825498493593504582e-18
2.099294050604287221e-18
2.372638026927216115e-18
2.962497940336141746e-18
3.063079887571642046e-18
3.209829320600803868e-18
3.483728768341917018e-18
3.705632653225694531e-18
3.886539637555372459e-18
4.551227789282093014e-18
4.792336871081612152e-18
5.149759152225989796e-18
5.844074037308235842e-18
5.963573757727705019e-18
6.324842853692558134e-18
6.531206103403038234e-18
6.746130780835046561e-18
7.256504625351846714e-18
7.440000745579509785e-18
7.989148470433105323e-18
8.679167321473576179e-18
8.802231662427941117e-18
9.196620916828183602e-18
9.928878486817719902e-18
1.011170317269000604e-17
1.055238269153739788e-17
1.105114040060386717e-17
1.175261412423467743e-17
1.222244344013736426e-17
1.250319046509291174e-17
1.291507867843082771e-17
1.330958302596340867e-17
1.411230977769815233e-17
1.500155153989274235e-17
1.511662563457486717e-17
1.576572728836873553e-17
1.630583708863059998e-17
1.683084171387781943e-17
1.757148740756137311e-17
1.800581779140402592e-17
1.850430250867873698e-17
2.023256079113217981e-17
2.030408232604851265e-17
2.109076116130414018e-17
2.150478857355875567e-17
2.290981781132047217e-17
2.342344480143170708e-17
2.377805023042904797e-17
2.398140554013377364e-17
2.579397296337301495e-17
2.676947507347485045e-17
2.724870762301034182e-17
2.847418297264258696e-17
3.007173449740074579e-17
3.086160466570878817e-17
3.248455816708799603e-17
3.316201193046799094e-17
3.458843564311055441e-17
3.555302402155379624e-17
3.718468206665710574e-17
3.762301242074055803e-17
3.926849810721828075e-17
3.996680922868648628e-17
4.126488533687508651e-17
4.224900024056916420e-17
4.399619309661048128e-17
4.660036916171824995e-17
4.682020967059389236e-17
4.757029592822152686e-17
4.997365991349534545e-17
5.195782819021018269e-17
5.576442956965821664e-17
5.639211529783113543e-17
5.804486919243808773e-17
6.002536449500341428e-17
6.102936845315773577e-17
6.421634350089461647e-17
6.478747564543544133e-17
6.897340980919127771e-17
7.189848027830696931e-17
7.274327822460226927e-17
7.590825878399196989e-17
7.973760716957885705e-17
8.062402601805872852e-17
8.672933381816012417e-17
8.798484391200246482e-17
9.598615654113928313e-17
1.001973291283715189e-16
1.065996527069127157e-16
1.086967258864278326e-16
1.145918182885560326e-16
1.180024926836139966e-16
1.262681164335478884e-16
1.308221572717132977e-16
1.351519419461771273e-16
1.442364887729722892e-16
1.526742027472765430e-16
1.632274680484975554e-16
1.960551297042128210e-16
2.105533191671195059e-16
2.506466430588915366e-16
3.048188245869970062e-16
4.429258003783712146e-16
6.459038268911044030e-16
7.047382070834118414e-16
8.166742223885101485e-04
1.218490701641599880e-03
2.533282315295846705e-03
2.876297309922610027e-03
3.119465865387064177e-03
3.612640307528765336e-03
4.491420545117007397e-03
5.024975751276385821e-03
6.105747902825698660e-03
6.448946416600994692e-03
9.462619778602274906e-03
1.108326832635998620e-02
1.206708805892068963e-02
1.959904784804444508e-02
2.614421748158084202e-02
4.023029781692933488e-02
5.134473826816895320e-02
6.147599349467579299e-02
9.792914385621533102e-02
1.090449483107253092e-01
1.636903254408136887e-01
3.400963880574517928e-01
1.700976728305609864e+00
4.236695942794393765e+00
9.904883680183630190e+00
