3.328299493795700698e-02
2.628148277690769974e-02
1.712675558245218416e-02
8.455774033244073395e-03
5.996603756697898441e-03
4.176466095112093754e-03
3.079946745781104479e-03
2.280148223490210350e-03
2.238488363876656954e-03
2.162603601610561203e-03
1.961653786637157591e-03
1.632371015030487571e-03
1.315062471657009978e-03
1.120579364919305947e-03
1.076990512163111292e-03
9.210100277467474922e-04
7.600039880296712968e-04
7.059919509875481466e-04
6.747921100427955272e-04
6.191734088115103491e-04
5.328058731925169010e-04
3.955575790212155171e-04
3.092452942100052467e-04
2.567850579535383326e-04
1.410856259576261410e-04
8.191265101026065623e-18
6.602245004075163563e-18
5.876939189829461509e-18
5.726289132651734521e-18
5.284313463634151705e-18
4.873747834631928320e-18
4.697092640889163329e-18
4.561050972026719957e-18
4.353841462146868124e-18
4.165254112537561507e-18
4.013978542472395244e-18
3.867241498691078190e-18
3.779905780478335269e-18
3.591641402474061499e-18
3.545544957387021688e-18
3.380040372587937079e-18
3.286983944374843017e-18
3.220139336892108898e-18
3.107893845601693543e-18
2.992975855425114798e-18
2.895384548556181251e-18
2.816691651517740222e-18
2.814308667187707234e-18
2.724335023140689303e-18
2.674875592145620852e-18
2.517017203924814897e-18
2.451866519745909729e-18
2.430621711300085754e-18
2.372186012197153420e-18
2.320212622333227964e-18
2.236685490059243220e-18
2.171719098846605397e-18
2.161325994159734375e-18
2.091430687035531797e-18
2.055496522526582333e-18
2.040431483127411524e-18
2.001298778639740502e-18
1.930441935651619925e-18
1.911209365652318492e-18
1.840078016117948516e-18
1.740103032995580474e-18
1.719742895995186565e-18
1.669674238518089770e-18
1.637793214914320089e-18
1.627622692675653141e-18
1.562940174956268152e-18
1.519102423108659257e-18
1.496376647938941173e-18
1.460495320963251202e-18
1.433145405577569780e-18
1.411794144598150880e-18
1.348860866167555696e-18
1.296194039740182093e-18
1.250736218332347845e-18
1.247264787320634034e-18
1.233633169695143593e-18
1.189445531838141999e-18
1.164751400509472714e-18
1.131493376316157092e-18
1.093714159765894581e-18
1.063114770722578329e-18
1.036540686702591534e-18
1.013439233618354049e-18
9.743070058127136256e-19
9.553646537909434738e-19
9.191473398805655514e-19
8.932367686978950650e-19
8.675663776661273730e-19
8.402458847928167296e-19
8.104472074663091118e-19
7.939444160504427366e-19
7.772132692724151001e-19
7.310837935044181537e-19
7.054696347030915173e-19
6.764582913854732872e-19
6.631099326952511441e-19
6.616947886056430954e-19
6.260326933103026212e-19
6.027175350781160999e-19
5.657198605996397343e-19
5.396830959981812869e-19
5.349947178400206069e-19
4.983174005196366772e-19
4.913374563948605909e-19
4.709195803131130793e-19
4.303796622361307247e-19
4.237088450665430064e-19
4.052023395246476282e-19
3.958815922962242805e-19
3.939078795432334337e-19
3.709341537252028332e-19
3.412192673234582822e-19
3.298097251631587369e-19
2.986871811892325443e-19
2.958613854620298381e-19
2.753399972153953572e-19
2.621411602327564117e-19
2.372666178906183040e-19
1.982392141394557118e-19
1.957256695389476139e-19
1.898567475108912082e-19
1.781746431777568019e-19
1.495090180589724809e-19
1.405840647251970465e-19
1.307323473901976684e-19
1.085171367989773529e-19
1.061496490531946459e-19
8.468663308156376098e-20
6.389235977475752808e-20
5.704049045871024229e-20
4.374058494138033603e-20
3.136748593373606339e-20
2.577278738504237875e-20
8.120546840001497176e-21
-6.518138410819298686e-21
-1.953957427970252613e-20
-2.832437163789858271e-20
-2.967890308919513682e-20
-4.165006767157142276e-20
-6.219340498870625218e-20
-7.071605764909725354e-20
-7.861227173555887386e-20
-8.225651291280705637e-20
-9.133030252169787311e-20
-1.014081257115736149e-19
-1.120550254199155232e-19
-1.436231143390839115e-19
-1.589888534246595591e-19
-1.645276529621111401e-19
-1.890390824737363371e-19
-1.961357524686560748e-19
-2.145359079380798029e-19
-2.318448967766818396e-19
-2.406423662344865518e-19
-2.678532026459993010e-19
-2.884868144478536537e-19
-2.949446088485481822e-19
-3.029429315955892039e-19
-3.198167005168749815e-19
-3.341010112268995577e-19
-3.474798576967686391e-19
-3.757990294605889705e-19
-4.009212004962017746e-19
-4.161774926091355577e-19
-4.293147448393343794e-19
-4.521111456097233353e-19
-4.790206869342774588e-19
-4.800668720316622492e-19
-5.258734126182286879e-19
-5.466347018706663591e-19
-5.693576028878848674e-19
-5.859297138414349114e-19
-6.075434348256104631e-19
-6.203445731787315854e-19
-6.625947779398360636e-19
-6.805958725511909133e-19
-6.970143558796151299e-19
-7.225826164413875762e-19
-7.566910402750908595e-19
-7.858838512901549135e-19
-8.100322032953068296e-19
-8.213772079325926083e-19
-8.642315612775090263e-19
-8.679830637903474579e-19
-8.888889341095113170e-19
-9.174705313198485870e-19
-9.770101805142428477e-19
-1.019083943343111480e-18
-1.036904449710867023e-18
-1.065468624598235739e-18
-1.073378392854047325e-18
-1.100006142216908532e-18
-1.124340085631769527e-18
-1.164813268827894062e-18
-1.217283307018777595e-18
-1.236591894869191528e-18
-1.274114998234982291e-18
-1.305467099673730390e-18
-1.351782401970430525e-18
-1.375957153047678866e-18
-1.406593699023209976e-18
-1.451990060573320671e-18
-1.526259118178010279e-18
-1.563563663718124792e-18
-1.597253644523938084e-18
-1.627743673157646086e-18
-1.653203730224555079e-18
-1.655998000747657082e-18
-1.719571126780350749e-18
-1.767066451553055644e-18
-1.781429201782077007e-18
-1.844614093672831258e-18
-1.862342957243609035e-18
-1.940603101651389025e-18
-2.007427663811474283e-18
-2.029513221538614936e-18
-2.091508504206435237e-18
-2.165109934346328044e-18
-2.196039655489989189e-18
-2.222403624857591133e-18
-2.263202295260573270e-18
-2.389213551847682239e-18
-2.444102008417254620e-18
-2.508601236506313166e-18
-2.533967889017405631e-18
-2.624278670937629826e-18
-2.699596246069278064e-18
-2.801950226398397425e-18
-2.848552822225232109e-18
-2.907343432779932631e-18
-3.031888999670469149e-18
-3.164762947384307151e-18
-3.306230083650629901e-18
-3.372303733357574293e-18
-3.420182299853062448e-18
-3.504536189599275262e-18
-3.553536025119844709e-18
-3.627576071516615141e-18
-3.725547595702504846e-18
-3.824692797591076527e-18
-3.985861468910432463e-18
-4.086887254196538040e-18
-4.220133541351232963e-18
-4.324795147144260616e-18
-4.627403498703327945e-18
-5.274385192405817001e-18
-5.673120862887235602e-18
-5.930047735567323110e-18
-6.827177967847144343e-18
-7.904262271421640306e-18
-9.010653167955565636e-18
