4.776243840053397399e-04
4.659306181754489058e-04
4.465270308963831649e-04
4.019233857729215221e-04
3.745552069551953797e-04
3.629806641370648935e-04
3.504354482078643929e-04
3.410437856143818921e-04
3.319620914404843525e-04
3.195829474005018578e-04
3.151727782745612902e-04
2.976836654982377103e-04
2.917077450786820106e-04
2.846952749215406761e-04
2.647523832148066642e-04
2.576533265926100468e-04
2.475345709400590026e-04
2.343978178875636505e-04
2.307004782924511603e-04
2.193147517346425465e-04
2.106012079825576205e-04
2.008665026888644225e-04
1.988134995157589922e-04
1.940271800966318801e-04
1.862009990387731488e-04
1.810584387021080884e-04
1.738974866802000250e-04
1.689429244012820796e-04
1.681192843175889704e-04
1.590000569476888493e-04
1.569770340253580365e-04
1.505171841473520935e-04
1.448394697265943318e-04
1.405378012117214663e-04
1.365584868871743253e-04
1.330442681826635718e-04
1.280921493232967351e-04
1.258194896112217330e-04
1.240539521272791454e-04
1.217259507568517376e-04
1.194494954766720348e-04
1.171521457958355611e-04
1.138516443195578090e-04
1.120241927183993546e-04
1.079568001026425135e-04
1.032190808110673263e-04
1.023722185253454580e-04
9.930661001918243962e-05
9.800499766069845802e-05
9.490342285706263416e-05
9.303564019426997127e-05
8.855521630524988382e-05
8.609653145437131186e-05
8.393524441539254946e-05
8.330118280614037720e-05
8.059896254506110184e-05
7.929099339849880442e-05
7.717573969956530438e-05
7.521521744635828672e-05
7.349479672731835424e-05
7.187302742980664365e-05
7.064921980981094473e-05
6.986621981154572669e-05
6.918469646608407125e-05
6.416751373041606067e-05
6.243783173172243401e-05
6.165128094010827739e-05
6.114045549254964399e-05
6.003611814583064907e-05
5.801393545908449778e-05
5.541078690430567273e-05
5.456637367303925361e-05
5.369801180195469062e-05
5.221722409864090107e-05
5.010160698697255265e-05
4.857801904439020501e-05
4.672094121826118727e-05
4.600920410558609667e-05
4.577064432563657736e-05
4.528588826739638883e-05
4.374304130703882154e-05
4.301614295745595485e-05
4.213717902740334162e-05
4.109330769289744795e-05
4.066014524482385213e-05
3.969593794642500801e-05
3.874359051874335194e-05
3.818639862012393243e-05
3.764095160386098950e-05
3.565555221420302459e-05
3.506805367866009916e-05
3.405413826187599763e-05
3.299845768857034362e-05
3.269107185272129200e-05
3.143667538999964588e-05
3.003191043072218994e-05
2.941682574060970270e-05
2.868835595096474864e-05
2.802568908931147746e-05
2.789827021406774139e-05
2.694687020546583477e-05
2.630338001588611806e-05
2.540276027028308116e-05
2.506739898181811304e-05
2.440657722434987098e-05
2.400169710994153863e-05
2.316493196762227396e-05
2.296234995040568778e-05
2.248477895846020101e-05
2.161771136780509547e-05
2.125483192395929367e-05
2.066883656676081355e-05
2.028603096035770277e-05
1.950288251029331856e-05
1.866934247417376610e-05
1.863261910698628239e-05
1.802782184536436811e-05
1.789582950107489805e-05
1.760817180697085628e-05
1.688385340590633764e-05
1.627169506922936318e-05
1.578556867346894314e-05
1.546370726235451139e-05
1.516703351059101429e-05
1.466558746026230119e-05
1.446979230384057905e-05
1.403081463878388446e-05
1.375342341639804336e-05
1.330309799400990762e-05
1.308138023800642762e-05
1.264091566344130091e-05
1.213605176103769506e-05
1.165086694241982199e-05
1.135676854068110180e-05
1.121569786379666457e-05
1.076526487857133298e-05
1.065389827634191826e-05
1.048699122490878934e-05
1.031123364670081635e-05
1.007551664146513464e-05
9.730548485582611986e-06
9.507844094554983522e-06
9.159876042718779750e-06
9.135959072286269230e-06
8.906628303479355698e-06
8.497158811688370464e-06
8.363473056550807885e-06
8.172852276858910277e-06
7.924592170480290214e-06
7.888383049066183305e-06
7.699045905306489844e-06
7.487004920903051168e-06
7.341697932955796278e-06
6.912120811137927101e-06
6.815852187266694811e-06
6.724664610781627093e-06
6.712898665712113574e-06
6.137121783178070044e-06
5.995050623942644890e-06
5.959820658777772193e-06
5.827347235499660098e-06
5.778179225961209101e-06
5.620413823085354946e-06
5.413073877453398843e-06
5.336055712719132562e-06
4.996461900744940706e-06
4.950552025335167989e-06
4.849681485841893138e-06
4.757062575371715359e-06
4.616108657894986135e-06
4.499610678568016973e-06
4.405650705408870669e-06
4.267824919129723420e-06
4.197600186172801378e-06
4.069444171195624574e-06
3.908452178514090442e-06
3.840183673377046184e-06
3.694298746822197349e-06
3.618689579219391031e-06
3.581712075866323506e-06
3.512324597762754433e-06
3.344670242033610879e-06
3.248791390771044380e-06
3.171078872988170264e-06
3.031746140446082490e-06
2.918304063302879177e-06
2.771232854194819480e-06
2.768151375801913123e-06
2.719086227581927361e-06
2.621498961585489242e-06
2.559283241877822048e-06
2.529300845618078319e-06
2.471300454680109554e-06
2.297972343857858034e-06
2.141953688001067814e-06
2.119337359527867412e-06
2.049557378800264032e-06
1.995983634857841680e-06
1.929439635757291498e-06
1.919205454080530246e-06
1.775777946822466924e-06
1.708184512404127409e-06
1.642434134574325487e-06
1.565941174304777465e-06
1.510133053692570025e-06
1.484045216508745367e-06
1.410318363084953682e-06
1.375258510187555160e-06
1.321707414805922823e-06
1.227176351373826298e-06
1.204220190564407507e-06
1.106081507171540506e-06
1.042424709361900460e-06
9.318315674114007989e-07
9.137680918790837404e-07
8.715672931685678043e-07
7.867314022239376257e-07
6.899916438316651531e-07
5.661843867942729393e-07
4.733912495945476825e-07
3.538474531230740270e-07
3.228839908696012515e-07
2.741847644946364906e-07
2.321186543701458055e-07
1.559995846690900329e-07
1.279152315346351080e-07
9.681944929077231809e-08
8.789946505956866848e-08
3.609005301933880237e-08
2.069352410955291572e-08
1.653801346546170707e-08
4.017945522007385848e-09
-4.626435531973027183e-21
-6.554500184470509716e-21
-1.274050695781623366e-08
-3.300567327227925329e-08
-5.106722035458996885e-08
-5.684500089559710860e-08
-7.304309070096409732e-08
-1.000329621611437310e-07
-1.094623771237752393e-07
-1.271183343620809964e-07
-1.393242618496733387e-07
-1.651675321534383079e-07
-1.938471679517177482e-07
-2.331090263912375979e-07
-2.478023025025830500e-07
-2.799611781292875739e-07
-2.852991245695922212e-07
-5.629339460953161339e-07
-7.349752386626933969e-07
-1.080881756225456446e-06
-1.443618632966346292e-06
-1.468887062101358400e-06
-1.656592551478638548e-06
-1.838043622860454895e-06
