2.378008326474934445e-02
2.218728706094449943e-02
1.796501891723088426e-02
6.624948423489130343e-03
4.201776647570658503e-03
3.324175559488425167e-03
3.132805891492593080e-03
2.720673021658217162e-03
1.976594612949600718e-03
1.852523384472701956e-03
1.650517994938692197e-03
1.621939146635302401e-03
1.534878643718195004e-03
1.477237681170216104e-03
1.350430086768116466e-03
1.295013797646318810e-03
1.123062628143154653e-03
1.105363556222211351e-03
1.011565854851925869e-03
9.771334720143571087e-04
8.880639762757290123e-04
8.665719524825176703e-04
8.214938794281500568e-04
7.649242212701466790e-04
6.900006837761464562e-04
6.447896871676698756e-04
6.068106532689741253e-04
5.833733761647355229e-04
5.616569512281442168e-04
5.570258276182747485e-04
5.130291354496766725e-04
4.918465517593671385e-04
4.443087153332069233e-04
4.336952633012180146e-04
4.121005329640000693e-04
3.813057225814087928e-04
3.642758314550035388e-04
3.461354499695781643e-04
3.446809808774795405e-04
3.020644702796507794e-04
2.947547196944795664e-04
2.821326059651960323e-04
2.689247790922331938e-04
2.591982137710022367e-04
2.320688473805345440e-04
2.262767650568641060e-04
2.151112875440280110e-04
2.039423959368050503e-04
1.998085486357047331e-04
1.956923815039404409e-04
1.786658117262508564e-04
1.747437373737534369e-04
1.590779387691066489e-04
1.522392837584496297e-04
1.405970526278698448e-04
1.356237250995741869e-04
1.307138722432939703e-04
1.186157618544420429e-04
1.174845206730454388e-04
1.124966985315697200e-04
1.090681302512556429e-04
1.019595646935468234e-04
9.771521618806142584e-05
8.683281523728483592e-05
8.569873944460223395e-05
8.388846447536543022e-05
7.858803452765895773e-05
6.974798359947783483e-05
6.676590091344957031e-05
6.229186280874414602e-05
6.079462346059653883e-05
5.892163163741884213e-05
5.578937466923127915e-05
5.423811026378838656e-05
4.671272273507648030e-05
4.488279308508523626e-05
4.231626643621053666e-05
4.059629499423954838e-05
3.902869213680984717e-05
3.747448403207710179e-05
3.404015086129371222e-05
3.111152189767731752e-05
2.918844571784546388e-05
2.830394515823473134e-05
2.702879764946380616e-05
2.565040798967630430e-05
2.324898805842760189e-05
2.260292115564032961e-05
2.152584439728153238e-05
2.066638386302051391e-05
1.982765216441752332e-05
1.761103592284352125e-05
1.680142079400588902e-05
1.607217860869176540e-05
1.547072766206657735e-05
1.286244427683089017e-05
1.269384496200569858e-05
1.155935856323160036e-05
1.097194399609588907e-05
1.046176681560577080e-05
1.026928379031365963e-05
9.304751680630919580e-06
8.498667743164431149e-06
7.914800617105683482e-06
7.413550585067577400e-06
7.103591145460219697e-06
5.935637420760369806e-06
5.251917420105993195e-06
4.580464192300234363e-06
3.935756307741719306e-06
3.677754715004775907e-06
3.384165108135220119e-06
2.721215619708501027e-06
2.686386089174267351e-06
2.322686008693210361e-06
1.813950447807442039e-06
1.647333687295781790e-06
1.351194119345189038e-06
1.062044295846604152e-06
6.571740566242348505e-07
5.550615360298906365e-07
1.887002579022725928e-07
2.956981864422294365e-09
9.437411639181695842e-20
-1.113578031404388445e-19
-2.415639044709057180e-07
-6.643422576162231526e-07
-8.707301788367559753e-07
-1.411680615304708727e-06
-1.816769969742288776e-06
-2.343908501194681567e-06
-2.766317531337478945e-06
-3.065514261922786575e-06
-3.504419565967711419e-06
-4.045251843998336700e-06
-4.375468865782329692e-06
-4.725961780917013962e-06
-5.205114655279023504e-06
-5.650860030980178514e-06
-6.939087248537249801e-06
-7.688251835950749192e-06
-8.105232848418012943e-06
-8.809053820640964076e-06
-9.071163631193349209e-06
-9.832043630782201184e-06
-1.028480497467460650e-05
-1.127850988290710510e-05
-1.153112000755413474e-05
-1.262313264959560017e-05
-1.328714596416133235e-05
-1.490755681784814823e-05
-1.548638877900565620e-05
-1.766390348421759251e-05
-1.804827085803463392e-05
-1.964789968964924778e-05
-2.052295544164648550e-05
-2.154414405965187143e-05
-2.229919641849750927e-05
-2.328806966168261603e-05
-2.479743986302490979e-05
-2.836201808502224981e-05
-2.915455192054024482e-05
-3.023696457979018336e-05
-3.143532856702332680e-05
-3.479099850953707465e-05
-3.805779430276911180e-05
-3.857698207642534089e-05
-4.027795180031887241e-05
-4.097382040750998224e-05
-4.313382227432092085e-05
-4.596976522431864357e-05
-5.001740902471288878e-05
-5.137786161223543611e-05
-5.425275498333962792e-05
-5.525664343546627191e-05
-5.624674847776540618e-05
-5.823731015207082650e-05
-6.179037045189270257e-05
-6.412557250219334392e-05
-6.996750322814723885e-05
-7.117956435705840429e-05
-7.634827885997315291e-05
-7.795031461752025242e-05
-8.113474122063888913e-05
-8.443425627307562132e-05
-8.669151712123855809e-05
-8.906895818798657796e-05
-9.195234499444070620e-05
-9.924853000040743532e-05
-1.015122502042310857e-04
-1.096775744166777301e-04
-1.119597733080315860e-04
-1.159565490838773233e-04
-1.201770768734217431e-04
-1.260934990140897074e-04
-1.346938157204008056e-04
-1.419554764471293948e-04
-1.461617883868395211e-04
-1.532123810701434947e-04
-1.564002333679095035e-04
-1.696907927365608128e-04
-1.730175006893981454e-04
-1.816392714681851304e-04
-1.841260302138804210e-04
-1.871632868863132185e-04
-1.925379791055499491e-04
-2.007253004377544138e-04
-2.049258683269492508e-04
-2.281917330812076468e-04
-2.315994514496170858e-04
-2.378225531309315207e-04
-2.543593642551155538e-04
-2.643433807143875870e-04
-2.864645759772989505e-04
-3.034678946497168582e-04
-3.082948892668217191e-04
-3.270963240468735631e-04
-3.371752387145693212e-04
-3.551769339968681980e-04
-3.790246641766374571e-04
-3.988034399691057271e-04
-4.146823086229987237e-04
-4.310057481218959054e-04
-4.381427400044968419e-04
-4.542743059276739895e-04
-4.780643656226215839e-04
-5.237556591618149635e-04
-5.419150403726261589e-04
-5.755687576826156934e-04
-6.087863849405989770e-04
-6.486150929411060471e-04
-6.594560664181731494e-04
-7.290578755827959063e-04
-7.460047023218636247e-04
-8.241273781584926034e-04
-8.282542858509906120e-04
-8.786893675101212827e-04
-9.474505067372507566e-04
-1.020039619961813152e-03
-1.081889576415574284e-03
-1.147831391832556834e-03
-1.194096795945588478e-03
-1.285576962198851925e-03
-1.402265432079084296e-03
-1.512528017580962256e-03
-1.543263618310847414e-03
-1.746432075683886694e-03
-1.793974039603767794e-03
-1.970805243772772320e-03
-2.170244936991246737e-03
-2.445748220957878055e-03
-2.761072953301509612e-03
-3.131744128478383855e-03
-3.537191884392095441e-03
-4.499087883736465655e-03
-5.053715060863382333e-03
