-4.486252849793513777e-05
-3.261954288192839724e-05
-2.734686756567180453e-05
-2.316552286923033728e-05
-2.143817422502865427e-05
-1.543005061848408451e-05
-7.824340352137083431e-06
-5.436796887156540598e-06
-4.999415239064850382e-06
-4.241498876757117556e-06
-3.426453855683254615e-06
-2.893008507130590166e-06
-2.703728710919353266e-06
-2.188815963802381713e-06
-2.011729265873131630e-06
-1.721261168282856592e-06
-1.507176984174938448e-06
-1.173529693620977322e-06
-8.507947445442494403e-07
-7.943721637050240587e-07
-5.303661372768829141e-07
-3.432806569770965352e-07
-2.404781919058704986e-07
-3.623361614462949477e-08
-1.498996807445931163e-08
-6.521365713189555069e-20
8.583227614056940296e-19
2.355351342222319125e-07
4.408650964738196443e-07
7.411213469338678209e-07
8.984323700138715938e-07
1.186034263331210468e-06
1.561261893600830675e-06
1.649634265168022056e-06
2.707564027323585409e-06
3.330169445523195224e-06
3.999434979821661057e-06
4.762997617036368318e-06
5.952238961331536038e-06
6.939453218189387810e-06
7.293508089349921741e-06
7.788834030595121814e-06
8.549998998746672515e-06
9.283576774006014956e-06
1.035594764309694160e-05
1.091804457138398409e-05
1.112857005620159666e-05
1.268585528828795687e-05
1.295333967201039738e-05
1.313366017074142855e-05
1.389475605277087343e-05
1.462244429696936963e-05
1.557746976301377365e-05
1.594929867527353857e-05
1.684714847795481494e-05
1.861389661445469871e-05
1.965214678327864784e-05
2.051805857773548558e-05
2.084015179573353192e-05
2.117000538564136076e-05
2.167886607881214372e-05
2.264471311034353679e-05
2.481514175331898155e-05
2.572116132238799741e-05
2.660359902654709115e-05
2.752093788217745276e-05
2.776070538169018019e-05
2.832511662840247601e-05
3.008695419333111222e-05
3.083855853781444046e-05
3.290101516024873006e-05
3.378116142866082426e-05
3.475509408188755961e-05
3.781971543100829791e-05
3.816178285473917359e-05
4.033732274200049354e-05
4.102003453039638174e-05
4.329635417514353873e-05
4.366196277331353443e-05
4.464888919563529869e-05
4.634373976707369585e-05
4.769575024629603389e-05
4.915064320587356108e-05
4.942737972666107107e-05
4.998806755467745849e-05
5.162003180378844778e-05
5.268597455729336646e-05
5.641785962181031726e-05
5.732678614999068656e-05
5.844875951172341818e-05
5.918579623258749607e-05
6.330670199855907533e-05
6.483097131870454609e-05
6.702799924857599421e-05
6.809167634670934706e-05
6.903493507317850456e-05
7.174290464069164007e-05
7.335428926221659927e-05
7.484519417676121036e-05
8.003585725629417844e-05
8.124926263489039215e-05
8.396448614380999295e-05
8.657046175578040118e-05
8.754807954606955633e-05
9.115601708310537641e-05
9.529277222559306331e-05
9.732773987854884763e-05
1.005504543347667397e-04
1.015839331375869008e-04
1.059418851394707461e-04
1.089037372827413936e-04
1.121805691547989064e-04
1.150368606597774833e-04
1.166429177086982579e-04
1.194481616047434342e-04
1.300370191716668331e-04
1.318824348755176447e-04
1.348248718295025209e-04
1.368933582342687384e-04
1.391556599483717940e-04
1.432972144687818389e-04
1.467583832122852617e-04
1.485226812991537291e-04
1.517110662003007325e-04
1.550969651011016495e-04
1.631071090796941793e-04
1.726214530072194095e-04
1.781541697273154564e-04
1.805335298709315835e-04
1.864144704724617237e-04
1.939927518266089802e-04
1.961976336194613205e-04
2.005744879595358632e-04
2.114417878162048342e-04
2.157631304024918383e-04
2.206718245939138774e-04
2.241841475519348566e-04
2.291780574548805819e-04
2.353599264667816907e-04
2.431453768437720118e-04
2.573715638834022648e-04
2.655369072253749838e-04
2.851571779016525776e-04
2.934113198297093610e-04
2.964839825310544553e-04
3.045444198274000749e-04
3.058043421974526266e-04
3.141689954091602950e-04
3.309312216386610037e-04
3.338542281654600691e-04
3.471263951341688843e-04
3.558763688804694974e-04
3.632256235500143089e-04
3.756623359561523517e-04
3.901597482655228422e-04
3.986718293111466294e-04
4.116495112259236700e-04
4.282989482984580674e-04
4.484084531565510410e-04
4.505289914334651715e-04
4.585368735535727959e-04
4.675790234483987980e-04
4.775021204525451649e-04
4.876899013784993732e-04
4.942359402708386071e-04
5.167374983032005376e-04
5.496720070189318411e-04
5.760752998060469617e-04
5.938614842411814396e-04
6.191014549486906389e-04
6.533032706724731936e-04
6.822021156176243323e-04
7.005007148889334833e-04
7.112193709286583621e-04
7.341942839688492739e-04
7.435405106325552278e-04
7.484755170743779629e-04
7.709440847178204020e-04
7.849417616132557977e-04
8.147934286645223522e-04
8.269482902892674346e-04
8.680715952439694476e-04
8.972326106326363382e-04
9.230913464779419474e-04
9.626115861628164625e-04
9.905282950166411759e-04
1.017410055404816861e-03
1.054823488047478388e-03
1.090242602547447431e-03
1.132274776760383182e-03
1.151310507573883105e-03
1.170075869470695333e-03
1.232224694465577138e-03
1.251263581361519110e-03
1.319674594913860860e-03
1.430598074978005514e-03
1.475351566371631415e-03
1.528608975414180726e-03
1.553799302161322244e-03
1.585685072524913464e-03
1.622547466927736501e-03
1.687145921550690280e-03
1.722410492514403349e-03
1.804053200478840466e-03
1.897563461637978609e-03
1.932303867523911881e-03
1.983580191787710691e-03
2.015347138055114014e-03
2.185375428573901012e-03
2.342055500492917948e-03
2.392101052350361669e-03
2.483678796205394165e-03
2.656340607413308109e-03
2.697509910500203723e-03
2.750421851050453056e-03
2.904682324352488021e-03
3.133968410624044312e-03
3.357804232246977983e-03
3.427756471254838223e-03
3.518774776629721591e-03
3.615577266170815884e-03
3.878597125906144139e-03
4.214234816953558484e-03
4.298476399272179414e-03
4.610250015232627424e-03
4.998218473394099547e-03
5.054595236103538031e-03
5.208813983290270892e-03
5.794045806189257117e-03
6.138907031382643750e-03
6.461203529705398033e-03
6.729848238793618639e-03
7.147612062341479437e-03
7.727459119788658917e-03
8.797144897444320044e-03
9.027805626218306234e-03
9.171217200719320242e-03
1.012264664910810137e-02
1.110755857210214172e-02
1.228240869541295452e-02
1.453952456956506684e-02
1.606274516639187924e-02
1.741281279908420132e-02
1.964942651885886321e-02
2.589749744950006760e-02
2.879015327841629238e-02
3.033995675566503875e-02
3.234942969013453185e-02
3.496846027729846873e-02
4.904471921478803509e-02
5.844440411093436427e-02
6.121681135663401691e-02
1.404405772149466269e-01
2.426743820083772929e-01
2.765968584410123943e-01
7.292009187256849323e-01
