3.168558508542204666e-02
2.593616248789741563e-02
1.702201630061416990e-02
8.256319047811424769e-03
5.776540419022309185e-03
4.112128750007252968e-03
3.062251071358207746e-03
2.211828160204473703e-03
2.177352738986452346e-03
2.090649260037437309e-03
1.959119991077395116e-03
1.574038808415569989e-03
1.305226243341869484e-03
1.090506932971557416e-03
1.050042966867087207e-03
8.992374368760178887e-04
7.539079956321071991e-04
6.892207359438937619e-04
6.653052362942006104e-04
5.960359722535268955e-04
5.271123941288234811e-04
3.937148489294697222e-04
3.046053799791784405e-04
2.521121856668447742e-04
1.375128828213514572e-04
8.404014847510293232e-18
7.685828032230417366e-18
6.694576726967877730e-18
6.071364996761427129e-18
5.829611238818944825e-18
5.281521449594631095e-18
4.916486502494316203e-18
4.561897878639672142e-18
4.454949207837700654e-18
4.273176397964660287e-18
4.115019040967615285e-18
4.062862938485845073e-18
3.801981048530119980e-18
3.771008816200360688e-18
3.549056462548250270e-18
3.431612526812871763e-18
3.373412481558225615e-18
3.270885922413825484e-18
3.176996761692386340e-18
3.101394908316482916e-18
2.878814070259752220e-18
2.854056938322586080e-18
2.779840221974737610e-18
2.773628256631650967e-18
2.616408345334956295e-18
2.540790420942902314e-18
2.498828809553845296e-18
2.446788116875862207e-18
2.398628383535399792e-18
2.321057899727170050e-18
2.266385529926165173e-18
2.219158312858728083e-18
2.140925298934400796e-18
2.117030044441622302e-18
1.997644688061046225e-18
1.961513360048933947e-18
1.928865879831708427e-18
1.883957011755859383e-18
1.869238330812079639e-18
1.775095827431347861e-18
1.725918261925063497e-18
1.706414888706445985e-18
1.672029267479039534e-18
1.611696676745577186e-18
1.580058317891080248e-18
1.562129289185240975e-18
1.531436386411156831e-18
1.459345992384776788e-18
1.406958300381099056e-18
1.392211230482198668e-18
1.363989359702374476e-18
1.352111469235241563e-18
1.291915990777262611e-18
1.247023688385945763e-18
1.244364409470364403e-18
1.199278876487146244e-18
1.162343706892098016e-18
1.143220466227764574e-18
1.121054385563943066e-18
1.079672777753157342e-18
1.033864870593983766e-18
1.016408187096666348e-18
1.007121693471437201e-18
9.647395984878065707e-19
9.334264401102984375e-19
8.811615114476631641e-19
8.640993219200194098e-19
8.426132675770413634e-19
8.200797432132626913e-19
8.043693806903336018e-19
7.696428925389243831e-19
7.507147170781179993e-19
7.240589898988310594e-19
6.934027993440785518e-19
6.862865873481094929e-19
6.781719269509819149e-19
6.375253782613051655e-19
6.137474760689820892e-19
6.074443629931348336e-19
5.930040550624098287e-19
5.723914174810942128e-19
5.321893205413696413e-19
5.295987694162422148e-19
5.074127153539100789e-19
4.938159968483552874e-19
4.744145366863013052e-19
4.381081186437005667e-19
4.027391280234119729e-19
3.847312782245978689e-19
3.730304406315806056e-19
3.548332843693686988e-19
3.443592532181134600e-19
3.240105348814141732e-19
2.930729274016748642e-19
2.919660632261943435e-19
2.770027087453795863e-19
2.723980137889175493e-19
2.469231515414446526e-19
2.343186744309809162e-19
1.948819259583877324e-19
1.886823460431167278e-19
1.764958251733389540e-19
1.704969296550988257e-19
1.499575794704202116e-19
1.385129239991776846e-19
1.177218663036396721e-19
1.111482873902986259e-19
1.027026143878679051e-19
8.386517717705422481e-20
7.689636429788110737e-20
5.358885455984527127e-20
4.600175916305253641e-20
2.224218867264030883e-20
1.659204648664973637e-20
1.001907112110885540e-20
2.396777770784153236e-21
-1.625289208738028649e-20
-2.604357733644255270e-20
-4.040732532208856538e-20
-4.638145594534072616e-20
-5.273982169212925494e-20
-5.705479402666927019e-20
-6.563885062107494378e-20
-8.241298109014924186e-20
-1.013374373838896200e-19
-1.094679683724243365e-19
-1.272687426558298268e-19
-1.475860809826382737e-19
-1.599305189918420377e-19
-1.743602905480805378e-19
-1.829703812439473602e-19
-1.867696214316342680e-19
-2.028218765909839822e-19
-2.211964970048083876e-19
-2.341574591164204043e-19
-2.435225649023758888e-19
-2.590566286976851252e-19
-2.851163905156237365e-19
-3.024604560298695448e-19
-3.268227012570411069e-19
-3.355189913233270731e-19
-3.508413713592435245e-19
-3.607775088108159976e-19
-3.903561763790648007e-19
-4.028982752394482548e-19
-4.341220202628850828e-19
-4.521580541173920839e-19
-4.850386731071593166e-19
-5.066369079170348900e-19
-5.161432100824876125e-19
-5.256269169970521555e-19
-5.705780578469779954e-19
-5.803018345247648678e-19
-6.123881365295682802e-19
-6.370829071072572060e-19
-6.726266709814502044e-19
-6.865509946670223800e-19
-7.092627768298800090e-19
-7.291342267561431039e-19
-7.703244136798042298e-19
-7.911695460313751706e-19
-8.193954297945675519e-19
-8.414142108448633376e-19
-8.548824107434690452e-19
-8.708624663421202433e-19
-8.896332928775424681e-19
-9.747261308485957401e-19
-9.904676397499799001e-19
-9.979016187096865801e-19
-1.042915764084450550e-18
-1.067016967168585346e-18
-1.108923482383765717e-18
-1.127768357316213626e-18
-1.169709681831754956e-18
-1.181392538533384185e-18
-1.227118708912369742e-18
-1.261373959379903073e-18
-1.333587807041595270e-18
-1.350265512184766093e-18
-1.368008734426918071e-18
-1.389427184098858578e-18
-1.418025908166390814e-18
-1.484688273918626686e-18
-1.511303087482745840e-18
-1.569318634802525198e-18
-1.607599840839672613e-18
-1.646527568566200913e-18
-1.702473221119838230e-18
-1.749909723962383264e-18
-1.819081977696670574e-18
-1.870857288283990452e-18
-1.904113909558272655e-18
-1.935499938684799127e-18
-1.964606108651110251e-18
-2.051618064379705382e-18
-2.110707975884621707e-18
-2.136753481242110676e-18
-2.163243954385709232e-18
-2.233544007655423417e-18
-2.263751547198728199e-18
-2.327626505487527931e-18
-2.343378630385950549e-18
-2.404578599880088160e-18
-2.491854196104092924e-18
-2.535279206492280768e-18
-2.595525841106633636e-18
-2.667240130619251332e-18
-2.713681452576887734e-18
-2.777373870491758720e-18
-2.853094860154112945e-18
-2.890635895485425279e-18
-3.009794640154376680e-18
-3.070632484578668693e-18
-3.159446958253588450e-18
-3.232839951568623867e-18
-3.349667542857382838e-18
-3.406151235357761629e-18
-3.577267536734802478e-18
-3.714530971610182580e-18
-3.800326722884421850e-18
-3.963296023857601977e-18
-4.024315860431993176e-18
-4.220803343645102072e-18
-4.520959889415293856e-18
-4.594876708041578810e-18
-4.872224565141917718e-18
-5.207383685951050708e-18
-5.605812835306867660e-18
-5.917430700519215685e-18
-6.061976396810354239e-18
-8.303364209994248255e-18
