1.584947591686573787e-02
1.414868143486132032e-02
1.163638240619589877e-02
4.506809873623377274e-03
2.824286589407619136e-03
2.486687998876589527e-03
2.004546242035096237e-03
1.343442788475404572e-03
1.210917945806931628e-03
1.129485938776425254e-03
9.793902453935374262e-04
8.957383834358600841e-04
6.824423189966989656e-04
6.087273015998766797e-04
5.580189643029159156e-04
4.797366475348541627e-04
4.347757764003312166e-04
3.947969078282098968e-04
3.417209089885827017e-04
3.314866605552627544e-04
2.753860465212129029e-04
2.584021921193819507e-04
2.055626202166403694e-04
1.426371707598188927e-04
7.166444768688200173e-05
5.462755389261802390e-18
4.419867297400823775e-18
3.829687998890965769e-18
3.485169404012086844e-18
3.122876760409306171e-18
3.088439790088293344e-18
2.884041644935351045e-18
2.813443712532225670e-18
2.731001039442456930e-18
2.616290247505408269e-18
2.498285272847219016e-18
2.434927109307082247e-18
2.348556859548906189e-18
2.223297014425634238e-18
2.127662348546586392e-18
2.051600986535208829e-18
2.003979591153583143e-18
1.959001861879887854e-18
1.951289986632345243e-18
1.867768077465624757e-18
1.824115570931495958e-18
1.777191746439901405e-18
1.725223665318086040e-18
1.678177545024312684e-18
1.667553710122201993e-18
1.587338669673719843e-18
1.562816917318714548e-18
1.498992174947907335e-18
1.469026075988951144e-18
1.425551300576115438e-18
1.390711138380431611e-18
1.328026166741587700e-18
1.316696207903248988e-18
1.284919151705491092e-18
1.249342410356953663e-18
1.219811049188211370e-18
1.165805839186004382e-18
1.131193166823027521e-18
1.097697199434618730e-18
1.085547688481722996e-18
1.064063441694473601e-18
1.005874153149939701e-18
9.845546370770218736e-19
9.757684283374049885e-19
9.469414359039766901e-19
9.319999700281088332e-19
9.084097042324193691e-19
9.033991231862053888e-19
8.760894008161888851e-19
8.674769684558683509e-19
8.485037811568364944e-19
8.353861693275940187e-19
7.970397174658832147e-19
7.586222754649173504e-19
7.445839100919163881e-19
7.240914348274216865e-19
7.081323948711699855e-19
6.889575789459765422e-19
6.763135999457387537e-19
6.647258597008839869e-19
6.437677141363457536e-19
6.336926902809142391e-19
6.210614081986135739e-19
5.968038165008858841e-19
5.850112138662470981e-19
5.552176920085840628e-19
5.424730155684474818e-19
5.186531991723170346e-19
5.105577492480863485e-19
4.911946053708145002e-19
4.718589463493754653e-19
4.569478028085279384e-19
4.418670493177200374e-19
4.351941422757447912e-19
4.217554997785704429e-19
4.078342216857544878e-19
3.939028309809707307e-19
3.698001828808732174e-19
3.616002247013181000e-19
3.495171075636791613e-19
3.282902793263583926e-19
3.253736722092248622e-19
3.002291797381661069e-19
2.858687533056455480e-19
2.751332562629400384e-19
2.599532565619090160e-19
2.523632485443109679e-19
2.375863128590722857e-19
2.290824915661564442e-19
2.193455548034268782e-19
2.079636031308541699e-19
2.050243188724781844e-19
1.893173701604611172e-19
1.664552824823300706e-19
1.554015100259186883e-19
1.491564979468060942e-19
1.361666739865298550e-19
1.316559923311373606e-19
1.220007299954935982e-19
1.140180629292856901e-19
1.129380074986364316e-19
1.019690311755571781e-19
9.548169484710790954e-20
9.078945756547284401e-20
8.100820842674702422e-20
6.064276266904821923e-20
5.222760350478790285e-20
4.670216237290569813e-20
4.308100256565030687e-20
3.788221313018911072e-20
3.106210325078333165e-20
2.060953888735678772e-20
1.327367553879248938e-20
9.367453593393597602e-21
5.202927980462591929e-21
1.051649197328736935e-21
-5.079713637947568307e-21
-1.283643442000540236e-20
-2.236187485907154812e-20
-2.717645866191230664e-20
-4.317919427068929664e-20
-5.264678587307426527e-20
-5.450313507827548889e-20
-6.106232868447718856e-20
-6.504806388900689242e-20
-7.558468304929613112e-20
-9.072664473063317362e-20
-1.014374054854337087e-19
-1.037349448291951233e-19
-1.160275818470857630e-19
-1.291185837482270287e-19
-1.401589476686596397e-19
-1.519378633324600415e-19
-1.706992709965945313e-19
-1.716209491784976925e-19
-1.804479243983032903e-19
-1.964681108226763440e-19
-2.011318282033221754e-19
-2.132596719376190105e-19
-2.181661070175781422e-19
-2.314223540182827950e-19
-2.483204451673469524e-19
-2.537555670219313396e-19
-2.666887843805802811e-19
-2.726571490111151834e-19
-2.801840230608143887e-19
-2.995040493958020841e-19
-3.055501053532935562e-19
-3.191480677733715289e-19
-3.272050510811787542e-19
-3.610586285559352874e-19
-3.890869896295941961e-19
-3.919462203671710949e-19
-4.129071342396136852e-19
-4.255445323636816466e-19
-4.385542964027296849e-19
-4.573292965576349481e-19
-4.598333963662228257e-19
-4.787604287880277425e-19
-4.861353102962836038e-19
-4.970575084459085470e-19
-5.164825817386124007e-19
-5.373433743752259508e-19
-5.531507549714639589e-19
-5.916969101273043285e-19
-5.989348030357692657e-19
-6.138481668380720001e-19
-6.160398256944210105e-19
-6.410676971853793772e-19
-6.477495474571169339e-19
-6.693455141111865384e-19
-7.173696982796292318e-19
-7.205297847973381925e-19
-7.296396404340636722e-19
-7.434956612191824489e-19
-7.575785548635276158e-19
-7.821289663569141061e-19
-7.955816086721059882e-19
-8.544546324656292514e-19
-8.807045027751912676e-19
-8.952165038901443875e-19
-9.251925221329326154e-19
-9.381367484653219624e-19
-9.583060038284106276e-19
-9.909129961425888782e-19
-1.009284810291458994e-18
-1.043296892130846267e-18
-1.050503084091422518e-18
-1.071195235859740436e-18
-1.099002261247220320e-18
-1.116178735544950187e-18
-1.144258291579255666e-18
-1.169248123929251620e-18
-1.205537611476009174e-18
-1.232846445109817459e-18
-1.256452851748646938e-18
-1.278178663458082607e-18
-1.311695379175106877e-18
-1.322649911210994609e-18
-1.378607012806780255e-18
-1.433333619914491141e-18
-1.460193087539136306e-18
-1.514735444560705361e-18
-1.527685295416978198e-18
-1.589882024306956366e-18
-1.634250656062186304e-18
-1.651184762117536803e-18
-1.708802662526905569e-18
-1.771168927946375889e-18
-1.787544521294823433e-18
-1.865445660566524589e-18
-1.914365319554007006e-18
-1.991616049772856556e-18
-2.033759575212391523e-18
-2.114717433032926310e-18
-2.149941242044612316e-18
-2.233184850087884371e-18
-2.261977251725096584e-18
-2.359044733406437236e-18
-2.491093812501314462e-18
-2.572007038101904607e-18
-2.654481396221908006e-18
-2.773579420003767646e-18
-2.845118778683270707e-18
-2.944853014236154301e-18
-3.199252228420014100e-18
-3.318072592453135333e-18
-3.573313389184254779e-18
-3.746913885598414476e-18
-4.139505756881062742e-18
-5.675398298288269439e-18
