-1.158656780527357622e-15
-3.926507407447047565e-16
-2.878764147706272637e-16
-2.313067007188930433e-16
-2.046584451754847614e-16
-1.885420773460736377e-16
-1.873210188722320437e-16
-1.689072296467854078e-16
-1.556960103478094626e-16
-1.490078826874313209e-16
-1.416657810643814854e-16
-1.291598417789623885e-16
-1.247931262692095831e-16
-1.138455255800541402e-16
-1.120071242680549848e-16
-1.049451553157701923e-16
-9.883940499948417460e-17
-9.766205434747046103e-17
-9.433660365460045312e-17
-9.054794007797537603e-17
-8.831441827697370093e-17
-8.364566720703571340e-17
-7.971898773114480097e-17
-7.807011662402333173e-17
-7.532417292168782527e-17
-7.351915708310701745e-17
-7.163041604166386021e-17
-6.733992192837736344e-17
-6.404461174976382912e-17
-6.181401687412582294e-17
-6.094062217021717589e-17
-5.940131388040111018e-17
-5.818958691776460852e-17
-5.617286167646514359e-17
-5.500012541568093165e-17
-5.353135600683371864e-17
-5.030099861420547542e-17
-4.897210959977837746e-17
-4.686113363567947737e-17
-4.529458921109120034e-17
-4.437636434343363931e-17
-4.301054359199979721e-17
-4.015099504344241223e-17
-3.954883340698484216e-17
-3.803325612557533393e-17
-3.674907395345456728e-17
-3.640064795921757519e-17
-3.459666190868442317e-17
-3.417876367720614268e-17
-3.191233207587533415e-17
-3.175529995062398111e-17
-3.039483026736730641e-17
-3.011968185623747824e-17
-2.926008290954081564e-17
-2.869139522451696176e-17
-2.730764193949972623e-17
-2.604822990123829144e-17
-2.463259362502664064e-17
-2.388230478123180290e-17
-2.273940139154657630e-17
-2.243633872753247772e-17
-2.187319142142707067e-17
-2.128156856229806211e-17
-1.986247434787154074e-17
-1.904096290300268941e-17
-1.851689220879327436e-17
-1.825481900223645850e-17
-1.775174958997628287e-17
-1.688047325801114750e-17
-1.638027271107200042e-17
-1.491191999628610857e-17
-1.468311872626831353e-17
-1.446074102313351749e-17
-1.428747371188497026e-17
-1.281142575337131611e-17
-1.205360933422782444e-17
-1.171159643270874068e-17
-1.092076048148756513e-17
-9.842139343877331128e-18
-9.619865719445693147e-18
-9.167197252387928401e-18
-8.849078830556478201e-18
-8.208263484180479017e-18
-7.316988257668133605e-18
-7.276241696177244438e-18
-6.878172562557743358e-18
-5.883587847012728459e-18
-5.599934220804743607e-18
-5.198384793866366450e-18
-4.568025770749970785e-18
-4.265070066135019642e-18
-3.855174780406184937e-18
-3.490022122427681839e-18
-3.207806483607811945e-18
-2.846324410801224468e-18
-2.580912503333585918e-18
-2.134534372228239043e-18
-1.776893051562969496e-18
-1.618135410567392770e-18
-1.380201149904724937e-18
-8.750753238768598041e-19
-8.321007008573057507e-19
-6.504761425058239394e-19
-5.608073481511789817e-19
-3.300331494617119123e-19
-1.768961910791797518e-19
-1.286289832782937718e-19
-8.868228288296006023e-20
-5.244106207405379390e-20
-4.259456790800672803e-20
-2.528963605561639351e-20
-2.091247818325949412e-20
-1.013676272438774812e-20
-8.537046301888838002e-21
-6.074375918594413838e-21
1.768875333704848184e-20
3.837559360136124386e-20
4.927662567070128729e-20
5.561361329217559263e-20
6.518986114878856974e-20
1.260177157131237630e-19
1.647835764556034492e-19
2.522399706889703502e-19
2.778047440262739688e-19
4.569135032942463619e-19
5.164170158560279128e-19
6.388284549958537622e-19
8.839710377140874687e-19
1.071529656176490581e-18
1.078504643547849305e-18
1.385045083169922181e-18
1.585515001066404122e-18
1.760986408992413549e-18
2.137843655093558240e-18
2.525914526490134498e-18
3.256576563447069166e-18
3.763255255857826593e-18
3.990883663594337031e-18
4.131566526946240344e-18
4.574885367986773322e-18
4.752198878835791854e-18
5.423761754625100128e-18
6.042797226106861606e-18
6.505175737576440451e-18
7.417991976622491669e-18
7.890507557482773369e-18
8.436379048152675442e-18
8.699596474803553585e-18
9.221225231089717863e-18
1.017103747929234599e-17
1.068870016315046135e-17
1.090757944878723518e-17
1.118011515200743970e-17
1.188354430139614028e-17
1.279467294911839869e-17
1.318873913593139823e-17
1.327190768791160536e-17
1.442905913075028973e-17
1.506306899436929816e-17
1.552558294759512945e-17
1.630228781899337506e-17
1.674650712921176536e-17
1.779088854443649479e-17
1.825839696694060031e-17
1.880161820157317190e-17
1.895073029324622214e-17
2.118138818533351438e-17
2.138356768404195837e-17
2.191842338548026631e-17
2.257071031399229457e-17
2.388642926176328836e-17
2.406348255233311714e-17
2.500442913681817005e-17
2.553140424908637834e-17
2.668276495110118839e-17
2.721243557938807312e-17
2.803036037823145836e-17
2.927845809452335587e-17
2.994126517204274844e-17
3.153632050389217567e-17
3.229963349272267353e-17
3.396446106535639913e-17
3.559886973722500458e-17
3.589954798516876823e-17
3.658378343954795465e-17
3.936156075346722747e-17
4.073158437262998712e-17
4.174383764511286236e-17
4.206084083717641944e-17
4.343059622669820263e-17
4.510004587252987788e-17
4.578639990320691027e-17
4.661778201397949158e-17
4.909934614593720387e-17
5.243957198872622319e-17
5.374197914474396347e-17
5.459201760568438914e-17
5.571686966850232405e-17
5.694778512552586244e-17
6.029178822837629017e-17
6.117081653477069305e-17
6.300466433539591522e-17
6.663067804959324082e-17
7.057062357717143929e-17
7.332174309467967057e-17
7.488412273072815095e-17
7.664307716636310027e-17
7.826034144042818886e-17
8.215714836853362192e-17
8.288888203809267174e-17
8.683149568825560033e-17
9.168650059840640766e-17
9.436228645212572669e-17
9.859603882976509167e-17
1.061648753122144134e-16
1.083449256297400946e-16
1.130152483943217013e-16
1.210141156537900868e-16
1.213305662641649225e-16
1.380915394488139225e-16
1.497207469640876485e-16
1.537565976088557338e-16
1.636004347562216982e-16
1.708379079980591292e-16
2.170379186996223590e-16
2.373468893342592482e-16
2.847798447999208567e-16
3.725664075999639248e-16
4.206829337633925198e-16
5.934258892919178711e-16
9.392317086703893086e-16
1.202431502233205525e-04
8.186437426711615228e-04
1.225918067299096737e-03
2.430837371023769362e-03
2.684224076844758666e-03
2.984912279989634931e-03
3.463215201685919224e-03
4.496969116639532200e-03
6.125097611112887211e-03
6.170955608447197677e-03
8.562364057365171033e-03
1.108959543549868643e-02
1.152873135248848324e-02
1.958710434747927553e-02
2.488163538435078301e-02
4.030733601617068201e-02
5.143343856947453496e-02
5.892177659112857874e-02
1.000441596883851758e-01
1.085672360947725207e-01
1.638575928174074159e-01
3.433911823227485671e-01
1.761275752770967040e+00
4.347237672036310840e+00
1.043419554620265899e+01
