-5.314285542649103793e-03
-2.286601228035862413e-03
-1.048222195756099394e-03
-9.523083890343039207e-04
-6.143822634548798877e-04
-4.272374665662934828e-04
-2.769011257179760928e-04
-2.041704395234039378e-04
-1.634510991650931064e-04
-1.443976015713994857e-04
-1.304148712188212900e-04
-1.024907397979748499e-04
-8.083648345722994801e-05
-6.062210517943550413e-05
-4.159886442454600555e-05
-3.356565060779745569e-05
-2.942635890182316007e-05
-2.372047422117180509e-05
-2.187241269538288938e-05
-1.717407706514607904e-05
-1.421192731868228465e-05
-1.248046586038464403e-05
-1.040432811725754025e-05
-9.772405275661966831e-06
-7.959393525813487577e-06
-6.742831694316180497e-06
-5.926451898411090212e-06
-5.803568190729865235e-06
-4.240698340744929289e-06
-3.786733596673577536e-06
-1.847550944375714838e-06
-1.582731716444962676e-06
-1.096790767800820199e-06
-3.665437744747869318e-07
-1.968636574736043194e-07
1.432531686132908019e-18
3.537645889249379516e-18
2.902369230491857330e-08
6.795274173317595629e-07
7.844762238513219031e-07
2.422753476557539237e-06
2.842326626539962439e-06
4.118095888950209100e-06
5.395652241767461548e-06
6.642580408820668006e-06
8.363549134358576350e-06
1.013986158316760938e-05
1.270814031174577242e-05
1.385782106013462346e-05
1.498352568691388755e-05
1.743560878131100844e-05
2.020951816117329990e-05
2.107540961202157518e-05
2.165150311984758195e-05
2.574063064316039836e-05
2.771082142452485262e-05
2.972843230792254025e-05
3.291442147189573816e-05
3.454377775774905075e-05
3.827726310125504261e-05
3.980492156643240559e-05
4.192630775735739078e-05
4.623206250560914178e-05
4.756279245691980354e-05
4.968917726892741333e-05
5.240144804853855972e-05
5.422797579792617298e-05
5.949572124756303545e-05
6.163734955566401591e-05
6.529695729049682460e-05
6.673589900067853752e-05
7.079421592957830861e-05
7.268260337360358256e-05
7.618606873776758565e-05
7.780352106959806011e-05
8.416997696240190077e-05
8.533151947255365017e-05
8.794542741145231260e-05
9.243045621819377807e-05
9.778313630136056085e-05
1.021112060200288620e-04
1.050688902167336259e-04
1.073241066226928976e-04
1.093746140048866208e-04
1.144682911915846955e-04
1.187085672851404824e-04
1.223266037392455757e-04
1.298246628658119997e-04
1.336058733176112264e-04
1.360131564759984322e-04
1.465246940127750731e-04
1.493659003743979673e-04
1.504202494916685490e-04
1.559635685449169400e-04
1.632409138233897774e-04
1.644708332847596641e-04
1.680875193784475902e-04
1.730922453476114650e-04
1.803006745838735346e-04
1.898301999915053071e-04
1.923061326963280179e-04
2.018345899853306563e-04
2.062251370692135487e-04
2.193780031684947084e-04
2.234016941148531576e-04
2.276934221248169839e-04
2.382370711870641401e-04
2.425058804466432010e-04
2.466749281171050378e-04
2.601536184228815901e-04
2.804052333832509941e-04
2.814075171018307129e-04
2.839432944030376898e-04
2.909047866611162714e-04
3.078593978240463372e-04
3.143684582272944159e-04
3.202739791333755488e-04
3.311801831014921224e-04
3.383468609017286515e-04
3.516493870459503506e-04
3.683151013126257419e-04
3.839047512902923637e-04
3.914930628088143837e-04
3.935983103918845529e-04
4.073100205354890282e-04
4.313836666760390536e-04
4.376578843454006617e-04
4.430824528380962013e-04
4.668907697499809564e-04
4.763319050403703146e-04
4.823432042918940430e-04
4.974946083604379985e-04
5.177327718975971872e-04
5.403452455743634883e-04
5.470075745923107594e-04
5.776203373990478713e-04
5.844449271171539258e-04
6.313022529172684352e-04
6.526797566630097858e-04
6.657903340864697317e-04
6.760362189909764792e-04
6.945854599058587896e-04
7.001603574434846601e-04
7.259926531032480888e-04
7.805397444918375522e-04
7.816995289115668448e-04
7.907409940681899138e-04
8.120022656447977534e-04
8.698605483247292321e-04
8.795059412453678236e-04
9.138422947040084803e-04
9.427122895379197454e-04
9.640016130809779408e-04
9.688893401777004749e-04
1.024265340543608184e-03
1.038524356726407832e-03
1.088521008343423455e-03
1.113462428733314651e-03
1.130426520402070308e-03
1.198559175215538125e-03
1.240927979976363688e-03
1.292476368332662415e-03
1.310389770807548126e-03
1.369964870627427998e-03
1.412262398986337958e-03
1.469694765832892016e-03
1.538618066141671627e-03
1.579788578706921949e-03
1.634724822058593666e-03
1.648031008062125291e-03
1.689048935863234416e-03
1.751192020200817738e-03
1.822439528143483074e-03
1.900217568208784329e-03
1.935002687065847044e-03
1.987790148633299375e-03
2.095403057101389611e-03
2.100438000377504930e-03
2.155801301246701353e-03
2.237859702271458896e-03
2.308498613277459172e-03
2.377470198702466824e-03
2.440063729669276083e-03
2.564113809891801002e-03
2.656890514460764213e-03
2.676980822135296718e-03
2.946716300686132509e-03
3.001591158810369003e-03
3.085014811577291120e-03
3.115316800218751424e-03
3.177830462428533377e-03
3.321871619175363870e-03
3.548966580255849199e-03
3.724601341898108910e-03
3.805144119576439783e-03
3.911454185279633622e-03
4.042057519720923357e-03
4.067068042581934578e-03
4.269005942517429750e-03
4.429797033507767816e-03
4.530278457464299510e-03
4.642882535696342405e-03
5.052595216408948924e-03
5.244344090034230681e-03
5.346499201970634010e-03
5.547306453463021585e-03
5.614347143829970938e-03
5.901832493739701119e-03
6.142527933617241732e-03
6.375166604233521543e-03
6.629899865066013476e-03
7.059143177083191355e-03
7.506784400037507313e-03
7.721841271276309697e-03
7.814565013237330382e-03
8.073321163511221546e-03
8.839273840250667577e-03
9.104836534981687254e-03
9.666586454536715139e-03
9.994281823168901790e-03
1.025835352112261858e-02
1.100067492863883445e-02
1.115739049394970026e-02
1.210367213356028371e-02
1.244359354669356821e-02
1.390305893641694511e-02
1.489419184170273809e-02
1.593704173285561548e-02
1.683122085535826429e-02
1.766607518005668120e-02
1.941827263378644725e-02
2.060888890051649006e-02
2.151157419342012225e-02
2.277873821974352175e-02
2.361841434450262858e-02
2.617490361028591145e-02
2.784276193392099669e-02
2.963192775451938335e-02
3.065392884235736831e-02
3.507960388520049710e-02
3.865428790525236857e-02
4.295140580298832667e-02
5.022700861475370981e-02
5.442563452419784537e-02
6.300036621268019499e-02
6.386885859864015191e-02
7.763179507943721025e-02
8.546760126194141716e-02
9.739915083858240175e-02
1.074537116297435285e-01
1.577645810306605167e-01
1.660995548604410343e-01
1.871273662309469177e-01
3.585117287387498131e-01
4.527678060106227753e-01
6.264338535791660334e-01
