1.600521662390707971e-03
1.115762222611537888e-03
6.144932637799247963e-04
3.338616897315613286e-04
2.443973434023723320e-04
1.773476373614918530e-04
1.370298763977905127e-04
1.155786837026574201e-04
8.864376797233027190e-05
7.845403760384560634e-05
7.096697600046483919e-05
6.640148459891033310e-05
4.637460124269124058e-05
4.146020508285894510e-05
3.896088006537613764e-05
2.949007219057663045e-05
2.885877441032454646e-05
2.803229833271073050e-05
2.442549306588794454e-05
2.017176793530177156e-05
1.896068237696642988e-05
1.217707928274410052e-05
1.126313876684914207e-05
7.303214224683186862e-06
5.756701018056397537e-06
5.690864795462938509e-19
4.962134945724777575e-19
4.379081991797490359e-19
3.978314476828400939e-19
3.690662803214006175e-19
3.438505775256012358e-19
3.355014192130422913e-19
3.086146243734617421e-19
2.958398611410084401e-19
2.821303401644880777e-19
2.654973233557846099e-19
2.612285912028872160e-19
2.506813365182917562e-19
2.480504747180818841e-19
2.447768809016832337e-19
2.384678334841368702e-19
2.317579206033231894e-19
2.181365125018559881e-19
2.139211897219452158e-19
1.971036026633016661e-19
1.924876487202604465e-19
1.867716913760874069e-19
1.814069402971985382e-19
1.761535097251067287e-19
1.684177831751647878e-19
1.634329401572538224e-19
1.611012180401454461e-19
1.539359600373935892e-19
1.495691273698031449e-19
1.488421584526582554e-19
1.454765526168351824e-19
1.383955520208614313e-19
1.341209635469208236e-19
1.327769036356879594e-19
1.289015482301839849e-19
1.273860686019042781e-19
1.208636147974324467e-19
1.166539449577369960e-19
1.162403295872978542e-19
1.137030141308319311e-19
1.093727209658457662e-19
1.082204968462316611e-19
1.045514582062186773e-19
1.039233635415050963e-19
1.015101824576580864e-19
9.810622892367086482e-20
9.478473704456470117e-20
9.075258460180288923e-20
8.763396604401726962e-20
8.637328071921905088e-20
8.404564023527162842e-20
8.328558133795962462e-20
8.084440723063962667e-20
7.765704671151392609e-20
7.593171158502930742e-20
7.403785778362902312e-20
7.184965897445326541e-20
7.104723063244781942e-20
6.808024028450592087e-20
6.735597161186576179e-20
6.636311573300325584e-20
6.198908644927478382e-20
6.084605012409829771e-20
6.023246309064874582e-20
5.742602784985431128e-20
5.586950786451162614e-20
5.485204142668418146e-20
5.220842408446905095e-20
5.139653262357178516e-20
4.919607470027327259e-20
4.746566647057756331e-20
4.702851357335754971e-20
4.511808791867611593e-20
4.240343062839797189e-20
4.143847760917027720e-20
3.915916874682074002e-20
3.656111062907465467e-20
3.596144224525901079e-20
3.549620989490494550e-20
3.524827200550233356e-20
3.172842163042526819e-20
3.122527834058371859e-20
3.051136311107973225e-20
2.918971255976273001e-20
2.817869138792446352e-20
2.626111361827953908e-20
2.535970879977129434e-20
2.507789814283550031e-20
2.269084629429944151e-20
2.166518353803594511e-20
2.051518455370803262e-20
1.941295845205768539e-20
1.852964019500409280e-20
1.758008495342820121e-20
1.660879661870921693e-20
1.503596083926337082e-20
1.356626620380773001e-20
1.335037557346796349e-20
1.194629245833869112e-20
1.120071579120363049e-20
1.100429496572651271e-20
9.880002578621166606e-21
8.968443925627756589e-21
8.373382279472899109e-21
7.529782515745773308e-21
6.677480669876361151e-21
6.006375262648411733e-21
4.867846318452748325e-21
4.070550030441465138e-21
3.225455450542386312e-21
2.719356440730011833e-21
2.418061031298877748e-21
1.645649500212826420e-21
1.177940489375709630e-21
6.324528021627644148e-22
2.579094849604313002e-22
-6.674318616538469668e-22
-1.141262438290870670e-21
-1.469150207590831272e-21
-1.755438300674788763e-21
-2.372218860364561282e-21
-2.935541919897392435e-21
-3.115907125756435816e-21
-4.711746608198051304e-21
-5.561568152793714579e-21
-5.919768243993411335e-21
-7.031972677619204843e-21
-7.833455437088342762e-21
-8.748243919244609716e-21
-9.453587275743715653e-21
-1.068154724031207003e-20
-1.083539831562631953e-20
-1.233712081723180081e-20
-1.330515762621749220e-20
-1.488106351392939557e-20
-1.621236089922726356e-20
-1.649725617836588054e-20
-1.808727713576647103e-20
-1.913740377925015039e-20
-1.967412884613304581e-20
-2.034158755079196256e-20
-2.145327751676505576e-20
-2.218158481954760966e-20
-2.317399402374718135e-20
-2.479626608452281744e-20
-2.659986368289196676e-20
-2.701090023466985712e-20
-2.777018289143306725e-20
-2.924185665638835011e-20
-3.049709945554490263e-20
-3.077751536027025045e-20
-3.440972563639036820e-20
-3.465088909409753978e-20
-3.530207142846243453e-20
-3.683339326344809716e-20
-3.759349397969541701e-20
-4.097419969581292807e-20
-4.120697306526276763e-20
-4.307015654908082377e-20
-4.343947217036730315e-20
-4.531440380441111397e-20
-4.561574449649670980e-20
-4.878288784845397798e-20
-4.970703582594758590e-20
-5.104013833664268052e-20
-5.250546967412518229e-20
-5.478275684034770919e-20
-5.569685628586254793e-20
-5.744004544381731337e-20
-5.965829367296774873e-20
-6.155578745457828351e-20
-6.295062308412205292e-20
-6.524560002543205908e-20
-6.709407828203821195e-20
-7.162133595712322969e-20
-7.215216605400935420e-20
-7.232515510996197288e-20
-7.375048373222864200e-20
-7.517948323057904171e-20
-7.825709024369748073e-20
-7.892826858890199432e-20
-8.151634203333327270e-20
-8.401021876960575285e-20
-8.731944110506185409e-20
-8.990868823923115424e-20
-9.426489005077730667e-20
-9.605953391931976808e-20
-9.853857947846970592e-20
-9.972173399774440660e-20
-1.064862228518864572e-19
-1.078661628638095789e-19
-1.115228879619406775e-19
-1.142940336874466015e-19
-1.162115694647161374e-19
-1.212594025348481907e-19
-1.249224615715396884e-19
-1.284949904897669044e-19
-1.333474175487552347e-19
-1.357427958830138699e-19
-1.367102390212412788e-19
-1.458560422117811785e-19
-1.490635100097802356e-19
-1.569770737655431303e-19
-1.602106118191678590e-19
-1.664074841645833349e-19
-1.716723058422519864e-19
-1.735944385727035983e-19
-1.801683321824505210e-19
-1.892904079507648665e-19
-1.925498188290102503e-19
-1.998840322488308549e-19
-2.042023615582173028e-19
-2.079006858069847466e-19
-2.159886628445177143e-19
-2.219447563885405090e-19
-2.299163161813426311e-19
-2.334714190813000093e-19
-2.417973138945926897e-19
-2.569779022059414131e-19
-2.690484533068864942e-19
-2.726458702156899493e-19
-2.853953839757122307e-19
-2.973799368484108817e-19
-2.997011069452668547e-19
-3.285408859649522291e-19
-3.444507320270522718e-19
-3.717333028544514142e-19
-3.996594881161278190e-19
-4.321235014320891343e-19
-4.455462723245612132e-19
-6.268125890472917775e-19
