3.289225325082624496e-02
2.618592918638253803e-02
1.709542669202575652e-02
8.409262510267172946e-03
5.940874654842054348e-03
4.159141866807094731e-03
3.074404643002409763e-03
2.261184538773653580e-03
2.223252926433337377e-03
2.154594570417410915e-03
1.960353500719519415e-03
1.617292170681193780e-03
1.312301784773901338e-03
1.112617072811368469e-03
1.070052030560337403e-03
9.161081785679442901e-04
7.581888190865583707e-04
7.023435996083932315e-04
6.723983113519413487e-04
6.142708553185342998e-04
5.313196562036316207e-04
3.949733311474127283e-04
3.079936390977043950e-04
2.555811952614400512e-04
1.402040096096811078e-04
9.907941536896907354e-18
7.762492002090993853e-18
6.210743201430032516e-18
5.819225454978091595e-18
5.606413352322509917e-18
5.048320945149787212e-18
4.754911809106122914e-18
4.704999339381423396e-18
4.601049287359340678e-18
4.311169206437227861e-18
4.290546106664518718e-18
4.077328538779957416e-18
3.680231982782731383e-18
3.621833097093703881e-18
3.509524551337204246e-18
3.463084582047876949e-18
3.325025057054793444e-18
3.284775545986707389e-18
3.189876492819161134e-18
3.126344507209577304e-18
3.015583710799272740e-18
2.974048123649656877e-18
2.804137129364523709e-18
2.750359228919395097e-18
2.723879880696587048e-18
2.641709917216344673e-18
2.556115368516976053e-18
2.512103226425265724e-18
2.491070573654942714e-18
2.439804550167524940e-18
2.390401260654706072e-18
2.214140260827902882e-18
2.169520657722430710e-18
2.099389974460459140e-18
2.074534452211454752e-18
2.021403268627975986e-18
1.982701883191325856e-18
1.959988371852165019e-18
1.884634271700985923e-18
1.828284849036498358e-18
1.796818684965123333e-18
1.739250893013547449e-18
1.700573589981667466e-18
1.673106090807598551e-18
1.631187361696622572e-18
1.591245538916621959e-18
1.578661964883368378e-18
1.520182996770774606e-18
1.470667653721978179e-18
1.461368082452673582e-18
1.404259901801512329e-18
1.365030717169094853e-18
1.328105968836366026e-18
1.301503474209250611e-18
1.245080343781944956e-18
1.221216653918706778e-18
1.209781861479178207e-18
1.191204934707991361e-18
1.119442041626992520e-18
1.096231635078019847e-18
1.059702518016437498e-18
1.038426588930119636e-18
9.948556887658022058e-19
9.696864838831138875e-19
9.556650809208118106e-19
9.372619714973610630e-19
9.099065179246971813e-19
8.932098648905795452e-19
8.623877966597129951e-19
8.085860439718533219e-19
7.930895835531312333e-19
7.807616243153465152e-19
7.581177915108993291e-19
7.474124026881058381e-19
7.020432589711261976e-19
6.714615013198918562e-19
6.493919983234922770e-19
6.155481601013624744e-19
6.036031352243460011e-19
5.943916840048343794e-19
5.665539117609157922e-19
5.443360769332713347e-19
5.281537201743793861e-19
5.078699360525766430e-19
4.958810888752273249e-19
4.598599161256835465e-19
4.483239971468919314e-19
4.107526725579903028e-19
4.056596341579740759e-19
3.749980793102546770e-19
3.495875671778003453e-19
3.335865186709627482e-19
3.280106785112535310e-19
3.123978191218409849e-19
2.941606410988860129e-19
2.666221358394836918e-19
2.461109038153985473e-19
2.369532582698917310e-19
2.200703211473421907e-19
2.095205083705807289e-19
1.744544955414389157e-19
1.682272616150149080e-19
1.613190850146861145e-19
1.477579062767927770e-19
1.360342729668979834e-19
1.265580591831192741e-19
9.161572178357746804e-20
7.667553153701566918e-20
6.451381772827652824e-20
5.202965796336301780e-20
4.752442142792622064e-20
3.306965864280561140e-20
2.477671305309894609e-20
1.294972476665446960e-20
8.558791918409056206e-22
-4.960352477838895204e-21
-1.545344770728982096e-20
-2.625345984345603453e-20
-3.584377117658740784e-20
-4.687782420903913906e-20
-4.770202811849729132e-20
-7.226481639142022928e-20
-7.630408483956152055e-20
-8.826891388762875432e-20
-1.030528565614312999e-19
-1.227521591411606418e-19
-1.398024858235603154e-19
-1.540399285565875364e-19
-1.746759637481362191e-19
-1.835824806809278531e-19
-2.058654991546886327e-19
-2.149220842222661889e-19
-2.325015966338940058e-19
-2.547795701401995218e-19
-2.586638188082831575e-19
-2.705747664632533495e-19
-2.766271535230721020e-19
-2.916042342393297246e-19
-3.225751709036027128e-19
-3.406345620909722695e-19
-3.648471164365522554e-19
-3.718766629237459782e-19
-3.877987287384229959e-19
-4.019627386322622931e-19
-4.257956301932841997e-19
-4.428964331742209203e-19
-4.580627220951912878e-19
-4.722337941443159142e-19
-4.783281474461749450e-19
-4.927953461507530457e-19
-5.185040835214301206e-19
-5.474253763780089486e-19
-5.704716833227887415e-19
-6.151633701322758872e-19
-6.357206366465282019e-19
-6.731501102466773141e-19
-6.861041832408473643e-19
-7.236714845657311792e-19
-7.329497486212134106e-19
-7.441790161886640538e-19
-7.750493508790799175e-19
-8.152777296788525502e-19
-8.370586359611219700e-19
-8.689071852547958518e-19
-8.815052872193041736e-19
-9.467687805102787323e-19
-9.744323257778782551e-19
-1.000487835522857823e-18
-1.026196614512252277e-18
-1.044224609881836581e-18
-1.094628330019986027e-18
-1.124414145151672537e-18
-1.159430838533855522e-18
-1.174303082281304970e-18
-1.216528080520560477e-18
-1.235002049405194233e-18
-1.284453287438905115e-18
-1.322561228545301852e-18
-1.365315393195078679e-18
-1.416197706285899022e-18
-1.452175075484006090e-18
-1.465535039699049767e-18
-1.495808298514238069e-18
-1.554923833179575068e-18
-1.598749391290697589e-18
-1.627713955878037666e-18
-1.677514840410691464e-18
-1.773118047703188060e-18
-1.801978603784475694e-18
-1.870936770277512381e-18
-1.938509023367375775e-18
-1.992024303288022899e-18
-2.014835229919292579e-18
-2.035468342602773675e-18
-2.046027860905644269e-18
-2.132326673406819834e-18
-2.159857973198697316e-18
-2.228575058174242103e-18
-2.297123668822026122e-18
-2.325373465905881767e-18
-2.393280550261126738e-18
-2.469946761064410280e-18
-2.524020182595712880e-18
-2.634923822682289315e-18
-2.688037718366263172e-18
-2.723554482505999624e-18
-2.865191155047182129e-18
-2.885284248849766029e-18
-2.937201080751615167e-18
-2.994135014628941670e-18
-3.040976181442287621e-18
-3.086435997918188127e-18
-3.267744626800359628e-18
-3.317551632150121900e-18
-3.389458386117506152e-18
-3.559422437136291050e-18
-3.679926652922921449e-18
-3.720376549076931809e-18
-3.797346731082168425e-18
-4.116145976525916772e-18
-4.180747007507382582e-18
-4.269996533703061991e-18
-4.442505502314958995e-18
-4.555861050652014095e-18
-4.915834431341867613e-18
-5.175389953779250282e-18
-5.519128595174292622e-18
-5.925030248476702586e-18
-8.211158814950141166e-18
-9.155146141783954006e-18
-1.008583126775294765e-17
