-7.894867326893657555e-01
-1.152712491380403215e-01
-8.690169044644134588e-02
-4.661970582913725625e-02
-4.147336382229388496e-02
-2.291703030089132717e-02
-1.977314683726526592e-02
-1.646968641833578689e-02
-1.317918594487716040e-02
-1.187633821506385405e-02
-9.426330675313742552e-03
-8.110352037733213615e-03
-7.882632861672291338e-03
-6.328050322978079172e-03
-5.867633122522293229e-03
-5.262632631605121229e-03
-5.029004383423198686e-03
-3.784966523400499008e-03
-3.411427164962919055e-03
-3.150694509273371628e-03
-2.962228218909820302e-03
-2.882217100687395773e-03
-2.500686899636481424e-03
-2.237683210708235008e-03
-2.096282519138836613e-03
-1.973677235212205686e-03
-1.814773093305379476e-03
-1.583885210935103522e-03
-1.523069175311079831e-03
-1.474259238701390584e-03
-1.357894207833991668e-03
-1.320349844474490945e-03
-1.172492437170620473e-03
-1.121368533135378700e-03
-1.013539666397432612e-03
-9.121250481912697265e-04
-8.954852349787709338e-04
-8.258336986578844680e-04
-7.799247299922673540e-04
-7.299805955629388911e-04
-6.445753351852121470e-04
-6.152429279900876622e-04
-5.830508725146158920e-04
-5.482991988357881425e-04
-5.293974334349074587e-04
-5.213451381351912094e-04
-4.838274249270080644e-04
-4.423592157402466015e-04
-4.074871400995437251e-04
-3.839326216705217791e-04
-3.426580451986536015e-04
-3.331434758540714703e-04
-3.182581357149744973e-04
-2.951512459207376654e-04
-2.701036083950827385e-04
-2.613961904396517352e-04
-2.525553977791038826e-04
-2.446209344396288910e-04
-2.122226175398748429e-04
-1.976765677993089091e-04
-1.916684829545213541e-04
-1.739484600279612764e-04
-1.642576730520610884e-04
-1.510882669378292771e-04
-1.389069505055408945e-04
-1.320963395355353521e-04
-1.255705169122347013e-04
-1.195930769787884745e-04
-1.093073171019870454e-04
-9.879788931090332951e-05
-8.760100845149627468e-05
-8.322718311272982107e-05
-7.946227299256548946e-05
-7.669606595079053615e-05
-7.026542244832090515e-05
-6.530125816722584162e-05
-6.392572035647639582e-05
-6.115441685674408742e-05
-5.678113292165181845e-05
-5.477204852805940235e-05
-4.759392606698851163e-05
-4.422920955896023141e-05
-4.376035553859844126e-05
-4.078239300758535477e-05
-3.738709591738378999e-05
-3.675633575895342138e-05
-3.367673685158551974e-05
-3.265746578805907914e-05
-3.018509123621523110e-05
-2.589213795048569933e-05
-2.344550099325901413e-05
-2.228974071520441934e-05
-2.151354043514807171e-05
-1.869345034230222253e-05
-1.849251908766672914e-05
-1.589606465731030306e-05
-1.453305263117226071e-05
-1.421998017458583137e-05
-1.316327171986013087e-05
-1.096864774832188638e-05
-9.997622041598110734e-06
-8.498141182510380226e-06
-8.169057544495070852e-06
-7.510511725090379681e-06
-5.281079111783204213e-06
-4.943227591418464965e-06
-4.675500058745644331e-06
-4.354699824529172181e-06
-3.070379536810713610e-06
-2.252413341209833599e-06
-2.024901250214212900e-06
-1.664927909692438058e-06
-5.800305066677555345e-07
-2.106814470415002329e-07
-5.603708980680230132e-19
4.304510154982666833e-19
3.633829612861427740e-07
6.378594073818216888e-07
9.791015669346361011e-07
2.445226038179878577e-06
3.056483483861291680e-06
3.377740217559066689e-06
3.976397063860904586e-06
4.810669858435773131e-06
6.553448551422724763e-06
7.769364892013766628e-06
8.723194300892799668e-06
9.097760279143775339e-06
1.025173584871231665e-05
1.190928465360626783e-05
1.291420381191873801e-05
1.492577309846761717e-05
1.628989935046782229e-05
1.771486627259471713e-05
1.843031396554664723e-05
2.009984513589050878e-05
2.116129059250165009e-05
2.351568755367597471e-05
2.517024759070015749e-05
2.574224502215469431e-05
2.897841619075757684e-05
2.988165593651339171e-05
3.301906121834056746e-05
3.572922533705263627e-05
3.820460750289000250e-05
4.220806981885774661e-05
4.333262777990005640e-05
4.483628595540035906e-05
4.596124671509238909e-05
4.913331018918535090e-05
5.197350384042018938e-05
5.434111457565133502e-05
6.171056641895316698e-05
6.329914998867582196e-05
6.806416667086460047e-05
7.329684478081077269e-05
7.496765486897050905e-05
7.920092254042258146e-05
8.495166370679300960e-05
9.003147746206629554e-05
1.010144931086063755e-04
1.055694084470773671e-04
1.102522306760175949e-04
1.170447632584645145e-04
1.287223043909617416e-04
1.376177684809670200e-04
1.382439876304883213e-04
1.512053022911946122e-04
1.602387308106602445e-04
1.648555216761743653e-04
1.688572639275405074e-04
1.754281111846024200e-04
1.872828819874211537e-04
1.909883172992227662e-04
2.072125441640277699e-04
2.257457779989620621e-04
2.347115094203503004e-04
2.518064978228079140e-04
2.553805679491970965e-04
2.615641364167123361e-04
2.865254699209452403e-04
2.881374876720524218e-04
2.929118028669774106e-04
3.163045196541794412e-04
3.396332449793328730e-04
3.517998573878292697e-04
3.531924578365766500e-04
3.901748750227355522e-04
4.014610452952136897e-04
4.136995367742305439e-04
4.652347687374526258e-04
4.781443947506416338e-04
4.994954090932950206e-04
5.267826877496845127e-04
5.431636677723495048e-04
5.713376439175021047e-04
5.929600874843901897e-04
6.248730825833547246e-04
6.319474340917802073e-04
7.034892577167451474e-04
7.305617700741123474e-04
7.852876636735671304e-04
8.311571315564242942e-04
8.701968937166192119e-04
9.151859220168757176e-04
9.678529802553766017e-04
1.012448444326435014e-03
1.048720862763581011e-03
1.065455011441826527e-03
1.196999930493575443e-03
1.229838424219206229e-03
1.349671335943483305e-03
1.403822238782498214e-03
1.474936215864168162e-03
1.616879836436793628e-03
1.738221164002789294e-03
1.801795725728584782e-03
1.953040981301884223e-03
2.006626148506988026e-03
2.052451087269708228e-03
2.236743753069700587e-03
2.365129033098421242e-03
2.647314711484294661e-03
2.751025377469193747e-03
3.024535835130910677e-03
3.112363107580457065e-03
3.329547017820437809e-03
3.512808657932485912e-03
4.034345784829310860e-03
4.153406766949068601e-03
4.361375838274730680e-03
4.781371730750768462e-03
5.230024968020059728e-03
5.685232219671978657e-03
5.871334824260697645e-03
6.788713866423389670e-03
7.037457417105247477e-03
7.905668178359224335e-03
9.010385631442904136e-03
9.538040836937940192e-03
1.117212595314803943e-02
1.259177917257129492e-02
1.331300812572660912e-02
1.610420599228779004e-02
1.767833050640053166e-02
1.913693288491885927e-02
2.338131631142139830e-02
2.545800299728160840e-02
2.819476567254689328e-02
3.764236994276049658e-02
4.169812116629845189e-02
5.982011619843920214e-02
6.278631484359371850e-02
8.852671285646765420e-02
1.068857474657435025e-01
2.230449829555284369e-01
