1.042034613939555113e-02
9.541835814197095408e-03
6.111531853364572490e-03
2.695815048054484714e-03
1.772001626545776027e-03
1.387038483399874976e-03
1.176771847455913671e-03
1.048632049120687415e-03
8.182365696124116721e-04
7.240082979617388842e-04
6.255572535080846427e-04
5.440134152285600695e-04
3.655068381451821984e-04
3.530546216763039125e-04
2.950405659974303959e-04
2.767867144121641406e-04
2.564834178763547253e-04
2.354766496176602625e-04
2.105715697698406835e-04
1.993790816915152499e-04
1.882288481711030955e-04
1.334531923414068375e-04
9.972394690554311852e-05
7.587730042246518996e-05
4.486386488678276423e-05
3.030075185174292682e-18
2.568607291129963327e-18
2.432179683774100404e-18
2.351844067614070308e-18
2.028901077570728073e-18
1.902032517597089296e-18
1.752031683045519554e-18
1.703795506663093817e-18
1.597109549342024675e-18
1.566236733084179780e-18
1.486238694788146584e-18
1.461603534528531005e-18
1.370147983104326776e-18
1.313195717971273908e-18
1.261144111418132111e-18
1.241762334905375165e-18
1.229938426433048129e-18
1.196081941558768313e-18
1.178716055923558115e-18
1.124120626795527150e-18
1.105411741251930796e-18
1.077565908951456754e-18
1.033179207759638117e-18
1.002800039860885557e-18
9.760222889255863717e-19
9.646161788078465094e-19
9.512068348287347295e-19
9.302224819949777063e-19
8.974860852609586379e-19
8.331282254592015869e-19
7.954678028772134664e-19
7.849671018120341274e-19
7.643788978057539920e-19
7.629892266612824665e-19
7.543857148345444576e-19
7.114223244051449197e-19
7.034277010907496212e-19
6.831217128119843402e-19
6.562862227659094094e-19
6.515168759544853963e-19
6.147304595881777232e-19
6.045120727236997553e-19
6.006192459434096619e-19
5.902971483763020192e-19
5.799982678404107922e-19
5.601199579703866907e-19
5.358303257268656610e-19
5.313063182801868610e-19
5.123842304024350830e-19
5.012393599630758711e-19
4.674327925171001515e-19
4.661538211413264032e-19
4.611773122195212383e-19
4.508070611004945605e-19
4.363687306411299657e-19
4.327295033893769053e-19
4.096074469835427542e-19
4.070782259055193966e-19
3.896873609692008547e-19
3.795776948131071903e-19
3.663648694422677298e-19
3.576708605868990536e-19
3.458977927176990010e-19
3.379152659498935335e-19
3.306119345009683195e-19
3.185126649810842974e-19
3.051558724410315598e-19
3.002003854159786158e-19
2.806354567447066803e-19
2.733626740701159925e-19
2.545287783013495272e-19
2.493929601358887201e-19
2.487142767417029555e-19
2.454000507288030666e-19
2.335882674843327093e-19
2.246479100037382418e-19
2.167295691900593780e-19
2.018708946303258761e-19
1.943742153856842904e-19
1.865855492556719382e-19
1.829670635047294679e-19
1.781906501243897277e-19
1.714594738409402470e-19
1.667188362927219714e-19
1.605686789744839516e-19
1.563143393591411877e-19
1.471873687976520792e-19
1.412284275448883647e-19
1.359916078868144726e-19
1.291556094560066921e-19
1.195803990645859416e-19
1.121838605362143032e-19
1.043044694704942250e-19
1.008400360821008551e-19
9.638902985582163314e-20
9.028088278935739243e-20
8.460162430715762514e-20
7.292694400317141988e-20
6.661989193437535851e-20
6.372626461771934873e-20
6.142743757496855099e-20
5.511561501815263147e-20
4.832371419668882740e-20
4.374447204061488153e-20
3.945714553500580777e-20
3.401212208069845949e-20
2.935135199334814035e-20
2.653235218913127362e-20
2.038662955245577330e-20
1.498396910692709629e-20
1.004467041519242058e-20
8.471699016028068963e-21
4.452985523521020170e-21
2.524602668625051260e-21
-2.597200575420060682e-21
-6.647427071099245076e-21
-1.071556983215075391e-20
-1.296522431468401148e-20
-1.381798383290637898e-20
-2.023248808026746003e-20
-2.391249276526629645e-20
-2.618642845634021171e-20
-2.923640573276843832e-20
-3.284073043409925278e-20
-3.659454172488332774e-20
-4.140882351580873915e-20
-5.477591099787148705e-20
-5.940803852173127273e-20
-6.217666404348918145e-20
-6.676299495135634842e-20
-7.744399750275457680e-20
-7.917519147596205681e-20
-9.057859372780350149e-20
-9.377465984723077173e-20
-9.626551917203491790e-20
-1.003571515709865129e-19
-1.066752804713524553e-19
-1.115274196906649216e-19
-1.156294495955770911e-19
-1.211326920746761817e-19
-1.357945783805663587e-19
-1.436750214702832490e-19
-1.455256997277634439e-19
-1.581899964192407976e-19
-1.655548914552868907e-19
-1.725723846375725935e-19
-1.853562147384738138e-19
-1.902017571666121686e-19
-1.991305512862014176e-19
-2.023272635353619432e-19
-2.157115250200366658e-19
-2.182329527010978515e-19
-2.318565942751493847e-19
-2.353791380402819957e-19
-2.563551092548338373e-19
-2.622722287851060048e-19
-2.695391775412951073e-19
-2.750178802834639639e-19
-2.809003260148401640e-19
-2.852369863447811132e-19
-2.917255544839428196e-19
-3.132528133280409390e-19
-3.250913998031131327e-19
-3.358949809233894219e-19
-3.525780988262007210e-19
-3.605789901711171372e-19
-3.811695347041482180e-19
-3.857638156553411094e-19
-3.933512145083745909e-19
-4.143821266566381844e-19
-4.233337573618279070e-19
-4.303801444932573341e-19
-4.486304533518857674e-19
-4.591363136303941685e-19
-4.742655249732039096e-19
-4.873504194459826917e-19
-4.948007576450591077e-19
-5.036526250967205698e-19
-5.231309263242716403e-19
-5.335748115571172431e-19
-5.564172032037530907e-19
-5.703648404254343435e-19
-5.900667598533783590e-19
-6.115357660717625665e-19
-6.172771043468929970e-19
-6.258355028642634057e-19
-6.346465805049426884e-19
-6.487561788229827116e-19
-6.620615800781555921e-19
-6.823295121911380563e-19
-6.838681584646636001e-19
-6.957877463385198246e-19
-7.323653517743801496e-19
-7.611097149743492182e-19
-7.790568297543271713e-19
-7.837120948834291629e-19
-8.029041585871301646e-19
-8.218503580200474012e-19
-8.267431395495691489e-19
-8.658304164091081658e-19
-8.705505813190926953e-19
-9.165988522292356593e-19
-9.320595821487144224e-19
-9.686252784348110243e-19
-9.759865813478348720e-19
-9.984168434886515280e-19
-1.047372598227514556e-18
-1.083592303571819564e-18
-1.141046413973057326e-18
-1.170248997512776744e-18
-1.191821470560242368e-18
-1.217598561423875670e-18
-1.237617132073395054e-18
-1.307135314380267262e-18
-1.323568689890018784e-18
-1.343518536762312978e-18
-1.397524243432851201e-18
-1.414987144755158909e-18
-1.475415399197715725e-18
-1.537563911078129720e-18
-1.590171312787467832e-18
-1.651011394838836368e-18
-1.768142725578025574e-18
-1.801584954445248437e-18
-1.931449039498649885e-18
-1.984607314568334948e-18
-2.108273010965419525e-18
-2.204206096378644243e-18
-2.396718082146487502e-18
-2.719309858710989355e-18
-3.074097084950768804e-18
