-1.271166185482722755e+00
-1.758762033320445950e-01
-1.513810360090091234e-01
-6.273777062843244323e-02
-5.595279438802686078e-02
-3.522657465609466826e-02
-3.214633381426561937e-02
-2.108183807875292290e-02
-1.666832395538641459e-02
-1.533569280107478956e-02
-1.372671412557268690e-02
-1.058840703283905373e-02
-9.783682951564310129e-03
-9.011412988204379332e-03
-7.718257188836409252e-03
-7.088949754598846721e-03
-6.553549107066774376e-03
-5.271784085897249228e-03
-5.244088709752946567e-03
-4.512328510502618822e-03
-4.008351289565515937e-03
-3.687542386640916148e-03
-3.410296623334355647e-03
-3.117823296505684624e-03
-2.989465323452505843e-03
-2.812880740623104319e-03
-2.547570591097241769e-03
-2.431146569677445322e-03
-2.182881391960379315e-03
-2.104239484295918408e-03
-2.062152866397138316e-03
-1.931567563536355087e-03
-1.855213271065417596e-03
-1.739534041924743453e-03
-1.439787035214458184e-03
-1.371281754278843830e-03
-1.249607967562450317e-03
-1.214809438012409400e-03
-1.185137317304360473e-03
-1.086136403630729667e-03
-1.048835598620536302e-03
-9.698137677918855504e-04
-9.444533626275444663e-04
-8.882462857510617892e-04
-8.750812997552082778e-04
-7.713749463725419822e-04
-7.397846142414552829e-04
-6.917459373473932921e-04
-6.623874372805408370e-04
-6.285839314780055634e-04
-5.994534538351783222e-04
-5.698517902481886263e-04
-5.224088237744496177e-04
-5.044700531123119929e-04
-4.980093150947870629e-04
-4.605484304905436803e-04
-4.397211134587983598e-04
-3.968087214314104465e-04
-3.812870165480599705e-04
-3.646055671581690583e-04
-3.459617356975283327e-04
-3.215987397909461469e-04
-3.130065948078297310e-04
-3.028805766632462347e-04
-2.937655936213827120e-04
-2.793867874002022890e-04
-2.445534353356139130e-04
-2.351307728407710414e-04
-2.213867295572376041e-04
-2.155867209473817420e-04
-2.092286525652019313e-04
-1.975253724707872762e-04
-1.844405150502502141e-04
-1.684079517092907231e-04
-1.592347729360856466e-04
-1.521144414764307308e-04
-1.405074462570661596e-04
-1.337456318285761947e-04
-1.323298357022468651e-04
-1.234355551749585225e-04
-1.179795477604311463e-04
-1.048101661147743147e-04
-1.041353791904140450e-04
-9.889271262834527839e-05
-8.751535702716516118e-05
-8.550288453812160394e-05
-8.165871971972214359e-05
-7.749317182052223156e-05
-7.165959583625922395e-05
-6.847573320480098867e-05
-6.414799386933091741e-05
-6.191607493026829716e-05
-6.004483865803706961e-05
-5.910434605829466590e-05
-5.509274169401670357e-05
-5.263203607265652656e-05
-4.662532940934459763e-05
-4.502880114612380958e-05
-4.183089443465462808e-05
-3.803838232956813513e-05
-3.603718621773100783e-05
-3.380232708638647839e-05
-3.236289699127533693e-05
-2.798280396930799503e-05
-2.689980059254951428e-05
-2.366121570122524875e-05
-2.222818715026284134e-05
-2.144322776840888809e-05
-2.088661357620353373e-05
-1.981709282390192945e-05
-1.704733525897746165e-05
-1.641972696584345930e-05
-1.452984482020734408e-05
-1.341834877145164127e-05
-1.242089641499285969e-05
-1.108951893232500648e-05
-9.947024325480308181e-06
-8.717646802890150655e-06
-7.369556303307162223e-06
-6.465702786515280141e-06
-5.708749800253881494e-06
-5.141437864680013026e-06
-3.583599978039558564e-06
-2.295519512711489816e-06
-1.566841815759893731e-06
-1.173991699033166384e-06
-6.764194542313609575e-07
-4.448071445691680375e-08
-1.326006052799344171e-08
-8.011438097959569191e-09
-5.252678117928922141e-09
-4.320651246137601674e-09
-1.755559911122921563e-09
-8.252174335632503942e-11
-2.042627681673118290e-18
1.642337614327130642e-19
1.685140751001626040e-10
2.193064233670723050e-09
2.737503469325280828e-09
5.020549143222958185e-09
6.825691712277341755e-09
7.862170465795981693e-09
2.388851611337893103e-08
2.856678764317300670e-08
3.454724612858133244e-08
4.315897935573264826e-08
6.422136494473634487e-08
6.633354513342970624e-08
9.243520664420573288e-08
9.495531677951104129e-08
1.110614074272669883e-07
1.485645064376130228e-07
1.947530451349444995e-07
2.699796759803745928e-07
3.655372340075694583e-07
4.117467853836243472e-07
4.807830346265066378e-07
5.225676252834824067e-07
6.689798118340867914e-07
9.833108841832238797e-07
1.392691415455487213e-06
1.556354155593155012e-06
1.576023985692289242e-06
1.866650158071715838e-06
2.231106190328923561e-06
2.886488171479320054e-06
3.699088949746472684e-06
3.831126744898563966e-06
4.596865951042752113e-06
4.898560881700623161e-06
6.188181734814325106e-06
6.407683328817690194e-06
8.207276845942373215e-06
9.542488522053807964e-06
1.249709532659645556e-05
1.401648013104646357e-05
1.527747441322639167e-05
1.588372991709457045e-05
1.819537606566514807e-05
2.129828311435528820e-05
2.377116592355075405e-05
2.603325028132216963e-05
2.652716179033962843e-05
2.844226674602427920e-05
3.005384494708927370e-05
3.309687253633210909e-05
3.631662182064777065e-05
4.014537782100676284e-05
4.073756950057191763e-05
4.432590759864026551e-05
4.816872081030757039e-05
5.107765412758618224e-05
5.609495845391846737e-05
6.793749681161556598e-05
7.026920725708291613e-05
7.872659012431253947e-05
8.539708981858306811e-05
9.882110493933666097e-05
1.073884522828806310e-04
1.164788086576520627e-04
1.240817880000235295e-04
1.266032742780051276e-04
1.395068893019917088e-04
1.527010729687834276e-04
1.569674106340621165e-04
1.842871455872330440e-04
1.889000648591489056e-04
2.080660046456700755e-04
2.125363212122401960e-04
2.158746770328874489e-04
2.540906282085427501e-04
2.727254013511042898e-04
2.792529633024226545e-04
2.954639694498450942e-04
3.292742382276176512e-04
3.425389586939092852e-04
3.592744897737405827e-04
3.932997329179324566e-04
4.007087672660863313e-04
4.343810381254598887e-04
4.488330991235168935e-04
5.487330773004700946e-04
5.795934341519421449e-04
5.832227133412370935e-04
6.703568676781943665e-04
6.857467607705133080e-04
7.732195338076893604e-04
8.331973743351907052e-04
9.039846086952968950e-04
9.170089085231727900e-04
1.009705177171022709e-03
1.257882145565085690e-03
1.334256288811174872e-03
1.367857299344694098e-03
1.604099240532589178e-03
1.737440099444480246e-03
2.016554969956142578e-03
2.097056325681160779e-03
2.306351807450881652e-03
2.395957191898858123e-03
3.075141439785080734e-03
3.215112735690437394e-03
3.740258448630528337e-03
3.990019860808451460e-03
4.762939145905731829e-03
5.617756330727845943e-03
7.018434445544959911e-03
8.443912138683541679e-03
1.058884055874891386e-02
1.121542836010389933e-02
1.309722763978386599e-02
1.807752800263488085e-02
2.018373823553835586e-02
2.973923364095785657e-02
5.294337694900537461e-02
1.542148907583076600e-01
