1.067986079055695411e-04
1.626006110799056524e-05
8.062606436004012131e-06
7.368923332060011664e-06
7.232417107761561289e-06
6.074273188677668027e-06
5.168570293261983555e-06
2.725231701236294116e-06
2.592506200261282346e-06
1.992850359648818807e-06
1.492947562208106554e-06
1.367819668874012471e-06
1.296428999510553600e-06
1.150490377695841767e-06
1.090979284727938251e-06
9.204075648680720004e-07
7.799470064216602914e-07
7.321127791737234183e-07
5.041155796115159067e-07
4.038816439373422949e-07
3.836415271703016319e-07
2.347947395724870022e-07
1.886064478611736016e-07
1.095468862265854740e-07
1.887277023070917539e-08
4.605705288968514098e-20
-2.392666278169418076e-20
-1.725632202893655713e-08
-1.629524158980930583e-07
-1.961623343069269682e-07
-2.999397295062190177e-07
-4.437636549633105247e-07
-4.784763187147323480e-07
-6.872887602840934316e-07
-9.403575578243455038e-07
-1.177860569678533516e-06
-1.411629228503077538e-06
-1.616342209215796889e-06
-1.919130486204394790e-06
-2.715411628641771576e-06
-2.847025555875046517e-06
-3.107657067538641510e-06
-3.337769787384243187e-06
-3.530257224580747967e-06
-4.030733543194329293e-06
-4.528905306672379346e-06
-4.668204827371124395e-06
-5.046428090528570282e-06
-5.147341554995768127e-06
-5.798922355066562775e-06
-5.881899020169181073e-06
-6.168852145562828696e-06
-6.420854470691571083e-06
-6.489962455085948836e-06
-7.018526818036974146e-06
-7.128442085636818320e-06
-7.509986714007200596e-06
-8.185020357288507500e-06
-8.412568385353763861e-06
-8.619153788082606961e-06
-9.075147982110327242e-06
-9.375639425185218831e-06
-9.625772697797121296e-06
-1.009556063900707400e-05
-1.050104797371468509e-05
-1.079542909686979748e-05
-1.108206412417970401e-05
-1.129634239825189702e-05
-1.174015121258254638e-05
-1.194144814056421146e-05
-1.221752615167265937e-05
-1.303452398988851298e-05
-1.318924560658242358e-05
-1.341489358135422790e-05
-1.456956742423832184e-05
-1.490796257485980049e-05
-1.520398705406898944e-05
-1.591974257972331595e-05
-1.613592569986215937e-05
-1.628663319488322410e-05
-1.655537341901501891e-05
-1.773915754643714976e-05
-1.793392818628272934e-05
-1.860009426067339537e-05
-1.933558909192917855e-05
-1.979776114927122926e-05
-2.028603530606664222e-05
-2.055126014795166653e-05
-2.103096135053512798e-05
-2.160911235389286478e-05
-2.186415979279274964e-05
-2.229681847967592925e-05
-2.314425941354540420e-05
-2.416222370318063379e-05
-2.504437747184095760e-05
-2.532157358280490665e-05
-2.617878351148325176e-05
-2.675370327721725728e-05
-2.686804543678653970e-05
-2.795459189877851224e-05
-2.919203706954534087e-05
-3.016384206346936695e-05
-3.042964643790116661e-05
-3.101960098307033860e-05
-3.230411337961749035e-05
-3.324022095888483586e-05
-3.368544021095370847e-05
-3.485131370184194397e-05
-3.547508133622107843e-05
-3.612958807568383818e-05
-3.694142676161847979e-05
-3.818712237106129448e-05
-3.973693568150937847e-05
-3.991298758821781536e-05
-4.126796727907980730e-05
-4.191510028066957927e-05
-4.400240257760977417e-05
-4.507578184785587127e-05
-4.600301989453260183e-05
-4.692765892984808332e-05
-4.767173312782193711e-05
-4.860744743243020121e-05
-4.929360488363824459e-05
-5.095397391893120430e-05
-5.225472709314995487e-05
-5.404680631458876376e-05
-5.556088564530721691e-05
-5.688648427996064648e-05
-5.957541375738924927e-05
-6.059002370938726476e-05
-6.262715916977871155e-05
-6.342330453179532176e-05
-6.512489377071802108e-05
-6.721507022290255191e-05
-6.964846133583358365e-05
-7.038801718628112983e-05
-7.307098653453279323e-05
-7.378725772628913905e-05
-7.711371205995862254e-05
-8.093912573687405668e-05
-8.144590555695287312e-05
-8.212675054100944817e-05
-8.601307622096250258e-05
-8.853568032664459382e-05
-9.029923590632315980e-05
-9.356282929028407697e-05
-9.619438293852498661e-05
-9.705391102674520694e-05
-9.891896083535205457e-05
-1.016484526971561962e-04
-1.047329647630335537e-04
-1.065223318637030975e-04
-1.087891107259609028e-04
-1.103558728248276279e-04
-1.111619915281643984e-04
-1.127941411036573953e-04
-1.212871081391209957e-04
-1.259387081836908068e-04
-1.265648515318171350e-04
-1.290212560261083782e-04
-1.314824573500458955e-04
-1.356689019836459522e-04
-1.427801505311520898e-04
-1.449795295919701266e-04
-1.483012245894353893e-04
-1.516035304978439417e-04
-1.542228109687074995e-04
-1.645411839470424758e-04
-1.667944752044471382e-04
-1.728920011094036769e-04
-1.741433170811648755e-04
-1.772625471279245342e-04
-1.807933444964105667e-04
-1.863986268391679200e-04
-1.891983959528626877e-04
-1.918839068067459367e-04
-1.961138535363383256e-04
-2.016500638123742170e-04
-2.053931658091942862e-04
-2.069752204128355827e-04
-2.128277018034126797e-04
-2.165691262811965249e-04
-2.259119706386782643e-04
-2.314038895381777706e-04
-2.392117633183388995e-04
-2.467729738823017083e-04
-2.493251728041190524e-04
-2.532042400223994002e-04
-2.655867964097915774e-04
-2.727443291472284102e-04
-2.813407021169603696e-04
-2.848479119280544650e-04
-2.905616378014469633e-04
-2.985541997313147949e-04
-3.145907142966517293e-04
-3.185970824219862274e-04
-3.270060905926868550e-04
-3.305845801444903679e-04
-3.343461697822014953e-04
-3.445343038970941399e-04
-3.484841702166915781e-04
-3.627095037834297537e-04
-3.724082076854268696e-04
-3.750483809555567641e-04
-3.824346944510728370e-04
-3.899797625105665025e-04
-4.184000173901965204e-04
-4.222527262615638228e-04
-4.324851189476456551e-04
-4.396385117108822255e-04
-4.549554369569639356e-04
-4.667399514964676939e-04
-4.762026461496961455e-04
-4.813556032960785553e-04
-5.092683179100160242e-04
-5.127941462273213858e-04
-5.315673943070639302e-04
-5.440133033018506323e-04
-5.464618582602379830e-04
-5.596562620241893023e-04
-5.870099668492496318e-04
-5.889761157859273481e-04
-6.061746647848014402e-04
-6.166905379544025201e-04
-6.342557794041031247e-04
-6.486704320660347054e-04
-6.691420548188461428e-04
-6.971041021933516938e-04
-7.198839184392988354e-04
-7.379663831052448494e-04
-7.684429882712996880e-04
-7.904302475969702223e-04
-8.126560508821516074e-04
-8.282345879539410255e-04
-8.545125290534650794e-04
-8.942726858431242556e-04
-8.983481834595516803e-04
-9.122649635049378137e-04
-9.614568937770639340e-04
-1.009930088884895567e-03
-1.048251451060572617e-03
-1.107377047870235654e-03
-1.144446046962557676e-03
-1.170762181301937760e-03
-1.230365609904575603e-03
-1.275244610447955670e-03
-1.289836395977806468e-03
-1.351309145765527660e-03
-1.395774556551541631e-03
-1.461742165656408979e-03
-1.469194602869371017e-03
-1.565839761758626957e-03
-1.600112462035285571e-03
-1.679902047111356744e-03
-1.725557036239904916e-03
-1.843331014166291106e-03
