2.975958703852740403e-02
2.680502316543172461e-02
1.944358931689567707e-02
8.191207372461994235e-03
4.908580276545229486e-03
4.813478252816556259e-03
4.359651204563706230e-03
2.990535077942231123e-03
2.654363048748230140e-03
2.508384662646649579e-03
2.209161723217023011e-03
2.133544754403396762e-03
2.053455310045187044e-03
1.903434781089725523e-03
1.709383449604215920e-03
1.626774985980895772e-03
1.447236978106059002e-03
1.394859408942495998e-03
1.268380491761084703e-03
1.222856512517588295e-03
1.168772859131657522e-03
1.073103134879039742e-03
1.027019590656689249e-03
9.962034650212712485e-04
9.282766148976009501e-04
8.576487248205682829e-04
8.444245140729446722e-04
7.630933644912884497e-04
7.212842626396024368e-04
7.019302558676841601e-04
6.717489809666506899e-04
6.340784828088726847e-04
5.900307201669954425e-04
5.689621067078881904e-04
5.453854920212612006e-04
5.271780188778081707e-04
5.038307146438662527e-04
4.879880339574583907e-04
4.527460298182424576e-04
4.328489105915296967e-04
4.224743373163480789e-04
4.029141878681155803e-04
3.768209162977796635e-04
3.700271405268399337e-04
3.415088202150483570e-04
3.276669480562235904e-04
3.147995194011495241e-04
3.091925295587414388e-04
2.987084761941985619e-04
2.784297006865896012e-04
2.647792161978220491e-04
2.506843451057530980e-04
2.464180809779467174e-04
2.425935303051162664e-04
2.282079425527420112e-04
2.085479009400933970e-04
2.031029007817659990e-04
1.927223903208701776e-04
1.833024477716361361e-04
1.736648476822949050e-04
1.694123029131008222e-04
1.613706842506358965e-04
1.587756720881710834e-04
1.571391013286445727e-04
1.491490090031555391e-04
1.371432174448409668e-04
1.339553683050631789e-04
1.307631027324896648e-04
1.182525314121718137e-04
1.147626143195103513e-04
1.100836295900548098e-04
1.099849084311738952e-04
1.045416420355844473e-04
9.969210490023851354e-05
9.584276629315812703e-05
9.316083317787202762e-05
9.093384851009580876e-05
8.495743387719492082e-05
7.784459778759799569e-05
7.728146621859566527e-05
7.210810835283159811e-05
7.174125123962944565e-05
6.673839604886482957e-05
6.451021299326276093e-05
6.015873270294329648e-05
5.797358545891193645e-05
5.330704342166589027e-05
5.238326899005701118e-05
5.173486100774540982e-05
4.768018783533007146e-05
4.247854722685925389e-05
4.181770315608913019e-05
4.038037739300854331e-05
3.949118040236630918e-05
3.808170859977700316e-05
3.436145874936587225e-05
3.152028793161859403e-05
3.094723454683848097e-05
2.968648939480227799e-05
2.944021322798492696e-05
2.697410206810545570e-05
2.614497765754150406e-05
2.490342525986727335e-05
2.366890935211618467e-05
2.317342966346393313e-05
2.195373814891883452e-05
2.037767595601246173e-05
1.940762860408887865e-05
1.873163829522330080e-05
1.828132427787591049e-05
1.693836211740088377e-05
1.541195195017939181e-05
1.426021572814316609e-05
1.329317270814993049e-05
1.254685511312714749e-05
1.185087197266038742e-05
1.158816148041667954e-05
1.090319082080678470e-05
9.789275238217226454e-06
9.564284418393564617e-06
8.834740748375304514e-06
8.230903347581476905e-06
7.970739890690687018e-06
7.466154220610743086e-06
6.732342594757056063e-06
6.428434552785796827e-06
5.626341356602304287e-06
5.127615847826595983e-06
4.394802536227116354e-06
4.147476339579061719e-06
3.951294746499381798e-06
3.272225332161869876e-06
3.153197105242210897e-06
2.462541918149378439e-06
1.815648524224464871e-06
1.717115206163223606e-06
1.480314366780389514e-06
1.071495123142331840e-06
9.852193257890209481e-07
8.338575223199535018e-07
7.625588377090301939e-07
5.038213598580435558e-07
1.277320925577687454e-07
2.286535439409217167e-19
5.366263042374492692e-20
-1.723741547271749083e-07
-2.967910276967560336e-07
-3.591597303845663200e-07
-7.693654893252960761e-07
-1.106631079129401753e-06
-1.339977651462007571e-06
-1.695526350741534978e-06
-1.818568868488647783e-06
-2.028116606503600900e-06
-2.746965101483869321e-06
-2.916946295124856347e-06
-3.340778007003013113e-06
-4.084577989756472759e-06
-4.150943542270131634e-06
-5.065128914287419949e-06
-5.331999402114321597e-06
-5.681464582565930028e-06
-6.521338006095735629e-06
-7.221866803224145470e-06
-7.844397949062477881e-06
-8.289705162442027002e-06
-8.836658591346317740e-06
-9.259263382450707035e-06
-9.891103385688514906e-06
-1.083695924867673628e-05
-1.222031274197589807e-05
-1.341869464918793408e-05
-1.374777705372401114e-05
-1.454526806705788770e-05
-1.650857793405536081e-05
-1.719614918016345415e-05
-1.916569729321026023e-05
-2.045766121777010970e-05
-2.245744140235036201e-05
-2.345070002492637270e-05
-2.507224062058491926e-05
-2.553089683706159969e-05
-2.605578919471374726e-05
-2.713237722744960860e-05
-2.955037758158709030e-05
-3.103393373857152158e-05
-3.441716447973656561e-05
-3.492321589541111105e-05
-3.717186647518857606e-05
-3.855537845097371748e-05
-4.165549907137640204e-05
-4.293518260876455711e-05
-4.441961041607124858e-05
-4.589428853316588394e-05
-4.958787976739507480e-05
-5.031065211035569564e-05
-5.703689026977129501e-05
-5.814997352362255095e-05
-6.372313344967081485e-05
-6.580146597549195930e-05
-7.054199333823645522e-05
-7.181722386889489171e-05
-7.383545191413652437e-05
-8.091703087871767158e-05
-8.594355534864166657e-05
-9.158887384942220294e-05
-1.010240044788838847e-04
-1.061407692830214773e-04
-1.070313047774018285e-04
-1.106785364593840221e-04
-1.158838518880575205e-04
-1.224695165149813079e-04
-1.262665808975507514e-04
-1.293298936735799297e-04
-1.364854760918154854e-04
-1.485291509468538937e-04
-1.515977439691162444e-04
-1.595918083488138809e-04
-1.744426243122637458e-04
-1.780209331850779648e-04
-1.948543637626414025e-04
-2.037840492293465234e-04
-2.072231294182325643e-04
-2.237083964867502309e-04
-2.339121989799370662e-04
-2.570726019288404381e-04
-2.779053145899244804e-04
-2.915871315474003042e-04
-2.999534007372370607e-04
-3.125259023029887482e-04
-3.440663260548183669e-04
-3.538772996018394314e-04
-3.823559665774976411e-04
-3.917598849518036646e-04
-4.300938634626085867e-04
-4.701924244700159670e-04
-4.955898525769377068e-04
-5.124379787279536354e-04
-5.497910694054630341e-04
-6.209083514432080708e-04
-6.574178205261479871e-04
-7.204620083372988973e-04
-7.459415235210908098e-04
-7.798665090295930436e-04
-8.168086065531778321e-04
-9.337491267753617952e-04
-1.003769811764540845e-03
-1.079071302259763899e-03
-1.264895955926129308e-03
-1.372290820738174657e-03
-1.511192838262647841e-03
-1.876775650501751654e-03
-1.937189598224336139e-03
-2.230665132009185432e-03
-2.905431054863180391e-03
-3.334923999989788078e-03
