-2.279910267600778750e-01
-5.362509823613113152e-02
-4.506461680118994256e-02
-3.121779339716879501e-02
-1.343443306153597160e-02
-1.240628043616556764e-02
-1.037980124417549332e-02
-7.739415998217570591e-03
-7.214880629491034723e-03
-6.676722454486873869e-03
-6.090205671915845456e-03
-5.531268786793571042e-03
-4.504782618221242138e-03
-3.926508907462102418e-03
-3.451012751599679025e-03
-3.149186478780992282e-03
-2.796473147863725445e-03
-2.495413284963132229e-03
-2.197760517818210177e-03
-2.021700962191578990e-03
-2.012880415357300081e-03
-1.896143911217233920e-03
-1.752202315422760623e-03
-1.570305588088785273e-03
-1.473696327070068979e-03
-1.412749550106189153e-03
-1.355643449017246253e-03
-1.261384572570152258e-03
-1.181012995954181487e-03
-1.128021435875527613e-03
-1.095181304128095730e-03
-1.028297477638423670e-03
-9.377961998669224553e-04
-9.233049798103517853e-04
-8.600414781639021105e-04
-8.176472955287840752e-04
-7.702586653230975152e-04
-7.491745525945283160e-04
-7.301608952969401971e-04
-6.835500477766226100e-04
-6.610375145973486268e-04
-5.981320684133825151e-04
-5.922870649477027499e-04
-5.827407944716915533e-04
-5.389340176759474304e-04
-5.279163082282968544e-04
-5.173102073720749075e-04
-4.951100783824796464e-04
-4.515666858234745418e-04
-4.405417787877445482e-04
-4.183617959848524273e-04
-4.129952870861046572e-04
-4.012409175057534750e-04
-3.758700544801503083e-04
-3.699582280265234285e-04
-3.618914093098943904e-04
-3.512478578076849711e-04
-3.442070008029602573e-04
-3.430232379522764525e-04
-3.321684023409463482e-04
-3.052908952284651969e-04
-2.892509347327624483e-04
-2.782277999280468477e-04
-2.728460718998201731e-04
-2.637377644832021649e-04
-2.581853224646730419e-04
-2.493755325334040692e-04
-2.422148108733557204e-04
-2.302616719098697260e-04
-2.205435671531650276e-04
-2.199479709230056906e-04
-2.149677856246546225e-04
-2.058032856483555631e-04
-1.999717654114673481e-04
-1.950276846688289169e-04
-1.853970577964252119e-04
-1.776560631114957873e-04
-1.735561849883163622e-04
-1.726059598049698145e-04
-1.667147753778419194e-04
-1.650729371355213592e-04
-1.625713149332642536e-04
-1.595640278930696143e-04
-1.570547164022479401e-04
-1.480563271672902009e-04
-1.443541101234162120e-04
-1.378697533117238902e-04
-1.307762012456809367e-04
-1.268229667338699712e-04
-1.226367304419884933e-04
-1.150267705252294020e-04
-1.125380637156570170e-04
-1.110445692279608853e-04
-1.048216866834211216e-04
-1.027918365079782953e-04
-1.016305369918715296e-04
-9.963237331645115455e-05
-9.857313155729750581e-05
-9.792822907182276420e-05
-9.058060476049578115e-05
-8.827820909828230608e-05
-8.631176631138037997e-05
-8.270777673041028878e-05
-8.119761424356448823e-05
-7.921339379467741090e-05
-7.703306550867692595e-05
-7.492575457958152265e-05
-7.375753278485131740e-05
-6.996103307279245983e-05
-6.891982652715624173e-05
-6.787561690264135299e-05
-6.620753037317864186e-05
-6.554869900625148467e-05
-6.423627452827723999e-05
-5.837490714939658285e-05
-5.687783653160097914e-05
-5.388320062443623207e-05
-5.307223890319543342e-05
-5.109173746951234672e-05
-5.049073885206533080e-05
-4.939640054524393787e-05
-4.866239211930884097e-05
-4.772323688710008159e-05
-4.484772422243976263e-05
-4.371454699894429020e-05
-4.296569034847750663e-05
-4.165935845054306023e-05
-4.070587544034507787e-05
-4.019848594753095723e-05
-3.784813184655209597e-05
-3.611876120520849406e-05
-3.505623865449978557e-05
-3.377308755509630776e-05
-3.295430701904150027e-05
-3.254395417068821767e-05
-3.224155549971858994e-05
-3.180047224712503868e-05
-3.108356535185117684e-05
-3.023651566680494470e-05
-2.948990886473386457e-05
-2.881403805670516906e-05
-2.687033112342011772e-05
-2.615286697168825035e-05
-2.572663086719701790e-05
-2.505649447378394202e-05
-2.446817201664592945e-05
-2.348397142292177328e-05
-2.291960343419468743e-05
-2.275002689792180089e-05
-2.201728649196497075e-05
-2.126421642111525303e-05
-2.049038304438094147e-05
-1.967389080562261856e-05
-1.939158636638555909e-05
-1.882082258338844141e-05
-1.831574409374103312e-05
-1.799454379099758381e-05
-1.708478957392088794e-05
-1.690768467513295402e-05
-1.595061989319016595e-05
-1.548794782639002906e-05
-1.526654949670213382e-05
-1.502173981367340898e-05
-1.449451214247598433e-05
-1.388680097182629504e-05
-1.351515412316927310e-05
-1.331324318773230057e-05
-1.285088190270127283e-05
-1.250064960776088744e-05
-1.200243815180405838e-05
-1.169629008102983086e-05
-1.152925597662032655e-05
-1.122622013314135059e-05
-1.100383973444416368e-05
-1.066811096446668036e-05
-1.057326914621980901e-05
-1.043044838101786834e-05
-9.752832144801944282e-06
-9.704746964148889038e-06
-9.377170598823476164e-06
-9.308449760406092773e-06
-8.749223092114814823e-06
-8.703560925477655865e-06
-8.034388399234811565e-06
-7.612338744305608521e-06
-7.307492378605029712e-06
-6.977928125139885788e-06
-6.765258620548709295e-06
-6.481202371972109338e-06
-6.393671612878419139e-06
-6.262831152513215484e-06
-6.085105714027559655e-06
-6.005249507346559112e-06
-5.832022765892304018e-06
-5.495418098150546706e-06
-5.096704833341513420e-06
-4.897097207637489507e-06
-4.665922470197645041e-06
-4.637225155224097946e-06
-4.312802229032838579e-06
-4.252393124687285266e-06
-4.006581265596943939e-06
-3.803368237450510732e-06
-3.662046160403512089e-06
-3.473862517427011098e-06
-3.362817146912937572e-06
-3.186251063336974196e-06
-3.069723636368720849e-06
-2.903590619823022095e-06
-2.835404830738650783e-06
-2.529585784167888694e-06
-2.493870763405555026e-06
-2.274599857775780122e-06
-2.169728384543794519e-06
-2.042050466647105214e-06
-1.855806546689974097e-06
-1.608110232190988313e-06
-1.471555954154955907e-06
-1.324369240222651705e-06
-1.015538764762714275e-06
-8.075441333047318562e-07
-7.514466784016919703e-07
-5.400844902285747902e-07
-5.200725906673125630e-07
-3.472471252056747297e-07
-2.580813609696429803e-07
-2.190330343446724409e-07
-1.802451906972612281e-07
-7.951806745029051268e-08
-4.064483376634067848e-08
-2.738581024908967557e-08
-7.160540652988582427e-09
-2.483579536775044074e-20
1.183811597780707023e-19
2.610103066844804732e-08
7.050884652125396112e-08
1.197249454686014242e-07
1.300415327020753985e-07
1.723719255812326808e-07
2.432300537146204376e-07
2.531564663899732974e-07
3.119293583690720166e-07
3.474880636937136423e-07
3.780767180406370019e-07
4.434846813700603149e-07
5.085724614740351473e-07
5.626712255471049783e-07
6.247430083727835151e-07
6.870244405863343970e-07
1.659658423286307747e-06
3.147464024707944083e-06
3.852798690736019852e-06
4.751676914335681352e-06
5.210288755841624517e-06
6.399190040294880911e-06
8.598325800299373530e-06
