-1.345868805065724427e-01
-8.786676986409786005e-02
-8.648566764747393776e-02
-6.995563786956655872e-02
-6.137494761415988875e-02
-4.195093031512583254e-02
-3.836990900673255267e-02
-3.288493700383566393e-02
-3.104990140451067970e-02
-2.834119416695198360e-02
-2.683631284062578531e-02
-2.356777350504732360e-02
-2.089650580581573630e-02
-2.006156842312662933e-02
-1.680298270685179687e-02
-1.545905570658470153e-02
-1.386770444164305525e-02
-1.371812303935108016e-02
-1.272313617038678749e-02
-1.224175507097561080e-02
-1.076303225622735407e-02
-1.035124522590608574e-02
-8.689646196974220443e-03
-8.509705892593814186e-03
-7.849902059496913220e-03
-7.560128219863009903e-03
-7.078645089399876120e-03
-6.583254266964102923e-03
-6.414092227166388709e-03
-6.004166270241443823e-03
-5.926384088758535930e-03
-5.477007734956488780e-03
-5.211865376679978429e-03
-4.770859629882419350e-03
-4.716693513923774297e-03
-4.484805391320281429e-03
-4.076972502249285452e-03
-3.940736246125934976e-03
-3.700593744365605897e-03
-3.428950786788118651e-03
-3.239894338814885109e-03
-3.108992178771540198e-03
-3.071284039682161283e-03
-2.901768304041717900e-03
-2.838830849846586853e-03
-2.699327841958583645e-03
-2.530825211429822003e-03
-2.460676455326682357e-03
-2.329484007365527180e-03
-2.230063989645954606e-03
-2.154764080837920544e-03
-2.025855528872490957e-03
-1.927552584982145101e-03
-1.911563861923682621e-03
-1.829882346026965234e-03
-1.724267479168630369e-03
-1.668200688015474128e-03
-1.631759314531081723e-03
-1.461833175641654705e-03
-1.425565853048761135e-03
-1.393063568483476379e-03
-1.336959265298556321e-03
-1.331229205609711077e-03
-1.288419990281914479e-03
-1.211825016648562445e-03
-1.173348991510689797e-03
-1.140518110147637626e-03
-1.044582891642427706e-03
-9.842549683141271766e-04
-9.649194261513665367e-04
-9.199805880355865165e-04
-8.891878903509061165e-04
-8.774219281141038820e-04
-8.559561352842248510e-04
-8.294430454789874585e-04
-8.174526581334770571e-04
-7.797117502476065424e-04
-7.318348345136338690e-04
-6.922210821988859612e-04
-6.463746413227357095e-04
-6.257938060773291563e-04
-6.037937845930719735e-04
-5.888416558695271953e-04
-5.627613730332708866e-04
-5.361209347975049843e-04
-5.201784877412955321e-04
-4.981971697906760130e-04
-4.724153742051547737e-04
-4.593871172387442234e-04
-4.453116939060403133e-04
-4.329439530249400299e-04
-4.144692132019531000e-04
-3.958254178094340082e-04
-3.798416081045304462e-04
-3.623609998418774705e-04
-3.535139402544514617e-04
-3.272163830467575267e-04
-3.180493904194455152e-04
-3.038897827870023767e-04
-2.930106134640829332e-04
-2.879146724088726223e-04
-2.777047590475885462e-04
-2.697552430696055080e-04
-2.602220443934892134e-04
-2.515722534616038472e-04
-2.409570408333725215e-04
-2.308396408431076280e-04
-2.163492596438311053e-04
-2.136662643012431876e-04
-2.048383992688700475e-04
-1.978935134249502166e-04
-1.910372039907441038e-04
-1.868800915859262341e-04
-1.811001849434873477e-04
-1.757546774675164370e-04
-1.654187030454376973e-04
-1.594048525554834389e-04
-1.516250828278683019e-04
-1.511188459648476242e-04
-1.383689321929138850e-04
-1.333091541056086117e-04
-1.270677221783410218e-04
-1.144840751378873640e-04
-1.116748609375585645e-04
-1.085643786973147714e-04
-1.026277145315851637e-04
-9.754646888487105187e-05
-9.327519501954026132e-05
-9.138570603413651667e-05
-8.537447228020638378e-05
-8.444143305772754972e-05
-8.364460605198202419e-05
-7.376805332857593273e-05
-6.756217683747584339e-05
-6.302312077617632825e-05
-6.067210471267877226e-05
-5.734266202607995989e-05
-5.520171565847321296e-05
-5.261707742929217294e-05
-4.873079811999431150e-05
-4.613628684476329446e-05
-4.311646883346179087e-05
-4.094318416162999436e-05
-3.843259013176662174e-05
-3.426553393465209133e-05
-3.295908146880551838e-05
-3.190992505964599263e-05
-3.047809244549551180e-05
-2.733743534433640557e-05
-2.703015551420407075e-05
-2.467910262927401502e-05
-1.943909443636882491e-05
-1.813816861696380397e-05
-1.539419370056137738e-05
-1.293813305713374206e-05
-1.232840572964296187e-05
-1.165303868476540459e-05
-1.078012164584655859e-05
-1.039815408553012830e-05
-9.384169651489420718e-06
-8.366217922062440775e-06
-5.866029931193317992e-06
-5.503622792420510997e-06
-3.147054123721975342e-06
-2.495453920104159854e-06
-2.053366706856106191e-06
-3.410422068822880437e-07
-3.120563965792139464e-07
-1.772319884530625648e-18
4.473335882209003771e-18
2.300056723094001216e-07
1.214766391141013783e-06
1.429697794794611020e-06
2.824716901451444460e-06
2.865603622149752825e-06
3.505982885882422872e-06
3.776873113156797638e-06
4.605968087187219261e-06
5.094729319267929920e-06
6.132647340047638555e-06
6.692184070043949239e-06
7.654639822706663687e-06
8.416054018454191397e-06
9.694584023706258257e-06
1.150808319425298736e-05
1.261775957824364758e-05
1.474678860722507175e-05
1.579339603535601512e-05
1.835920186751794584e-05
1.991017533724783779e-05
2.042594311818008460e-05
2.631616578459808922e-05
2.934068541066451466e-05
3.116724972594975962e-05
3.326944934012509506e-05
3.685504958751585484e-05
4.023488126240054575e-05
4.539907297952935824e-05
4.858626046093846029e-05
5.764651392722484961e-05
5.969092339935751945e-05
6.639930257357501300e-05
6.859381965524397203e-05
7.074116759304308695e-05
8.498742644188152684e-05
8.804546972188962751e-05
1.152940648257667005e-04
1.237014343516748939e-04
1.307709719258496131e-04
1.456575228635256607e-04
1.535014130628975591e-04
1.550442758779882750e-04
1.789200099685757980e-04
1.990189789244506402e-04
2.036503303781149108e-04
2.349032815765010856e-04
2.506973230312798686e-04
2.662544383602943009e-04
2.891505550508389577e-04
3.111407052227135655e-04
3.299178656153788471e-04
3.752281347358699419e-04
3.814322207198346786e-04
4.684331755852948176e-04
4.990596550765457901e-04
5.146791158039009566e-04
6.245344341279550956e-04
6.887897801152921161e-04
7.234765338795253560e-04
7.924151659824594206e-04
9.651560243751582504e-04
1.041256756551853235e-03
1.158174763978307362e-03
1.310972623760934706e-03
1.508165661402108976e-03
1.550801757001375519e-03
1.751225403023263551e-03
2.371763622598055399e-03
2.607469087259869315e-03
2.682401286493859942e-03
3.142261074795977063e-03
3.568930474650725947e-03
4.331091571985259091e-03
5.752918961356563894e-03
6.566631109448198625e-03
7.309442900900773449e-03
9.179239275112648436e-03
1.085429020658677801e-02
1.619873336045135961e-02
2.142335280539451464e-02
4.768167757695872255e-02
6.132536351193772911e-02
1.442358938689123349e-01
4.501125602401536696e-01
1.095118317005498110e+00
2.569309298747858961e+00
