3.343594359540771194e-02
2.631633157714860852e-02
1.713560446091810449e-02
8.470844780982061950e-03
6.019549740833979139e-03
4.183039494429937472e-03
3.081415823015474890e-03
2.284891917085227903e-03
2.242614946957920477e-03
2.163736415142025662e-03
1.961368292934744829e-03
1.638544688815236428e-03
1.315991248971047417e-03
1.123704526538147177e-03
1.079493451671420046e-03
9.225583087161415979e-04
7.604925545493179066e-04
7.069761388807421949e-04
6.755614808699937591e-04
6.206677592106503872e-04
5.332882943895967190e-04
3.957120723831208681e-04
3.097043971066572917e-04
2.572295467461534917e-04
1.414074252425061350e-04
1.180882169550627721e-17
8.723293577686790570e-18
7.339537448082111293e-18
5.969220294325193235e-18
5.667282774905449097e-18
5.544730346530652277e-18
5.239770909188251530e-18
5.075100642241302290e-18
4.639005416847689746e-18
4.514852198139436254e-18
4.320370835971987161e-18
4.128958109125480808e-18
3.849184790593580816e-18
3.812612704845613700e-18
3.697794294932171123e-18
3.635516136477731706e-18
3.505953551311924465e-18
3.342581701800414847e-18
3.233092505361087504e-18
3.153256038551449392e-18
3.070702910349275189e-18
2.969220811590353541e-18
2.906658997221370054e-18
2.845626557143744553e-18
2.768133496572742707e-18
2.749652865263658559e-18
2.642665393606675317e-18
2.608641474549460066e-18
2.522606058406191880e-18
2.483784717890178711e-18
2.439407120189739289e-18
2.362660281836997388e-18
2.339617819211786244e-18
2.219787598015632230e-18
2.136913107302222324e-18
2.061554054452806468e-18
2.022222924269185787e-18
1.985497038730541960e-18
1.957615962740186782e-18
1.853938314529850513e-18
1.829203969118495493e-18
1.781530622621795443e-18
1.746912923005163181e-18
1.736247223576827898e-18
1.713537553714891579e-18
1.653082258697013609e-18
1.601799652821756920e-18
1.534938035820192646e-18
1.509361631678282540e-18
1.461437335894292956e-18
1.434213857466910418e-18
1.376553479962318473e-18
1.345301290833955376e-18
1.342624770830071669e-18
1.307778787401487932e-18
1.291170165913488015e-18
1.266422348651624098e-18
1.225162881730509685e-18
1.155963129894404235e-18
1.126308853316077466e-18
1.090529249306255253e-18
1.081171833948228280e-18
1.032217122627191429e-18
1.013924351541315176e-18
1.011205745195335715e-18
9.984727465052330775e-19
9.536647612080065583e-19
9.311425868025974909e-19
8.938041196443914614e-19
8.471205461707203158e-19
8.035842386669544015e-19
7.869423608929676461e-19
7.556279657205508312e-19
7.189889294450288258e-19
7.041547802699750933e-19
6.790500901987790873e-19
6.479079110066570366e-19
6.353326428507798830e-19
6.032043120716091515e-19
5.825856787723156955e-19
5.696234432170240996e-19
5.561127979650972050e-19
5.192797682366859836e-19
4.934778516804160759e-19
4.628555913525265434e-19
4.476008394060689133e-19
4.254192502815183860e-19
4.033312633810607708e-19
3.790955752876660182e-19
3.625331892260634560e-19
3.592027951101620490e-19
3.402932421818731983e-19
3.212307211613923164e-19
3.135426956475024899e-19
2.869005093315397320e-19
2.552007990647874205e-19
2.300558030520410974e-19
2.259325759477195355e-19
2.182852997941437213e-19
2.116617816742665730e-19
2.012179100540314248e-19
1.789525329425614365e-19
1.661218825792105120e-19
1.417009448687034546e-19
1.290460561156002242e-19
9.935282755571934267e-20
9.050384438949636776e-20
8.932589310345518614e-20
7.891380501910950337e-20
7.125304044017436269e-20
5.687339197475581598e-20
5.126683061470486927e-20
3.252850982869959816e-20
1.516015237140397706e-20
8.392484112694144699e-21
4.609333340568465907e-21
-5.367587765266630699e-21
-1.750418367618688349e-20
-3.031229913728256322e-20
-3.660755686105446760e-20
-3.927975366619949790e-20
-5.325120788876823624e-20
-7.898369844508781760e-20
-8.377586792855720399e-20
-9.790387428176474951e-20
-1.004398879777346140e-19
-1.193975095527020882e-19
-1.344081530334139519e-19
-1.523748566273203330e-19
-1.679722375619488668e-19
-1.903005414741917984e-19
-1.933905288478252734e-19
-2.261285410161552841e-19
-2.277064869435308546e-19
-2.406421238791570059e-19
-2.568095417556594588e-19
-2.674324918311197442e-19
-2.884989402125136632e-19
-3.239183936413138329e-19
-3.350131909876521046e-19
-3.416346114416528842e-19
-3.688147489281877617e-19
-3.772337101929867623e-19
-3.861272242351421892e-19
-4.276953943977299336e-19
-4.484851734027205804e-19
-4.695064483361110975e-19
-4.869525456233867792e-19
-5.028104242625649762e-19
-5.114008939540972163e-19
-5.355003069015075064e-19
-5.567280013679446067e-19
-5.767872798473170863e-19
-6.185164599802082057e-19
-6.356499143223115314e-19
-6.563671429786123599e-19
-6.655418853805709758e-19
-6.998747228945579986e-19
-7.218988244602947669e-19
-7.592225118702130310e-19
-7.722264849835376921e-19
-8.373951892247221772e-19
-8.657971433362983899e-19
-8.665280390948490457e-19
-8.971420186125684460e-19
-9.443544587288110221e-19
-9.552845881955881824e-19
-9.859739555648795856e-19
-1.001477474158019564e-18
-1.053140036110372103e-18
-1.081682060908256827e-18
-1.126213380975407814e-18
-1.134883560396441400e-18
-1.165033426954878845e-18
-1.188033829763676560e-18
-1.231980504496324926e-18
-1.247152180728043527e-18
-1.283541015944980048e-18
-1.321603517516181646e-18
-1.377323966332115691e-18
-1.422998381993463662e-18
-1.451412670542825771e-18
-1.488031374999294716e-18
-1.550413890368809652e-18
-1.608047591919405183e-18
-1.634201715827237621e-18
-1.671614333490705718e-18
-1.732852397615015883e-18
-1.756219665009695638e-18
-1.817771216841217774e-18
-1.843004096631490497e-18
-1.874315490590367222e-18
-1.908377924904431333e-18
-1.976778912617199597e-18
-2.035384995719473532e-18
-2.051472528008466155e-18
-2.110228844545867318e-18
-2.175060615981644532e-18
-2.232214013689003964e-18
-2.307331056531724135e-18
-2.360158251165504944e-18
-2.380249308407823493e-18
-2.473061992214167066e-18
-2.570980257222235410e-18
-2.574796298444304357e-18
-2.698778782855321587e-18
-2.750924578640942862e-18
-2.822375950229327848e-18
-2.883429227406735146e-18
-2.977814257991464914e-18
-3.061219164557430513e-18
-3.225318364981046819e-18
-3.288218002475943983e-18
-3.317907643754154421e-18
-3.466497007782617738e-18
-3.710610397069847781e-18
-3.821991800543787242e-18
-3.943624621296412131e-18
-4.116522938650479949e-18
-4.208740827084076001e-18
-4.251280215402250001e-18
-4.453281535138212623e-18
-4.566630073907787355e-18
-4.668721721397546995e-18
-4.990196316598963830e-18
-5.129897785876048024e-18
-5.367784754909021500e-18
-5.717823173445026126e-18
-6.522521092066889584e-18
-6.931667022992788400e-18
-1.390327363182191328e-17
