-1.283649983640769109e-16
-1.194034043246062401e-16
-9.913124961266652694e-17
-8.898652007331083120e-17
-6.328068428691202187e-17
-5.804682661970430377e-17
-4.295790294921412574e-17
-3.669906184827670186e-17
-3.587883328831737777e-17
-3.330938607517965839e-17
-3.065915993034980555e-17
-2.971593016545252304e-17
-2.885396430387317402e-17
-2.759977057364231931e-17
-2.634554384496451517e-17
-2.481571478214977787e-17
-2.423828557692262348e-17
-2.328654703249251841e-17
-2.201092796064489339e-17
-2.109147497418573221e-17
-1.977004039998057988e-17
-1.912197585255988748e-17
-1.809820084392684895e-17
-1.778622689927388787e-17
-1.705049807441841503e-17
-1.684208937767382816e-17
-1.648796682354477272e-17
-1.515397681541151100e-17
-1.512430360200932883e-17
-1.455776946152117073e-17
-1.335102469359315648e-17
-1.328838024191304493e-17
-1.295037259638864642e-17
-1.258635682726721104e-17
-1.226565961752304463e-17
-1.174318035254796110e-17
-1.162247542545158596e-17
-1.130475440929092753e-17
-1.114741771029150295e-17
-1.083525769991300540e-17
-1.001135973919126644e-17
-9.832020339094826823e-18
-9.708740238844393415e-18
-9.531964562466890062e-18
-8.942605394420246294e-18
-8.710356818762740418e-18
-8.456808852992571515e-18
-8.440166068934397972e-18
-8.176377788324034083e-18
-8.065005226869449609e-18
-7.716776138517606868e-18
-7.684171950412475538e-18
-7.515391488202663353e-18
-7.364939936445409347e-18
-7.117189201557241660e-18
-7.002501662811402499e-18
-6.836016234681627606e-18
-6.711956082903352450e-18
-6.448976426366073777e-18
-6.213189277359025514e-18
-6.159056502006452578e-18
-5.952151288204449778e-18
-5.821536781070577473e-18
-5.565917047672853566e-18
-5.539997854731839003e-18
-5.254065778855480928e-18
-5.062513265206071936e-18
-4.921186932380722763e-18
-4.858887939334719079e-18
-4.740157075794887272e-18
-4.604679127308396738e-18
-4.308527501276033639e-18
-4.248950892782884039e-18
-4.182614944964343941e-18
-3.925950345748857275e-18
-3.852688935331762480e-18
-3.752919466402095876e-18
-3.712130320796532189e-18
-3.514334145263797820e-18
-3.385526116760834304e-18
-3.318244298866081757e-18
-3.204375595999193812e-18
-3.118536722138609356e-18
-3.003817151960013299e-18
-2.809583283298576230e-18
-2.738779226907583180e-18
-2.706186996880475054e-18
-2.547802659161729452e-18
-2.388743077937227642e-18
-2.357104938739894975e-18
-2.164069785048567362e-18
-2.159661461597790906e-18
-1.956872067879399886e-18
-1.888423154231655282e-18
-1.846139262675455779e-18
-1.673457582942494897e-18
-1.624605198414695159e-18
-1.499765957664954782e-18
-1.414345777275704601e-18
-1.364767862402673403e-18
-1.304169521556056052e-18
-1.258269000847393378e-18
-1.103754046413342964e-18
-9.836103169541226232e-19
-9.188344353132029567e-19
-8.253601539144958276e-19
-7.189952096493688183e-19
-6.989900634278275701e-19
-5.804155714456844171e-19
-5.516813052586475586e-19
-4.718785071574362663e-19
-3.464745374598915786e-19
-2.878961861549824865e-19
-2.213184165220761529e-19
-1.810724213678418580e-19
-1.066299228336306241e-19
-9.095921671125353256e-20
5.824970160208805760e-20
1.899805286350462003e-19
2.572977732993457136e-19
2.740633887919708823e-19
3.351805864693507884e-19
4.158825246959224005e-19
4.715045175035128658e-19
5.969031035152220545e-19
6.619318343240540826e-19
6.904555802084963878e-19
7.675934345974312595e-19
8.861733481028430077e-19
9.363934244419657035e-19
1.029398763372872064e-18
1.109439279516081209e-18
1.173313694483196365e-18
1.371507483933610043e-18
1.403257201980206633e-18
1.439961551347996093e-18
1.604700020403762919e-18
1.674058193023821603e-18
1.694020663136669977e-18
1.733119000094109618e-18
1.897929586700543542e-18
2.001952509510194975e-18
2.054722710242877936e-18
2.103871707556200995e-18
2.182272814403571647e-18
2.282790584297272189e-18
2.377547008521887207e-18
2.533367507905920864e-18
2.607903838434452812e-18
2.671911410731403131e-18
2.784162981504262581e-18
2.979978679276924553e-18
3.003448679153020928e-18
3.168678675174743851e-18
3.361183685620398729e-18
3.475770379855817167e-18
3.605972861110393409e-18
3.690873275798058578e-18
3.776435620736046501e-18
3.970690154027658101e-18
4.127274120893653221e-18
4.259293315660486887e-18
4.416814528989376508e-18
4.493089038295454070e-18
4.548902111496478977e-18
4.699066076587571264e-18
4.967292348545263167e-18
5.173777973817994016e-18
5.330546408660981938e-18
5.390854590133972271e-18
5.513908223952566916e-18
5.785040818428378915e-18
5.919646418547492368e-18
6.084784445222038028e-18
6.383911782607974222e-18
6.464505266166863678e-18
6.630878683255591870e-18
6.963032480197669363e-18
7.020106754742324664e-18
7.151080442409813504e-18
7.403011192053739290e-18
7.589757392976784235e-18
7.731821598445628817e-18
7.925956681189242471e-18
8.206833434440033462e-18
8.319114840588225000e-18
8.498047132749247290e-18
8.652196993050288728e-18
8.990089814901581574e-18
9.134177841803425895e-18
9.662082129859487230e-18
9.796179524031142469e-18
1.010806836781596006e-17
1.034794973220488053e-17
1.077232650014853796e-17
1.099467082190700936e-17
1.152251570795449620e-17
1.156289259372152130e-17
1.215618676522455786e-17
1.246037035459883902e-17
1.299702681178431015e-17
1.325058656312217274e-17
1.341064319957839235e-17
1.436827243417188358e-17
1.460867898724639115e-17
1.516624900600712437e-17
1.561523328698836846e-17
1.618054618042460254e-17
1.657733104515783781e-17
1.743615076847031708e-17
1.776992960221463029e-17
1.850483968337413047e-17
1.934329312532523779e-17
1.940919872433359400e-17
2.162090533665886914e-17
2.240237755208375059e-17
2.289171176503577949e-17
2.395977887758570222e-17
2.482262248798537237e-17
2.526751030882718713e-17
2.611485043437962238e-17
2.809154343375497242e-17
2.898687182452823542e-17
3.123927605740593117e-17
3.311541363265259782e-17
3.756191727027987136e-17
4.014958158272662585e-17
4.159344020172107483e-17
5.088875499879226201e-17
5.959548451603549520e-17
7.267483600450168903e-17
2.714750915373428898e-04
4.241310202664368666e-04
8.692985503092971657e-04
1.082929941552451293e-03
1.406080601881817480e-03
1.563284304032613176e-03
1.921288511851589921e-03
1.977713357823426572e-03
2.479719221589282534e-03
2.934300475132046483e-03
4.511378712164051605e-03
5.294711868761047165e-03
6.637867576288285741e-03
7.319749265326162477e-03
1.404360785295922717e-02
1.929227802077098167e-02
2.075103363962252367e-02
2.516912264787376022e-02
2.622094103327222286e-02
4.895796851635043218e-02
5.296508216675562680e-02
1.412239644897032576e-01
4.409101891859311118e-01
6.836862882101041317e-01
1.204554969701500333e+00
