-4.761115109825821522e-16
-4.139998199180816811e-16
-3.505370793061851051e-16
-2.985296811745211473e-16
-2.471490795491432643e-16
-2.337898348096916244e-16
-1.889923772060849035e-16
-1.847684824612848218e-16
-1.614596006838059444e-16
-1.498526724196902585e-16
-1.437311676747373076e-16
-1.311083369800325926e-16
-1.214931885908496009e-16
-1.180245444352680986e-16
-1.097586651597084909e-16
-1.063464984931479313e-16
-1.041511798460619894e-16
-9.855933710653725944e-17
-9.745432982750760817e-17
-9.060882965928235502e-17
-8.859409183476686493e-17
-8.598310015889809790e-17
-8.237106843818035583e-17
-7.949873919819955985e-17
-7.498096670053091086e-17
-7.353476125067816337e-17
-6.934420774357662156e-17
-6.725563301321014364e-17
-6.549597744910821771e-17
-6.334471252397290294e-17
-6.181451415616101239e-17
-5.936059448514815137e-17
-5.776888508146878766e-17
-5.460616040659396303e-17
-5.315156784155367278e-17
-5.208546847212203452e-17
-5.064256859650003839e-17
-4.977398760014831037e-17
-4.726324151018390186e-17
-4.516871469277527880e-17
-4.439478702237791531e-17
-4.364363673065482676e-17
-4.153129483595220358e-17
-4.028819599894301569e-17
-3.850047877622363175e-17
-3.816262463478154353e-17
-3.688067608115577653e-17
-3.540336725170223714e-17
-3.521630316848988531e-17
-3.398789287426521634e-17
-3.280312392175450902e-17
-3.244473574908736524e-17
-3.097292688515222466e-17
-2.989768136718791396e-17
-2.854977377944288412e-17
-2.719939103784279165e-17
-2.656243761000606073e-17
-2.501186732200048380e-17
-2.484988704645492861e-17
-2.384880482162236038e-17
-2.283473856403003199e-17
-2.219400169097159173e-17
-2.132808313335339269e-17
-2.110668151370075528e-17
-2.025415586730980662e-17
-1.942197784490675237e-17
-1.839709625523109038e-17
-1.801624356481745967e-17
-1.722485790713448728e-17
-1.687695729927093336e-17
-1.586844289941781567e-17
-1.491198594158529330e-17
-1.469938689357948913e-17
-1.413267454212013684e-17
-1.350788004681397601e-17
-1.272549689864513765e-17
-1.218432197766512832e-17
-1.121372755525471627e-17
-1.095809404117032258e-17
-1.034442070555832114e-17
-9.886866967576855442e-18
-9.210163125893922126e-18
-8.742232089024208243e-18
-8.457302705400306842e-18
-8.072481329042070336e-18
-7.242865611539107297e-18
-7.110828432448322948e-18
-6.964911881691466396e-18
-6.499229417546810176e-18
-5.644870375009181604e-18
-5.272225591708273643e-18
-4.510703303003508520e-18
-4.128399973801166211e-18
-3.647283540665123503e-18
-3.128812986635458733e-18
-3.076148009010785850e-18
-2.754731563186389265e-18
-2.572972808514631167e-18
-2.108510992030261546e-18
-1.735641940189667164e-18
-1.666352706867132775e-18
-1.102938181346254642e-18
-8.396326198029632722e-19
-6.799004216361234425e-19
-4.614631351384323654e-19
-2.412597810126001570e-19
-1.813568639515887467e-19
-1.501125761182010256e-19
-1.191022700587663396e-19
-8.405972527464846492e-20
-5.342703131820175295e-20
-3.778268530672830629e-20
-2.647991644903737471e-20
-1.190659934022790213e-20
-4.741237393125792173e-21
1.420659425316073804e-23
5.378135601045523421e-21
2.355865009241993101e-20
3.745345865724200746e-20
4.988347200977558032e-20
7.913234261226188531e-20
1.578185063792058136e-19
1.847342349156933839e-19
2.006793381748113439e-19
3.685732247016893995e-19
4.787228276564174454e-19
5.838367063005007791e-19
6.593830319414604504e-19
8.682603780291119790e-19
9.166827577578923810e-19
1.197605695124667386e-18
1.536748885622356925e-18
1.787603003115513032e-18
2.099213421156731687e-18
2.500353982579451279e-18
2.797428238038502784e-18
3.406899077193500527e-18
3.913082825044908708e-18
4.117966295173225986e-18
4.413782092380844260e-18
5.019586985836293684e-18
5.323598969204994594e-18
5.479660150366695069e-18
5.917075203303352557e-18
6.345109889376035349e-18
6.822009681039487427e-18
7.294710773347866070e-18
7.947142314240637880e-18
8.197218024316283290e-18
8.877053235558346936e-18
8.974075014763432222e-18
1.045633590333197522e-17
1.100622770718604035e-17
1.124594706557978639e-17
1.232804884398896803e-17
1.241587876580778753e-17
1.292884695130052432e-17
1.366171092036564670e-17
1.371718748176918145e-17
1.475658493425670206e-17
1.638528780197880269e-17
1.667635920678983304e-17
1.690327157825888378e-17
1.775477275110737380e-17
1.824447809457214918e-17
1.878676042885770794e-17
1.967946593872369034e-17
2.017662125531481188e-17
2.122632507296328682e-17
2.200926658177796585e-17
2.245344869284020341e-17
2.438789011645939497e-17
2.489702717218564355e-17
2.614559236731568687e-17
2.683095175738384442e-17
2.830699666909559047e-17
2.901519437687699335e-17
3.006346216508865369e-17
3.097949710790798800e-17
3.266176192106264879e-17
3.305892803769621832e-17
3.399316159484889567e-17
3.459115513335859398e-17
3.576515232337626571e-17
3.632974075966680311e-17
3.818032937778896943e-17
3.962021206980363139e-17
4.260170996572069503e-17
4.416521438724496733e-17
4.509135692137861054e-17
4.632305157691131076e-17
4.825208008558556234e-17
4.883821236407789508e-17
4.976412527103572376e-17
5.116526522571557840e-17
5.229311430639427236e-17
5.331397269928118860e-17
5.512952554846976944e-17
5.635534240729076702e-17
5.994376254440226299e-17
6.161632348925389732e-17
6.383318682128699046e-17
6.621511678925648787e-17
6.692050185731588976e-17
6.951890596813188149e-17
7.091933989804297927e-17
7.537354510167775650e-17
7.754026296306677561e-17
8.051254910654598484e-17
8.561816377881676512e-17
8.803757041515407804e-17
9.029832207136458964e-17
9.604616328851939348e-17
9.760466041341696395e-17
1.031492057376399620e-16
1.087835102225817254e-16
1.130273297347840980e-16
1.196608437172130937e-16
1.215526222704678484e-16
1.296551707871550700e-16
1.376357793607281748e-16
1.413562040238701338e-16
1.463499443509975381e-16
1.749912817539493193e-16
1.817084892370152846e-16
1.981677540472123772e-16
2.366311240446134725e-16
3.053924386213258145e-16
5.918067957924865410e-16
8.009227910770364253e-16
9.810115226934297411e-16
1.490849948302203293e-04
8.191945830187205178e-04
1.223164445203830941e-03
2.416787685431404879e-03
2.681662332197834366e-03
2.984875558886247726e-03
3.462724020641756023e-03
4.496438656373175601e-03
6.104219727128978694e-03
6.185398114212183052e-03
8.577455527088972617e-03
1.109232427894296311e-02
1.159555915032342739e-02
1.955510622419399588e-02
2.488798139618741967e-02
4.031342657826467862e-02
5.137849288256005065e-02
5.873340011525746140e-02
9.993369788402295395e-02
1.084785654511202374e-01
1.637844486473677419e-01
3.405136781065037921e-01
1.750816772268747323e+00
4.342056442216250645e+00
1.036868071404967395e+01
