-7.192091712410894779e-16
-4.328965642003200359e-16
-2.286947265260692315e-16
-1.550524136611785114e-16
-1.397503552107620517e-16
-1.353472986648033068e-16
-1.054443624404601532e-16
-1.002567272883357495e-16
-9.280629065454952223e-17
-8.648889624993928510e-17
-8.440077507531925279e-17
-8.136132234015755286e-17
-7.138553602938088773e-17
-6.885407016585619977e-17
-6.182213562342703284e-17
-5.994291033091264202e-17
-5.885565126489335168e-17
-5.565274310266347860e-17
-5.385030813677377600e-17
-5.219541052411979261e-17
-4.973554573913925166e-17
-4.723492009347783630e-17
-4.602744047739318320e-17
-4.541268374708080646e-17
-4.257002758716370240e-17
-4.131951153326967802e-17
-4.048111068736560277e-17
-3.830959288173283626e-17
-3.672344832735028903e-17
-3.529821172102194723e-17
-3.384551521685868049e-17
-3.317595278425493288e-17
-3.261972427812910812e-17
-3.111257299742777541e-17
-3.033860915104524973e-17
-2.930263427181521554e-17
-2.872905096913187890e-17
-2.735284544822613425e-17
-2.632497079747484775e-17
-2.504778432311969650e-17
-2.420479775803804425e-17
-2.415697539005787680e-17
-2.287580779732433896e-17
-2.266465056565555842e-17
-2.227649133648651738e-17
-2.184478853862864163e-17
-2.128726862809872197e-17
-2.084460511353540358e-17
-2.008032709251283997e-17
-1.899307250681196165e-17
-1.858621826991847872e-17
-1.825416222869702526e-17
-1.770446320769637858e-17
-1.733705572128359684e-17
-1.675456478248495010e-17
-1.637317635036283454e-17
-1.577490189983787145e-17
-1.546947369177657178e-17
-1.478853039938593075e-17
-1.455212339141745473e-17
-1.414801508504860348e-17
-1.408591495624458526e-17
-1.373672293544386191e-17
-1.363199380341519007e-17
-1.275321288538438443e-17
-1.220277229798556102e-17
-1.190961300243055593e-17
-1.173915317340965187e-17
-1.121578767957244383e-17
-1.105120658571383042e-17
-1.060736613715302784e-17
-1.049719160792841169e-17
-1.008227570868222042e-17
-9.827637162873402899e-18
-9.477947307799573411e-18
-9.209042642378028218e-18
-8.945960688250130297e-18
-8.773991800285756846e-18
-8.285980959849648961e-18
-8.204271142444461738e-18
-7.831879970527650869e-18
-7.668477922926103648e-18
-7.190301579305811728e-18
-6.891511064813077658e-18
-6.437036050972361271e-18
-6.293736720031363761e-18
-6.132887473601099395e-18
-5.970362668882327816e-18
-5.644779829899733323e-18
-5.439961725090683976e-18
-5.108047635284479915e-18
-5.030783118956496727e-18
-4.663763611935957296e-18
-4.498644820321163628e-18
-4.269507196014569934e-18
-4.051019089397753973e-18
-3.741988828940239493e-18
-3.495132121099369310e-18
-3.343592608643819628e-18
-3.173334710738752396e-18
-2.805168693765616411e-18
-2.703566619551086514e-18
-2.526776062645092383e-18
-2.199498366098484253e-18
-2.066620304414166137e-18
-1.831203105691761275e-18
-1.710016162264070055e-18
-1.438456556993256700e-18
-1.149967454960944499e-18
-1.016394491881854214e-18
-9.501283973669076535e-19
-5.910640692211892800e-19
-4.731305133268678818e-19
-3.290061172390789349e-19
-2.951302824630286520e-19
-8.402513900160600114e-20
2.833038644957815442e-19
6.017093284583668592e-19
8.448970023564631558e-19
8.971334275228038698e-19
1.082965140009064813e-18
1.325104868656971212e-18
1.411633230991180656e-18
1.673439034191936329e-18
1.722333647223422367e-18
1.908256743503215465e-18
2.377950969337810947e-18
2.497527516189285894e-18
2.759820574191857138e-18
2.876987058128702208e-18
3.034913189537855306e-18
3.154038044553452863e-18
3.292172212564120567e-18
3.590756553134907871e-18
3.648934282088770575e-18
3.830318341753229535e-18
4.079244345344438590e-18
4.300862341337156265e-18
4.521483359026956039e-18
4.711904009248530442e-18
4.884691276115638485e-18
5.031472122305808598e-18
5.249304999165703452e-18
5.581356867056091604e-18
5.871842565647430547e-18
6.057055452615931190e-18
6.323119625707527088e-18
6.481796053314714462e-18
6.922354945915334897e-18
7.290446861495371687e-18
7.429313918915735009e-18
7.828088859942553346e-18
8.225420669113242325e-18
8.457699529001066337e-18
8.677465392338245958e-18
8.964765117581484000e-18
9.409630119835538463e-18
9.632960851653132193e-18
1.017984534794435389e-17
1.021928872239692464e-17
1.046311634334098936e-17
1.111086562179170883e-17
1.138753636181157478e-17
1.163089987618031862e-17
1.199913232403642290e-17
1.217518432896476256e-17
1.274020030578989305e-17
1.305202816023415099e-17
1.372536706743486246e-17
1.409028670187174983e-17
1.418664330935438037e-17
1.450578713846897393e-17
1.475197551789963468e-17
1.534083503091361376e-17
1.562665625449645362e-17
1.634342894370100799e-17
1.713189530307504253e-17
1.721756591614967675e-17
1.805489122437768009e-17
1.835103029436212909e-17
1.857196775312841378e-17
1.926398272255237410e-17
1.975741155863780515e-17
2.016732661972346507e-17
2.121175667098908667e-17
2.135318161024238428e-17
2.199371333501536758e-17
2.271848977803178833e-17
2.354824845718838715e-17
2.410706316108039071e-17
2.579801545112233731e-17
2.616902710826820474e-17
2.672122346884344174e-17
2.759086591938453659e-17
2.828714143045101048e-17
2.905422991533822874e-17
3.022133306367201320e-17
3.099581390032243152e-17
3.198119413879588273e-17
3.294449189589455625e-17
3.369023097516464488e-17
3.560542033653967276e-17
3.696364105037220110e-17
3.772186611900101491e-17
3.878026151684273455e-17
3.924458883217337602e-17
4.018382841465224143e-17
4.175839045092604508e-17
4.594971364355288632e-17
4.717130130886360288e-17
4.831134848827261641e-17
5.149999654400018801e-17
5.440398810866091895e-17
5.668094893418698413e-17
5.879058989747839880e-17
6.257766461676697146e-17
6.481651164259849389e-17
6.575677524572702539e-17
6.696439163909187898e-17
7.356539848078035610e-17
7.778569588562394110e-17
8.414107363161069038e-17
8.583511267266627964e-17
9.386193970303605499e-17
1.003556010978660257e-16
1.178095820200551878e-16
1.224406812759180243e-16
1.493141882428456279e-16
1.522132484357361012e-16
2.249423337896179127e-16
3.802376317518658378e-16
6.674880636142508468e-04
1.050477107918945229e-03
2.426636934017235327e-03
2.951311477494228484e-03
3.354813117879701986e-03
3.785588906540129743e-03
4.054875148774429727e-03
4.987903134595820728e-03
5.447641295461924486e-03
9.620923824723022488e-03
9.866148173144595815e-03
1.118026272175538099e-02
1.537888220622633806e-02
2.336175257170304206e-02
3.202392056238336643e-02
3.628138340168267362e-02
4.439600526436167371e-02
6.223510776093075375e-02
6.587329257116904258e-02
9.947656628368900522e-02
1.289701305679302468e-01
3.056742760015918048e-01
1.039094216273987570e+00
2.280783972246508640e+00
4.575369549248776480e+00
