-3.715146613829337641e-01
-1.366957876131485450e-01
-1.171350120542203332e-01
-6.683108601420062467e-02
-4.996964446302287061e-02
-4.591832275210849801e-02
-3.074259244550840708e-02
-2.960768523846466632e-02
-2.754930972596582664e-02
-2.673480026117126818e-02
-2.429881285264772969e-02
-1.970839622130427654e-02
-1.790964278149592345e-02
-1.632835418464562149e-02
-1.539418162808005829e-02
-1.354702099467520147e-02
-1.160362596160198836e-02
-1.077163801965029186e-02
-1.002677595229206978e-02
-9.136472072886751838e-03
-8.559992316854482530e-03
-7.625553503199261098e-03
-7.313861541856708434e-03
-6.717256357996283234e-03
-6.476658825527953009e-03
-6.236888506253956618e-03
-6.013831167942621479e-03
-5.183512704531947901e-03
-5.155496275332390431e-03
-4.953105211635294540e-03
-4.505689119401603410e-03
-4.247994611919925917e-03
-4.120471382325414933e-03
-3.945754324560739497e-03
-3.582986536170113326e-03
-3.423326050880120403e-03
-3.321921661390578404e-03
-3.229985589332444711e-03
-3.041168089092923053e-03
-3.012476880317330359e-03
-2.868589329373153266e-03
-2.720093479928383309e-03
-2.597786144640803607e-03
-2.542239362102112141e-03
-2.373489855981820908e-03
-2.288659823143434670e-03
-2.230172382592555177e-03
-2.110759731473083739e-03
-1.945790402582534126e-03
-1.898994869757648050e-03
-1.832141466208212031e-03
-1.784996054790695483e-03
-1.734269188325073506e-03
-1.655229773435203718e-03
-1.624330216147282365e-03
-1.598764930498843689e-03
-1.534424519106346828e-03
-1.514283387430523809e-03
-1.458705152762933407e-03
-1.423400431136972706e-03
-1.374565910491519320e-03
-1.316956179267033929e-03
-1.221442145191431895e-03
-1.174339863454553021e-03
-1.148280722000900693e-03
-1.128881008786360510e-03
-1.079340457305959840e-03
-1.052081421461946355e-03
-1.001134948941045846e-03
-9.850327698453327160e-04
-9.392189334430956242e-04
-9.123257611437670094e-04
-8.765694237644254625e-04
-8.621855526850280733e-04
-8.243279271303360694e-04
-8.093377812512392994e-04
-7.991720722075501722e-04
-7.665494902660668344e-04
-7.458537745816729882e-04
-7.395070797119123428e-04
-7.290083001827930755e-04
-7.129249314964193661e-04
-6.967365850812365976e-04
-6.796502480198497341e-04
-6.408006554375196518e-04
-6.288155310741306517e-04
-5.883711992622888201e-04
-5.704336603389727027e-04
-5.338224428903582709e-04
-5.208422323115294815e-04
-5.011932077871955821e-04
-4.821794400109489067e-04
-4.739969525293728347e-04
-4.657404850013756726e-04
-4.591644663101711104e-04
-4.492054237973211223e-04
-4.336032567160894285e-04
-4.253276044765088074e-04
-4.043975823515927001e-04
-3.878794668068322204e-04
-3.836644037634034401e-04
-3.706912863721863053e-04
-3.644291376006308036e-04
-3.485558965790000203e-04
-3.478299563612313847e-04
-3.377892361266303617e-04
-3.293290453629883264e-04
-3.187701569483666420e-04
-3.067530677219628527e-04
-3.032116779420991680e-04
-2.941156125385742371e-04
-2.912739241732785283e-04
-2.794831448321193545e-04
-2.742556257352490932e-04
-2.579092388265261690e-04
-2.413704246619349043e-04
-2.395305156822482651e-04
-2.288310651597801374e-04
-2.218873954503797837e-04
-2.177502953794553588e-04
-2.154033847213455174e-04
-2.075687884376169949e-04
-1.980048373932796605e-04
-1.965476230776910728e-04
-1.901696954942376559e-04
-1.869994848169633525e-04
-1.814359389907155046e-04
-1.788271462481111156e-04
-1.731321330263182546e-04
-1.668774774567890931e-04
-1.578187233497923083e-04
-1.510973795709646321e-04
-1.483514009260218907e-04
-1.471955776465415507e-04
-1.461582724343267990e-04
-1.381915597372622830e-04
-1.355869093114341864e-04
-1.323112182931220505e-04
-1.308679001854236583e-04
-1.287172454121607345e-04
-1.217736520943795938e-04
-1.178613921069043342e-04
-1.146003261193105323e-04
-1.111312260037770845e-04
-1.081410076670081080e-04
-1.053343859064830165e-04
-1.005417694997700679e-04
-1.001478580967645854e-04
-9.785651047492154931e-05
-9.462829702151345280e-05
-9.067349570151233943e-05
-8.834268242522345623e-05
-8.643403630921331912e-05
-8.480675633237817019e-05
-8.276613267019270294e-05
-7.904383061674191322e-05
-7.574365960178522904e-05
-7.399818336998181540e-05
-7.249393829144716887e-05
-6.861413783794753510e-05
-6.754747168383712591e-05
-6.465218287661371780e-05
-6.331481809956915146e-05
-6.094574396893097579e-05
-6.034267572511775270e-05
-5.800636454095634052e-05
-5.669495529369353835e-05
-5.537412401834437679e-05
-5.349007338810192192e-05
-5.139739815581612005e-05
-5.074541346397326688e-05
-4.952538251989813952e-05
-4.889248783832953225e-05
-4.765513233024280267e-05
-4.554785623042820945e-05
-4.362836598354281821e-05
-4.334529664762430402e-05
-4.203132186849715789e-05
-4.107484296812619707e-05
-3.985547436195560340e-05
-3.790156171993207880e-05
-3.745672568584669575e-05
-3.561926004025508179e-05
-3.365571639191396652e-05
-3.152344211388887065e-05
-3.063721037031186701e-05
-2.930271113829476429e-05
-2.788114074775559264e-05
-2.764614663226209746e-05
-2.714147984136342385e-05
-2.667350492101311550e-05
-2.564560437534717851e-05
-2.453749279956599498e-05
-2.421677334863458125e-05
-2.149391199469379986e-05
-2.082999221981015597e-05
-2.043918763358319599e-05
-1.997945981115169502e-05
-1.899769352299179620e-05
-1.788975352056313648e-05
-1.669090949751785707e-05
-1.555665680506554380e-05
-1.541314462704125905e-05
-1.403742021627584318e-05
-1.371151882993425398e-05
-1.296079354145847335e-05
-1.288167113472998014e-05
-1.192438349248243054e-05
-1.086003037931562605e-05
-1.048975679339192659e-05
-9.852865816013710730e-06
-8.778446079337178047e-06
-8.472485419913493196e-06
-7.259531242341761861e-06
-7.142688412586707668e-06
-6.788659827375179662e-06
-5.865029800243170730e-06
-4.392262928051472979e-06
-3.689165779336462908e-06
-3.126484576056053680e-06
-2.538619483565468801e-06
-2.138389652970620859e-06
-1.605545497258594180e-06
-1.083581530422503433e-06
-9.191589708823945105e-07
-7.041141207646061988e-07
-3.889473840450459916e-07
-3.551337010280744400e-07
-3.519834339537072890e-08
-1.103472946359094937e-18
2.027377792414254975e-19
4.019995523006241187e-08
2.193830620655617660e-07
4.183453555169917166e-07
5.081723956618792570e-07
8.636374828072784032e-07
9.100319959530477902e-07
1.133733423887134509e-06
1.610053863281121002e-06
1.762174945772068309e-06
2.083735413939120338e-06
2.218300575468193729e-06
2.728082999239488012e-06
2.820638293831087167e-06
3.340320912912987660e-06
3.631100080067590399e-06
5.256619191350702603e-06
7.331559696204119425e-06
8.310843102633258753e-06
1.547956099466958437e-05
2.188813527883211668e-05
2.353283700415081443e-05
2.640844019691718843e-05
3.153350870335951768e-05
1.192425334194971252e-04
5.123941533984158886e-03
