-5.990805740447773253e-01
-9.410662868948441173e-02
-6.095765237867840913e-02
-3.887704344712242244e-02
-3.443305969812069517e-02
-1.806286930571811278e-02
-1.476866488034130759e-02
-1.303086244834067951e-02
-1.068304994164269439e-02
-8.960035963461315811e-03
-6.894178058939976102e-03
-6.490370490837954996e-03
-6.140845825814497325e-03
-4.813267415061231458e-03
-4.301173698216671261e-03
-4.151800897525341136e-03
-3.860253715323732227e-03
-3.054058477758898535e-03
-2.744785832973330088e-03
-2.463621924684890763e-03
-2.343540236437913812e-03
-2.130272361648919907e-03
-1.998198457829373012e-03
-1.865778960404787827e-03
-1.590881511561290009e-03
-1.417104156826707413e-03
-1.356670821383284880e-03
-1.320617448879817923e-03
-1.089308344649481250e-03
-9.874840196344176341e-04
-9.423427486435120761e-04
-8.120732145876977245e-04
-7.798891714972138638e-04
-7.738995614095504514e-04
-6.596196744854071568e-04
-6.544345101980788421e-04
-5.943560017293514569e-04
-5.543084547575434637e-04
-5.175964529559433109e-04
-4.742248173969940356e-04
-4.534044066910586216e-04
-4.179545870376418079e-04
-3.868481145401801496e-04
-3.763581972633241960e-04
-3.482123744216603762e-04
-3.331942155767488164e-04
-2.910201195691837798e-04
-2.636709401803126462e-04
-2.509789719100687100e-04
-2.405836226473673104e-04
-2.154531324490802124e-04
-2.002288973326231587e-04
-1.873465204511900572e-04
-1.826087224137059066e-04
-1.697261122990527144e-04
-1.432839428390790711e-04
-1.392461725982292080e-04
-1.292475148474996798e-04
-1.257505653644527030e-04
-1.180300711141803334e-04
-1.063638834690358006e-04
-9.531399583425065986e-05
-8.950497219771330008e-05
-7.892889153555828310e-05
-7.117646000367967634e-05
-7.011221111950011913e-05
-6.580825819757630645e-05
-5.893237281823118616e-05
-5.563174604757029578e-05
-5.259682985038468064e-05
-4.892467735110101785e-05
-4.690882153307031029e-05
-4.386177393981419213e-05
-4.131406470979862705e-05
-3.708138844452620525e-05
-3.458138616028050299e-05
-3.146140224616681118e-05
-2.970281900138618797e-05
-2.754642383072134984e-05
-2.568646883749241326e-05
-2.378663471230472683e-05
-2.029116598794095808e-05
-1.712533019418393512e-05
-1.546227118504602961e-05
-1.456049867294405636e-05
-1.271818376063218474e-05
-1.227462969093258676e-05
-1.031941123268686740e-05
-9.889011075372555732e-06
-8.756586135768371901e-06
-8.053994108488011789e-06
-6.634393536218517361e-06
-5.791217731900590603e-06
-5.323571698356559984e-06
-4.664956324879921308e-06
-4.384801052458233747e-06
-3.651645264748794686e-06
-1.935442853027454930e-06
-1.490862372388856599e-06
-1.254211839675249431e-06
-1.046488070978945416e-18
1.095270919469785996e-18
9.818931108541518275e-08
9.664197251301384092e-07
1.046342789493264068e-06
1.291735030811596764e-06
2.765004803345060843e-06
3.434437985735183236e-06
5.101005366567278439e-06
5.373497391119665268e-06
6.254173723082337377e-06
7.471328302292241092e-06
1.036263614161154193e-05
1.071753459864991548e-05
1.308549394294586703e-05
1.439224919559388177e-05
1.519731148317231234e-05
1.695580115716041809e-05
1.754500274402505475e-05
1.852826968166430141e-05
2.149236449182862299e-05
2.281296249311823410e-05
2.342768076524893935e-05
2.584881599188083956e-05
2.707817974564036951e-05
3.122604067975293053e-05
3.287577011603733297e-05
3.595188817971672630e-05
3.793853737447334452e-05
3.913379177147924482e-05
4.114339984525569637e-05
4.512983368731529637e-05
4.963600240915144122e-05
5.021012639670439112e-05
5.632347648097336598e-05
6.262362561402769158e-05
6.322636051285364053e-05
6.618438460335076949e-05
6.837999107610482740e-05
7.686778382699573542e-05
7.871495123426524426e-05
8.442393275779698687e-05
9.010667970741599662e-05
9.394396082829003700e-05
9.484174872803303265e-05
1.014498096567171431e-04
1.034092471215549889e-04
1.089129209081982129e-04
1.157730431647374544e-04
1.174789208023245145e-04
1.247410631004552712e-04
1.289257039522055583e-04
1.350996682842089654e-04
1.468061821972041589e-04
1.496199833357807814e-04
1.670936250145773597e-04
1.786206362580636177e-04
1.906289451114165964e-04
1.948642892595584138e-04
2.011084384258632677e-04
2.025985423104228740e-04
2.209800144960680441e-04
2.249318661012916429e-04
2.463425813870265008e-04
2.556141678232736521e-04
2.641897986437936365e-04
2.715231709632623413e-04
2.805719845554112326e-04
3.012939764123131483e-04
3.123170489842266666e-04
3.216703143350554094e-04
3.315684578540393167e-04
3.384348263281938374e-04
3.551399527602258871e-04
3.799277868538034238e-04
4.075164403095606416e-04
4.186234233390585444e-04
4.371190666238589637e-04
4.598759734645872571e-04
4.665116196371962821e-04
4.917158961214184885e-04
5.200209238889262446e-04
5.439491850421125521e-04
5.664036157763465166e-04
6.020079595048100215e-04
6.254301389720278489e-04
6.472682096960620524e-04
6.663993269803500505e-04
7.105911898412678148e-04
7.480863086221498830e-04
7.736010398112158019e-04
7.993288837301207404e-04
8.597947873021007797e-04
8.698699280395322687e-04
9.139265573167472401e-04
9.997370271254437096e-04
1.019634166015568645e-03
1.041013436930511007e-03
1.065836341208778156e-03
1.151138117742539144e-03
1.236114089078319770e-03
1.260981537238215714e-03
1.281408831248100890e-03
1.395563440925587763e-03
1.484688610928975010e-03
1.554956945244356228e-03
1.678870554483472216e-03
1.710480847995160319e-03
1.764108881821881266e-03
1.895680781165629209e-03
1.982514050807052033e-03
2.140920744333506005e-03
2.251223861172941664e-03
2.411594951840047296e-03
2.492001527200628404e-03
2.536010054738282483e-03
2.811379885052484560e-03
2.915518486622503767e-03
3.067831899521041451e-03
3.252519655040156388e-03
3.434167895555412069e-03
3.755694383260605937e-03
3.839662792395808454e-03
4.175783987688712687e-03
4.460773795804113921e-03
4.752300986581277711e-03
4.979643014511028407e-03
5.264487200035987760e-03
5.929612528522996105e-03
6.324806303502385207e-03
6.460732664349005776e-03
7.245184175656825890e-03
7.788132515302390729e-03
8.194445317304909632e-03
8.499966540763575704e-03
9.889749605635992508e-03
1.077042053407281479e-02
1.123071520185528124e-02
1.295522236826174116e-02
1.390953459971752508e-02
1.560738371582013478e-02
1.680008503213020060e-02
1.819484338470711560e-02
2.402662942847843403e-02
2.465346158547322003e-02
2.573829541317219569e-02
3.210749145317739334e-02
3.646090609594555831e-02
4.143551480608703014e-02
5.520592664650643411e-02
5.931593561792254665e-02
7.703518838825405834e-02
8.988891740300414268e-02
1.319767324488009819e-01
1.598511740620345012e-01
2.443140329987203152e-01
