2.463345903168783629e-02
2.242644513737127726e-02
1.551084250203683089e-02
6.921385109533672447e-03
4.625924621765588676e-03
3.595276471256309697e-03
2.742306013555238873e-03
1.914271653675924528e-03
1.797919214020563461e-03
1.732020829014732644e-03
1.534314268722405169e-03
1.270071223708661408e-03
1.209229625879220229e-03
9.030766071582935293e-04
8.684783733549082977e-04
7.304105977402134678e-04
6.633989333945594993e-04
5.803960866811629571e-04
5.547972867023791711e-04
4.702905594239084001e-04
4.628641155446266606e-04
3.640801972447030711e-04
2.755428741911462149e-04
2.158066072087927684e-04
1.119043012631008827e-04
6.888385641706003752e-18
6.221820863602061464e-18
4.794459404612879830e-18
4.641637429624073328e-18
4.447539105528832074e-18
4.027730068239287616e-18
3.968533893455881145e-18
3.890187930050127349e-18
3.700493775869094904e-18
3.530331709685708626e-18
3.505851302822976972e-18
3.393177440950692068e-18
3.191548103483427198e-18
3.042752666877344748e-18
2.991480132756239604e-18
2.898846201482298407e-18
2.815010997460051300e-18
2.695297448451558942e-18
2.648800376113138710e-18
2.616391666095893212e-18
2.537102962804635782e-18
2.501477779586243867e-18
2.358358181818245895e-18
2.293181702973952933e-18
2.236327473829277016e-18
2.220130699526903429e-18
2.171340827960832076e-18
2.107353540723016785e-18
2.045314489887764676e-18
2.008186215666327476e-18
1.971825276158045000e-18
1.961881453231705342e-18
1.890972964719963901e-18
1.829506567641441148e-18
1.790172420668723701e-18
1.778220940839400734e-18
1.716944419144654130e-18
1.664672574608562205e-18
1.657543318870332209e-18
1.616670936565626294e-18
1.604554058967235798e-18
1.524076685498357090e-18
1.477768573503064053e-18
1.450711694527695147e-18
1.419510684210183783e-18
1.400243768315840763e-18
1.353531621967678893e-18
1.332247665604289134e-18
1.290208672438365957e-18
1.263043637658088687e-18
1.254100725258982926e-18
1.211747248162818562e-18
1.181007139701383721e-18
1.126487845998032529e-18
1.119681269896360290e-18
1.072567429839935840e-18
1.031209266992162949e-18
1.011131381399220838e-18
9.880613281525140223e-19
9.685030576893199673e-19
9.600501770260202331e-19
9.244809642735844974e-19
9.024545131731089850e-19
8.583330457216860409e-19
8.233413834990692438e-19
8.014428845777485018e-19
7.902574180332263081e-19
7.638196437320927638e-19
7.516746392740212881e-19
7.359118105640708017e-19
7.224136175343752347e-19
7.069978769328978151e-19
6.679145725229351540e-19
6.581831010018721647e-19
6.240614171268987395e-19
5.967748218787996996e-19
5.833522911651035992e-19
5.419766453470195475e-19
5.353465197804104232e-19
5.305389508637712045e-19
5.034971925831674570e-19
4.870509060078443841e-19
4.445439519852422337e-19
4.357308358608924533e-19
4.263039475732844108e-19
3.969463744849618172e-19
3.724695090520679097e-19
3.683500690226748888e-19
3.568255778800495968e-19
3.396102778460706783e-19
3.103440691700910001e-19
2.928690314352691620e-19
2.864575638910616348e-19
2.643579386653539100e-19
2.498667577418665003e-19
2.401531651881589514e-19
2.395608046894391401e-19
2.200912842141350367e-19
1.983873731993506816e-19
1.934089841784308871e-19
1.856535178885007270e-19
1.590027764791548051e-19
1.414097102846229069e-19
1.295715225382308437e-19
1.074533620479654181e-19
1.000519904585066015e-19
9.016394549122093085e-20
7.897886043349105269e-20
7.773360458749056959e-20
6.199801757411812254e-20
4.072990654317409998e-20
3.874396972811299478e-20
2.926275445522996192e-20
2.195850219323135989e-20
1.530981907946068198e-20
-5.187286840398261565e-21
-1.401968589934527974e-20
-1.903338323139186922e-20
-2.768659827240601982e-20
-3.918612614038566920e-20
-5.040993402299222763e-20
-6.168025821551462154e-20
-6.628100916875244704e-20
-8.049796058762766654e-20
-8.663587442819000137e-20
-9.481550638031073070e-20
-1.083424072141687483e-19
-1.197219290819117164e-19
-1.393007276806828852e-19
-1.561969345974180409e-19
-1.641509584635862767e-19
-1.761173538881408027e-19
-1.946106334393125152e-19
-2.113397860568931512e-19
-2.308061439409934923e-19
-2.343377525485301221e-19
-2.645976604766942065e-19
-2.726238862870567816e-19
-2.901029532053749585e-19
-2.981499849595079047e-19
-3.115592911142482935e-19
-3.129467976409110306e-19
-3.495642680279499481e-19
-3.520219323722241508e-19
-3.665166983410363290e-19
-3.933616427410325998e-19
-3.980265347465548189e-19
-4.273258565586446532e-19
-4.419382535927070855e-19
-4.573567613950041929e-19
-4.620674036519429464e-19
-4.772450143444869809e-19
-5.033262803832838363e-19
-5.252535392033087595e-19
-5.697404533355973162e-19
-5.923699520920821518e-19
-6.149482715507475274e-19
-6.201836660439461030e-19
-6.347232934365529580e-19
-6.783262726054665360e-19
-7.140753243352514009e-19
-7.238297327692869676e-19
-7.503096629094102852e-19
-7.658008483293788878e-19
-7.939807700946025432e-19
-8.129846433234460978e-19
-8.290485841309699461e-19
-8.580391485197959683e-19
-9.002061605946427330e-19
-9.011185693573115600e-19
-9.241353915174747237e-19
-9.617894757953531892e-19
-9.676261534370477242e-19
-1.010950591024688807e-18
-1.042172873610438734e-18
-1.060472580305488374e-18
-1.076964458993357050e-18
-1.129404381358376935e-18
-1.172745881134396823e-18
-1.191983668518353848e-18
-1.236017494113485392e-18
-1.273094469614117911e-18
-1.287385220625456160e-18
-1.326409401487557552e-18
-1.358260314984538362e-18
-1.390412012658158237e-18
-1.402194607466011448e-18
-1.452980243657865800e-18
-1.479421091783904649e-18
-1.489500135628626297e-18
-1.540564163500313433e-18
-1.583087870028493827e-18
-1.627098009019515315e-18
-1.650132444671226188e-18
-1.712126281970988678e-18
-1.756779678678512817e-18
-1.812751793482507055e-18
-1.840931719757608831e-18
-1.915695902141996309e-18
-1.976252507648891742e-18
-2.039506543126070538e-18
-2.095011619826791865e-18
-2.137430926296125283e-18
-2.261888937596996944e-18
-2.279053165848666775e-18
-2.330910541918342421e-18
-2.365077167283785412e-18
-2.428899469637655963e-18
-2.471622454799677408e-18
-2.553888291268411137e-18
-2.645576578762174956e-18
-2.694352515574843089e-18
-2.756618311689654237e-18
-2.837209105755550039e-18
-2.895352068299059822e-18
-3.186916484764660390e-18
-3.280300507824301801e-18
-3.312667582559400700e-18
-3.416966206590139471e-18
-3.498226680176312007e-18
-3.563023955594089868e-18
-3.670208055072041362e-18
-3.811239109041271235e-18
-4.052855132140065536e-18
-4.215208558823637661e-18
-4.420754221437066090e-18
-4.696904373999292968e-18
-5.062264925072294635e-18
-5.177654475974077547e-18
-5.679739245072598761e-18
-7.884748364610121206e-18
