2.957189915938078506e-02
2.675094419486385294e-02
1.943088498418405960e-02
8.160028230432447155e-03
4.889776716830193486e-03
4.787169835221639219e-03
4.339112092530005363e-03
2.988873038849320860e-03
2.639808472579661600e-03
2.497164030637475697e-03
2.205120789149324530e-03
2.130045312768758491e-03
2.046255722927693265e-03
1.897806871611067104e-03
1.706960785294704686e-03
1.624923340666893038e-03
1.443191501880726566e-03
1.391382594448514320e-03
1.262555220744957961e-03
1.220482037931641499e-03
1.167596161660751537e-03
1.071565767580141609e-03
1.025576543838486662e-03
9.924512161405150881e-04
9.266732192554415302e-04
8.555413630011869707e-04
8.405689748966931919e-04
7.612260956219112605e-04
7.196265011434351379e-04
6.993238980430816973e-04
6.698443835486275972e-04
6.308557055694303996e-04
5.881898232590188199e-04
5.675793981499553014e-04
5.430345301655805637e-04
5.255158029285806644e-04
5.028491975498091760e-04
4.864743938255717409e-04
4.517850211855611842e-04
4.298627754691757290e-04
4.207367310655321722e-04
4.008070272134525063e-04
3.752102347817209277e-04
3.686796738255030022e-04
3.387983247644014788e-04
3.265073388939350734e-04
3.131962251463074826e-04
3.069767472282494735e-04
2.978102375010150261e-04
2.766981228395106710e-04
2.639339443965394816e-04
2.498521608644231336e-04
2.452482783447987552e-04
2.414002248932293235e-04
2.271630321379476106e-04
2.071772478218106110e-04
2.020711623143708847e-04
1.915074306079867894e-04
1.814071594626493768e-04
1.719165091030274068e-04
1.683982146271814748e-04
1.603652789343952621e-04
1.576541788774700383e-04
1.556159642577514791e-04
1.480405751979268852e-04
1.363461537421923155e-04
1.331569842627835240e-04
1.300646084647414215e-04
1.169473596766738377e-04
1.133912534988348647e-04
1.088312215202583697e-04
1.051222026622800385e-04
1.034903488771271525e-04
9.896799656056015084e-05
9.516046452555292838e-05
9.224979414134254734e-05
8.949472469521005825e-05
8.364810644204843579e-05
7.705241725561496778e-05
7.672078945267519893e-05
7.150798692650748266e-05
7.034289185111350720e-05
6.584105902176586348e-05
6.396655426200421695e-05
5.943755146652345434e-05
5.704193203611326429e-05
5.280061408309335842e-05
5.168166389990622341e-05
5.143910604717514417e-05
4.698683880121643988e-05
4.159741015666374776e-05
4.120756098073795744e-05
3.992713958859523901e-05
3.897191652308700156e-05
3.689383289979283035e-05
3.378108011415106545e-05
3.121495384497971557e-05
3.024387591598273208e-05
2.941683906379403840e-05
2.874382128019521747e-05
2.646824966125411809e-05
2.527501478092627043e-05
2.448734592514240381e-05
2.336443883360062769e-05
2.287917642620311689e-05
2.163263661301514064e-05
2.009785322359719013e-05
1.895824944460509516e-05
1.840165244263076383e-05
1.803151001149463936e-05
1.652029206943186649e-05
1.518372241187784978e-05
1.393212114240833830e-05
1.300990877755528570e-05
1.221052195466802274e-05
1.162973805732937056e-05
1.130596875591314990e-05
1.074447412079627400e-05
9.527467502022827437e-06
9.384540668466525662e-06
8.644153876885323225e-06
8.044954301439926237e-06
7.795532448980985402e-06
7.310798550764222333e-06
6.563274917238192311e-06
6.277031604409582862e-06
5.512799912292322581e-06
4.914791439125595409e-06
4.234691735040822400e-06
3.948704726627562878e-06
3.787865155333595559e-06
3.130365087772111412e-06
3.055902340095949198e-06
2.349940153413335571e-06
1.689735180201409215e-06
1.526139525507779950e-06
1.381550989593844655e-06
9.488441434117140873e-07
8.518740319381224224e-07
7.567477229336257526e-07
6.253868394887375724e-07
4.245621739191816048e-07
3.601405547697081884e-08
2.350623456099065095e-19
-2.374758133626934517e-20
-2.859543442332387521e-07
-3.546206310536650373e-07
-5.066813093102363173e-07
-8.813359914094893352e-07
-1.204093956757681276e-06
-1.448471735303410636e-06
-1.835052206668422358e-06
-2.002218700452702834e-06
-2.141312965015444439e-06
-2.897193137281147138e-06
-3.148106896888388067e-06
-3.484805556587139000e-06
-4.279296142601765695e-06
-4.452859741738980062e-06
-5.360541067286482387e-06
-5.522297183373869433e-06
-6.006320453882382135e-06
-6.895867778296681886e-06
-7.509084745954726262e-06
-8.114040003754319368e-06
-8.684435718783814213e-06
-9.145637977809251211e-06
-9.618475359512003868e-06
-1.027304573710371828e-05
-1.114118252732889949e-05
-1.241666840913180100e-05
-1.376916838301250771e-05
-1.416482675189235646e-05
-1.503248264466640804e-05
-1.707949988171603804e-05
-1.770708623635673797e-05
-1.999814260185402506e-05
-2.123150676889023239e-05
-2.320718607900302933e-05
-2.412981860664395312e-05
-2.563636939919920727e-05
-2.628321270466570830e-05
-2.686357189081087487e-05
-2.786996924420018587e-05
-3.024616245811141127e-05
-3.185503698554483420e-05
-3.531398941384392414e-05
-3.600547138912984986e-05
-3.837791522436844149e-05
-3.945485444793457152e-05
-4.270220992606412700e-05
-4.391517943026180881e-05
-4.546594824853838519e-05
-4.722016397784724968e-05
-5.062613618537254877e-05
-5.121728321705978405e-05
-5.845427757376938228e-05
-5.924701218896184589e-05
-6.568518768672589416e-05
-6.734181283134008209e-05
-7.171507539632301497e-05
-7.360653160347125810e-05
-7.532749922389818809e-05
-8.241697528759043905e-05
-8.733245526301449898e-05
-9.327258786782575940e-05
-1.026378068423862650e-04
-1.080994053063946437e-04
-1.087814057726821252e-04
-1.133233822752222319e-04
-1.182966725286538812e-04
-1.249755559973761388e-04
-1.284172576455856665e-04
-1.318981070228340119e-04
-1.388877625655919980e-04
-1.504066200306982618e-04
-1.545480170234043180e-04
-1.630053887871528646e-04
-1.767744153929775414e-04
-1.811978357963518532e-04
-1.977820371599539584e-04
-2.072603412212768921e-04
-2.114895653710180217e-04
-2.277501033160957838e-04
-2.383058700639391521e-04
-2.616137936495451215e-04
-2.824045695091736952e-04
-2.961945542703239777e-04
-3.056414360042326601e-04
-3.192800772017407879e-04
-3.507887078350194828e-04
-3.607118072755527709e-04
-3.894834915920915080e-04
-3.983903588957498016e-04
-4.383352117548077907e-04
-4.762129596962927044e-04
-5.055498366757155745e-04
-5.210103223205474502e-04
-5.584969664141672388e-04
-6.303748858777218252e-04
-6.685709700082901122e-04
-7.318505656472400200e-04
-7.561356306189199409e-04
-7.921747206580106787e-04
-8.295515517293679079e-04
-9.515598452415265519e-04
-1.019309443408488889e-03
-1.092646867429946517e-03
-1.283617638910760370e-03
-1.388988904328172097e-03
-1.532712267073646495e-03
-1.902956114707999961e-03
-1.963455691732952837e-03
-2.261186729994052284e-03
-2.948124880192015511e-03
-3.377961509957076204e-03
