-2.250775701574227530e-02
-1.450101928602599323e-02
-1.292047704648784795e-02
-8.655558507674868118e-03
-6.565227482824291701e-03
-5.698364884299234566e-03
-4.591167789847287566e-03
-4.135828681903553836e-03
-3.892760250009276186e-03
-3.558437343336894303e-03
-3.021858538470514801e-03
-2.676359036108971832e-03
-2.230499721967268457e-03
-2.108740439100157717e-03
-1.973423771615949712e-03
-1.745818170676637863e-03
-1.471040829828955399e-03
-1.360181547723083488e-03
-1.289534117353301505e-03
-1.247362393225581343e-03
-9.900348241154691056e-04
-9.341867529284364393e-04
-8.091945367320486221e-04
-7.855312994131989981e-04
-7.423795683904600663e-04
-6.496331272098311484e-04
-6.425584743832670398e-04
-5.641478680302108384e-04
-5.034854839484553335e-04
-4.509770789659251367e-04
-4.257520921545834966e-04
-4.024382420728152688e-04
-3.823228121338532125e-04
-3.617234204737834963e-04
-3.479234392910167937e-04
-2.989803428902400870e-04
-2.707354030109498369e-04
-2.674318142156046013e-04
-2.504676053273558259e-04
-2.368414034783590993e-04
-2.166081074557131884e-04
-2.008727963706843738e-04
-1.947284012083833255e-04
-1.719860107793472800e-04
-1.684608618867481386e-04
-1.596325954917019482e-04
-1.375730383020806833e-04
-1.321601229859546266e-04
-1.288390848897942272e-04
-1.190140590099009383e-04
-1.142340168029026609e-04
-1.081827545427919377e-04
-9.939732413337210384e-05
-9.339140099778925526e-05
-8.688790189724537351e-05
-8.210096254050455267e-05
-7.905904037383458202e-05
-7.222046436978957933e-05
-6.524435129110265318e-05
-5.789805817201987477e-05
-5.552148892083620267e-05
-4.645029715212051376e-05
-4.548957644196243886e-05
-4.152924560473672495e-05
-3.963082590237978272e-05
-3.712130026285521457e-05
-3.516632644258857937e-05
-3.337727887241464484e-05
-3.074646613102881558e-05
-2.921783898962844751e-05
-2.835787767524627865e-05
-2.639608974509233502e-05
-2.561436266511707977e-05
-2.442089567965746309e-05
-2.135315405516693225e-05
-1.980134433622105479e-05
-1.804870929344441725e-05
-1.635190032127490612e-05
-1.567834270933059115e-05
-1.387377121661016678e-05
-1.262189668548572168e-05
-1.190003473936737461e-05
-1.123596309607044566e-05
-9.792723534518777497e-06
-8.662139989440262891e-06
-7.698079911666327478e-06
-7.289549920720833585e-06
-7.183472339476905440e-06
-6.831605130399174999e-06
-5.736815342452417905e-06
-4.724604686769025341e-06
-4.447012371016447718e-06
-3.768938939977907096e-06
-3.530767450096404650e-06
-3.388297081363280704e-06
-3.057321118597368387e-06
-2.820116576232314347e-06
-2.607805224872855319e-06
-2.459305424096115463e-06
-2.238706321639445298e-06
-1.696915012787501608e-06
-1.437349445502913836e-06
-1.265715708032766016e-06
-9.162780250100524073e-07
-6.657358266616302239e-07
-5.054227286960868369e-07
-3.428841449546759667e-07
-2.671080971137181898e-07
-1.720941186722723256e-07
-7.325366595879270219e-08
-1.081065502810225449e-08
-2.160512506970774093e-17
-6.491032071964984077e-20
1.496129918136034865e-08
1.572429366213953411e-07
1.989989131569845827e-07
2.587624086662190166e-07
3.625674802324175962e-07
8.776197241859428409e-07
1.102376967948032744e-06
1.258878962155961689e-06
1.777431691372796559e-06
2.235801717968585170e-06
2.518645695059870583e-06
3.253954680968229413e-06
4.062010270259952309e-06
4.522329590542516839e-06
5.496170168165608694e-06
6.197489284231824494e-06
7.176301741036244196e-06
7.837343823179560560e-06
9.623697461623087466e-06
1.041003454527408516e-05
1.219305756902363976e-05
1.331656551587562122e-05
1.420509627114431608e-05
1.551573364394710281e-05
1.632881075455438062e-05
1.775846777779219751e-05
2.010978906897235982e-05
2.099485915052319170e-05
2.168045980084800286e-05
2.369686267284258621e-05
2.513986939271614814e-05
2.740318607656711349e-05
2.876730122335199104e-05
2.987344157966960950e-05
3.252616761006380826e-05
3.617294083833367152e-05
3.915772854339868254e-05
4.060188149075847182e-05
4.312178041612746947e-05
4.862940179166800919e-05
4.968449486811812350e-05
5.528660157954339461e-05
5.656746331364173364e-05
5.939254740565297520e-05
6.231146582812626951e-05
6.613448056464967971e-05
6.939496453033465039e-05
7.124181668306827676e-05
7.258066798017750489e-05
8.203357160168919077e-05
8.894471734563294833e-05
9.064742466360574109e-05
9.376892421421041245e-05
9.779223271884564695e-05
1.054092843869907834e-04
1.173952685608270160e-04
1.225071185570800040e-04
1.330240583625470600e-04
1.397241195386556727e-04
1.470762836618207028e-04
1.542801305846854465e-04
1.622917143164924394e-04
1.720121200702287492e-04
1.750036417842336313e-04
1.881030255188892051e-04
2.034311769347149374e-04
2.083350041600976713e-04
2.219031135313646679e-04
2.326334746120136104e-04
2.483426738529921521e-04
2.644777534157682452e-04
2.832009671758420723e-04
3.012449991096206566e-04
3.061560546920121233e-04
3.244818434282919963e-04
3.461939745491438144e-04
3.586616951955949118e-04
3.766565884117701072e-04
3.924994894123518289e-04
4.038009307407728677e-04
4.586403789608139688e-04
4.867430928784398955e-04
4.984417864621021148e-04
5.161514867231449272e-04
5.437236974902581212e-04
5.835600795048811974e-04
5.939504680735841141e-04
6.151255099386742980e-04
6.700557461047795425e-04
7.101615397005155671e-04
7.902506564285229117e-04
8.287935371208631722e-04
8.681580146241970946e-04
9.467544742553430683e-04
1.015096217412650654e-03
1.060750631504464667e-03
1.105005790404317350e-03
1.140256633607151203e-03
1.163455438533130036e-03
1.267872577484111711e-03
1.404836926262323588e-03
1.445537462344515531e-03
1.664707694810357765e-03
1.691081381636711260e-03
1.901907974614514083e-03
2.005107943839526830e-03
2.111414715621131623e-03
2.257811973206803532e-03
2.353563686948658903e-03
2.674975873539227073e-03
2.810752957110263569e-03
2.917046141845404308e-03
3.087447276869101538e-03
3.684193540504462905e-03
3.774785245510665736e-03
4.178826015753539166e-03
4.578986944507381328e-03
4.937371789468722461e-03
6.276868413655374394e-03
6.627173696901745605e-03
7.318888699082324971e-03
7.742490337979659326e-03
8.248508405524618975e-03
9.721135192493813096e-03
9.944779334131058704e-03
1.193219607314381647e-02
1.354769512497106324e-02
1.555981357301561112e-02
1.938941930041878509e-02
2.332992083562596131e-02
2.653215828254491121e-02
3.050154241095079724e-02
3.194429090446163771e-02
3.941462454646166985e-02
6.808972067489912905e-02
8.338190474695535148e-02
1.062118204134556432e-01
1.586020981945631125e-01
2.055944244634983487e-01
3.734626240145658693e-01
1.844206266105180791e+00
4.470813219936367489e+00
1.149371371064887626e+01
