2.006599860011279412e-06
1.792371885256328644e-06
1.478051724717082513e-06
1.455272009999952744e-06
1.089207585532293687e-06
9.161129507897174799e-07
5.897213796385211648e-07
2.891154259142661990e-07
2.843925844647514378e-07
2.587034277313539729e-07
2.387687701786493583e-07
1.972989707376799308e-07
1.674547932235339567e-07
1.468156873745327555e-07
1.323434077338294324e-07
1.140678816834284718e-07
1.037148811274270057e-07
7.609618043068688520e-08
5.905211720381652130e-08
5.363623012699263076e-08
3.484615527481201089e-08
1.309867621851785717e-08
1.071903527683885041e-20
2.987088979694057261e-21
-3.354481232199685503e-09
-1.354919679472909194e-08
-1.904817095353659446e-08
-3.474699200812418829e-08
-8.611248308218236804e-08
-9.429538424138608773e-08
-1.264083536694026070e-07
-1.542077902340224509e-07
-2.293077809511502640e-07
-2.489716935483109882e-07
-3.149775879981520562e-07
-3.503296898448751022e-07
-4.658468171400087231e-07
-5.406782215196627072e-07
-6.792462930716881012e-07
-7.793864515361575453e-07
-8.590615004221279279e-07
-8.834748431613842357e-07
-9.158592994994909300e-07
-9.979790299805398105e-07
-1.092997713396962648e-06
-1.180001172552377443e-06
-1.218121783842484765e-06
-1.303024943611194425e-06
-1.368783772815735427e-06
-1.399865324661610585e-06
-1.473905586424344577e-06
-1.497526634748697407e-06
-1.548298738284619947e-06
-1.625046524933727087e-06
-1.702557200976330595e-06
-1.746603549116766661e-06
-1.892490805541477547e-06
-1.921028581359516072e-06
-1.978861111758544136e-06
-2.040583271803291722e-06
-2.085518158552619321e-06
-2.134617243877443379e-06
-2.287099078458579749e-06
-2.460135804724558155e-06
-2.518843017721412462e-06
-2.526435968271371670e-06
-2.606062115802635954e-06
-2.704032591839835314e-06
-2.753373217655067661e-06
-2.764796535210965426e-06
-2.915402266851926291e-06
-3.025317529977551855e-06
-3.135436658973314837e-06
-3.171298788404339938e-06
-3.322625839635178984e-06
-3.464354215359274384e-06
-3.541252927400361881e-06
-3.600593623517958679e-06
-3.673091675797854650e-06
-3.751237003290893825e-06
-3.844108900136371308e-06
-4.044681335787645088e-06
-4.165703111660981891e-06
-4.258963478231853331e-06
-4.394968016550184616e-06
-4.490872976048262959e-06
-4.603727518835672271e-06
-4.744485512270685493e-06
-4.806824826455801487e-06
-4.923659381125697052e-06
-4.973683682215811516e-06
-5.249306527013344515e-06
-5.382939113178561808e-06
-5.597470184160261632e-06
-5.732842687567706821e-06
-5.806577868280314749e-06
-5.947563030474835197e-06
-5.988200725674761364e-06
-6.102848493446265109e-06
-6.690834960914199416e-06
-6.703949786942969869e-06
-6.801690787429036763e-06
-6.885351630128093669e-06
-7.316848187699881696e-06
-7.446025324291382203e-06
-7.671550161900906258e-06
-7.837986849826006420e-06
-7.882052780976766751e-06
-8.048675788719812370e-06
-8.281933540359130504e-06
-8.413628877571298990e-06
-8.843759532420723897e-06
-9.090939540386699691e-06
-9.131701567850786605e-06
-9.466130603315362263e-06
-9.673906571581170530e-06
-1.002517015179224092e-05
-1.026963387984217487e-05
-1.044747020325304256e-05
-1.062290410914687885e-05
-1.072319569861025627e-05
-1.117060163109536058e-05
-1.131726207625194584e-05
-1.162492434808578759e-05
-1.208723029728195289e-05
-1.257489011977513756e-05
-1.300295736682362137e-05
-1.320296111688069280e-05
-1.366720316048692940e-05
-1.391527430473001064e-05
-1.441065653090741074e-05
-1.456086143131638307e-05
-1.506175980559979688e-05
-1.541914597613669864e-05
-1.566731857735486938e-05
-1.620037248682883727e-05
-1.669014579540455213e-05
-1.725254753233505705e-05
-1.760221795043817597e-05
-1.796256254526295095e-05
-1.846061361950619226e-05
-1.852790943558598556e-05
-1.935073902963263206e-05
-2.021496472974842207e-05
-2.057840625054699503e-05
-2.116874390761979137e-05
-2.155823014147927800e-05
-2.238796472077964864e-05
-2.287905543483581818e-05
-2.302046378043648580e-05
-2.387535984992691289e-05
-2.421516999743712845e-05
-2.494439876496356832e-05
-2.519625962859004415e-05
-2.586063116740124488e-05
-2.624502044740220812e-05
-2.743022563677511625e-05
-2.791194432458900533e-05
-2.858878987993570799e-05
-2.908703402099678550e-05
-2.969719019235486703e-05
-3.092311220967350739e-05
-3.247335542914656277e-05
-3.283548171880469748e-05
-3.374598038066328493e-05
-3.466447725583717102e-05
-3.491792123706256412e-05
-3.751652637400191941e-05
-3.790825334851202023e-05
-3.863385772464588710e-05
-3.920876575594618930e-05
-4.027571507497190159e-05
-4.064548567381668959e-05
-4.191217429620239758e-05
-4.287630619814754681e-05
-4.336250730967518058e-05
-4.511029942146166453e-05
-4.529789615205237632e-05
-4.566654495607657495e-05
-4.620043597365783522e-05
-4.785696637439358360e-05
-4.971490318372120455e-05
-5.170245691967584946e-05
-5.335965885675034148e-05
-5.410880943159159515e-05
-5.524415005415973925e-05
-5.699219127804776199e-05
-5.951777096316445000e-05
-6.022457063147312894e-05
-6.124003560808957312e-05
-6.220249198319418628e-05
-6.391293466005249998e-05
-6.834925690434661100e-05
-6.959200400336951545e-05
-6.969595300366853655e-05
-7.154089466061070086e-05
-7.315605269936165469e-05
-7.489362629253381448e-05
-7.673710499838960189e-05
-7.863476271974113147e-05
-7.979974883667264229e-05
-8.300132245692411832e-05
-8.345931658325574673e-05
-8.503654453858031429e-05
-8.733307956679469363e-05
-9.220444183434391920e-05
-9.341328893745833180e-05
-9.687239641353499004e-05
-9.830395894430019813e-05
-1.016859692393678013e-04
-1.024135509660789096e-04
-1.068822589141643436e-04
-1.106553197844338949e-04
-1.122697019579266460e-04
-1.154151562159722651e-04
-1.179513056157856585e-04
-1.201795374232389973e-04
-1.217793409728900738e-04
-1.246472064836143332e-04
-1.261956941318667386e-04
-1.308276665726572320e-04
-1.355939195910335171e-04
-1.396980458936006634e-04
-1.437446979964805585e-04
-1.474367805916454964e-04
-1.557755365462006492e-04
-1.572435672744965541e-04
-1.662126694693911381e-04
-1.671850240704778490e-04
-1.707005412804898871e-04
-1.776557256652427181e-04
-1.827843676901965851e-04
-1.866565034334715832e-04
-1.929754329856260195e-04
-1.976534213907784449e-04
-2.060089743329903572e-04
-2.150022185443272468e-04
-2.216232783095565552e-04
-2.231120185979502209e-04
-2.286616334786272593e-04
-2.423660749458494837e-04
-2.572772574133417103e-04
-2.630919855286822820e-04
-2.740384567873037770e-04
-2.786394456432468190e-04
-2.973608961172351977e-04
-3.095686521200231574e-04
-3.190938397891366707e-04
-3.228245570561026189e-04
-3.296686836273813497e-04
-3.517716203122010906e-04
-3.534951895770792438e-04
-3.672957829541152915e-04
-3.882687449506391970e-04
-3.988280513328625997e-04
-4.255053946884135296e-04
