8.077052628348072721e-03
4.461154615081665449e-03
6.168869335590270418e-04
3.338533530457740966e-04
2.162440923155808101e-04
1.879354867418552585e-04
1.391181832465617288e-04
1.130613089646499193e-04
8.662869187973343504e-05
7.124221100178743311e-05
6.081938022523117787e-05
4.437650817675306846e-05
4.193067012331202494e-05
4.034494601150985613e-05
3.476317832278991691e-05
3.177613272970687290e-05
2.765977225290207187e-05
2.492522047662167642e-05
1.639414602953149399e-05
1.413979658864709382e-05
1.220724653996474865e-05
1.062909688078582648e-05
8.227037213048304129e-06
7.072551991533279948e-06
6.473781227670876718e-06
5.635323960664940932e-06
5.185758054399716606e-06
4.661369653490759761e-06
4.409730154350096727e-06
3.371720255942773231e-06
2.901463047355011391e-06
2.596636360810747347e-06
1.994490285536760480e-06
1.462605897717554311e-06
1.098674834670653519e-06
8.691799789574452582e-07
6.142847003179472318e-07
2.750936119033997406e-07
1.322780042270840304e-07
-3.567826493068359562e-22
-5.584600407090402950e-20
-1.188407382059231735e-07
-3.298446514130220840e-07
-5.568752529781402302e-07
-9.778572131550770131e-07
-1.525108663473069592e-06
-1.688408963091539075e-06
-2.309852367075160844e-06
-3.228852663555391493e-06
-3.592919982332133691e-06
-4.143598154552024388e-06
-4.414774810126915562e-06
-5.760734729185845643e-06
-6.553613912907891300e-06
-7.389882261478475457e-06
-7.850026150218410417e-06
-9.496675185976742641e-06
-1.077620592745993916e-05
-1.137725554983003714e-05
-1.264425719356447318e-05
-1.385480609057899929e-05
-1.462791166189021300e-05
-1.557662915720895780e-05
-1.622506890683254229e-05
-1.685199092463802447e-05
-1.700675652998568009e-05
-1.797525590530887237e-05
-2.024893022335342731e-05
-2.143901540277284707e-05
-2.232713130220089791e-05
-2.289453615806039092e-05
-2.531705599284468059e-05
-2.562218361608864533e-05
-2.614904540013665628e-05
-2.703395264798922492e-05
-2.745298483342830298e-05
-2.848528408894341569e-05
-3.008591748778552123e-05
-3.099198601041508911e-05
-3.168492601578676624e-05
-3.469665312805878535e-05
-3.603674656021319775e-05
-3.748402425091677451e-05
-3.772369843678169453e-05
-3.925072157313990817e-05
-4.125435540394414380e-05
-4.279094307082600312e-05
-4.370539733961076729e-05
-4.456905078115132410e-05
-4.612142404127057675e-05
-4.665560920564198024e-05
-4.838485287856216329e-05
-4.955226810527333639e-05
-5.078739997800456112e-05
-5.356859394528198091e-05
-5.481291248661289753e-05
-5.756605485118170630e-05
-5.771915858012999890e-05
-6.093598237792172492e-05
-6.293557228273573300e-05
-6.449820103506766677e-05
-6.687071118081436825e-05
-6.934490589525277901e-05
-7.054439508314273616e-05
-7.306776296704122712e-05
-7.454117313386483281e-05
-7.659135737302357480e-05
-7.890702245816563916e-05
-8.262365199063925096e-05
-8.398788342533048225e-05
-8.592386009889287502e-05
-8.923239176732168361e-05
-9.282547161392952918e-05
-9.293541469286865767e-05
-9.766673723487564204e-05
-1.009752105213793832e-04
-1.046380316227141417e-04
-1.049212931009640254e-04
-1.089694024418863544e-04
-1.118678944156284796e-04
-1.141998901817870162e-04
-1.165954439949079145e-04
-1.183867512688705333e-04
-1.229166386192472331e-04
-1.270229221515204452e-04
-1.302792847508828298e-04
-1.365373896408780179e-04
-1.431356188069220084e-04
-1.449034784431842593e-04
-1.484347945328833560e-04
-1.511045218703164876e-04
-1.575786132595251808e-04
-1.591411772646237829e-04
-1.616677122038881725e-04
-1.663148580539594622e-04
-1.688367336849486589e-04
-1.798528440226057786e-04
-1.840312463965263108e-04
-1.893807935232789117e-04
-1.938405902169246513e-04
-1.980938883002632777e-04
-2.067382225944980486e-04
-2.105972260307549071e-04
-2.158098476063162365e-04
-2.176907851788152605e-04
-2.246181253834488999e-04
-2.303376754181704221e-04
-2.357636430085365789e-04
-2.371882459036001826e-04
-2.483669827383892283e-04
-2.555432292747048017e-04
-2.709857799206811060e-04
-2.802476744782682826e-04
-2.838318366226714909e-04
-2.902162566695392883e-04
-2.939591962831078183e-04
-3.050972803400887044e-04
-3.083897342998339415e-04
-3.219199889015928752e-04
-3.271370093714584385e-04
-3.340567352231976457e-04
-3.424516995300108668e-04
-3.535279647657134632e-04
-3.762138713558741440e-04
-3.805040530976673096e-04
-3.900203667171786332e-04
-3.948097736267156747e-04
-4.101394857423483736e-04
-4.212486488190303924e-04
-4.341604246501126578e-04
-4.406346585326892319e-04
-4.562126765809344005e-04
-4.764232599608652957e-04
-4.892509078763235915e-04
-4.942799069716112331e-04
-5.049214597804124998e-04
-5.177967535722443736e-04
-5.261934247193906199e-04
-5.553490755097653360e-04
-5.607899010383100586e-04
-5.808460362823991653e-04
-5.880214916856569109e-04
-6.064720526251744445e-04
-6.117475186326597637e-04
-6.207899293354980511e-04
-6.472531958546636280e-04
-6.644565554191562062e-04
-6.820905049312745230e-04
-6.883319012473907697e-04
-7.283230820499041018e-04
-7.314482655512669507e-04
-7.597411862218415250e-04
-7.688847202594936009e-04
-7.926016519125759878e-04
-8.071284974041923257e-04
-8.510956599362733349e-04
-8.874484850115166171e-04
-9.156286281793606704e-04
-9.334930413644213030e-04
-9.556855554218007375e-04
-9.615211007181359917e-04
-1.004591732614423328e-03
-1.023426209272575854e-03
-1.029404861279855201e-03
-1.066044523064006320e-03
-1.106727166578792918e-03
-1.150717892571341810e-03
-1.157589751877609969e-03
-1.220984343461240613e-03
-1.245684925852780451e-03
-1.274414364630851743e-03
-1.300836078598443819e-03
-1.339082879149959548e-03
-1.355477810329090184e-03
-1.410279688826986512e-03
-1.443744392385584805e-03
-1.492999841491379678e-03
-1.526205625727696967e-03
-1.564617084215750393e-03
-1.676126454726343824e-03
-1.749024278410239155e-03
-1.767173484670055529e-03
-1.810265521576665242e-03
-1.841486089056538003e-03
-1.880976571168606250e-03
-1.925049618608621433e-03
-1.989473163017779680e-03
-2.057340810384731926e-03
-2.151183098103449497e-03
-2.208575695281877593e-03
-2.246562861745707469e-03
-2.327187294707901838e-03
-2.439317275945742693e-03
-2.489170835327030387e-03
-2.526669580819597763e-03
-2.627126843289803466e-03
-2.769346597462987725e-03
-2.808202055565423017e-03
-2.973138029549093377e-03
-3.071730276330142308e-03
-3.109871992943262931e-03
-3.196380535556684471e-03
-3.361699306130359020e-03
-3.483770248596763583e-03
-3.648679506214232149e-03
-3.737963147271971924e-03
-3.956512347532645593e-03
-4.461633085594894459e-03
-4.526064391791613691e-03
-5.000754137469178885e-03
-5.142031483796096966e-03
-5.694748766223170326e-03
-6.039317233509556085e-03
-6.598828952927937239e-03
-6.850036148153277292e-03
-7.583052419615344923e-03
