1.086183318289974872e-02
8.185897147599211637e-03
7.536388547505666440e-03
7.344057054269698299e-03
6.380585719680881111e-03
5.640697879239875423e-03
5.104482216661796606e-03
4.893956220016921869e-03
4.533660067004879196e-03
4.060145248156007275e-03
3.754178598572824061e-03
3.535368620725697075e-03
3.143793762272193912e-03
3.126681041815216298e-03
2.948020729663983729e-03
2.810205609081105078e-03
2.641170699264834380e-03
2.525710048829321250e-03
2.413178423425091194e-03
2.213693210953891159e-03
2.130139264405711379e-03
2.094009166200806130e-03
2.027868375542420457e-03
1.867098780155674849e-03
1.817241289396612398e-03
1.707761788562826713e-03
1.629047998546422418e-03
1.585805933665618804e-03
1.529592138883034387e-03
1.473393952539214314e-03
1.451014197380872317e-03
1.330590682554616978e-03
1.284139041151556668e-03
1.244503727917247631e-03
1.239930419905128445e-03
1.186867377497653015e-03
1.137242599147514268e-03
1.131815547331980728e-03
1.066266141193396777e-03
1.024048508443149621e-03
1.005064110679634469e-03
9.386231585012925777e-04
9.060861713895667757e-04
8.819575497837505882e-04
8.659767720854137955e-04
8.377154911758925458e-04
8.013011944577444262e-04
7.777124936554024280e-04
7.461812187343209698e-04
7.300565115230702980e-04
7.228486686616053623e-04
6.944174616381106752e-04
6.611986495046434219e-04
6.162196038610177114e-04
5.981019697615092391e-04
5.832978527356594105e-04
5.634366640540067195e-04
5.534236031007029946e-04
5.332383288762457957e-04
4.964951340397547822e-04
4.939675670858708787e-04
4.804101024655304348e-04
4.577259862206711273e-04
4.420525987958525988e-04
4.362908798818021148e-04
4.123832664071270973e-04
3.986486904803861740e-04
3.922934493361267304e-04
3.853285800720253470e-04
3.685080941654746015e-04
3.671449700955692710e-04
3.484212738950759076e-04
3.474662700320400193e-04
3.393834974717413315e-04
3.110121554117227126e-04
3.014850156009254360e-04
2.912236839749401756e-04
2.858319436621790596e-04
2.767864843940659307e-04
2.677143136711504739e-04
2.604366366059206054e-04
2.478407167033293734e-04
2.354375768987120856e-04
2.308661364311744718e-04
2.227430432674098017e-04
2.093754175994497918e-04
2.035361104694143075e-04
1.910002032445436257e-04
1.857088308805714084e-04
1.767115954985511010e-04
1.752408057519649963e-04
1.715699016289726241e-04
1.619563084174903509e-04
1.573120641104080097e-04
1.557909679336410592e-04
1.492899823814634354e-04
1.459885123047217285e-04
1.403014895273506054e-04
1.366901383817913714e-04
1.355566684580543726e-04
1.284788646533565487e-04
1.240736954505233575e-04
1.194747713430400197e-04
1.150033742435459261e-04
1.120200430414274522e-04
1.092152929833168918e-04
1.060912729949864641e-04
1.025948333656666637e-04
9.998069363598927821e-05
9.831959697890935883e-05
9.447586110992043577e-05
9.117059993516770267e-05
8.974800401961125851e-05
8.518336576708820831e-05
8.307263147658306703e-05
8.031700471313180502e-05
7.761865716763622801e-05
7.356567566063874377e-05
7.000548152838538042e-05
6.715657121261429648e-05
6.350035678522389501e-05
6.232695971195153714e-05
6.101137881986715372e-05
5.725741583854659808e-05
5.514111240047250774e-05
5.373581846674522426e-05
5.271761602743419301e-05
5.126469179249179716e-05
4.768662761399640828e-05
4.615687470243360897e-05
4.498208345085668902e-05
4.260815771064131561e-05
4.196640662710099325e-05
4.038418851693498441e-05
3.922721668782909991e-05
3.750622623952267029e-05
3.353495500536337893e-05
3.304463423810472065e-05
3.228523948012701993e-05
3.122546944448563108e-05
2.660924873663609452e-05
2.548581665171283789e-05
2.409503648094017174e-05
2.379128893957465867e-05
2.217410769571504200e-05
2.065697727554485522e-05
1.916803000437386012e-05
1.772777000022029414e-05
1.687630285170556909e-05
1.580208680819033453e-05
1.502819933564291938e-05
1.408366821951364285e-05
1.336932761098986562e-05
1.287503735400863736e-05
1.104852377332522160e-05
1.037717509289571384e-05
9.738330022788721781e-06
9.076480712705628168e-06
8.068641989033046867e-06
7.529648433719314476e-06
6.767636463881894320e-06
6.266322023783284815e-06
5.777398591511495691e-06
4.883789015258240235e-06
4.816149875221279853e-06
4.158530720830254627e-06
3.807338267606818597e-06
3.085578316350015036e-06
2.016506981644182429e-06
1.648352510969708371e-06
1.072711118933512689e-06
9.403584958528009548e-07
5.093303991192207213e-07
9.328376234028356456e-20
-1.076123915480445157e-19
-6.605625939282605379e-08
-3.212374961175783962e-07
-7.183529546011461571e-07
-9.647975328418796031e-07
-1.360852289221638457e-06
-1.456641116443950320e-06
-1.608328273252295207e-06
-2.039829535474180085e-06
-2.192474024190872075e-06
-2.452933615395421998e-06
-3.000907858980611163e-06
-3.179708147516567950e-06
-3.908952280407402392e-06
-4.045585651093345153e-06
-4.423399278535178285e-06
-5.047253747016315524e-06
-5.506250303606498403e-06
-6.424991690707918405e-06
-7.272224887790387386e-06
-8.177481041826385882e-06
-9.006670815174382274e-06
-9.819918142383493901e-06
-1.038156033733099619e-05
-1.121579577339292764e-05
-1.191023825538774403e-05
-1.400667136529718519e-05
-1.531405388502692289e-05
-1.553596840477043591e-05
-1.581691621984389278e-05
-1.852392493870595733e-05
-1.910642439275903311e-05
-2.123899238525700766e-05
-2.417526906213799884e-05
-2.785931989482735868e-05
-3.213574503783434721e-05
-3.469123390477574004e-05
-3.721395705853285200e-05
-3.920032932010913702e-05
-4.013338676721142802e-05
-4.461183202167403445e-05
-4.847506551632092397e-05
-5.045898323231332022e-05
-5.325835681880397967e-05
-6.278078164682488057e-05
-6.650425324336486227e-05
-7.034121494089225646e-05
-7.530801243687168696e-05
-8.146889097549506978e-05
-8.858008245248626751e-05
-9.249251797086221409e-05
-9.827646100298884047e-05
-1.071210637012013706e-04
-1.116251064240411997e-04
-1.211188573015288138e-04
-1.307228041079458100e-04
-1.407807064574391693e-04
-1.612921508392614644e-04
-1.749991328698800928e-04
-1.797377718128741273e-04
-1.876598458460041190e-04
-2.112485444303028768e-04
-2.196104939355852698e-04
-2.458085854341383707e-04
-2.511703770453506662e-04
-2.748150896735590825e-04
-2.982063618266294464e-04
-3.265753632975872275e-04
-3.729656690899400872e-04
-3.912909098286160682e-04
-4.423563618794876164e-04
-4.568128927970544016e-04
-5.384146132859689640e-04
-5.897910470928737544e-04
-5.964889802482374517e-04
-6.539448330168341674e-04
-7.243435244625759210e-04
-8.619411558730322208e-04
-9.371851921260538829e-04
-1.057948275786582985e-03
-1.279688770403801914e-03
-1.747236703058747389e-03
