-2.781028359387587023e-02
-2.475977039533547308e-02
-1.738469967076819445e-02
-1.169510732505106912e-02
-1.067499589193499770e-02
-1.027264990834213590e-02
-9.219701493580135382e-03
-7.948315403770960311e-03
-7.055400484918792486e-03
-6.140708850875104680e-03
-5.378792650703786288e-03
-4.915364664916859611e-03
-4.516428579192865826e-03
-3.736812881507222198e-03
-3.506277432573529865e-03
-3.357820005434632854e-03
-3.148297408214388061e-03
-2.830076261050177948e-03
-2.612265158143265310e-03
-2.432995467498494640e-03
-2.194033034263769954e-03
-2.161041055314783833e-03
-1.994120037778385722e-03
-1.801727477932968738e-03
-1.762066159422281866e-03
-1.575301011062274232e-03
-1.503521587330429368e-03
-1.447535853426996835e-03
-1.343696411123308700e-03
-1.211698426180722642e-03
-1.076768146317229032e-03
-1.026235843722335611e-03
-9.717257840604694337e-04
-9.082528952605965766e-04
-8.999654347101404637e-04
-8.066840359608476929e-04
-7.477701164743214305e-04
-6.892185151973546269e-04
-6.433433063824279966e-04
-6.141811572313447994e-04
-5.680286192876498512e-04
-5.387564178396961551e-04
-5.119221696277409398e-04
-4.887117160103509076e-04
-4.820447100252767949e-04
-4.557224030547540536e-04
-4.244651216559449844e-04
-3.973331736815766471e-04
-3.699737474964689141e-04
-3.656039938159869052e-04
-3.354980005977717698e-04
-3.347599891748258825e-04
-3.011529022089015606e-04
-2.864823404725252943e-04
-2.622149574520554445e-04
-2.555180736713494457e-04
-2.471288728455104918e-04
-2.356408009040326425e-04
-2.263273172113306245e-04
-2.154807853085922878e-04
-1.908929237741979388e-04
-1.870006746728297481e-04
-1.764274112226939142e-04
-1.752542544723007748e-04
-1.615187886722439477e-04
-1.518747067729921043e-04
-1.433621731474301372e-04
-1.353356299602636594e-04
-1.242097039649209592e-04
-1.213468546593402474e-04
-1.138958450889898823e-04
-1.118637130168029855e-04
-1.033650438139737949e-04
-9.626843029427097911e-05
-9.216123553307572342e-05
-8.463506666337892396e-05
-8.080452433983518947e-05
-7.163221978899286769e-05
-7.101592258390683682e-05
-6.403466653678127108e-05
-5.898884120610149218e-05
-5.618226976115003478e-05
-5.124755315194551872e-05
-4.961392531386369926e-05
-4.490017994967129394e-05
-4.059971438035194760e-05
-3.679513201765009003e-05
-3.625483177077903186e-05
-3.559162570839131436e-05
-3.218670833419507045e-05
-3.003776589136674985e-05
-2.873584448049483898e-05
-2.372830679237183514e-05
-2.223135973601478150e-05
-2.104049623781337544e-05
-1.884240581943544634e-05
-1.862628302214286937e-05
-1.783010154679647447e-05
-1.598484367679442317e-05
-1.519449982113480534e-05
-1.380576330217216124e-05
-1.247600147568428744e-05
-1.151668720040262731e-05
-1.009655024146135539e-05
-9.316058582999528888e-06
-8.126075301540466403e-06
-7.029363308099194628e-06
-5.710389560280228808e-06
-5.280362347301975060e-06
-4.593128049754778896e-06
-3.557536323351653749e-06
-3.427874126267397066e-06
-2.654216690367138507e-06
-2.079537685357810823e-06
-1.645886371735788928e-06
-1.301821952480291802e-06
-6.211814054454010213e-07
-1.515499547260774322e-07
-2.829034647333016588e-18
1.799294611854339922e-17
4.902807058773248405e-07
8.311486049066531541e-07
1.923386018111746067e-06
2.365320262338925045e-06
2.786339245404306893e-06
3.868455551187073699e-06
4.624269004740033769e-06
5.215108315451923457e-06
5.975116184488466986e-06
6.771801327531978571e-06
7.589065683055146111e-06
8.016823126893245669e-06
8.801988477852997104e-06
1.117651050785517436e-05
1.250953150133209204e-05
1.311793474585882402e-05
1.452337326532733805e-05
1.499052781623532607e-05
1.695752353048902121e-05
1.779667946803968081e-05
1.943222872079346410e-05
2.029389091412101440e-05
2.080194102783552231e-05
2.233950760721551516e-05
2.507805374931816370e-05
2.724844480492065639e-05
2.965169788898657503e-05
3.211943372709093360e-05
3.241560048958426607e-05
3.458948075037225449e-05
3.681125031140939399e-05
4.295449701424009626e-05
4.575068260602789571e-05
4.888495604482851061e-05
5.061530676383670655e-05
5.289858187282457538e-05
5.383739029694094530e-05
5.662183700638165644e-05
6.101280838610312481e-05
6.198056647964727466e-05
6.771646615193911147e-05
7.218472828890913184e-05
7.835198431289473731e-05
8.009712696851326095e-05
8.113751230372553004e-05
8.660429038575450430e-05
9.473202107150346983e-05
1.042457496034413330e-04
1.056963310913394704e-04
1.178870448143339299e-04
1.270780662679989333e-04
1.303338175098778002e-04
1.369222101516965966e-04
1.447509951016796002e-04
1.510830440593090068e-04
1.519761433615645729e-04
1.626113851082148273e-04
1.711959263897530387e-04
1.940180364766105349e-04
2.000461104714230270e-04
2.027808632960677229e-04
2.234467759810482182e-04
2.332838536382228348e-04
2.499655943199450875e-04
2.606204285374807647e-04
2.732211689023182166e-04
2.948104464537101605e-04
3.108705415725562067e-04
3.385279816682413580e-04
3.489564269976516849e-04
3.569515048834481373e-04
3.685130615819967180e-04
4.086484578556467961e-04
4.388623946199708020e-04
4.464234447229306190e-04
4.783893609297489957e-04
4.976962611886124590e-04
5.257412059733952746e-04
5.390945776097964175e-04
5.954055117383964726e-04
6.322069605773092751e-04
6.860772478951568734e-04
6.977339725859570520e-04
7.882425820261529468e-04
8.022048018762616183e-04
8.688966286419791537e-04
9.073743952916898600e-04
9.600984387257863271e-04
1.028813193078283346e-03
1.063304961167340756e-03
1.102608395169654308e-03
1.185333255849555954e-03
1.253164559542621192e-03
1.403965969339555746e-03
1.426786244940094449e-03
1.542438648707020969e-03
1.650696433334911031e-03
1.898371020773332316e-03
2.014043243440655738e-03
2.140117988588775919e-03
2.222302144181948717e-03
2.287879578761095514e-03
2.643163368534329379e-03
2.850536571783185338e-03
2.933531328996811637e-03
3.158833805497674851e-03
3.523384350581953289e-03
4.014305116464235955e-03
4.125425102837494001e-03
4.501312831901779603e-03
4.891068939133729268e-03
6.309285637539627407e-03
6.592065718330916702e-03
7.359806095198475825e-03
7.655728667668558994e-03
8.623940491351934912e-03
9.347668032796921378e-03
9.849822533015048162e-03
1.167757036291091656e-02
1.349216759918811168e-02
1.536353874542000821e-02
1.920623791676952935e-02
2.302498378511610988e-02
2.663152149655282491e-02
3.101068055210467328e-02
3.180682237593972228e-02
4.661942422488291049e-02
6.153707896042848874e-02
8.274191517448375999e-02
1.007047750867750557e-01
1.597274222507318875e-01
2.001168257629623026e-01
3.733251108174846511e-01
1.697654883990411312e+00
4.122284682918369469e+00
1.011705711260908203e+01
