-5.078396072306157167e-17
-4.795825182698030589e-17
-2.688866565653253077e-17
-2.031795330934031531e-17
-1.581114347162584124e-17
-1.247803475560243059e-17
-1.008964938833893475e-17
-9.416809265838767309e-18
-8.163108247491037458e-18
-7.713305082583277702e-18
-7.032992304329183908e-18
-6.524614085595448850e-18
-6.175553168120090476e-18
-5.855131215423844716e-18
-5.635408694152147749e-18
-5.226507691066537106e-18
-4.910969810717767259e-18
-4.863109432010953545e-18
-4.483613628943350287e-18
-4.328672293783167677e-18
-4.232648160875726806e-18
-4.160441268851486970e-18
-4.026608668231416909e-18
-3.884794272724754269e-18
-3.699301337070087729e-18
-3.644459907970429481e-18
-3.534825753743422334e-18
-3.327420022024778430e-18
-3.199352805783879494e-18
-3.061341400241152013e-18
-3.042422756101869677e-18
-2.861845989257240903e-18
-2.778654787006097379e-18
-2.698377398568874972e-18
-2.628214616811971233e-18
-2.502372288935621978e-18
-2.464674249505785117e-18
-2.440913655291749103e-18
-2.361110786772507127e-18
-2.325574855341044970e-18
-2.296639505271687942e-18
-2.228564799790854711e-18
-2.200072718102176030e-18
-2.117638447597690581e-18
-2.061120341779797733e-18
-2.004534038434153376e-18
-1.937018432008694104e-18
-1.915138012637811565e-18
-1.868840390909596665e-18
-1.793341706959499754e-18
-1.722013043639459385e-18
-1.671064517788260774e-18
-1.630554818684886763e-18
-1.606693501402741238e-18
-1.562167319127297239e-18
-1.524932197860652082e-18
-1.461658568202802401e-18
-1.400628656354322239e-18
-1.350755079273301416e-18
-1.304649338681641012e-18
-1.266734008805681744e-18
-1.262623702949256519e-18
-1.194010170294786210e-18
-1.183185563721222172e-18
-1.154350669436164655e-18
-1.133420081443630284e-18
-1.103334791873629247e-18
-1.043179642238607480e-18
-9.956485202470766865e-19
-9.753073478524206298e-19
-9.605179937915124188e-19
-9.426957165313018560e-19
-8.905472943009597666e-19
-8.794820177923911603e-19
-8.431007310268248795e-19
-8.377791019449575142e-19
-7.826442193781330112e-19
-7.699083725575355443e-19
-7.024323464544212264e-19
-6.907612187546158047e-19
-6.713448665426262724e-19
-6.315317830302228560e-19
-6.258943296472681031e-19
-5.923462898002885794e-19
-5.711635330939107800e-19
-5.460375521971490542e-19
-5.247677987042681878e-19
-5.037823299142356724e-19
-4.751520728956714908e-19
-4.544450604287664606e-19
-4.438317943850412056e-19
-4.334230968321831558e-19
-4.036406923666949082e-19
-3.906394684049363380e-19
-3.586420252554172888e-19
-3.398787790740108024e-19
-3.163983432648773111e-19
-2.781223830907901868e-19
-2.667203137838860940e-19
-2.536777752659952724e-19
-2.483682123094293269e-19
-2.325011707298769107e-19
-2.153728480000501111e-19
-1.798471083555896473e-19
-1.594156445693922435e-19
-1.525106351781021567e-19
-1.360583423461081103e-19
-1.118449341724083564e-19
-9.956114439964364837e-20
-8.140125010535665909e-20
-6.937491585523564854e-20
-5.677909150602627642e-20
-4.118941824158487109e-20
-3.622197005097451680e-20
-3.099983194846119672e-20
-1.765772554333532145e-20
-5.781374883377620509e-22
3.070426729262759865e-20
3.635513264870257214e-20
4.831156879545841555e-20
5.950448139923551041e-20
7.958597399352805066e-20
1.238339356076741751e-19
1.271229026691022467e-19
1.408970918181158080e-19
1.625236357277549835e-19
1.769213067216198152e-19
1.842176841840401169e-19
2.015938320377109492e-19
2.203619795569617208e-19
2.399162320525001983e-19
2.481208634474430520e-19
2.699366588466087789e-19
2.848145199408924234e-19
3.071315228405865110e-19
3.187812444530018594e-19
3.320718857430127854e-19
3.351217754723055100e-19
3.627213106764326054e-19
3.904876639233785039e-19
3.995175342046542872e-19
4.269396711867520630e-19
4.343932008977422790e-19
4.584927136422834184e-19
5.051077611332113696e-19
5.242384155823904765e-19
5.338019490270819892e-19
5.832578295536852755e-19
5.991725824512274927e-19
6.449972372911350896e-19
6.572723774457072988e-19
6.790677490938323978e-19
7.058252582461541245e-19
7.104291694126725433e-19
7.529294596264106791e-19
7.630746570007906684e-19
8.048864861928422062e-19
8.202232842290019786e-19
8.286889245320421870e-19
8.715399238750453912e-19
9.116203355803550741e-19
9.334354784277230007e-19
9.844648597061269939e-19
1.021705671427833177e-18
1.046719206877025722e-18
1.060014365697152717e-18
1.098625597187575841e-18
1.135293723483583525e-18
1.174600417888215675e-18
1.207350636423038377e-18
1.243251509938006272e-18
1.307533592279524074e-18
1.326757763248994939e-18
1.370074907047686965e-18
1.404002276353672187e-18
1.443660727514700462e-18
1.471495835032405879e-18
1.515593560103772227e-18
1.576737186667389384e-18
1.590529693364350158e-18
1.637812733256871597e-18
1.665590787847762735e-18
1.713532613444762987e-18
1.742412475728458757e-18
1.861765182890183384e-18
1.895098524185380263e-18
1.938387561640958237e-18
1.940776434133680101e-18
1.978557920364100369e-18
2.076302740324943865e-18
2.163037267275026036e-18
2.275842070710562363e-18
2.348861220657149130e-18
2.395029477930423843e-18
2.459328651916109510e-18
2.554306534158966281e-18
2.668940468788027624e-18
2.673647462497046903e-18
2.776842487743060764e-18
2.837286081968860151e-18
2.963852675250325547e-18
2.994065385919493032e-18
3.097083008929765710e-18
3.189257651799106917e-18
3.262463051917009754e-18
3.324349200084680944e-18
3.485092785106058374e-18
3.530822514676597208e-18
3.725582300826765952e-18
3.764011052614652121e-18
3.944692037370523107e-18
4.046276457747105868e-18
4.209648755931858074e-18
4.385932644628010605e-18
4.496169476173421890e-18
4.849254512415965703e-18
5.181807241447374564e-18
5.410615210153548100e-18
5.523422591755276908e-18
5.861551908948544192e-18
6.011003552736162379e-18
6.242897945258267376e-18
6.378980933546627498e-18
7.364311744236161817e-18
7.478372096169670888e-18
7.874592994548046718e-18
8.189457308619037353e-18
9.414909430377382771e-18
1.096491785044764153e-17
1.534601134014880802e-17
6.803015464192111061e-17
3.614092035087090930e-05
5.226532355903544199e-05
9.022896183653797821e-05
1.083094009622606228e-04
1.526700479476841941e-04
2.132858839505375923e-04
2.433474137605231170e-04
2.615824775316436803e-04
3.078619356510520644e-04
3.632667124339040814e-04
5.763175712580711390e-04
7.146848919224054429e-04
8.320362843649243764e-04
9.710296987404683612e-04
1.624212114242714559e-03
2.582800139204593712e-03
3.037935138617369607e-03
3.481527568194116642e-03
3.801156001340290705e-03
8.343096853852255759e-03
8.455217102255786418e-03
2.573698872189638526e-02
1.162887338114925451e-01
1.544269749630574617e-01
4.508814101313960432e-01
