-5.735038236829702448e-16
-3.783831711759467359e-16
-2.933529803327771567e-16
-2.733005483233400666e-16
-2.150248211300832432e-16
-1.858284030582496429e-16
-1.728727337487745416e-16
-1.626567126451038043e-16
-1.600898017461565713e-16
-1.496718799693124540e-16
-1.314754718548244834e-16
-1.272996570960214267e-16
-1.205897315616483775e-16
-1.143178215009912822e-16
-1.060848644002565301e-16
-1.000127752030268414e-16
-9.317019108820177701e-17
-9.190899192866464951e-17
-8.864730563325085674e-17
-8.419469778581460865e-17
-8.197641071798560687e-17
-8.074993562738105823e-17
-7.669381451347142777e-17
-7.274166891554665916e-17
-7.096281113625008842e-17
-6.656529918851459916e-17
-6.563613146298414810e-17
-6.291059082292903483e-17
-6.106242803928255337e-17
-5.928848967177950473e-17
-5.643443988926153158e-17
-5.481913480407920624e-17
-5.319874790141145659e-17
-5.135905631078793410e-17
-4.921002971537562972e-17
-4.816972039461741551e-17
-4.717263627970536249e-17
-4.453905127117831768e-17
-4.306279589456522769e-17
-4.290630638016033287e-17
-4.101778909893825203e-17
-4.019466929774351441e-17
-3.786940393606961609e-17
-3.686731876138655155e-17
-3.626139189556212654e-17
-3.496511179621060337e-17
-3.469548060613203915e-17
-3.359544682845111142e-17
-3.165003285317589983e-17
-3.024533156362987770e-17
-2.963359494424068592e-17
-2.916641561855797019e-17
-2.847543996282126671e-17
-2.788801147296939257e-17
-2.719635037432170494e-17
-2.604222880567513972e-17
-2.546438405991819812e-17
-2.490510491806215865e-17
-2.424188323956735431e-17
-2.354544402213612225e-17
-2.256648080978110027e-17
-2.225234564954220627e-17
-2.134749767033856454e-17
-2.088604040455018540e-17
-2.013055899875919553e-17
-1.952868325236753107e-17
-1.860727439387796490e-17
-1.808692991551764049e-17
-1.743887667042991072e-17
-1.701424277249774937e-17
-1.650861059532163193e-17
-1.578372133598586588e-17
-1.556321769777682484e-17
-1.482433039297725348e-17
-1.421487570837332655e-17
-1.409266298912254498e-17
-1.355213809269028626e-17
-1.327781614021307275e-17
-1.274910089429232180e-17
-1.256795625752553722e-17
-1.206049761558758717e-17
-1.165034207419790388e-17
-1.156088063436547403e-17
-1.140469969129353881e-17
-1.069169002659792931e-17
-1.036626120408076966e-17
-9.828896982953304465e-18
-9.407957479669636487e-18
-9.175920853040046273e-18
-8.492207489620963580e-18
-7.870346883727234118e-18
-7.459095611818755064e-18
-7.146696052916775179e-18
-6.929870953754653284e-18
-6.519711380548124705e-18
-6.092294837261908418e-18
-6.028437579744024148e-18
-5.733874116598497786e-18
-5.528006075014725135e-18
-5.183508034888725673e-18
-4.384239285416329272e-18
-4.153729582390648177e-18
-3.819143209893555107e-18
-3.679650680540175146e-18
-3.466715511106545974e-18
-3.110923138411155989e-18
-2.842501912507236589e-18
-2.748316648834667289e-18
-2.712038977568747982e-18
-2.130327747268254103e-18
-1.935036547293219688e-18
-1.627816080870576061e-18
-1.423491190343376277e-18
-8.932436537514128039e-19
-7.581020018298945272e-19
-4.750248073812013752e-19
-2.376666044311557414e-19
-4.283852306142379982e-20
2.349685142615573843e-19
5.167575011689729954e-19
6.968446316703475235e-19
1.101763949199572749e-18
1.341033944633392530e-18
1.632037389405671056e-18
2.113407685186731128e-18
2.309045025897001771e-18
2.605311842552345694e-18
2.741001683901134254e-18
3.208142499651128143e-18
3.314071191592767203e-18
3.828176351711957052e-18
3.958679999724087533e-18
4.393095072846295912e-18
4.416722241324885920e-18
5.032807147731174597e-18
5.080468343949423926e-18
5.397240572195500349e-18
5.625191279007777465e-18
6.460073063529481743e-18
6.557261601573650882e-18
6.637757727912331120e-18
7.160600126058412128e-18
7.276938468838324701e-18
7.965121297987224032e-18
8.636798675861528995e-18
8.867625241502269480e-18
9.278920447978956634e-18
9.687099009635908573e-18
1.003710939753452837e-17
1.015332141985032151e-17
1.038264958009578430e-17
1.155757959103986945e-17
1.165470850718542562e-17
1.186409660970646169e-17
1.278986491063560890e-17
1.305896859242291166e-17
1.328441083056645874e-17
1.364425854586208514e-17
1.442885003386664768e-17
1.530606274476704636e-17
1.546839293141766435e-17
1.558568414640254175e-17
1.690191487323985607e-17
1.729553856804426572e-17
1.805541433061356477e-17
1.854222259869641434e-17
1.965150889795864867e-17
2.003605227701977853e-17
2.072771232403140051e-17
2.152546085721280245e-17
2.185152453516163134e-17
2.326434632841009123e-17
2.379018259767340002e-17
2.498306994277374346e-17
2.594030785976623347e-17
2.661079590956067388e-17
2.709896925239946567e-17
2.794898356630109907e-17
2.898336460112010334e-17
2.969881692481004987e-17
2.983837120604648115e-17
2.998459518689904653e-17
3.178743853464493567e-17
3.338837609274445032e-17
3.384033790886284729e-17
3.479023437847162425e-17
3.644134572365984270e-17
3.735702389345183305e-17
3.862929049815301839e-17
4.045725031524947389e-17
4.077203092468073816e-17
4.250526366641540637e-17
4.297018567002866335e-17
4.560920376351651998e-17
4.627146491719408354e-17
4.749087576299830266e-17
5.026211185914274740e-17
5.242227661161366635e-17
5.265913715905721632e-17
5.372717278551224615e-17
5.435412626753686577e-17
5.757685478313160100e-17
6.028800987460457151e-17
6.310846730077608365e-17
6.606726808133761440e-17
6.864300900125654223e-17
7.070595837034748293e-17
7.372154442680318746e-17
8.051700505199266038e-17
8.163644438362483127e-17
8.374571316799730768e-17
8.606486481606317519e-17
8.838655889424840168e-17
9.237597918602005597e-17
9.754254184002964987e-17
1.006070730171798166e-16
1.044971330356407658e-16
1.097501890125750508e-16
1.215730862962972189e-16
1.230361530021497554e-16
1.264178793704798551e-16
1.354511760144081178e-16
1.603419144835328478e-16
1.655087642176866668e-16
1.707355566134585418e-16
1.818013768623704005e-16
2.122320540786172411e-16
2.230437843358391012e-16
3.661371725335405275e-16
5.381460499145232717e-16
1.412630346625743104e-15
8.191731690600650723e-04
1.237722275437974856e-03
2.666058198815658611e-03
3.270607681138580029e-03
3.733118333485209179e-03
4.209330601245867172e-03
4.568379720913608340e-03
6.006052811901977512e-03
6.733550454743329403e-03
1.033019786549213559e-02
1.105118535611360892e-02
1.277044523287975027e-02
1.615777187845244753e-02
2.031527578275628410e-02
3.102785654974334062e-02
4.007733948121153938e-02
5.131030225015922874e-02
6.913496132020464924e-02
9.380887298832728260e-02
1.119277219481717295e-01
1.637113952263591632e-01
3.518206327487717333e-01
1.631307891483765093e+00
4.024894356858097488e+00
9.093183697998789228e+00
