2.604578477217869359e-04
2.420475778312172635e-04
2.349437233813757861e-04
2.154304644368511897e-04
2.016963028423461861e-04
1.956554289295594693e-04
1.884167152574997464e-04
1.822496963306426924e-04
1.776341749246887751e-04
1.728472827611701984e-04
1.685203263079624680e-04
1.629489095680663178e-04
1.545933190393246239e-04
1.505677136238047669e-04
1.402320279598441382e-04
1.392129633304242144e-04
1.308380407861000391e-04
1.269245687375337322e-04
1.242975626397980799e-04
1.164730981613475478e-04
1.152502666237660301e-04
1.094479643908972022e-04
1.075859351165208593e-04
1.010770190196385741e-04
9.969120312823263647e-05
9.737422460685730312e-05
9.314941685578640601e-05
9.105669054226782073e-05
8.994856722479450527e-05
8.585358490709415992e-05
8.292838302051106262e-05
8.186877018971127956e-05
7.622942494461971269e-05
7.482530646855423161e-05
7.382019933926106182e-05
7.075876636023161099e-05
7.015644398944432798e-05
6.658661655647330499e-05
6.631481010272303783e-05
6.551086779816712145e-05
6.448679892361830718e-05
6.273373462167616409e-05
6.081348958170516167e-05
5.863920936827164704e-05
5.776602932821597159e-05
5.630123304356657641e-05
5.488932622581739224e-05
5.379474600300134364e-05
5.174987059716521610e-05
5.112393358193033436e-05
4.998537856115227077e-05
4.660196041020786751e-05
4.634252938550884309e-05
4.545740927384222223e-05
4.459563354065246407e-05
4.332856718451716957e-05
4.260868116772469934e-05
4.124270301395600510e-05
4.022845129760041353e-05
3.969517521761119108e-05
3.882390046684914718e-05
3.774853422443123801e-05
3.759277847395149543e-05
3.684124830184317930e-05
3.413675392281588690e-05
3.387804376966409813e-05
3.291895688220678395e-05
3.256524921663850038e-05
3.191105972297996580e-05
3.098510428974566493e-05
2.972591046044759816e-05
2.968725298116465806e-05
2.904381494582431719e-05
2.750465020771257808e-05
2.668083408706696736e-05
2.593393851029428057e-05
2.499648497629689353e-05
2.481162392733202404e-05
2.450802042865658247e-05
2.438792570518025397e-05
2.361916382912459170e-05
2.289863322112487102e-05
2.256243929472683790e-05
2.194815978381862314e-05
2.177858297940702848e-05
2.116594389240946891e-05
2.075480711206039119e-05
2.024605835508149794e-05
2.007713897519966266e-05
1.898491393613645347e-05
1.882217405776664718e-05
1.816136208532749839e-05
1.769610600842955799e-05
1.736070437840584236e-05
1.657742842872384056e-05
1.613135032006300955e-05
1.565578932478061446e-05
1.542514499498883333e-05
1.515331792837327139e-05
1.490571167639508398e-05
1.427879080607876420e-05
1.396629948160810669e-05
1.326556762500988940e-05
1.320596259215259987e-05
1.300431320747170703e-05
1.275638517749857913e-05
1.250350402019688136e-05
1.226989192989226100e-05
1.199472049494533761e-05
1.158233925430730984e-05
1.140987885179421987e-05
1.117364277523268069e-05
1.083758459017586142e-05
1.034742910740789723e-05
1.007469447159906853e-05
1.002264410773207574e-05
9.678078091035602457e-06
9.494508276648763983e-06
9.278624126437353648e-06
8.875248521266405728e-06
8.677308841543182014e-06
8.398050785164158153e-06
8.346279049725451268e-06
8.084764801812796491e-06
7.822927449645522151e-06
7.607089483027355402e-06
7.584574385191798672e-06
7.361416215594952976e-06
7.137475989175424646e-06
7.073466691058048541e-06
6.647001183175951408e-06
6.453577896626883790e-06
6.246845611979708400e-06
6.075353188960014768e-06
5.944691994233734073e-06
5.764396565498440304e-06
5.689598838063177580e-06
5.580774226666129892e-06
5.503372938935203561e-06
5.361445852039040513e-06
5.175574448660961518e-06
5.044843035319319463e-06
4.879764740559944528e-06
4.822296210451781108e-06
4.693681242100283604e-06
4.479008554778475079e-06
4.442078887575505911e-06
4.312978705034618428e-06
4.233488263215693219e-06
4.198722341395725926e-06
4.079264924393399670e-06
4.002799725799313425e-06
3.873160535036996834e-06
3.701816436097847320e-06
3.664608478287244623e-06
3.612275671471089302e-06
3.537633752372108620e-06
3.229331282833695478e-06
3.204817399901188331e-06
3.172968623497967438e-06
3.106907184712957870e-06
3.027262527862628861e-06
2.983017804555821181e-06
2.898298793026278795e-06
2.861418629856348575e-06
2.661682391809849511e-06
2.612549553903527131e-06
2.586538290823623408e-06
2.508383173222330731e-06
2.458015873400398292e-06
2.427132561043496705e-06
2.363665630071827089e-06
2.242882759582250004e-06
2.189822788239178234e-06
2.141312562821332040e-06
2.027344903141844553e-06
2.007401792877933746e-06
1.979806619804852039e-06
1.929264786062568050e-06
1.873325589038943498e-06
1.819500463591298870e-06
1.781839725706594284e-06
1.708428528048479891e-06
1.659217558653675111e-06
1.609459485952512159e-06
1.560442890622544934e-06
1.459247160130788361e-06
1.450986790064616438e-06
1.433108216550274994e-06
1.359570550268406081e-06
1.324768011964425898e-06
1.309837911233629608e-06
1.272630403289746639e-06
1.219154475787490172e-06
1.137265614595267535e-06
1.114179569510251125e-06
1.085470342008299667e-06
1.054574556713150982e-06
1.017360458601695908e-06
1.008277150234076560e-06
9.194267162837393815e-07
8.963371305858946050e-07
8.551780985515240576e-07
8.142896165568796980e-07
7.753243073661204525e-07
7.621953106771381654e-07
7.201307507250281723e-07
7.129573864788728232e-07
6.491706624626066750e-07
6.288960797555971079e-07
5.780289380498018918e-07
5.537873070239924295e-07
5.085710114549425294e-07
4.817024826967526620e-07
4.369849531079933192e-07
4.107823321007357410e-07
4.029108874231193616e-07
3.413580900861315386e-07
2.654338620415156213e-07
2.307724069280808056e-07
1.818528793141107253e-07
1.573257895120965762e-07
1.045362853674450684e-07
9.663649771463142286e-08
7.407301446286839561e-08
6.111993887196080342e-08
4.550668594594611365e-08
3.207053072493373571e-08
1.574536795009195307e-08
2.097628345578057690e-09
1.026068683632732681e-09
3.017874420258974056e-21
-4.541844287044618953e-21
-1.123904900621062225e-08
-1.149364290560748107e-08
-2.562883270292035984e-08
-3.434541069250307456e-08
-3.913845778241561569e-08
-4.697711118931405742e-08
-6.434657900221498640e-08
-8.290034978283506610e-08
-9.810717473550286394e-08
-1.082348062131709426e-07
-1.147655548643243906e-07
-1.363084777326398129e-07
-1.482449697888980668e-07
-1.655487075909102926e-07
-1.746990792564487442e-07
-2.171269446321465298e-07
-2.404310156644935542e-07
-5.928503318227768894e-07
-7.564775513851529404e-07
-7.843169045171107197e-07
-8.032618980996894885e-07
-8.369536521200504028e-07
-8.825023549979855314e-07
