5.351328599315252621e-03
3.881929517361233824e-03
3.401330814503498220e-03
3.071588230353504596e-03
2.564841914849574564e-03
2.110178423292224936e-03
2.051055390952166452e-03
1.728700809315873981e-03
1.573393643943772407e-03
1.558726537815813230e-03
1.313827362691294149e-03
1.229748377705802958e-03
1.213201056544808238e-03
1.098924737315261618e-03
1.022594749850491962e-03
9.161844765547149695e-04
8.497724537149344871e-04
7.537583715551348469e-04
7.437706566326007665e-04
7.035726370245025570e-04
6.530980217209057413e-04
6.159123575004207948e-04
5.466648948686355551e-04
5.188332425225385212e-04
4.837152441796346955e-04
4.568251315156253260e-04
4.402980296486742407e-04
4.287381175890709814e-04
4.049156333892393270e-04
3.812203053660239024e-04
3.573039882890656060e-04
3.398446042599651516e-04
3.270036298585282078e-04
3.102030942246883252e-04
2.980190689111088145e-04
2.944040108325777366e-04
2.630236725829279698e-04
2.577257772939895255e-04
2.365731877769988788e-04
2.293497888187159969e-04
2.108511367243937062e-04
2.079476438427000945e-04
1.899437859010689479e-04
1.831838208465559397e-04
1.766329555167945925e-04
1.635748582537160239e-04
1.578112764277752526e-04
1.544039432577181412e-04
1.412444807367244678e-04
1.322233010431936534e-04
1.257401334493463260e-04
1.205776643638885906e-04
1.140309527321262551e-04
1.107037005332981729e-04
1.089127002390298364e-04
1.049239305597199497e-04
9.804275103835903408e-05
9.336813995437597382e-05
8.979117812991791511e-05
8.354258357615260578e-05
8.119508422586570011e-05
7.732881891039477922e-05
7.551093628939548866e-05
7.213195046374036383e-05
6.701178584487281671e-05
6.421131698387270222e-05
6.231575763057428706e-05
5.973697635944085892e-05
5.337767905072408501e-05
5.120762546224885339e-05
4.962845401521074164e-05
4.604968354223028324e-05
4.408193493177448236e-05
4.302686707792924975e-05
4.195216856916123466e-05
3.897274598837603769e-05
3.512517872487399813e-05
3.391651867997947853e-05
3.133747068842414476e-05
3.106736979272860987e-05
3.071314230501348514e-05
2.902604967310527909e-05
2.668303705708521936e-05
2.581847735820638851e-05
2.439270563929778297e-05
2.420060184173296325e-05
2.050913450328064084e-05
1.993093265405518263e-05
1.717271124443499171e-05
1.641633634420376349e-05
1.453807064068833200e-05
1.410804885917535335e-05
1.354797134282009915e-05
1.240736605998464341e-05
1.166393583372762598e-05
1.124851330436072163e-05
1.043386520391251732e-05
9.499742282791954348e-06
9.206905507009346653e-06
8.634771017156589397e-06
7.503328302894445805e-06
7.180762099515030526e-06
6.897850847736295835e-06
6.132266380964951100e-06
5.544501404324548755e-06
4.777352595966818947e-06
4.022237578589818634e-06
3.672503251505753662e-06
3.326497657811843082e-06
2.980078111119087715e-06
2.427926742868743140e-06
1.929384725466775369e-06
1.617189056289130734e-06
1.317284627641537993e-06
1.177185248451204911e-06
9.474717932839208835e-07
6.252701573745341733e-07
4.943480550417271872e-07
2.781239543132570316e-07
1.706686177465754401e-07
1.825014131324519267e-21
-4.499715688280618956e-20
-4.719664862078081204e-07
-6.578540342636579572e-07
-8.627184278956144659e-07
-9.065397511013458113e-07
-1.255280602468397799e-06
-1.515874261236094426e-06
-1.694948258046378655e-06
-2.000075765163279779e-06
-2.470416326457216343e-06
-2.683031449130905157e-06
-2.802250267531712179e-06
-2.942462280516173154e-06
-4.003014550554538168e-06
-4.789368103146457355e-06
-4.996828216690543641e-06
-5.312568751833776465e-06
-5.450339325680377911e-06
-5.970719649749286916e-06
-6.361426359292484072e-06
-7.025097434374712649e-06
-7.469476467398034006e-06
-7.877509487951349045e-06
-8.303954339049661638e-06
-9.321948066098903097e-06
-9.959068351493941481e-06
-1.005234786408292142e-05
-1.055003504791225234e-05
-1.144011730912547095e-05
-1.204232227128447675e-05
-1.333784112884809060e-05
-1.474084773871965922e-05
-1.550255108089185880e-05
-1.656650571687858460e-05
-1.692849703362253654e-05
-1.852052010522516629e-05
-1.931733052642423866e-05
-1.952931988144397397e-05
-2.064742533290028916e-05
-2.200636898837572821e-05
-2.388501349230021245e-05
-2.500913861744301494e-05
-2.562265516422517175e-05
-2.672877877368681643e-05
-2.732301696207994665e-05
-2.930656127776463607e-05
-3.096323118856705078e-05
-3.240644507893720777e-05
-3.412396627240887995e-05
-3.598403911592164240e-05
-3.756634036016445619e-05
-3.891636988232582267e-05
-4.244483830277297854e-05
-4.511875998651044769e-05
-4.677305862682536663e-05
-5.054964390781872742e-05
-5.291906349375816989e-05
-5.525428236379613915e-05
-5.801506500188376451e-05
-5.995701284713199748e-05
-6.446438554877500582e-05
-6.505032610767024143e-05
-7.222868507571879673e-05
-7.459917607631453445e-05
-7.958684124107775430e-05
-8.191624800013623487e-05
-8.659507129872224998e-05
-9.034314913252943099e-05
-9.050909736234131705e-05
-9.660564538609446171e-05
-9.846820934483138004e-05
-1.010109969216198647e-04
-1.086208503979209188e-04
-1.114291664309462882e-04
-1.171012636584571707e-04
-1.212708630551716639e-04
-1.260974225582557021e-04
-1.386641877145634427e-04
-1.440285395556530697e-04
-1.503465859852977610e-04
-1.526726874713771798e-04
-1.593594142266328969e-04
-1.621951636236916507e-04
-1.649484954306380227e-04
-1.704937027785701702e-04
-1.838569486722845371e-04
-2.108389295181358858e-04
-2.164724437807669056e-04
-2.289290094866392334e-04
-2.308170594079926542e-04
-2.398578829007534338e-04
-2.477183307595110504e-04
-2.637527854272837227e-04
-2.681739497032979594e-04
-2.786313671082027736e-04
-2.985359403470133643e-04
-3.107147715928371698e-04
-3.214040829538383119e-04
-3.524796886446809907e-04
-3.539683592514923476e-04
-3.748648744232888574e-04
-3.852223822569223561e-04
-4.249013823004171701e-04
-4.267115531172349305e-04
-4.477917373475914678e-04
-4.641104746303469607e-04
-4.757683721693649359e-04
-5.054159641469600220e-04
-5.153265380252153955e-04
-5.388431088176156214e-04
-5.791623415305803286e-04
-5.948967427252207672e-04
-6.121438654771492547e-04
-6.759474547187286925e-04
-7.196395312699770119e-04
-7.604867793802749408e-04
-7.855771276624524176e-04
-8.383697217225418059e-04
-8.701162880129235033e-04
-9.205200121275320269e-04
-9.873175114396273364e-04
-1.016606685672207574e-03
-1.060520342402661255e-03
-1.115120972310106170e-03
-1.188788438565407165e-03
-1.263653958678433078e-03
-1.351244822202758711e-03
-1.503786212453704380e-03
-1.623057147458744883e-03
-1.731981662618396409e-03
-1.914776800976709199e-03
-2.107450015883747304e-03
-2.421966860639748927e-03
-2.639322722801341285e-03
-3.156507174546118247e-03
