-3.986024820970846581e-06
-3.538357868288570496e-06
-3.078664527181475563e-06
-2.509104543405164979e-06
-2.432279610741456994e-06
-1.723173533821357151e-06
-6.566038081411101166e-07
-5.768735491523439707e-07
-4.242255521718799183e-07
-4.051231092638794752e-07
-3.437911146558369128e-07
-3.016853164503737701e-07
-2.599507184947196040e-07
-2.387320820049025237e-07
-2.201317273853180317e-07
-1.808869695665578031e-07
-1.480632744679909792e-07
-1.064609205173730617e-07
-8.689779672391964930e-08
-7.814370409703796031e-08
-5.404268800809223123e-08
-2.455219407246629846e-08
-2.279543632513039395e-08
-4.645766094440351033e-21
1.328081272281762986e-19
2.196768631970620861e-09
4.198375205920970666e-09
3.580296546991129890e-08
6.314400232145070430e-08
1.059914664885567809e-07
1.252377208836164487e-07
1.658946384901741033e-07
2.205746019888418633e-07
2.331710739284326719e-07
3.647490658923931797e-07
4.130289740466106056e-07
5.097369838436686100e-07
6.227595136860208575e-07
7.576285970605748546e-07
8.584411330231678697e-07
9.268433106735599075e-07
1.019822042178472467e-06
1.055807698323755147e-06
1.157121443830300097e-06
1.264273819646295153e-06
1.328692777587494889e-06
1.406890884052309364e-06
1.560608803862370168e-06
1.575152803697115709e-06
1.606044539560096991e-06
1.702139160471318504e-06
1.767626258574386791e-06
1.900049356763910127e-06
1.961968274347379141e-06
2.054230302464803588e-06
2.240889576356126421e-06
2.349092421974314068e-06
2.471004393066326794e-06
2.497200350080807995e-06
2.532713410540404540e-06
2.628585543600439091e-06
2.768043760815072207e-06
3.026231011891633337e-06
3.103843265472096742e-06
3.205734365903922755e-06
3.305551358384714006e-06
3.357778425711247470e-06
3.450397291630226023e-06
3.601233619065807273e-06
3.703575255242334135e-06
3.948382841912698414e-06
4.059350624118670246e-06
4.209070622339119397e-06
4.552796654791137868e-06
4.584828594433158133e-06
4.858437592094002797e-06
4.921268148752979970e-06
5.204692673040972157e-06
5.277778258327418266e-06
5.339656192376182791e-06
5.624773182838824605e-06
5.715958716443989842e-06
5.882326609943203222e-06
5.954844452076271963e-06
6.006411947443849530e-06
6.179842139231909334e-06
6.315632343039400846e-06
6.729948290743920429e-06
6.901114744374994188e-06
7.019370023797079469e-06
7.124166215582395570e-06
7.541936401685714638e-06
7.720779692065155754e-06
8.022632772752471821e-06
8.111785088469199609e-06
8.263809037993630674e-06
8.603356665700377139e-06
8.808066444944508052e-06
8.970006265257483459e-06
9.625090660392515037e-06
9.795894978430636510e-06
1.004117069995051349e-05
1.036178274384373145e-05
1.044636278420880478e-05
1.087870635752030079e-05
1.135961115887683376e-05
1.163039169227145923e-05
1.203850723495745195e-05
1.215694934744612800e-05
1.265169749397610429e-05
1.305698510029410449e-05
1.335971040085486864e-05
1.376576046676745837e-05
1.396741122572827961e-05
1.429009266134977478e-05
1.545411361766176538e-05
1.574756767387333899e-05
1.621708919281982105e-05
1.639824377456172572e-05
1.674642281016788768e-05
1.716910069632432686e-05
1.746532747135290750e-05
1.763940048943213294e-05
1.804610617600054068e-05
1.856856822944343385e-05
1.941481457182003424e-05
2.058642478254413000e-05
2.141837539301704970e-05
2.159759189826511173e-05
2.225453271288265343e-05
2.314992800131474081e-05
2.346054434050181070e-05
2.381849459890801084e-05
2.532410536982610851e-05
2.576845101483977158e-05
2.632594808817266318e-05
2.684362326437308207e-05
2.726302098695344337e-05
2.813321988045031021e-05
2.894737493168331486e-05
3.069975066549436278e-05
3.159758651501627826e-05
3.404441770332614585e-05
3.504416126292343037e-05
3.528524820527291570e-05
3.633283116475680239e-05
3.655590941921466915e-05
3.747120474102927324e-05
3.946057462719579335e-05
3.990633420758649868e-05
4.138166297526258168e-05
4.239785921352352523e-05
4.327419393298682243e-05
4.465628767133620892e-05
4.636424613368808915e-05
4.750397872820469851e-05
4.893084181581811075e-05
5.138772451732239940e-05
5.346292887432736691e-05
5.380818012460721631e-05
5.447807884523097873e-05
5.558990735192469358e-05
5.693784322327566215e-05
5.826323244901504761e-05
5.885051091068738762e-05
6.141060411945755337e-05
6.550689110617450585e-05
6.850475135698313447e-05
7.065131825821867318e-05
7.387318542339243587e-05
7.774187006047188415e-05
8.099396091691547068e-05
8.355945054887144944e-05
8.501173147705670392e-05
8.717396359151957826e-05
8.837409361133986222e-05
8.902000432042146011e-05
9.208305317412561746e-05
9.349398286681948826e-05
9.666116816557266886e-05
9.853055268915394450e-05
1.033212382687231202e-04
1.068132360173340220e-04
1.098307924030755530e-04
1.147515220131608735e-04
1.177514742887339700e-04
1.209523522600920844e-04
1.252261810577924941e-04
1.301160695203292710e-04
1.353386464983517444e-04
1.376103881837962835e-04
1.396051556300346595e-04
1.469724377540449693e-04
1.489135105300212010e-04
1.565729982479223707e-04
1.694015349397893914e-04
1.761257218930561952e-04
1.826410139846657628e-04
1.848365524167644219e-04
1.892397349364278590e-04
1.931872592867976994e-04
2.006245195674604212e-04
2.042507340775506222e-04
2.148341199331054222e-04
2.258651727917611849e-04
2.290000322801454176e-04
2.371605187196002722e-04
2.406874783678759726e-04
2.605154693230720591e-04
2.793253293122694293e-04
2.845534828096878978e-04
2.955495259245154030e-04
3.172727914843391766e-04
3.204842306811370644e-04
3.268298625353655029e-04
3.465193356998291481e-04
3.735540432434111390e-04
3.988558781004790366e-04
4.082894193568856905e-04
4.189512923948568424e-04
4.325932787133687871e-04
4.619256102128473400e-04
5.016835830616172718e-04
5.095924163773533954e-04
5.521391809966077775e-04
5.977615555590408674e-04
6.039372911454825342e-04
6.209591428182865231e-04
6.938126479448755192e-04
7.292775968339583036e-04
7.710353492674261715e-04
8.044228315022566465e-04
8.574034419151676167e-04
9.207207311893604498e-04
1.054850666561274464e-03
1.088356010231592008e-03
1.092706160428054667e-03
1.203006647228376750e-03
1.328558202744716281e-03
1.467073735479160375e-03
1.736937137954938084e-03
1.910120712914900034e-03
2.085194053355921093e-03
2.353265704931851825e-03
3.106818908431234223e-03
3.449555050418103702e-03
3.670498741917799235e-03
3.901394583709429618e-03
4.295751928708038854e-03
5.961077746364501842e-03
7.197577307600533728e-03
7.496502672315558634e-03
1.772854232370715127e-02
3.245870888712992786e-02
3.676287403370415846e-02
1.214075564909767868e-01
