-2.608264504535255934e-01
-4.846313805767363259e-02
-2.569397449665354605e-02
-2.086232617265514067e-02
-1.763644533432452005e-02
-1.039858180296387123e-02
-6.920052849726829151e-03
-6.647211921763632528e-03
-4.999312424188348189e-03
-4.682272242546438139e-03
-3.228316517167573695e-03
-2.948284278209470019e-03
-2.709327948789311095e-03
-2.134452575273310983e-03
-1.919848337912241198e-03
-1.490395448593281706e-03
-1.456865929916020819e-03
-1.329119587118743947e-03
-1.253109524103963434e-03
-9.855349614254192443e-04
-9.441704892645204263e-04
-9.326163198403852319e-04
-8.188094108008554502e-04
-7.787094638315955695e-04
-6.629559345509764392e-04
-5.990403203817818789e-04
-5.418994503413242193e-04
-4.665732651793756030e-04
-4.297808577376382891e-04
-4.030257609367579922e-04
-3.801517785681522363e-04
-3.156800246075185915e-04
-2.831192159114200068e-04
-2.525934061510544241e-04
-2.422048217271994012e-04
-2.236686218240217718e-04
-2.025834193969472060e-04
-1.886305153043948187e-04
-1.627315114077254371e-04
-1.494998887286299000e-04
-1.386303032891425448e-04
-1.299499492184561682e-04
-1.210860973002889052e-04
-1.159367212525120022e-04
-1.075294465679661656e-04
-1.035843915394146086e-04
-7.878484419544797229e-05
-7.475769197761910148e-05
-6.337769398279257814e-05
-5.566089182620042572e-05
-5.363809445059285847e-05
-4.850446304000864749e-05
-4.099666794853519883e-05
-3.807599811669402207e-05
-3.680536431477234407e-05
-3.209197941586203976e-05
-2.982720002945050343e-05
-2.713970701929970282e-05
-2.392482756664533522e-05
-2.329363240532338254e-05
-2.063456417136896705e-05
-1.799779308298635544e-05
-1.652389969258949643e-05
-1.409755944323008959e-05
-1.181587154802851149e-05
-1.058359202264425988e-05
-9.368000797614689436e-06
-8.981932793626371740e-06
-8.296664687803014367e-06
-6.822316729038051162e-06
-6.228590594520214114e-06
-4.987246893102804428e-06
-4.355628884681513837e-06
-3.982530062722417864e-06
-3.593416753811793703e-06
-2.945297921511965737e-06
-2.632786334264438811e-06
-2.231601025273390217e-06
-1.514824911487107189e-06
-6.701247948778238596e-07
-1.451168762781201599e-07
-3.491884944615770360e-20
3.386595704764267169e-19
1.013706141907820975e-06
1.875939638951302821e-06
2.158149712182984580e-06
3.581216595715246339e-06
4.882562282179171007e-06
6.345578712782490447e-06
8.483207207087339194e-06
8.874916478364644500e-06
1.050754807210738481e-05
1.075172040495217326e-05
1.203923065902361211e-05
1.318367691197968453e-05
1.477999986285425864e-05
1.667131816389135128e-05
1.920231441838933143e-05
2.178693578076331086e-05
2.298346873391755545e-05
2.464027799358110474e-05
2.493985224412008624e-05
2.734887252626349297e-05
3.094159765288893047e-05
3.501404875749105998e-05
3.677514516486236890e-05
3.872770703084420100e-05
4.022817300135247612e-05
4.273259480757264520e-05
4.440000109206233511e-05
4.731519703020760289e-05
5.219146844759213401e-05
5.402719659374441305e-05
5.668637287331443141e-05
5.935463852907971633e-05
6.480412039545042978e-05
7.083931620164049092e-05
7.803734029396319956e-05
8.120562168735656204e-05
8.371548105676107003e-05
8.439823612765600302e-05
8.739467338333425190e-05
9.300507088132662747e-05
9.685153271604828745e-05
1.003498122687316842e-04
1.052973255521344361e-04
1.078825205428977755e-04
1.103592951642501835e-04
1.230823782382163805e-04
1.257689301946802671e-04
1.266985830138029105e-04
1.407616565291460874e-04
1.505980826981137078e-04
1.551115775022496475e-04
1.633486258120328734e-04
1.672868435837164146e-04
1.770241914555009666e-04
1.858393825203869551e-04
1.903424960860476494e-04
1.982635999203903924e-04
2.065557187329252029e-04
2.076126080424015616e-04
2.232628695900800429e-04
2.393324078767479523e-04
2.425606716550882179e-04
2.488190835573813415e-04
2.623386805208095525e-04
2.682777212050773004e-04
2.767963182270832996e-04
2.975475861441103558e-04
3.040633782976755531e-04
3.115406205517643411e-04
3.138393313408635479e-04
3.411356954486671387e-04
3.419510050810762453e-04
3.477899682745818114e-04
3.694824248863981704e-04
3.766387602753123185e-04
3.939933538112235173e-04
4.018951040005223733e-04
4.248481157465813958e-04
4.492685150711628133e-04
4.644927826074463474e-04
4.693155782285435393e-04
4.995397713413392326e-04
5.106478180545155447e-04
5.321783891959421973e-04
5.409260182236165764e-04
5.675170119818112894e-04
5.929085734618905592e-04
6.036429393417799697e-04
6.315669311426376758e-04
6.711248391353905616e-04
7.096016040880581384e-04
7.206439340208575968e-04
7.552097152127219045e-04
8.040598421396782849e-04
8.399813841255001322e-04
8.599920385271010671e-04
9.148554975140545933e-04
9.253824333360121312e-04
9.561651684139662894e-04
1.007956002861777394e-03
1.015149049835808786e-03
1.074677936582012260e-03
1.142688641785593196e-03
1.209919910931153047e-03
1.289213682351019862e-03
1.311099323131767469e-03
1.320863228408596319e-03
1.400007857344962589e-03
1.469331671436072692e-03
1.514213239328424197e-03
1.535918627597513937e-03
1.563783899535206752e-03
1.633461510563209229e-03
1.774167081794482534e-03
1.823903415208658670e-03
1.877390692069653803e-03
1.919740663925851437e-03
2.006091342126945041e-03
2.011580490535379469e-03
2.321880445906746981e-03
2.408172446515200339e-03
2.465356914967681626e-03
2.565005516623198190e-03
2.659382222469525072e-03
2.885613309525572254e-03
3.024825530577957521e-03
3.242759972995916916e-03
3.276776748032625766e-03
3.373786826163210906e-03
3.521795479419281925e-03
3.971332155300770668e-03
4.083396387787789281e-03
4.178819131465109915e-03
4.521405205577421448e-03
4.764057733334523675e-03
5.070799463724553514e-03
5.176214717476982502e-03
5.367927782711686031e-03
5.680681768735888239e-03
6.392783126819613811e-03
6.486688636227694663e-03
7.025524426108360407e-03
7.122869578739471699e-03
7.569268178378834797e-03
8.514947358348361542e-03
8.959006452552049915e-03
9.159282908630847139e-03
9.408214266644863988e-03
1.077009060974630332e-02
1.183892778184277191e-02
1.286405559226127399e-02
1.350145568864166701e-02
1.550785607386967295e-02
1.573868295308142318e-02
1.705494555307821708e-02
2.059916263319467103e-02
2.074133034373099732e-02
2.206114745671971383e-02
2.441184102382842891e-02
2.504478925337278936e-02
3.204284705334589645e-02
3.518554192329401142e-02
3.713191597280315198e-02
4.282806886817774883e-02
5.656497821105195556e-02
5.832907136157992195e-02
8.547909879143747447e-02
9.049942544286194990e-02
1.211271467496123494e-01
1.406805290370371497e-01
2.415259462496081311e-01
2.622007848488882020e-01
4.230578688528707776e-01
