6.165716637875733042e-03
4.459275076039102489e-03
3.907843181168610749e-03
3.638787934625181165e-03
2.983297056193580810e-03
2.496795912782365755e-03
2.344158717759203033e-03
2.040391003186196005e-03
1.851657814964180601e-03
1.808916607156643361e-03
1.545320591256722385e-03
1.480413750693271953e-03
1.440029875547251025e-03
1.318512852158885106e-03
1.210290489397801515e-03
1.093329018090355691e-03
1.031082177661219075e-03
9.389726771042884853e-04
9.046797146511431978e-04
8.460663249742669248e-04
7.845895861978677320e-04
7.473547447094373332e-04
6.757656224396820909e-04
6.294958292378874387e-04
5.885930359823157536e-04
5.552936255731012391e-04
5.284974160244472648e-04
5.221623115808861522e-04
5.059539698541213422e-04
4.784456848423600446e-04
4.382384642497482103e-04
4.101439564561467797e-04
3.957895963669635312e-04
3.724279111264843086e-04
3.652869067735307592e-04
3.540064924965058424e-04
3.305864614950499206e-04
3.161600702510150834e-04
2.921676244219314480e-04
2.758510134608736092e-04
2.643074789846239117e-04
2.574602298416157832e-04
2.355298438012937037e-04
2.195615833491373133e-04
2.141514875447097534e-04
2.025943663335455351e-04
1.962522095951218344e-04
1.849430212901538790e-04
1.781761221843031174e-04
1.755707129507469975e-04
1.688779457907740975e-04
1.552533501405251341e-04
1.504582815032350172e-04
1.433401899390995436e-04
1.313217942375044035e-04
1.277355320741982274e-04
1.193766162634348041e-04
1.164763320307495888e-04
1.129596449740317298e-04
1.075243142525707522e-04
1.010087415938813889e-04
1.000282298065733732e-04
9.735910255865660925e-05
8.878615577183922097e-05
8.540331179062995786e-05
8.107203727950925830e-05
7.839704045987849128e-05
7.653234980353045295e-05
7.410313074827936893e-05
7.005629132673928409e-05
6.628681751574168877e-05
6.215735282327085169e-05
6.099547208895383390e-05
5.790323691029040790e-05
5.640104790156189209e-05
5.270371348029176780e-05
5.089597515901937041e-05
4.741888435917667480e-05
4.615447100707959014e-05
4.442391550413641330e-05
3.926221791739349892e-05
3.828650112295111778e-05
3.747692048657820697e-05
3.607873374160546777e-05
3.499404962813512876e-05
3.226347490008374142e-05
3.017365185855375891e-05
2.920009016158682988e-05
2.569425608857755085e-05
2.387674221174873937e-05
2.161486870588757260e-05
2.137348259368347710e-05
1.858818264578977078e-05
1.820394990918038243e-05
1.606922538156672336e-05
1.512773589621176650e-05
1.460728757015574343e-05
1.426398588328248450e-05
1.295105341843633100e-05
1.193960186348402733e-05
1.177695468605099839e-05
1.133215087931605077e-05
1.035336894009094194e-05
9.540796289574770062e-06
9.181234914896931331e-06
8.133055093365406358e-06
7.344340574072159733e-06
6.733395428777763143e-06
6.344294362755561921e-06
5.633660950552536494e-06
5.500064452371065951e-06
4.496905056132799318e-06
4.055100515920307018e-06
3.455512373885650115e-06
3.137871430464362069e-06
2.667321133298118929e-06
2.319174662652899300e-06
2.188811768352911650e-06
1.868349477482555497e-06
1.811188109510625213e-06
1.333446319965385692e-06
8.590706133600944343e-07
6.185606666588038384e-07
1.590048874966517604e-07
8.492073411302133773e-09
-3.915604232389142305e-20
-5.711232304041338755e-20
-7.592940693096175761e-08
-2.347901081923400013e-07
-5.967396074022910314e-07
-9.123279423980058165e-07
-1.078449338986786560e-06
-1.356275238122918672e-06
-1.633129630006193711e-06
-1.978033804828621170e-06
-2.205007258265139870e-06
-2.728347374846952796e-06
-3.488060062979780666e-06
-3.967934736199082769e-06
-4.315916236715926297e-06
-4.341350055759900615e-06
-5.019182735528532357e-06
-5.669570437128954111e-06
-6.079846716284427161e-06
-6.632749438810975619e-06
-6.718783802001141220e-06
-7.379932385914894168e-06
-7.846522813793787424e-06
-8.360664071985753288e-06
-8.895876407971772416e-06
-9.379189984188204799e-06
-1.037514115329771396e-05
-1.058698897101089235e-05
-1.186147899082457056e-05
-1.218576030121354226e-05
-1.337827828443378070e-05
-1.409698103432291554e-05
-1.479657038413207368e-05
-1.667977655519694758e-05
-1.756315241329850193e-05
-1.899725826898936330e-05
-1.945049390303898635e-05
-2.031416706577001362e-05
-2.115738062106112187e-05
-2.201584170772102406e-05
-2.317509112929059387e-05
-2.568952671862732615e-05
-2.653113033950239559e-05
-2.816680501081073208e-05
-2.999942396801593268e-05
-3.079374131779220820e-05
-3.165360827319550822e-05
-3.339718379654405038e-05
-3.515511900924164128e-05
-3.886882184144909639e-05
-4.233770963441393947e-05
-4.358331895423648894e-05
-4.595921531379164239e-05
-4.768241810790326826e-05
-5.148201328259626114e-05
-5.295813762169930485e-05
-5.339147257241978566e-05
-5.513857132762034485e-05
-6.104114875210643111e-05
-6.659388225904394284e-05
-6.770969748463836265e-05
-7.047885577477279418e-05
-7.700779741520845259e-05
-8.022965642702267666e-05
-8.248675695717517305e-05
-8.378467991994147102e-05
-8.589086570171406950e-05
-9.005983303030435012e-05
-9.266733090532421817e-05
-1.022497060873076035e-04
-1.108751827730377102e-04
-1.163498300685704044e-04
-1.196763236393141980e-04
-1.221924950403174121e-04
-1.300807797545295284e-04
-1.375553909806448666e-04
-1.434277917680571585e-04
-1.489483795396931692e-04
-1.496556493791645391e-04
-1.554253107753799821e-04
-1.598719987441918561e-04
-1.731367914447449498e-04
-1.953299148995932049e-04
-2.083139571094230031e-04
-2.160767068211141124e-04
-2.194224973411043221e-04
-2.277986090701455859e-04
-2.369117329673598707e-04
-2.473948949873270979e-04
-2.547487246625043276e-04
-2.668732615179981115e-04
-2.773040772182488577e-04
-2.957174159745154410e-04
-3.033290192229389100e-04
-3.339093084902916521e-04
-3.357131188282892384e-04
-3.599163843549257630e-04
-3.686239253244130644e-04
-4.028779802345275524e-04
-4.130172297076317744e-04
-4.272608526202564057e-04
-4.471573735531597063e-04
-4.601112244402897852e-04
-4.885696742842153811e-04
-4.952323677344877897e-04
-5.249172236239037529e-04
-5.608004210357202561e-04
-5.637414704421878997e-04
-5.942590687013492735e-04
-6.528139415325469406e-04
-7.061800459125848689e-04
-7.378555276617103755e-04
-7.739321447115362273e-04
-8.236384042101383600e-04
-8.603118640671907329e-04
-8.979214949672063113e-04
-9.629046324414006772e-04
-1.001379518485848597e-03
-1.042263408098391105e-03
-1.099223692277371146e-03
-1.172678497979800756e-03
-1.247634113685534363e-03
-1.325090407360973634e-03
-1.481518042384173455e-03
-1.599344871817565995e-03
-1.709261827714101583e-03
-1.891719285287409187e-03
-2.086242067417307718e-03
-2.404910715392594676e-03
-2.630002786151963180e-03
-3.148625160833993207e-03
