1.002660838066530419e-02
7.249425608823944697e-03
6.536235765826318642e-03
6.329853639867516479e-03
5.134588629636661211e-03
4.528171168239730413e-03
4.029271788213686228e-03
3.776659413466398191e-03
3.472092588796490270e-03
3.247987533562948954e-03
2.936654317401849075e-03
2.842705050709484847e-03
2.636382560758130517e-03
2.503204481773033119e-03
2.407339455098573937e-03
2.273372783248773198e-03
2.111047454263277612e-03
1.950348043283633591e-03
1.856146974145839439e-03
1.691799394195755589e-03
1.641578040308967193e-03
1.483704093156475124e-03
1.433807269022266970e-03
1.368257222485410197e-03
1.303372868235719989e-03
1.189583807231144475e-03
1.180117585330551664e-03
1.136909981407238429e-03
1.057186671907266043e-03
1.030731508722573840e-03
1.001476802270373891e-03
9.861214847444901670e-04
9.193310363538332577e-04
8.877292373365727827e-04
8.146719585730741002e-04
7.994315811034433290e-04
7.816848621388013682e-04
7.461881199606792536e-04
7.161224220280000292e-04
6.929269406604640852e-04
6.880653391341182146e-04
6.437047719048310038e-04
6.060704750885524857e-04
5.707872703558978340e-04
5.585700646265901988e-04
5.412543377058289234e-04
5.102233075920520593e-04
5.031043057681221795e-04
4.813988752580340875e-04
4.589734019858917832e-04
4.479884331897319907e-04
4.210218803015883444e-04
4.105561135262810585e-04
3.913222793563056034e-04
3.693748627455619533e-04
3.567844325455112541e-04
3.386843213830519105e-04
3.332254416860636818e-04
3.184050091082771326e-04
3.098277738265473686e-04
2.977971459372280496e-04
2.870601639165934124e-04
2.755231051499291940e-04
2.597889435017145280e-04
2.535752940901258657e-04
2.486347618485261241e-04
2.310040984745682750e-04
2.296735305519887979e-04
2.142682416023560844e-04
2.119438675205444688e-04
2.039398463730143849e-04
1.976503045066916242e-04
1.868264620671138631e-04
1.778897237878964289e-04
1.731960723121236283e-04
1.670323944771817779e-04
1.605210482399875560e-04
1.567267812987067379e-04
1.484464993002592814e-04
1.460561365520882257e-04
1.393977248569344652e-04
1.343353315595157847e-04
1.334707177554766164e-04
1.300708709617719215e-04
1.224081636567254168e-04
1.146964629899406579e-04
1.127709197805806579e-04
1.102423420361168019e-04
1.067062882532158027e-04
1.043959441456222581e-04
9.935379218080728919e-05
9.789927019751104532e-05
9.096464805889764766e-05
8.957010933528649569e-05
8.517230429915202867e-05
8.171445469302037444e-05
7.994213862186607604e-05
7.804077952717052035e-05
7.360282797534922978e-05
6.999895171947538033e-05
6.615180479962165028e-05
6.363796925143127268e-05
5.883727432111906261e-05
5.725638139605222066e-05
5.480049123891443864e-05
4.929247208931193951e-05
4.786682717155913162e-05
4.757176783312381976e-05
4.661923702633297058e-05
4.232005143835504841e-05
4.138482609008255198e-05
4.049582730256920149e-05
3.610382170009349568e-05
3.563276985432307247e-05
3.393087145581372946e-05
3.290987094831547473e-05
3.051777188046707421e-05
3.006526810789527781e-05
2.877073751407390110e-05
2.572264645161233880e-05
2.499441652201004024e-05
2.336480352596636748e-05
2.136905824515457434e-05
2.059608104176264664e-05
1.879276754387597986e-05
1.736895919000750518e-05
1.670554728190471448e-05
1.557844292592659006e-05
1.471645354887971497e-05
1.394058592522592536e-05
1.290109666707042476e-05
1.231974527038831386e-05
1.212411111380478683e-05
1.018522680447997010e-05
9.663520686382081069e-06
9.163535911007958669e-06
8.551219178381146483e-06
8.048113040336834454e-06
7.607841893690388240e-06
7.260310292861640276e-06
6.583918099080313424e-06
5.275310807062509387e-06
4.850962165147202138e-06
4.512242988850403560e-06
3.409762509787995390e-06
2.923985333428050989e-06
2.428587554278932487e-06
2.194562766083993859e-06
1.491238728946397637e-06
1.241679175070099875e-06
6.214256168896272220e-07
5.214241051580999517e-07
4.704760139034200409e-07
4.841211425769901451e-08
-1.368155368331185001e-20
-4.085725354582540309e-20
-6.082453171660479084e-07
-7.121606605747534166e-07
-9.540671752854104404e-07
-1.794996787989245820e-06
-2.062735984992276066e-06
-2.388104258720080116e-06
-2.664595948812727256e-06
-2.770054985952140455e-06
-3.127291946930454163e-06
-3.814996335357385060e-06
-4.044916138176116684e-06
-4.417074661591113708e-06
-5.416634923190398285e-06
-5.870128743107687218e-06
-6.197796044612099704e-06
-6.875240465244395667e-06
-7.448436170970893134e-06
-8.077357332707088458e-06
-9.292708637145621772e-06
-1.015008390479535767e-05
-1.176322207599422188e-05
-1.243958581366416994e-05
-1.358077335590421156e-05
-1.445319476451641992e-05
-1.514083241922838456e-05
-1.604662656366725754e-05
-1.742598800920111497e-05
-1.838726395407511109e-05
-1.954642258470967928e-05
-2.014415663981190577e-05
-2.119809237962624613e-05
-2.197739343769022647e-05
-2.416289051532535291e-05
-2.700937270137152992e-05
-2.743105768940915331e-05
-3.030673112002029671e-05
-3.346714921253225299e-05
-3.544693332306993113e-05
-3.624038911883861687e-05
-4.092743420764372703e-05
-4.356014682695734727e-05
-4.646987936960419834e-05
-4.789556576927028140e-05
-5.173370362181399886e-05
-5.729078306288510556e-05
-5.797530822060396004e-05
-6.039926973656962360e-05
-6.913697593853603668e-05
-7.223418111062625193e-05
-7.781839619966703385e-05
-7.954520882825640254e-05
-8.408175942083104010e-05
-9.123527245915380652e-05
-9.676696071746654663e-05
-1.006291353802539652e-04
-1.043117872875064256e-04
-1.137191329833587406e-04
-1.166961889041065453e-04
-1.209438352695803325e-04
-1.362936344052269235e-04
-1.425671282445616908e-04
-1.518382673731215056e-04
-1.646828992275865236e-04
-1.750190299790600594e-04
-1.793744751480525975e-04
-1.873826672613197004e-04
-2.017870361801847546e-04
-2.048557760069117674e-04
-2.188960152881122469e-04
-2.299829818754181782e-04
-2.403101270022062045e-04
-2.797870837949009053e-04
-3.086806895924033411e-04
-3.158893657125655071e-04
-3.292947501499713238e-04
-3.524509914642720934e-04
-3.901986850196293658e-04
-3.968292391214756228e-04
-4.193108729900650524e-04
-4.453590298806777825e-04
-4.549222357404347338e-04
-4.715497270676491230e-04
-4.840831332204912317e-04
-5.494069895954451985e-04
-5.822024279584679055e-04
-6.580607009455841528e-04
-6.914911666894838545e-04
-7.566033310174677829e-04
-7.798675504338991498e-04
-8.530981527324213790e-04
-8.959361125670646736e-04
-1.006117882546309419e-03
-1.060760514151700817e-03
-1.154824741689190791e-03
-1.299286005422082895e-03
-1.412005239209907555e-03
-1.574840517327618337e-03
-1.845571417836244831e-03
-2.077757114828717236e-03
-2.657679577956714636e-03
