-1.269475470642060788e+00
-1.757973965207574873e-01
-1.512608609225008782e-01
-6.271247230816112683e-02
-5.593351814087021284e-02
-3.520821271470764291e-02
-3.213333437867787329e-02
-2.107811160148456014e-02
-1.666429493681391774e-02
-1.533381482034226403e-02
-1.372176842889484549e-02
-1.058781973000833682e-02
-9.781593888462378206e-03
-9.007583754214180255e-03
-7.718815200252327272e-03
-7.087793771487957070e-03
-6.550975726379055543e-03
-5.270601106854909228e-03
-5.242310094390402637e-03
-4.512268323219017357e-03
-4.007321894755552956e-03
-3.686589817950631804e-03
-3.409588079039879965e-03
-3.116431064981348229e-03
-2.989273605422563835e-03
-2.813751781638753908e-03
-2.546931815252496695e-03
-2.429994243167319604e-03
-2.181961129500488948e-03
-2.103724435413159913e-03
-2.061188110382332437e-03
-1.931576740379024968e-03
-1.854378548938480017e-03
-1.738793220648148820e-03
-1.438910704371196628e-03
-1.372300356992783984e-03
-1.249121321256875441e-03
-1.215076601150034095e-03
-1.184955380958766392e-03
-1.086684641225590291e-03
-1.048222340294580621e-03
-9.694624129827630410e-04
-9.439885944888163445e-04
-8.880271584323693292e-04
-8.741703440642892807e-04
-7.719253972610761599e-04
-7.401337692633650541e-04
-6.916280526041183397e-04
-6.618803350004825396e-04
-6.291666877623685542e-04
-5.998035482435222932e-04
-5.695487092152863411e-04
-5.223184640909270607e-04
-5.042232743077000763e-04
-4.980508765889213405e-04
-4.604091623505943425e-04
-4.395977586581806154e-04
-3.966617187172936628e-04
-3.810403148971232669e-04
-3.645836428644596118e-04
-3.460119597425119898e-04
-3.212198012611910524e-04
-3.127072882317669176e-04
-3.028728515937145283e-04
-2.936293114952905569e-04
-2.792002023595994108e-04
-2.448956052230645553e-04
-2.349990018181664713e-04
-2.217814096905786590e-04
-2.156169361379686744e-04
-2.090660598163133273e-04
-1.977244512234374184e-04
-1.845479326226651237e-04
-1.683307748042680359e-04
-1.589919655530982058e-04
-1.520571340866193691e-04
-1.407644309295674843e-04
-1.337455406039267782e-04
-1.328518672759663403e-04
-1.234380652586014127e-04
-1.179803755715499124e-04
-1.048971814172507241e-04
-1.043215858479035207e-04
-9.885450032652956835e-05
-8.756873029026642343e-05
-8.562311632914324812e-05
-8.205676176037152592e-05
-7.748260387390145981e-05
-7.163578618142444655e-05
-6.842197038658335813e-05
-6.420251281231998547e-05
-6.220609175189424319e-05
-6.018622644448873933e-05
-5.922922962359134582e-05
-5.540474627612394602e-05
-5.283487256928077569e-05
-4.681281263058920838e-05
-4.533509273140434118e-05
-4.245906153359901820e-05
-3.814770688223185921e-05
-3.618911553657956631e-05
-3.398391212315486138e-05
-3.272600182286734203e-05
-2.809934233157207925e-05
-2.715385713071175955e-05
-2.381935518584521661e-05
-2.245571589184870175e-05
-2.168798299230725342e-05
-2.096132967857635747e-05
-1.980691495730757374e-05
-1.732080219113686469e-05
-1.657600939239149563e-05
-1.462163277773665831e-05
-1.368788809801230535e-05
-1.274582714510617612e-05
-1.261537371471298797e-05
-1.020448153120204733e-05
-9.098740806987461505e-06
-7.597499964502912233e-06
-6.633080821529264152e-06
-6.246705151322507367e-06
-5.408399115851117375e-06
-3.926957113033021172e-06
-2.609343461219483759e-06
-2.107309231578467868e-06
-1.798863785887728507e-06
-1.605061683541407278e-06
-6.104187753033280431e-07
-5.691033923090643262e-07
-3.770470243383806716e-07
-2.894933137901346017e-07
-2.334122060738176561e-07
-1.617579178527886701e-07
-7.592739492584940476e-08
-1.102053720615507077e-18
-2.108183516399207237e-19
1.018571756131954298e-07
1.227283391799109075e-07
1.417703393947670012e-07
3.407949680872505793e-07
3.625286549647608841e-07
4.344498417831435630e-07
6.640879584953347730e-07
8.813628836258629846e-07
1.050995941095957154e-06
1.529106564213272297e-06
1.609383336369379958e-06
1.641387264944375493e-06
1.937521522264077784e-06
1.972677022719101806e-06
2.573092086617760892e-06
2.629857893776938482e-06
2.887290690521136786e-06
3.294099685919025201e-06
3.516562646548185060e-06
3.949723519021700071e-06
4.033743806153923571e-06
4.516353744572013626e-06
5.241915517857617485e-06
5.682905372711787035e-06
6.015532898062621944e-06
6.986233256664761260e-06
7.400229007221637794e-06
7.792801180030061833e-06
9.153846729054919843e-06
9.881328445883330326e-06
1.083250476597778547e-05
1.180100540842179053e-05
1.324710788147628819e-05
1.461392268676405875e-05
1.537073995738109120e-05
1.604889809871690526e-05
1.807920289323468134e-05
2.004077603148300574e-05
2.123290210048593436e-05
2.242979994114233336e-05
2.341472500889492305e-05
2.393853117534065772e-05
2.616543231370535994e-05
2.790131609421541757e-05
2.844968931909139869e-05
3.103036097412443118e-05
3.542002096436613076e-05
3.574181799566594227e-05
3.812514899339779082e-05
4.139875326423360049e-05
4.327362727746924940e-05
4.642507771572836718e-05
4.971592796600594481e-05
5.399614229379269114e-05
5.638923829376565205e-05
6.145104101388094943e-05
7.148171690913879966e-05
7.731169816169760874e-05
8.160919883094678098e-05
8.274977010600091806e-05
8.847356703912029373e-05
1.010770316082247670e-04
1.098850501747095028e-04
1.202050360476175465e-04
1.259523684315009412e-04
1.278118020886525490e-04
1.414363289494009952e-04
1.567128804066356834e-04
1.672316131250404017e-04
1.895828505829442903e-04
1.947541007231129819e-04
2.130067159581624256e-04
2.139494545232691817e-04
2.216267937676590462e-04
2.562323907957092246e-04
2.758418310927875572e-04
2.807409468408277736e-04
2.978872549460145924e-04
3.367345467546529374e-04
3.468412127226465401e-04
3.625347273916733381e-04
3.963223501132006428e-04
4.140212328466417470e-04
4.371255905382141543e-04
4.506480047488707293e-04
5.541288379965015947e-04
5.806460141118279005e-04
5.909540154654680790e-04
6.768231161971887061e-04
6.917372583039505972e-04
7.751292971850915836e-04
8.355833979477052644e-04
9.083275553495289562e-04
9.509947044603410090e-04
1.014283181313079723e-03
1.267471749578865606e-03
1.332597104798498690e-03
1.370866957602601263e-03
1.603559511205899938e-03
1.763162123684107636e-03
2.024796112581922231e-03
2.131563406945325475e-03
2.299672661620726956e-03
2.407650805865919463e-03
3.072202421799629084e-03
3.229129199019878122e-03
3.785888897183225122e-03
4.009562154552366066e-03
4.781823996850384506e-03
5.641934440152012419e-03
7.281838521621251947e-03
8.445753301405751340e-03
1.076327825414522162e-02
1.110328245512423942e-02
1.312854519691055051e-02
1.798572327002803325e-02
2.082253817818629713e-02
2.949240829398447339e-02
5.382516064843082676e-02
1.535984812266677213e-01
