8.622283385708300052e-03
8.107455026346573751e-03
7.582298391077737371e-03
7.310083154755129056e-03
6.694684774283185535e-03
6.395712391538938869e-03
5.741019524741286864e-03
5.359075962824826414e-03
5.018074209337320887e-03
4.642344101334782216e-03
4.444294850134079995e-03
4.283978373394776822e-03
4.033230862421395210e-03
3.853335582798512841e-03
3.649919875202346092e-03
3.508342064474670625e-03
3.415639264395527001e-03
3.319544656463748172e-03
3.123391372726826067e-03
3.078034321241269588e-03
3.022140609489542152e-03
2.848610828191112162e-03
2.804418635513564444e-03
2.779808469759113918e-03
2.661926956168292335e-03
2.537989167861396701e-03
2.505063621607329493e-03
2.403376790047366540e-03
2.270863355152078888e-03
2.233379250287454137e-03
2.186296330003966327e-03
2.161386812474528577e-03
2.048912029540515822e-03
1.988369957471001169e-03
1.934781243154409369e-03
1.917846662071138759e-03
1.807466801106573416e-03
1.790071273926887967e-03
1.740858218853336570e-03
1.684281790610858394e-03
1.604877767988068969e-03
1.572992866507665153e-03
1.559392997262146283e-03
1.505294697717210299e-03
1.463510010134940961e-03
1.448660295702270664e-03
1.381056435657642854e-03
1.331483756109328202e-03
1.310686996635007737e-03
1.287472880484583472e-03
1.224797418540248158e-03
1.189264422075644173e-03
1.183007677975427560e-03
1.149442946076038776e-03
1.124939334299932718e-03
1.101866046306584608e-03
1.068006701714171395e-03
1.038778524625216283e-03
1.026671568447543644e-03
1.000186242553386578e-03
9.421413304299755542e-04
9.244667573580061517e-04
9.240993815232976041e-04
9.044006153549208555e-04
8.663989831370665431e-04
8.174886966924962322e-04
8.140015081984211314e-04
8.040777779487383531e-04
7.654239460899288318e-04
7.593772031088377901e-04
7.275904729856211197e-04
7.166122475010260106e-04
7.103570936525370081e-04
6.733903717756712856e-04
6.639823724015539571e-04
6.413213618661370253e-04
6.241111217375691373e-04
6.151121831339144072e-04
6.080522456541380752e-04
5.867155007421864538e-04
5.627245058141040496e-04
5.524111489803854762e-04
5.367163301018957038e-04
5.330539632273798229e-04
5.161337783806198331e-04
5.067505507365073275e-04
4.961159587518519870e-04
4.798716361673175420e-04
4.700672079859540995e-04
4.438105135077429950e-04
4.407489404616263566e-04
4.295501200885461549e-04
4.202774283894855482e-04
3.992985156712430903e-04
3.981653381414615748e-04
3.860088649961046590e-04
3.701273286307879898e-04
3.652603159500555159e-04
3.458213383689983560e-04
3.419402057170971071e-04
3.343460270924878807e-04
3.221927457343493886e-04
3.174663186892774137e-04
3.128356376485409793e-04
3.023684677720117880e-04
2.941402683622887978e-04
2.890185682451407102e-04
2.818577599048137112e-04
2.707650541274813196e-04
2.676219571353454863e-04
2.584226724736615136e-04
2.466777983513747515e-04
2.407273995999737847e-04
2.294903107120613316e-04
2.271576148312158267e-04
2.262677671958549614e-04
2.191012908191889905e-04
2.139477585910994452e-04
2.104227574467918511e-04
2.056605029946018408e-04
1.960631555703488222e-04
1.932560380031448689e-04
1.819249465611660931e-04
1.802504864399054633e-04
1.767574850468332261e-04
1.672737720284940674e-04
1.665094208737467299e-04
1.624371340815793389e-04
1.592630694841569363e-04
1.516978146050348834e-04
1.498940670991577714e-04
1.483975022004278181e-04
1.416637280630395599e-04
1.389482609419431954e-04
1.367094090351105462e-04
1.329023596435158238e-04
1.275712415539741315e-04
1.245146950196142290e-04
1.215211256152177625e-04
1.184342963768091875e-04
1.146009984684989415e-04
1.103998281263895092e-04
1.093618034615160406e-04
1.050963642550957022e-04
1.049039973830388246e-04
1.030545757012855051e-04
9.720394859398710330e-05
9.414619238025676094e-05
9.167196042646329082e-05
8.865201406066420414e-05
8.693705186244466169e-05
8.596939507487147522e-05
8.355732466072991337e-05
8.146458949806339187e-05
7.740611217340256250e-05
7.294191554630380088e-05
7.187186445227347967e-05
6.981415278135003673e-05
6.809381869668473233e-05
6.737196483558869145e-05
6.417670386068416379e-05
6.247153664914419557e-05
5.981864398013508909e-05
5.734861259475379394e-05
5.609660755588295609e-05
5.489314250048992817e-05
5.393697876422234622e-05
5.042576674679007543e-05
4.905358294700308064e-05
4.787602872140937256e-05
4.730015824432918457e-05
4.559111881778063106e-05
4.459686568574805271e-05
4.336766829867999957e-05
4.160804581396491839e-05
4.073998420793018574e-05
3.974134743374749360e-05
3.837509423730547031e-05
3.794443206293388016e-05
3.536476498684821586e-05
3.456910358697513230e-05
3.274945124302327463e-05
3.152518799280653694e-05
3.053175785709261582e-05
2.960114701321079218e-05
2.872271685574573726e-05
2.718260007708466324e-05
2.687377323977772713e-05
2.556473030908815150e-05
2.521154230019651213e-05
2.280374199055615331e-05
2.191584080480277514e-05
2.136642073691083141e-05
1.979210498588289841e-05
1.889397693378089824e-05
1.766462437186169321e-05
1.717059799110887041e-05
1.583731496868991093e-05
1.498146028574212567e-05
1.397328058517678328e-05
1.300008761070630181e-05
1.110294173417114895e-05
1.059886484576588182e-05
9.124086864162556863e-06
8.941334690635294722e-06
7.920287039059379866e-06
6.848237863454884381e-06
6.288730916312425084e-06
5.659491865818162900e-06
4.840041163917426214e-06
3.861382297540275352e-06
3.046554225401769803e-06
2.414286042242732846e-06
1.952105449169417690e-06
1.304978832609171777e-06
1.102704993241242872e-06
3.756752306108482336e-07
3.268234832131021533e-07
1.388931024944362505e-08
5.503493477814183874e-20
-6.316334149125095630e-20
-9.121127078438342122e-08
-1.738480926233862314e-07
-5.320241334794181395e-07
-7.400284725985237037e-07
-8.932787126542750909e-07
-1.702018741192264279e-06
-1.896226206277290140e-06
-2.628573789174252272e-06
-2.743705705854759932e-06
-3.170310097231341267e-06
-3.742902152954862315e-06
-4.268734062362660962e-06
-4.931665361748128049e-06
-5.316105288485671257e-06
-6.235980239233488959e-06
-6.371296552586924881e-06
-8.353363090337967076e-06
-9.099495456768581081e-06
-1.081242271323874527e-05
-1.241459035816916314e-05
-1.489082839048829043e-05
-2.066543936824007967e-05
-2.734103206632610059e-05
-3.284672589596644737e-05
-3.835446879602754299e-05
-3.946100978825521524e-05
-4.410100204456001360e-05
-4.945261192508602189e-05
-6.768443389495968645e-05
-9.202131624858599925e-05
-1.103502253998456240e-04
-1.505385241463525696e-04
-1.566853402321847870e-04
-2.525697074648992316e-04
-2.990868452421731306e-04
