2.972731885900557411e-02
2.679580715306987063e-02
1.944174708807593424e-02
8.186038392484652065e-03
4.905246886697815258e-03
4.809291705628747533e-03
4.356148609102605818e-03
2.990319316224919911e-03
2.652237454138595650e-03
2.506437958073964595e-03
2.208477371732297211e-03
2.133043915406920669e-03
2.052321563500007252e-03
1.902511736153534357e-03
1.709017062139824277e-03
1.626591885406036830e-03
1.446609930011476860e-03
1.394315490182094705e-03
1.267431814967050728e-03
1.222562963857005448e-03
1.168619921967042506e-03
1.072873440470301304e-03
1.026789994903043153e-03
9.956406342528554242e-04
9.280677241507143040e-04
8.573052675469984910e-04
8.437671074542069235e-04
7.627973248951101185e-04
7.210673188162300754e-04
7.014823022477472466e-04
6.714454233789945211e-04
6.335516568516847986e-04
5.897462147237052211e-04
5.687574019241349544e-04
5.450123193414334972e-04
5.268877797150503094e-04
5.036919707554529235e-04
4.877440542943046998e-04
4.526311987309246171e-04
4.323613231381545022e-04
4.221993853569725699e-04
4.026052533145012095e-04
3.765542360628208480e-04
3.698221986408556741e-04
3.410877726454269771e-04
3.275059413608083850e-04
3.145445838777822666e-04
3.088268615141708754e-04
2.985684693127492852e-04
2.781596868990774849e-04
2.646484368398113176e-04
2.505601105996183714e-04
2.462383390967077678e-04
2.423983684483079480e-04
2.280431040715794370e-04
2.083108328809515604e-04
2.029383243780385907e-04
1.925288097864848809e-04
1.829664331475944889e-04
1.733735413229705203e-04
1.692628926590756925e-04
1.611979195310009794e-04
1.586041138719251962e-04
1.569185965442876590e-04
1.489684728956047288e-04
1.370220492839597972e-04
1.338497169501519553e-04
1.306655923686627990e-04
1.180413807292345470e-04
1.144564031850925882e-04
1.098515655170173859e-04
1.092932930689957465e-04
1.043738528280710329e-04
9.957933018201243114e-05
9.573994742043705132e-05
9.301781803106657146e-05
9.074450778597929095e-05
8.474493472398721746e-05
7.771184770035365324e-05
7.719524793684135464e-05
7.201300534698445511e-05
7.150046399684860962e-05
6.658852558411223609e-05
6.442221635104871725e-05
6.003415299041869538e-05
5.781252320774917441e-05
5.322415758629788998e-05
5.226449206959739611e-05
5.169091946301797237e-05
4.756851060688059162e-05
4.231507663018010387e-05
4.170904735528422095e-05
4.030257606915815002e-05
3.941321607008744420e-05
3.786603701222534261e-05
3.425964485994986101e-05
3.147088261408773432e-05
3.082180119740400277e-05
2.962904523249967168e-05
2.933844344874078053e-05
2.687713803474594320e-05
2.602343615082235189e-05
2.485081310423790555e-05
2.361823264529046287e-05
2.312921685911365895e-05
2.190268845868587457e-05
2.033722670045457691e-05
1.933099805140334936e-05
1.867982064016110628e-05
1.823768224979549203e-05
1.687018243089873909e-05
1.537481455755754242e-05
1.420781347673079029e-05
1.324882458531949387e-05
1.248809302775303869e-05
1.181527942911809842e-05
1.154388211896253379e-05
1.087887923821814614e-05
9.745999623374214453e-06
9.534706424413324089e-06
8.803631196884075349e-06
8.201525902354350620e-06
7.942987490047085877e-06
7.440678212302400847e-06
6.705294431132729015e-06
6.406312680570000886e-06
5.608536615731615507e-06
5.089034948665419804e-06
4.369349523976540900e-06
4.115397901963649401e-06
3.924639283423127649e-06
3.249094720587046198e-06
3.137767342853675974e-06
2.445630036358277613e-06
1.792352698043454404e-06
1.684451311166518647e-06
1.463642778184229469e-06
1.048424358392973359e-06
9.649648021688918930e-07
8.200213186777711178e-07
7.430992033669403879e-07
4.916566833775286012e-07
1.129335075361180382e-07
2.979889226019220011e-19
-3.706507426258673560e-19
-1.908689401311745207e-07
-3.051693158168442453e-07
-3.824254364707754377e-07
-7.881038380509191428e-07
-1.122521295108283112e-06
-1.356963917538185852e-06
-1.720122372731699778e-06
-1.846909435856955807e-06
-2.045548252489423957e-06
-2.774030489140714188e-06
-2.953616321792557925e-06
-3.364890213100992303e-06
-4.117272133421425973e-06
-4.196512153393632208e-06
-5.117254867447481556e-06
-5.360269426503689840e-06
-5.737850406515250600e-06
-6.587057195091698781e-06
-7.267374459362190303e-06
-7.889512614189653889e-06
-8.354144739958933584e-06
-8.883514322839054550e-06
-9.315052965705106149e-06
-9.951510965776322847e-06
-1.088359610248701167e-05
-1.225433020475668716e-05
-1.347501480293322772e-05
-1.381202702160056133e-05
-1.462370075604496818e-05
-1.659957463094951117e-05
-1.727574150955421127e-05
-1.931280475553809840e-05
-2.058598666541940428e-05
-2.256846698900425084e-05
-2.356086408831910037e-05
-2.516571855845824575e-05
-2.566597168959784569e-05
-2.618325627148262834e-05
-2.724418383105142705e-05
-2.966560050272217829e-05
-3.116470707088030227e-05
-3.457461105386438642e-05
-3.507979828092508753e-05
-3.737178529698199518e-05
-3.869764618507355423e-05
-4.183069667665534791e-05
-4.309274975637928908e-05
-4.458584691900138123e-05
-4.611116375846379284e-05
-4.977306553496342129e-05
-5.044567464565137164e-05
-5.728722582197961447e-05
-5.831384684363505403e-05
-6.405121581186119361e-05
-6.605628420414581890e-05
-7.073516373763531371e-05
-7.210483639644159370e-05
-7.407561384869610147e-05
-8.117250971426051966e-05
-8.616737715090828584e-05
-9.187196282438379446e-05
-1.012880617811318291e-04
-1.064649609786980544e-04
-1.073280421462140900e-04
-1.111122961143387133e-04
-1.162797560950179916e-04
-1.228807509466235855e-04
-1.266292449295816451e-04
-1.297540439184611714e-04
-1.368763520285981616e-04
-1.488381579474785151e-04
-1.520790067056982579e-04
-1.601367592554667793e-04
-1.748412878858932268e-04
-1.785429910285803114e-04
-1.953393881862940844e-04
-2.043793775875083548e-04
-2.079221573065556455e-04
-2.243754067532511361e-04
-2.346355499242308465e-04
-2.578224334323599349e-04
-2.786429188099849162e-04
-2.923674037117005454e-04
-3.009221366686534076e-04
-3.136383937102503634e-04
-3.451837599693489446e-04
-3.549940657321787297e-04
-3.835750718229324614e-04
-3.928223841928710669e-04
-4.314678477244177296e-04
-4.711979911333329259e-04
-4.972886655457823581e-04
-5.138369917992253663e-04
-5.512265603477638871e-04
-6.224928361009510495e-04
-6.592472418521624954e-04
-7.223643672492101797e-04
-7.476366309162761278e-04
-7.819519368512782174e-04
-8.189301773576364383e-04
-9.367134323902865951e-04
-1.006346226099902666e-03
-1.081359993255057248e-03
-1.268058359819931955e-03
-1.375114159994270851e-03
-1.514792613851115169e-03
-1.881252219675513598e-03
-1.941612688732420383e-03
-2.235732669484249112e-03
-2.912830563665677868e-03
-3.342083287025274241e-03
