-2.256444751589861686e-02
-1.449436897325320078e-02
-1.306882063662313798e-02
-8.679388339012421988e-03
-6.637572553782546299e-03
-5.694916765118306773e-03
-4.579674882994224337e-03
-4.159665083304329471e-03
-3.886813425583951574e-03
-3.555194496536848766e-03
-3.025803879186596875e-03
-2.674546979915609461e-03
-2.225815048451909497e-03
-2.103409552441278148e-03
-1.977066773274264912e-03
-1.728686023745357354e-03
-1.472884890929043256e-03
-1.366870575727339998e-03
-1.285628799552320217e-03
-1.256540127437270372e-03
-9.973768483060841371e-04
-9.138968199521577997e-04
-8.108015800413347247e-04
-7.748537043660444837e-04
-7.382316348061609794e-04
-6.475651729842618002e-04
-6.399960917847408214e-04
-5.617016626494925231e-04
-5.039271846425968275e-04
-4.502027332865700523e-04
-4.176294344686637731e-04
-3.998335982107646615e-04
-3.814648187024644163e-04
-3.532095668137519122e-04
-3.454290961009968053e-04
-2.972364724900219187e-04
-2.695723027099337660e-04
-2.648108709023515718e-04
-2.457253614982096994e-04
-2.323909054389931936e-04
-2.096736524790437592e-04
-1.995788568737738187e-04
-1.925351007979413901e-04
-1.713204705933239725e-04
-1.627512774939388659e-04
-1.574869381883293551e-04
-1.371684401100280236e-04
-1.309209986584532420e-04
-1.240391074964277709e-04
-1.165075818632805812e-04
-1.126350278705469160e-04
-1.045469823459493344e-04
-9.839098651034808643e-05
-9.062400366995883251e-05
-8.404111632486772454e-05
-7.965624808160390910e-05
-7.009728710826355848e-05
-6.519138635049899011e-05
-5.926967295043253202e-05
-5.474511323392245403e-05
-5.180992180335094744e-05
-4.457447143176188422e-05
-4.391079586504578671e-05
-4.099853511020653483e-05
-3.910878344601608191e-05
-3.444464309517321468e-05
-3.434680321566869256e-05
-3.014263700139489005e-05
-2.876251201672978228e-05
-2.768930985617968737e-05
-2.577356559868370462e-05
-2.493864844073038543e-05
-2.317043965285284058e-05
-2.260813068382630693e-05
-1.969504761548502116e-05
-1.782542661577093141e-05
-1.691379415724294984e-05
-1.470671602388493295e-05
-1.301465177200835943e-05
-1.255936229913436072e-05
-1.149149124406425169e-05
-1.100330057502854526e-05
-1.057919904334117078e-05
-8.415929741998288006e-06
-7.969676065554075596e-06
-7.402049449025258249e-06
-7.086514066363031365e-06
-6.628776624332054569e-06
-6.131248541545314367e-06
-5.353654649812617372e-06
-4.652611343685696356e-06
-4.325256465230615580e-06
-3.417413247465062142e-06
-3.387055453855941847e-06
-3.232283260164794286e-06
-2.833314070908528437e-06
-2.722187001169736640e-06
-2.396653274959836112e-06
-2.254693078858156896e-06
-2.095164719301250121e-06
-1.645797479228182253e-06
-1.378503878122560480e-06
-1.149851260471268387e-06
-8.027374964597595537e-07
-6.329799060158553688e-07
-4.522633778403596204e-07
-3.419793518860442910e-07
-3.039784853461165713e-07
-1.766387924646974793e-07
-8.769789442001914886e-08
-4.375680057287257075e-08
-2.168301107845103694e-17
1.889016534498123521e-17
1.765541642647302743e-08
1.671626863096984316e-07
1.929148177466154197e-07
2.841261626628135428e-07
3.610963706237425009e-07
8.281829066687059378e-07
1.141551943275942220e-06
1.223349377720343575e-06
1.780039475919354365e-06
2.210953412858946119e-06
2.470830635085161941e-06
3.207641354431266703e-06
3.952828998702180180e-06
4.225065020684852563e-06
5.469965505849929645e-06
6.185417545763599894e-06
7.216941943665481272e-06
7.869526775993519705e-06
9.634988553842232340e-06
1.043464423514981097e-05
1.221838274992928046e-05
1.336687258185283453e-05
1.428939601900241319e-05
1.546795685245626334e-05
1.623458441992418143e-05
1.780739160876091258e-05
2.013674302350271548e-05
2.099412006118213931e-05
2.157420451121694208e-05
2.371021954113165778e-05
2.507919641901760154e-05
2.751645936348233017e-05
2.880468883311376261e-05
2.990173132623729106e-05
3.251204427913338902e-05
3.627186543050900678e-05
3.927524669942281148e-05
4.075981483617747525e-05
4.281154943886306640e-05
4.868020833998850533e-05
4.967994372638362351e-05
5.521886550964384596e-05
5.675171490165471295e-05
5.951908562831482677e-05
6.245142151288881780e-05
6.596281238818424680e-05
6.941316415143858418e-05
7.142152057826316083e-05
7.275815695748087707e-05
8.200364508915052107e-05
8.892535571280614092e-05
9.082555819846253517e-05
9.393651378479726225e-05
9.779742957010175168e-05
1.055568174161015932e-04
1.175371926574110575e-04
1.228263686026398720e-04
1.326550373408622507e-04
1.398261524145738945e-04
1.472343577448585782e-04
1.544517045126016339e-04
1.624870826182415442e-04
1.721097060597754399e-04
1.753023028743856020e-04
1.883873950142864011e-04
2.038558919741154107e-04
2.084440006250904321e-04
2.223107845311696066e-04
2.330888929676894856e-04
2.487611845884850261e-04
2.646888934805376138e-04
2.841534168087962329e-04
3.017072735972512083e-04
3.063359651619370532e-04
3.250400856377960268e-04
3.467520811861853004e-04
3.590522897562772441e-04
3.769372160467517096e-04
3.927965476055156726e-04
4.043261842983404686e-04
4.593557450289236952e-04
4.867945703189384800e-04
4.988515194098950027e-04
5.164778065586092841e-04
5.442595915627273595e-04
5.842769074357676961e-04
5.942887049249630195e-04
6.149146094738304957e-04
6.704870118357551334e-04
7.105905201210302143e-04
7.912825714993133993e-04
8.291496142268651700e-04
8.684697736514549338e-04
9.475112023949739922e-04
1.015874351594182748e-03
1.061605681820427345e-03
1.105398086071158721e-03
1.141448455161040137e-03
1.165537281288828511e-03
1.268706068088128755e-03
1.405443950955383809e-03
1.446346526404804558e-03
1.666016219697844750e-03
1.691260711742728975e-03
1.900970181088967913e-03
2.006914484531771743e-03
2.112481020685248040e-03
2.258814136567001245e-03
2.353849884719029679e-03
2.673453804366836273e-03
2.812337396241860327e-03
2.916462988470984626e-03
3.091587500528338202e-03
3.687576403118889967e-03
3.774538731729990427e-03
4.180638575752629142e-03
4.576509570893738839e-03
4.938410144786339016e-03
6.275351460486489411e-03
6.619880333147698526e-03
7.316400319696255393e-03
7.746630137848405442e-03
8.257359658945598313e-03
9.731198377454244874e-03
9.940488426763290433e-03
1.194956920989724732e-02
1.354862283576526230e-02
1.556334697388123481e-02
1.941496309992255670e-02
2.332898496883182085e-02
2.662142417718654785e-02
3.056372049733822524e-02
3.192638848131682666e-02
3.960065290074469418e-02
6.815248310941633691e-02
8.340857513826055447e-02
1.062957217055693626e-01
1.591312345513874738e-01
2.056885164631001850e-01
3.759269785808859732e-01
1.854106447081183218e+00
4.476689780070278069e+00
1.156100585683210014e+01
