-2.584329091877847782e-16
-2.281343655546443301e-16
-1.723179683354406555e-16
-1.551878311442275915e-16
-9.496093442982111032e-17
-7.912157170692645891e-17
-6.974213257615405406e-17
-6.536305835871889714e-17
-5.787560938297305903e-17
-5.574715169563682044e-17
-5.053933323233632268e-17
-4.781567148593172093e-17
-4.645392104611319655e-17
-4.567602180027772549e-17
-3.944881218302901689e-17
-3.847700942698714864e-17
-3.690285179542678438e-17
-3.515493670928572177e-17
-3.396091175729933701e-17
-3.286440435101798884e-17
-3.085003069295446806e-17
-3.016778080294484375e-17
-2.929691963671444418e-17
-2.781532805775046271e-17
-2.715945291668483840e-17
-2.593901031338424384e-17
-2.556811983729028135e-17
-2.508530891503270434e-17
-2.404804495630877990e-17
-2.343741455386177212e-17
-2.321262126264699807e-17
-2.275185978177384957e-17
-2.205604547235421752e-17
-2.106714912662572472e-17
-2.079251987703121922e-17
-1.981339893148988494e-17
-1.944382866232164402e-17
-1.888888924379153904e-17
-1.822905184663384426e-17
-1.772521674338143175e-17
-1.718984557938592880e-17
-1.675362321637578208e-17
-1.614554904711444337e-17
-1.554075378320356111e-17
-1.500102234983251314e-17
-1.489483323462724705e-17
-1.448473509230781417e-17
-1.401634339051690182e-17
-1.342464070885955713e-17
-1.336294206781138425e-17
-1.321500669599773821e-17
-1.310089267512134543e-17
-1.259377164733373705e-17
-1.198740741512512098e-17
-1.172200982460155657e-17
-1.150968957323087709e-17
-1.101691661758009919e-17
-1.097599089842923477e-17
-1.055229911250805970e-17
-1.035181869763567231e-17
-9.677569769745415490e-18
-9.363278269515194212e-18
-9.272122852766980320e-18
-9.027356275748628325e-18
-8.957620831609860334e-18
-8.782902283921953139e-18
-8.531168736175187165e-18
-8.184959941144856877e-18
-7.971034455415118822e-18
-7.532014237486482073e-18
-7.336386491815528204e-18
-7.157426428548894536e-18
-7.049038704060739847e-18
-6.917087774332764536e-18
-6.693884280284723610e-18
-6.556909045857373797e-18
-6.368178587179537212e-18
-5.952961698777465318e-18
-5.779593610114390277e-18
-5.510449602925562795e-18
-5.287340438119288335e-18
-5.092527798469269924e-18
-4.923885544771761193e-18
-4.732476104799558251e-18
-4.570529909932372038e-18
-4.457804157859521824e-18
-4.305388584894674224e-18
-4.045429787775201273e-18
-3.887750503727434534e-18
-3.783765154731876437e-18
-3.672908140288322330e-18
-3.372487850269884997e-18
-3.266092169916313685e-18
-3.040233020384736135e-18
-2.983953700887367700e-18
-2.800490221627813649e-18
-2.537046707787881131e-18
-2.343107547914062148e-18
-2.184940069661219991e-18
-2.062351825127213723e-18
-1.897298378410235805e-18
-1.838182312080992214e-18
-1.705069161489571732e-18
-1.561065379598950524e-18
-1.507324754717755022e-18
-1.218324063247999221e-18
-1.193883414342431491e-18
-1.075293986314590079e-18
-1.024541762861376975e-18
-8.402015971331185919e-19
-8.144042376002676373e-19
-6.495038348948535608e-19
-5.408305335774995452e-19
-3.652594953409963777e-19
-1.393340383310860540e-19
-9.123315180643579735e-20
9.031639138680487904e-20
2.528479103956634661e-19
2.892153952456669930e-19
4.100124529928048871e-19
5.207160552889047021e-19
5.473073219290720729e-19
7.187349976909594805e-19
7.885662609609613112e-19
9.706087378333343418e-19
1.120140255954000202e-18
1.252998553002564815e-18
1.301525177227818737e-18
1.478738722323915070e-18
1.511338572460244217e-18
1.657086654798470745e-18
1.959604739226167189e-18
2.158453371668336052e-18
2.256609004803581891e-18
2.331645915477758561e-18
2.575759090927138372e-18
2.647308978803592130e-18
2.693761783894209651e-18
3.140386669136944490e-18
3.180807359949776651e-18
3.444333513221005299e-18
3.535828184854985693e-18
3.886883040371960097e-18
4.029650679399340977e-18
4.189093863331227289e-18
4.373540277341699292e-18
4.526569145200313537e-18
4.665360452320256827e-18
4.903208895709809282e-18
4.965177145766761181e-18
5.144208415766581583e-18
5.244612044498541377e-18
5.420507174414108008e-18
5.728811854590102318e-18
5.816990731048216319e-18
5.901296695710713442e-18
6.055819258339640285e-18
6.428076765194376132e-18
6.591992021943150720e-18
7.165308356506251809e-18
7.229606273430753605e-18
7.417375119560849819e-18
7.815444572237342658e-18
8.203374743042052882e-18
8.424311501468124544e-18
8.514122893712384856e-18
8.662146924418727929e-18
9.014439348476173891e-18
9.153986483292548894e-18
9.635065244355506937e-18
9.732148863563293958e-18
9.977701183427107075e-18
1.008560921551868511e-17
1.036127260405687558e-17
1.045972102506561658e-17
1.073861512785998337e-17
1.143240590204595761e-17
1.175199323861022534e-17
1.213368422994237870e-17
1.230467115150972940e-17
1.260979822058878505e-17
1.277584491559161565e-17
1.304025036341554141e-17
1.353346998588769023e-17
1.384355717273561849e-17
1.419709012371964576e-17
1.437539497509429527e-17
1.488563629772493845e-17
1.573278112160568343e-17
1.589413493416123965e-17
1.604510101282317335e-17
1.633221749966987093e-17
1.668909538281990477e-17
1.732713511240037220e-17
1.801472400737419237e-17
1.821683410300781955e-17
1.874860835123077592e-17
1.948063532947034940e-17
2.023949685015793947e-17
2.090692772705320182e-17
2.246653581503669949e-17
2.277246068011330389e-17
2.354581527597978017e-17
2.402613540423075690e-17
2.564088795835193148e-17
2.653624616302743806e-17
2.702654636892526307e-17
2.766513020313932213e-17
2.795991173521705810e-17
2.896265603956336877e-17
3.085559059559115710e-17
3.120645355083285156e-17
3.173096189544334811e-17
3.263720959654041387e-17
3.359624595020274772e-17
3.527046052695621419e-17
3.806380722903825470e-17
3.841353943783699468e-17
3.971662150087146144e-17
4.268287708402956225e-17
4.546004684846067385e-17
4.617104454244652776e-17
4.936163698718410386e-17
5.411139318847091772e-17
5.563279367189284170e-17
6.288158276877680175e-17
6.467836820620145477e-17
7.255277503761072734e-17
9.325961293867581836e-17
1.087445420321977558e-16
1.611572240779362789e-16
4.309636144600410357e-04
7.000938349067437234e-04
1.779812016027296218e-03
2.121241039323811840e-03
2.141949608891020266e-03
2.537387365070200955e-03
2.758806228636996420e-03
3.342604963882376580e-03
3.489746236203770252e-03
6.425533670459421254e-03
7.136177447775274817e-03
7.713786879973284598e-03
1.032366776248702135e-02
1.675119990810447490e-02
2.592471806007858731e-02
2.689013344895935936e-02
3.170506812993119372e-02
4.192198456526900069e-02
4.334306019197371046e-02
7.239512390009099352e-02
8.407739574186894049e-02
2.370619508135624054e-01
7.356823607732552173e-01
1.302313353396138851e+00
2.417367536873888501e+00
