-6.959587577211628906e-02
-5.603850468299137466e-02
-4.592314598529990272e-02
-3.126240323656021697e-02
-2.758409394193900646e-02
-2.619513517544248479e-02
-2.492843577262584057e-02
-1.905392200522922422e-02
-1.585774106735856129e-02
-1.566111518845622261e-02
-1.442792719473635910e-02
-1.363442358526449454e-02
-1.157388767145490528e-02
-1.047778097025463435e-02
-1.033627689152722545e-02
-9.152589293083216587e-03
-8.557506419415293608e-03
-7.714067626745736705e-03
-7.228420575220899716e-03
-6.720483259321219198e-03
-6.294935460943556528e-03
-5.898169585932510825e-03
-5.440357055689852735e-03
-5.016927213678964298e-03
-4.803714127575571362e-03
-4.509845572757248920e-03
-3.810320624652370480e-03
-3.618749087646988723e-03
-3.487287491785941336e-03
-3.415576856733072968e-03
-3.240917391847466210e-03
-2.964276299707034427e-03
-2.784855615131629370e-03
-2.748101081666616367e-03
-2.564086492803701201e-03
-2.454965279337409465e-03
-2.304555463819365525e-03
-2.058262139725664137e-03
-2.017493148225323052e-03
-1.943607983643153448e-03
-1.808622398174082645e-03
-1.747036502259103436e-03
-1.595418567685359798e-03
-1.543091214795895387e-03
-1.492818562734878366e-03
-1.410712759815999995e-03
-1.328398362938856001e-03
-1.310917764134612558e-03
-1.248289441090071885e-03
-1.176078448753090566e-03
-1.148252950566330940e-03
-1.085817874376320468e-03
-1.019567985565172745e-03
-1.001213523133138951e-03
-9.405768969590810533e-04
-9.156394340255722027e-04
-8.573671679172888442e-04
-8.194815988793713833e-04
-7.857658385289011636e-04
-7.445918118305477331e-04
-7.342816933760628771e-04
-6.999885185143435700e-04
-6.845899460900146949e-04
-6.136615651872812452e-04
-5.676185811575319142e-04
-5.400113385793077828e-04
-5.304152527373239175e-04
-5.057717586581387181e-04
-4.926807877681491131e-04
-4.713320042853213175e-04
-4.546856656115671937e-04
-4.408699294483341439e-04
-4.123239208160972839e-04
-3.826501091707056284e-04
-3.744789672683534955e-04
-3.511281592530604762e-04
-3.377976528476039171e-04
-3.158935520383636224e-04
-3.087211790402778029e-04
-2.935870126502489511e-04
-2.863903496962219315e-04
-2.795433579882893385e-04
-2.572870484996953944e-04
-2.472062805851557273e-04
-2.378404247792984189e-04
-2.316915193120592988e-04
-2.266394774456627001e-04
-2.082312217470017751e-04
-2.041988502473716938e-04
-1.929916133516693631e-04
-1.879293404977164304e-04
-1.801993559639188775e-04
-1.669838172685183739e-04
-1.636578069544598728e-04
-1.482535457903658290e-04
-1.409675368975160095e-04
-1.374033220631182522e-04
-1.271999898569634447e-04
-1.145995742997195881e-04
-1.112390107241631177e-04
-1.063082957551722102e-04
-1.040366377959399408e-04
-9.999541270318185778e-05
-9.981203651631870874e-05
-9.496922153074977696e-05
-8.714683835137650148e-05
-8.493778800072431380e-05
-7.763047338947073070e-05
-7.546888745625486236e-05
-7.256034366108534404e-05
-6.524600813944760362e-05
-6.427352007609534801e-05
-6.097994146163288260e-05
-5.739698652751276100e-05
-5.688700262838200164e-05
-5.224951180088655689e-05
-4.440387832607163159e-05
-4.241652051634210713e-05
-4.078201720460064241e-05
-3.969382496373808353e-05
-3.337128366011411117e-05
-3.230455527371754417e-05
-3.018309526057680664e-05
-2.649564264640818853e-05
-2.537392377040823335e-05
-2.299418599625336918e-05
-2.217562906404016069e-05
-1.900319399260223601e-05
-1.739073810897717189e-05
-1.633606921474076471e-05
-1.529265036000320227e-05
-1.356108413898475321e-05
-1.189433061926041010e-05
-1.147378704006714319e-05
-9.063071439295008807e-06
-8.462519547606930177e-06
-6.458882543817784896e-06
-5.743190794947930433e-06
-4.693585443349190255e-06
-3.382369832135588215e-06
-2.178141142923005775e-06
-1.062987779783329143e-06
-8.469722927785613144e-07
-5.778360852233858063e-07
-2.347449111416346258e-07
-3.844579840438228750e-18
-1.124946465701299768e-18
6.138129999859630679e-07
1.038025875666433456e-06
1.455619456551255334e-06
2.609641116391290297e-06
3.914809995642669443e-06
4.246335096958278599e-06
4.344339393350083082e-06
4.787454280033887743e-06
5.934444264170385696e-06
6.831454153103358951e-06
7.484048811373917585e-06
8.894075273641661005e-06
9.062177536806100150e-06
9.902196648174563695e-06
1.246483631579103664e-05
1.331324880905832520e-05
1.476790954127633802e-05
1.565242859838654352e-05
1.744418339310091465e-05
1.890636898543222353e-05
2.141162202668503469e-05
2.671926094482082482e-05
2.981408460691444405e-05
3.171940870616998082e-05
3.482343249347010942e-05
3.798517875871873408e-05
4.004485287509231846e-05
4.237914017060206967e-05
4.565320652112618723e-05
4.739594549784976194e-05
5.380867779984732597e-05
5.564668044999523412e-05
6.086507104835142744e-05
6.856280311008280243e-05
7.193867331423780783e-05
7.735374458178938901e-05
7.925893119861793603e-05
8.607786260913467130e-05
9.592431607336489427e-05
1.017840373496380578e-04
1.100560779635263053e-04
1.160188454008236725e-04
1.236848463053337726e-04
1.388498054931197395e-04
1.473374498818886213e-04
1.616195008470478346e-04
1.691168080194506364e-04
1.845849198387617524e-04
1.873379154844272382e-04
1.990030566454665346e-04
2.260039303685823433e-04
2.320335384866657183e-04
2.513487993257369811e-04
2.901176798748021819e-04
2.943377810105276648e-04
3.189055681621756969e-04
3.597357713256712727e-04
3.782946459598215418e-04
4.048930435723939306e-04
4.091819250941205544e-04
4.569478875932084867e-04
4.904462972770032118e-04
5.198719825521896584e-04
5.261841101714101509e-04
5.907060745894476611e-04
6.698091746926921122e-04
6.958469990942091300e-04
7.352320987344479692e-04
7.677467052628329748e-04
8.974618013954871942e-04
9.771554745916150898e-04
1.036086019083882776e-03
1.059613572537210831e-03
1.251550602576923400e-03
1.261892492242957251e-03
1.465077344000542854e-03
1.592733365409898776e-03
1.822626243974734229e-03
1.924931746425270068e-03
2.038107173145877350e-03
2.115637972894198002e-03
2.252052630997061506e-03
2.554838435414457341e-03
2.858563798186660159e-03
3.137144714242112199e-03
3.282976010003192668e-03
3.822625067623592991e-03
4.452367758125975669e-03
5.101067780245352630e-03
5.592046799807206398e-03
5.858264674896506048e-03
6.364844536602222436e-03
7.312240741520867511e-03
8.263779697594010945e-03
1.006177263555118988e-02
1.201600584636068440e-02
1.469418419676317422e-02
1.639271855315146964e-02
1.880906942187733286e-02
2.065129568526002588e-02
2.567907112868327360e-02
5.457665156340594376e-02
6.578994970680905607e-02
1.006461943485828514e-01
1.258236646091155930e-01
2.680746060017092924e-01
9.337557618333744980e-01
2.191155100061866534e+00
5.066539658440085248e+00
