1.293167451837217569e-02
1.225451709443172929e-02
6.926485267106401687e-03
3.224017093592736454e-03
2.349111118184680873e-03
1.732689108484970070e-03
1.154319123987040474e-03
1.019677299403424229e-03
8.802999522389108470e-04
8.451317158668734258e-04
7.020227642719755216e-04
6.506315628800346139e-04
6.014145949704246923e-04
5.388394277304534279e-04
4.989628067744646556e-04
4.497288034457249230e-04
3.852650679250069600e-04
3.529434895321026107e-04
3.428730774916383724e-04
3.040088940725626555e-04
2.972349645237036433e-04
2.887901888798350357e-04
2.504388273007111896e-04
2.435698884280477214e-04
2.169413843303415678e-04
2.099616136156267254e-04
1.893029160131253213e-04
1.747672706695922241e-04
1.563235630826268993e-04
1.484399425945877706e-04
1.412197646906262409e-04
1.267766091014072450e-04
1.162561069353339801e-04
1.048166137728920560e-04
1.018615239735859478e-04
9.026523942286838944e-05
8.771055205124289340e-05
8.025471828631194752e-05
7.563619191067538577e-05
7.229401778977942472e-05
6.873055766607775942e-05
6.637364702313596583e-05
5.929302927466457757e-05
5.524147557974938447e-05
5.216183145796244810e-05
5.142971512505957736e-05
4.888548222190740815e-05
4.222980955227920836e-05
4.086599926109325272e-05
3.657923536181437158e-05
3.407039431559038341e-05
3.100760247455347811e-05
2.698382871586999090e-05
2.603265043390802174e-05
2.379119947657966315e-05
2.208840447812424838e-05
2.151816653859458370e-05
1.800012436517011981e-05
1.672884082782222399e-05
1.630729079786049070e-05
1.488349394188279196e-05
1.414072069394912962e-05
1.314485692065996628e-05
1.171134621947160513e-05
1.014853386589835789e-05
9.491116985825101310e-06
9.257210162841647810e-06
8.290928020213867453e-06
6.714090303539915626e-06
6.451005501548054131e-06
5.390027051255206832e-06
5.271339707927517993e-06
4.625452673990662384e-06
4.146832335285222175e-06
3.683808700924857910e-06
3.047716144778437855e-06
2.459880929751777008e-06
2.343744324588158037e-06
2.122943902274109864e-06
1.905196075652003442e-06
1.785826390324267854e-06
1.460933104250853760e-06
1.339712582156475963e-06
6.761982721142813264e-07
5.837903930059015015e-07
1.182854659011747070e-07
1.651217562133883530e-19
-6.297156800678815129e-20
-1.416456610799210106e-07
-1.703487232906647424e-07
-1.044767816362098402e-06
-1.232402791428060710e-06
-1.464979017643574536e-06
-2.244406430287251622e-06
-2.883034935554254272e-06
-3.888417848340554106e-06
-4.232221945364577582e-06
-4.719570687083861938e-06
-4.835800546022390899e-06
-5.142157290098404422e-06
-6.175587429743207709e-06
-6.691393229630345726e-06
-6.934419243350293518e-06
-8.626401300565826648e-06
-9.185136414003912134e-06
-1.083114600375219793e-05
-1.175675489376629757e-05
-1.258677040969935280e-05
-1.277681138567226921e-05
-1.346596464236694205e-05
-1.400157129994616469e-05
-1.512738320406856208e-05
-1.610442213778338146e-05
-1.696160276722612892e-05
-1.826660296083711704e-05
-1.978956072370035072e-05
-2.144100685458030214e-05
-2.267879540224030036e-05
-2.387292317213222898e-05
-2.434136556060554555e-05
-2.559041709456581228e-05
-2.605782246237900589e-05
-2.974814604753235142e-05
-3.159946310571322197e-05
-3.409304576710171770e-05
-3.557676358460721893e-05
-3.689605694285951962e-05
-3.910295200334030851e-05
-4.067929012650044174e-05
-4.109476273401717073e-05
-4.272127495814315406e-05
-4.465438937497122698e-05
-4.555695927993657490e-05
-5.000480732875018205e-05
-5.153881526461617893e-05
-5.451300419131766039e-05
-5.489943825551746542e-05
-5.867894907278184700e-05
-6.086620543007001882e-05
-6.458112294578161787e-05
-6.691297206312237715e-05
-6.815191922971517856e-05
-7.398091717786828758e-05
-7.490231719193682824e-05
-7.580798427875358220e-05
-7.856751615389979460e-05
-8.053260541627704132e-05
-8.384004436188106815e-05
-8.580736134753063303e-05
-8.965179187252854051e-05
-9.069962927164522881e-05
-9.957701876023582243e-05
-1.038279910985684157e-04
-1.041172438871391009e-04
-1.074090772233634065e-04
-1.110427714178785757e-04
-1.116598514471020288e-04
-1.148256536985473725e-04
-1.213702473366380804e-04
-1.256430329241466071e-04
-1.308956249335214213e-04
-1.352471503299998196e-04
-1.390543997640907004e-04
-1.448072817189546401e-04
-1.507732187240023579e-04
-1.545024392771740898e-04
-1.554130785303948310e-04
-1.626648862162598003e-04
-1.661392427947885767e-04
-1.662733189855154499e-04
-1.753328882452573703e-04
-1.929038260795292099e-04
-1.974858581321856012e-04
-2.105148761443612689e-04
-2.138811924918659468e-04
-2.236180143940599450e-04
-2.272618370153917892e-04
-2.329494367565757115e-04
-2.393636545741316922e-04
-2.569518824138308072e-04
-2.686963450949287789e-04
-2.736717020732192928e-04
-2.790601176961722812e-04
-2.907100757286885245e-04
-3.028896449000188914e-04
-3.087054587655048529e-04
-3.291338544375732198e-04
-3.353103568636467738e-04
-3.370321161013978858e-04
-3.443226520912968003e-04
-3.540987378795504943e-04
-3.663867209606328401e-04
-3.814334290011261596e-04
-3.885065671520719936e-04
-4.149254182980452520e-04
-4.208396289092019519e-04
-4.432532892263526723e-04
-4.534867058045136449e-04
-4.741567983399626513e-04
-4.811341083195350686e-04
-4.924507071757778598e-04
-5.137380626391686118e-04
-5.256491657090189840e-04
-5.490836621932221459e-04
-5.527098851712999427e-04
-5.932543332339058374e-04
-6.180663919752165140e-04
-6.238419188703699624e-04
-6.728151733936861296e-04
-6.997327238512102013e-04
-7.117627082106089791e-04
-7.198080179719341118e-04
-7.598698983838829499e-04
-7.740284494732565298e-04
-8.038038815526035545e-04
-8.292746761147390270e-04
-8.717982869990187518e-04
-9.017875979094628573e-04
-9.513454744270466185e-04
-9.748157732655626621e-04
-1.011758168895964243e-03
-1.056244919980242397e-03
-1.090969549106959131e-03
-1.124348787086672588e-03
-1.151405568535327851e-03
-1.204529872716070390e-03
-1.239706361679207341e-03
-1.290191437503649839e-03
-1.343454706413551355e-03
-1.370820727025484327e-03
-1.403307704312788118e-03
-1.449521349757947920e-03
-1.488909659307154293e-03
-1.564367413748192276e-03
-1.677976806337947227e-03
-1.779681746854189575e-03
-1.822140403878983730e-03
-1.997481903985517688e-03
-2.143096070135747620e-03
-2.175279327681447529e-03
-2.333670084436416554e-03
-2.502436681181949632e-03
-2.645748069172694766e-03
-2.761151161710688126e-03
-2.860215113644702309e-03
-2.965734517801596991e-03
-3.485462811418617995e-03
-3.563427499071331224e-03
-3.990037954652555022e-03
-4.388257094522492706e-03
-4.612834114050197790e-03
-4.926323478601794294e-03
-5.796802589011189853e-03
-6.279893099749353676e-03
-7.215402847311797215e-03
-7.933788644014890673e-03
