1.316438632431628513e-04
9.360989207807431101e-05
5.110370422860601445e-05
2.711094811251504172e-05
1.951869392924318432e-05
1.411604243112045942e-05
1.106270146101393886e-05
9.365170749068446417e-06
7.120323547831795048e-06
6.312784571262381138e-06
5.674630565967810181e-06
5.340738925632459195e-06
3.690867654164678744e-06
3.316849499147990884e-06
3.124846014496795808e-06
2.380646206281008925e-06
2.320596333777995527e-06
2.231406781538996145e-06
1.961789064575514563e-06
1.618786476517959516e-06
1.534784485328876688e-06
9.825318929400744129e-07
9.046132354100624479e-07
5.914505543428058442e-07
4.635159774153133587e-07
1.466821135595723296e-19
1.157749194230543693e-19
9.425313565921452155e-20
8.615470787015967586e-20
8.249179950241819966e-20
7.765690159240400387e-20
7.459511751100078525e-20
7.149110057443025520e-20
6.669017485920701752e-20
6.553306658509733226e-20
6.381569343673608174e-20
6.047216116344753395e-20
5.820536021043771718e-20
5.635862852455419275e-20
5.488983887603982506e-20
5.390095619232122170e-20
5.120314043819486839e-20
4.877051984754172202e-20
4.700570274342080028e-20
4.519163039027834197e-20
4.341057182651670613e-20
4.207761917063862684e-20
4.139273650306672641e-20
4.051417136643648242e-20
3.919975780560716214e-20
3.830162767148795454e-20
3.534344208318883271e-20
3.494680408393132193e-20
3.396531238888874529e-20
3.223919447913604959e-20
3.202635768985630151e-20
3.091813488581333195e-20
2.967058147844328665e-20
2.901833935493283440e-20
2.816177728098016323e-20
2.720899601753300354e-20
2.624561476412397136e-20
2.581370545387404728e-20
2.523878503435639197e-20
2.444331974630448431e-20
2.405267049064718288e-20
2.370917839569039587e-20
2.294106743616178504e-20
2.243268630829903672e-20
2.158933947767763705e-20
2.083778422834621114e-20
1.990511901856809458e-20
1.966762624516264418e-20
1.896714578694154738e-20
1.872612913555797326e-20
1.796632573519220061e-20
1.672259544225078212e-20
1.623003591350028946e-20
1.583925359135533287e-20
1.554648260147748020e-20
1.496607361837355469e-20
1.473154693219637387e-20
1.446696822076166626e-20
1.432622737371902909e-20
1.383460208717899989e-20
1.329319332310241898e-20
1.273433036491942525e-20
1.236565528570400361e-20
1.225474732109276280e-20
1.210920180045089955e-20
1.168421441294988272e-20
1.102899388244941805e-20
1.054951987172528246e-20
1.042208625284649160e-20
9.832340371545703094e-21
9.717636154060495194e-21
9.256048998727462267e-21
8.903805768574788047e-21
8.650604388887325011e-21
8.306072075242354632e-21
7.752095964788629680e-21
7.661591266853066394e-21
7.411422868453003467e-21
7.333926568218904106e-21
6.713802377117677955e-21
6.560214746355429654e-21
6.297413134569790995e-21
6.150651522653066746e-21
5.979481380328653214e-21
5.433549243862774612e-21
5.273708832914307698e-21
5.044191896624996763e-21
4.748494498909909955e-21
4.380563679311536796e-21
4.152234730515737484e-21
4.027901761564978153e-21
3.840329018494112288e-21
3.669773906470976193e-21
3.512148787069512231e-21
3.315389170275252829e-21
3.087666308490085408e-21
2.805476750692932680e-21
2.580504595870114053e-21
2.445934417031032928e-21
2.319600316328828444e-21
2.122008205470141394e-21
1.960795939480962890e-21
1.834280877217749107e-21
1.656763061916559789e-21
1.520570920541414717e-21
1.443356702769068909e-21
1.318303175702263299e-21
9.700667686305955703e-22
7.377145439003283216e-22
6.612397062139052630e-22
5.919114940175291546e-22
5.014652080332234490e-22
3.567396576436424796e-22
1.481610805388532950e-22
2.064337033740251909e-24
-6.011079651272516256e-23
-1.339269358358115022e-22
-3.198320325630652614e-22
-3.800619870924900104e-22
-5.502037157739788238e-22
-6.648481918282275955e-22
-8.014392557334925879e-22
-9.134556805217263628e-22
-9.806229579313076949e-22
-1.206500231838831808e-21
-1.321346941114686884e-21
-1.567901480656060619e-21
-1.729786534301624149e-21
-1.886785391552570481e-21
-2.015238605847669294e-21
-2.273957886135372781e-21
-2.308060229259307686e-21
-2.602354688775157416e-21
-2.636228105208160859e-21
-2.948548226707291998e-21
-3.127189003212318902e-21
-3.336479778550285922e-21
-3.522739386776194809e-21
-3.820694520267170739e-21
-3.894587356895678055e-21
-4.112448707896227940e-21
-4.444395764802936022e-21
-4.542097345295092658e-21
-4.857854648760796509e-21
-5.032384603892886296e-21
-5.333892244043852171e-21
-5.539651970241019667e-21
-5.785661071098988394e-21
-6.234020551070023407e-21
-6.347455835025907021e-21
-6.536238877815871878e-21
-6.871302213615395472e-21
-7.214038838705369283e-21
-7.353299411114579011e-21
-8.130257705092085182e-21
-8.316511808650983065e-21
-8.361109204094291341e-21
-8.897528291010813999e-21
-9.160237398463904807e-21
-9.753209131189953113e-21
-9.951588356930841152e-21
-1.015013545000917286e-20
-1.034511288790509764e-20
-1.070897650684765058e-20
-1.130530073584760755e-20
-1.152592238191386014e-20
-1.183658397691604393e-20
-1.198943529155298142e-20
-1.290751758057217609e-20
-1.313649264884607580e-20
-1.326046870449279518e-20
-1.351561413393266814e-20
-1.413236348039319739e-20
-1.453998941598389937e-20
-1.484307734276192474e-20
-1.528937973384923717e-20
-1.558682339147606571e-20
-1.639085794173300076e-20
-1.678247973612680740e-20
-1.690398198593659940e-20
-1.763803369953231491e-20
-1.819142214544755206e-20
-1.917076048785724363e-20
-2.009566755949253654e-20
-2.085190910773182863e-20
-2.117727041009580024e-20
-2.204943873675875864e-20
-2.293343595372235152e-20
-2.334232424691308972e-20
-2.370967343433382095e-20
-2.439197571519008753e-20
-2.475715449351151566e-20
-2.541645219644185664e-20
-2.589835100547657455e-20
-2.698813070203255825e-20
-2.772849260223475960e-20
-2.889228740421266332e-20
-2.965981912593639677e-20
-3.073284009916002558e-20
-3.151194822442867046e-20
-3.236659041245050924e-20
-3.267356386943706004e-20
-3.400302659587065701e-20
-3.453750191914055687e-20
-3.555815357439521942e-20
-3.686220032250876108e-20
-3.750522776561928145e-20
-3.945936973374423878e-20
-4.029839998020320525e-20
-4.088063090620286846e-20
-4.224521507165596835e-20
-4.334303932616818566e-20
-4.526915845215531364e-20
-4.739770338660514164e-20
-4.842877762569846246e-20
-4.905781890454191589e-20
-5.135127955026076139e-20
-5.469489988888555790e-20
-5.547518505180704285e-20
-5.920312271760498488e-20
-5.975735736047292450e-20
-6.502248674724034386e-20
-6.852285334990462998e-20
-7.073979463259658803e-20
-7.433317594526107338e-20
-7.789478952895391530e-20
-8.468474195245064324e-20
-8.970264009481893432e-20
-1.007708349955212342e-19
-1.263667075375971971e-19
-1.948837771394191001e-19
