3.340908363023759736e-02
2.631037767953581241e-02
1.713432264961793280e-02
8.468409978797736964e-03
6.015239606570306485e-03
4.181887170465566593e-03
3.081213327457039096e-03
2.284351786674500718e-03
2.242061659633135494e-03
2.163669056517463461e-03
1.961477519227614128e-03
1.637465521931866274e-03
1.315840819005027838e-03
1.123171087622929160e-03
1.079071723707172121e-03
9.223141625292901897e-04
7.604295968091941528e-04
7.068422448691819579e-04
6.754435631443564143e-04
6.204292370816251977e-04
5.332132783291518730e-04
3.956904893589464054e-04
3.096285239391049354e-04
2.571551868697149741e-04
1.413543847466331013e-04
1.007637440250681687e-17
7.625266671781930830e-18
6.672688849189629606e-18
5.915048958448641226e-18
5.557717958684314287e-18
5.391230973707304299e-18
4.993423645107695627e-18
4.867406898900115297e-18
4.446362370429373967e-18
4.268329450581012886e-18
4.198251221857498668e-18
3.876705593206945785e-18
3.716274507443901182e-18
3.640711339378716044e-18
3.396183566351491376e-18
3.365809282465922175e-18
3.211010000778584362e-18
3.153080101566666558e-18
3.111058173684459267e-18
3.056181390367347859e-18
2.977873332350641395e-18
2.915490379268061717e-18
2.822804040491159146e-18
2.729193433035172957e-18
2.684797382769634044e-18
2.635833010224740829e-18
2.603963600135294561e-18
2.502717606425013744e-18
2.436979773339651353e-18
2.381764376354231287e-18
2.327533995933354339e-18
2.260356932273069712e-18
2.211252201681047495e-18
2.129328695168882461e-18
2.100501760321801621e-18
2.019766320908742458e-18
2.005843949865463805e-18
1.982130173094395910e-18
1.917266340226657932e-18
1.857771816508527199e-18
1.799380785073592077e-18
1.756004324695085909e-18
1.732426921388685018e-18
1.712996413897668790e-18
1.615693049964765654e-18
1.570996683226969603e-18
1.547804114641151667e-18
1.533704331106411202e-18
1.482448005399319919e-18
1.433404275408602185e-18
1.427349853663873828e-18
1.380011442694891416e-18
1.297287192866277748e-18
1.293406884412193842e-18
1.257964547452788918e-18
1.220703133988074500e-18
1.193607797103342463e-18
1.183799777718977672e-18
1.163205987311255981e-18
1.123226528885550946e-18
1.097824360141355616e-18
1.033892379842497208e-18
9.864953666377724705e-19
9.655820403055878296e-19
9.351941132045217031e-19
9.103643571509995875e-19
8.662525815876816699e-19
8.351084159236805998e-19
8.134554897988119865e-19
8.019707891453658994e-19
7.593583096250495037e-19
7.475333427768319473e-19
7.240085481771127627e-19
7.011139795644776235e-19
6.872117981567749268e-19
6.752752973699049459e-19
6.398334306254765574e-19
6.221146607703358881e-19
5.818788806070933817e-19
5.726124070191126126e-19
5.665805192394900208e-19
5.365250867466218474e-19
5.132523666861978472e-19
4.645813944669654006e-19
4.487264878408737886e-19
4.427721993929182033e-19
4.087991828022403400e-19
4.010128313431929181e-19
3.835920548404222945e-19
3.689593061088882409e-19
3.530034533528427546e-19
3.277243497625885768e-19
3.022056841526152973e-19
2.922521585650855946e-19
2.828289141751210679e-19
2.674674755348284257e-19
2.555720818176644860e-19
2.389246339500803836e-19
2.216470648123747504e-19
1.939712749840468680e-19
1.859123765656812913e-19
1.761392831669653969e-19
1.744047844406756091e-19
1.427393831216918663e-19
1.375805999745310053e-19
1.213379449118301914e-19
1.110441944305558274e-19
1.067772372536017943e-19
7.979591931071106002e-20
7.691228923106850707e-20
6.303647068074984502e-20
5.097041234260697489e-20
4.024701901339409267e-20
2.365753090953986451e-20
1.975727099478003425e-20
3.528749046193987858e-21
-1.527068689717213146e-20
-1.717551999475132160e-20
-2.835104594855642807e-20
-3.683404894683136306e-20
-4.690284060558070320e-20
-7.239691985771328601e-20
-8.629585024937411236e-20
-9.114364729145817345e-20
-1.055866706721996675e-19
-1.212567011811462747e-19
-1.319434092166571468e-19
-1.524741192023842829e-19
-1.695421075346179093e-19
-1.913284673769299487e-19
-2.008978219536065419e-19
-2.153557711373526563e-19
-2.335492456738741152e-19
-2.576700440133685422e-19
-2.632572059985973982e-19
-2.698894044011634186e-19
-2.968290922370855708e-19
-3.085944072518852956e-19
-3.317970948765807732e-19
-3.505658445833441599e-19
-3.701128684193759964e-19
-3.838378210704833565e-19
-4.037069069466817728e-19
-4.203740591802074770e-19
-4.327872723784270405e-19
-4.396155241744432964e-19
-4.537644918855932279e-19
-4.802915503174629560e-19
-5.123304773711260724e-19
-5.223692279055136613e-19
-5.484496906195181093e-19
-5.769374379512410610e-19
-6.025582430343770233e-19
-6.284829168064773950e-19
-6.469950612442835728e-19
-6.737152470358779652e-19
-7.080759811024949495e-19
-7.445000329052859429e-19
-7.600427386101045505e-19
-7.875332380390617616e-19
-8.017937852212285878e-19
-8.630154617264182986e-19
-8.709661836550613920e-19
-8.876411090384179669e-19
-9.307253598914670073e-19
-9.490940556733673329e-19
-9.733876836926118552e-19
-1.004047465149200966e-18
-1.057627514944550303e-18
-1.076697961644865796e-18
-1.125140559478005050e-18
-1.131155555048323232e-18
-1.159272020478395632e-18
-1.209640703092935857e-18
-1.219383626912282554e-18
-1.300920414369766533e-18
-1.352617154739779128e-18
-1.361766678716021817e-18
-1.412397096633854483e-18
-1.442603217075697667e-18
-1.499561631618386756e-18
-1.517027915147744150e-18
-1.554267360455062193e-18
-1.560497901126191851e-18
-1.604821011905357701e-18
-1.657380396224203553e-18
-1.673160454384217252e-18
-1.729440336362797484e-18
-1.788501622471831313e-18
-1.830467547898501026e-18
-1.913827709906086819e-18
-1.960035439213779809e-18
-1.992404579663404712e-18
-2.007855530389776375e-18
-2.109896583528752280e-18
-2.155662643559580942e-18
-2.170421389311191936e-18
-2.207976937977081458e-18
-2.245977408385659607e-18
-2.398488311557773838e-18
-2.412770944239567097e-18
-2.473499813580523127e-18
-2.538858786525803486e-18
-2.610227692314841085e-18
-2.694019039755368353e-18
-2.709187605938826624e-18
-2.758749061864781149e-18
-2.973386026894391215e-18
-3.018561006435624751e-18
-3.089410661598083039e-18
-3.241452559252196673e-18
-3.286333778951707599e-18
-3.343561434166225587e-18
-3.442565213033536653e-18
-3.561524694119939741e-18
-3.602598121674660804e-18
-3.678632800224008599e-18
-3.880971775930368631e-18
-4.050204855620254396e-18
-4.138999218532554262e-18
-4.229297180447434852e-18
-4.402949631362771533e-18
-4.561890882352215987e-18
-4.708077065798633177e-18
-4.829097703573591232e-18
-5.353353530338874670e-18
-5.952168682577210176e-18
-6.289270467589826774e-18
-7.271031757384283849e-18
-8.872307051374533921e-18
-9.338263689533687786e-18
