-2.382771493775706906e-01
-1.458402757085840717e-01
-1.381502197582016311e-01
-1.006915950793963038e-01
-9.397478186745322759e-02
-8.338268495944070602e-02
-8.066110206259972937e-02
-6.212612845850064291e-02
-5.635017328055750424e-02
-5.109087160222505752e-02
-4.398136835658887633e-02
-4.179254538276963582e-02
-3.769424225578436871e-02
-3.250368289393280874e-02
-2.824818621580593714e-02
-2.779532171420268441e-02
-2.617231958356845689e-02
-2.249484805951824234e-02
-2.220456468329775127e-02
-2.097845318352827351e-02
-1.988918326444753110e-02
-1.847541442663742234e-02
-1.811235660859512875e-02
-1.631677077251017169e-02
-1.599236914642549259e-02
-1.434710749336889045e-02
-1.406342718096563124e-02
-1.322461854805358390e-02
-1.202079719465870902e-02
-1.158904239579886149e-02
-1.105205051180359679e-02
-1.038101390415130387e-02
-9.836822632232608554e-03
-9.524521403513154516e-03
-9.336157003114036249e-03
-8.691565414697703315e-03
-8.494097127483821175e-03
-7.748892597503169617e-03
-7.691629391921860591e-03
-7.652519593146234374e-03
-6.885981444811697244e-03
-6.621354023628686115e-03
-6.352783996315725101e-03
-6.061877516921929110e-03
-5.975662251980492536e-03
-5.736198635831620506e-03
-5.405037828153469101e-03
-5.235306166965225834e-03
-4.988573790693087012e-03
-4.883327785972992226e-03
-4.759961962945515046e-03
-4.627375261112663153e-03
-4.402987308779067119e-03
-4.139448046866982082e-03
-4.094045076810226731e-03
-3.921502524537238618e-03
-3.785156086951407470e-03
-3.710465390183533951e-03
-3.577153197727118983e-03
-3.433806403452871556e-03
-3.200469538492576108e-03
-3.134454202022025904e-03
-3.058852337000943569e-03
-2.993308182435868575e-03
-2.940483010374559964e-03
-2.836347400888448653e-03
-2.645549720454569778e-03
-2.636264175132299863e-03
-2.534255258067324903e-03
-2.456525684206851967e-03
-2.397660111032309891e-03
-2.297788476358668484e-03
-2.147962111901734195e-03
-2.134465915238044961e-03
-2.089275956626411579e-03
-1.990818623734092688e-03
-1.947149208416812036e-03
-1.926824111884189138e-03
-1.807710456991736252e-03
-1.776437924652551860e-03
-1.767979638991417322e-03
-1.705652135380436021e-03
-1.602629536292103770e-03
-1.585107109984411648e-03
-1.505296752874457590e-03
-1.459647042618834141e-03
-1.430927787538790715e-03
-1.375281708161640122e-03
-1.338432176991006780e-03
-1.302653312244882915e-03
-1.289871388522527461e-03
-1.244904771736851743e-03
-1.149303027269054809e-03
-1.126827822343598549e-03
-1.107050146019872673e-03
-1.066621080734519566e-03
-1.063544312556044882e-03
-9.851513497025623459e-04
-9.499252714206415059e-04
-9.229699542451373813e-04
-9.192841754603192639e-04
-8.982613350611075732e-04
-8.686556155430816446e-04
-8.423575432044160850e-04
-7.889596035401261805e-04
-7.808086071940785683e-04
-7.669185168881558715e-04
-7.450173711427809497e-04
-7.146312689311424063e-04
-6.869091137421328786e-04
-6.822312051708535538e-04
-6.637357279088846847e-04
-6.252632287282233530e-04
-6.185146353516501102e-04
-5.973894506693406409e-04
-5.749223560606092284e-04
-5.677571982020871268e-04
-5.608026015370579055e-04
-5.324348083096043949e-04
-5.150559448047998742e-04
-4.875802682581794408e-04
-4.709132982254785960e-04
-4.677348257612878304e-04
-4.459764661191457772e-04
-4.413059728451478275e-04
-4.379917596628247123e-04
-4.072170363318705372e-04
-4.006391301973658524e-04
-3.982033448863039459e-04
-3.828456483523638059e-04
-3.605485317356025752e-04
-3.478659364416752248e-04
-3.406680768037728397e-04
-3.272581581567903745e-04
-3.219516090888390521e-04
-3.156869949261185146e-04
-3.052801036325923667e-04
-2.906318633296638512e-04
-2.850741738594032349e-04
-2.779569381284160349e-04
-2.690186916819264614e-04
-2.637234615587668424e-04
-2.579220287173369952e-04
-2.405588148365482885e-04
-2.385639295044888802e-04
-2.356194891354702816e-04
-2.246036634523664271e-04
-2.197109458828396054e-04
-2.143125207545546894e-04
-2.046694887840972235e-04
-1.939569813990003259e-04
-1.908432223203239365e-04
-1.808952670678002836e-04
-1.798392611220764597e-04
-1.743225355407438878e-04
-1.654375976958322213e-04
-1.626166112387600218e-04
-1.612133887817831374e-04
-1.536806664571186375e-04
-1.483851557570161272e-04
-1.455115877472503609e-04
-1.424717771323498168e-04
-1.331081821733288311e-04
-1.297097381040362930e-04
-1.262929568907514397e-04
-1.240946921001792993e-04
-1.190449894142519926e-04
-1.119084866068349314e-04
-1.111210036610501775e-04
-1.052447423730378776e-04
-9.965009410985682593e-05
-9.782072872876435249e-05
-9.546033062860269987e-05
-8.861904421803574040e-05
-8.624688850672679796e-05
-8.458658665620704526e-05
-7.901070460031071831e-05
-7.476776365178961479e-05
-7.095845622643685835e-05
-6.916586524905525796e-05
-6.890053659422147028e-05
-6.118721759161591751e-05
-6.045528160123463660e-05
-5.817079322236620942e-05
-5.590768031138559343e-05
-5.492636138959986814e-05
-5.167627209748805288e-05
-4.732936929938958527e-05
-4.660758114964662417e-05
-4.546821319820697178e-05
-4.131836572573870835e-05
-3.913733147544709492e-05
-3.765482944238267906e-05
-3.423131237634232705e-05
-3.204525181035951969e-05
-3.159748427802180031e-05
-2.924362275934118733e-05
-2.565331973768389653e-05
-2.337587417945912545e-05
-2.016985139401548575e-05
-1.668452805545725539e-05
-1.614419413508670224e-05
-1.549487439225378371e-05
-1.250545695247594577e-05
-9.710568958743000451e-06
-9.415865860916372928e-06
-8.175035909365976046e-06
-7.034596302116382207e-06
-5.122638136605148440e-06
-3.724556469001025172e-06
-3.258262566259811844e-06
-2.065800059917686597e-06
-1.284765244087808400e-06
-7.004439741787481521e-07
-2.249855569996452866e-07
-8.053788213665570920e-19
1.952821273286416789e-18
2.839547073742920272e-07
5.670854487989006004e-07
1.274395983015570547e-06
1.787648331154757926e-06
2.443218196112769418e-06
3.242689485784676677e-06
4.458417185183532910e-06
5.708638656018584226e-06
6.520630793516414900e-06
7.303128179512290028e-06
9.738137491273720958e-06
1.056236368891382348e-05
1.178919537146276371e-05
1.310164006196922296e-05
1.671386932233794208e-05
1.690923983875435285e-05
1.961164147899978718e-05
2.867633556158447129e-05
3.531825688353079390e-05
4.087272968651083066e-05
4.689228387200529300e-05
7.406469175494679604e-05
8.422962312991848298e-05
1.124550614894711821e-04
1.296714346736792245e-04
1.415571930930062926e-04
1.493971313517545663e-04
1.769089844344265622e-04
2.784265505744422321e-04
3.148738123580061866e-04
4.980678888357255481e-04
6.406662976859831991e-04
1.058199843499049806e-03
1.867721861658401235e-03
2.130663918094186267e-03
4.170566369539569634e-03
2.007780015816792996e-02
2.953879269638962635e-01
9.043461268989132495e-01
