-1.155890482295517607e+00
-1.587680722313365433e-01
-1.390570119147274408e-01
-5.968696312990226516e-02
-5.351633939489216368e-02
-3.276364458664211138e-02
-3.019792088229946575e-02
-2.064492150751398233e-02
-1.598245850580226612e-02
-1.518452915798047115e-02
-1.306807837600144906e-02
-1.022532848159120149e-02
-9.603214214510522734e-03
-8.510478432506523791e-03
-7.475758444446062301e-03
-6.826424828076004675e-03
-6.333387256831945686e-03
-5.011280576435430539e-03
-4.926373888425618179e-03
-4.293438182030112453e-03
-3.837772804071932012e-03
-3.607783921170728929e-03
-3.285685110167369145e-03
-2.908155876117922076e-03
-2.844366556061489471e-03
-2.655392013179681647e-03
-2.490697127613997978e-03
-2.249002656156826735e-03
-2.092085220221757969e-03
-2.021962351819213063e-03
-1.958445608451191405e-03
-1.877407282416948325e-03
-1.781394014562864966e-03
-1.647853303845385172e-03
-1.345183817150074398e-03
-1.295247871821811163e-03
-1.197977242656639383e-03
-1.138512768376058687e-03
-1.104250011333621955e-03
-1.038793179589492894e-03
-9.537986827153480725e-04
-9.081955880595692348e-04
-8.757766829957185604e-04
-8.333354765474009765e-04
-7.613564882511767188e-04
-7.256600186363046726e-04
-6.997480213383953885e-04
-6.634961264110903270e-04
-6.172367123427450770e-04
-5.621800871518186542e-04
-5.287103764586184541e-04
-5.049856637757074718e-04
-4.878027998483597618e-04
-4.806506940134790107e-04
-4.484951650147237629e-04
-4.265292233261093772e-04
-4.082052316747855560e-04
-3.590930196223577741e-04
-3.529073803313236869e-04
-3.305516944488398503e-04
-3.244153770518425919e-04
-2.906650100655351122e-04
-2.723686706725335599e-04
-2.560144956839339406e-04
-2.499630209557814542e-04
-2.316099146207781191e-04
-2.237307541305217024e-04
-2.102011560743803371e-04
-2.037175858646339750e-04
-1.853010904625884225e-04
-1.831424292562233019e-04
-1.783739306379012227e-04
-1.723771680767378640e-04
-1.505504484422990285e-04
-1.371407805824461517e-04
-1.326229582707432657e-04
-1.301160650409182340e-04
-1.193808610935980088e-04
-1.191219972300698295e-04
-1.093936061549558199e-04
-1.064185451213126016e-04
-9.650001317440366701e-05
-9.202226819325072342e-05
-8.209906938118569368e-05
-7.974862480045003465e-05
-7.507257304241652632e-05
-7.254905615456825880e-05
-6.674686966668945290e-05
-6.241022016304326691e-05
-5.996009043970322046e-05
-5.578275993497815399e-05
-5.480489737500575783e-05
-5.091688601414835253e-05
-4.765702965489690689e-05
-4.584518269957541772e-05
-4.389457330058514980e-05
-4.202917539436191703e-05
-3.827030999042863529e-05
-3.431343958377593649e-05
-3.091741791016171275e-05
-2.946182480765680673e-05
-2.827102766596382345e-05
-2.558166451762707981e-05
-2.328162801198813600e-05
-2.256538501914897695e-05
-2.015951319872517252e-05
-1.896979105940952001e-05
-1.838258860616781199e-05
-1.713563256819791716e-05
-1.635830135269860861e-05
-1.493773866657634198e-05
-1.441408762094929372e-05
-1.285663012683595384e-05
-1.240813995839711800e-05
-1.103360410590314007e-05
-9.494369591258709711e-06
-9.454632227384000888e-06
-8.203800866386351724e-06
-6.960866625470088125e-06
-5.873423062899531597e-06
-5.086074250768389193e-06
-4.335934352446726400e-06
-3.446717762209355863e-06
-3.121449944271431494e-06
-2.233437803253328593e-06
-1.924742815756721404e-06
-1.191458739336944076e-06
-4.631031223783014383e-07
-1.643049316004942959e-07
-1.734337833092940082e-18
-5.457400309873477102e-19
2.141756093474012089e-08
3.566636707384429966e-07
1.291222431182787773e-06
2.064872129141396408e-06
3.293582089059217175e-06
3.869060909510458807e-06
4.075654582453261301e-06
4.924904033872906177e-06
5.301980346466953890e-06
5.902909381720403103e-06
6.944430212508489828e-06
7.839578047663978925e-06
9.230085941941527599e-06
1.019550334398557958e-05
1.096304459018357753e-05
1.173481324369337497e-05
1.349252506900563126e-05
1.382708571047390834e-05
1.531469588565704377e-05
1.768487491470561754e-05
1.909211151617328894e-05
2.108443148512430278e-05
2.143452640171868108e-05
2.407624132633174910e-05
2.626463180143943785e-05
2.877921400903796570e-05
2.984078064036826440e-05
3.289157672987804798e-05
3.345651968449965671e-05
3.629991525284427013e-05
3.814566128057133882e-05
4.017930447093734988e-05
4.483854285948566916e-05
4.816674101189233543e-05
5.256395382762114589e-05
5.400339070002567449e-05
5.862091032690898510e-05
6.322400563314827502e-05
6.631966542476330502e-05
7.207154862687374349e-05
8.070937620481240856e-05
8.608170959975200952e-05
8.977256592543067049e-05
9.188600230510739295e-05
1.029648494667723401e-04
1.079229121251846010e-04
1.202457285610102799e-04
1.206534454630446779e-04
1.315710040339227772e-04
1.339385459982328497e-04
1.431587261405942689e-04
1.455831821120333715e-04
1.672965137293642979e-04
1.798613237681749946e-04
1.844864612228903737e-04
1.989874409849920099e-04
2.050990575426908907e-04
2.224869021195917396e-04
2.322229540228619850e-04
2.443400232648502870e-04
2.582060309696022362e-04
2.675065304215561070e-04
2.803358534959694750e-04
2.926993913688376173e-04
2.979419153119265934e-04
3.117330821124515141e-04
3.240282438135538953e-04
3.697578269973735400e-04
3.844393625598185220e-04
4.109600132981885957e-04
4.336976041025981097e-04
4.519843520854847918e-04
4.861472433843268314e-04
5.079624488862065660e-04
5.157557111134674927e-04
5.373113525522370303e-04
5.604660029665895632e-04
6.238153989570393914e-04
7.043847972831966675e-04
7.307281248658022014e-04
7.346302310375631096e-04
7.840670776839883107e-04
8.455663849922323907e-04
9.216853565094012060e-04
9.641482624560300660e-04
9.894660103513404879e-04
1.076256874914704315e-03
1.119756090576023424e-03
1.266848392378858894e-03
1.313197638467432241e-03
1.485048311225301704e-03
1.583498725961714594e-03
1.599719803989288220e-03
1.754726903840816282e-03
1.830480960641125022e-03
1.922135132266784494e-03
2.025884526840784471e-03
2.233860087284594322e-03
2.543395443794421729e-03
2.593567821254976532e-03
2.696520574669552823e-03
2.972330645987258935e-03
3.136862203890686696e-03
3.364262715939582600e-03
3.559597418134545499e-03
4.189045869092890284e-03
4.367472617772427679e-03
5.072691509326178287e-03
5.431619040738020106e-03
6.237422171506471630e-03
6.766415388810492065e-03
7.390343808330231481e-03
8.997150008326335047e-03
9.783961200702594174e-03
1.113828999391011827e-02
1.211142084134161044e-02
1.426369563459739358e-02
1.691351007960087069e-02
1.747111669736873749e-02
2.071948757308891831e-02
2.375623890459563348e-02
3.323998908432251181e-02
4.010778332203588509e-02
6.132984481610759264e-02
1.600902781368304661e-01
