2.908414404065979078e-02
2.659957136618551141e-02
1.938550360149671886e-02
8.070247613878946819e-03
4.842335499399468522e-03
4.710127622031338480e-03
4.280717799274349686e-03
2.981848259983268905e-03
2.593708121594790784e-03
2.464882481640484711e-03
2.191660977738988519e-03
2.118284113611965114e-03
2.024498138555317836e-03
1.880839792594245262e-03
1.697821576693983332e-03
1.616115686563944802e-03
1.430057125703124762e-03
1.380136049864681734e-03
1.245779987765720806e-03
1.210291356385664960e-03
1.162743348009267390e-03
1.065995975205513268e-03
1.020510490370346406e-03
9.805905946341962002e-04
9.205230129748026785e-04
8.489649611929302739e-04
8.292506469267743206e-04
7.554005581544528166e-04
7.136313307672580370e-04
6.921990975977133356e-04
6.632558320182138385e-04
6.213066796702539606e-04
5.821586455640552753e-04
5.627373429380040605e-04
5.356551543436242598e-04
5.206971958925056456e-04
4.993588740381476156e-04
4.817574325593738742e-04
4.480594844503365095e-04
4.209538912433162961e-04
4.151322478687188454e-04
3.940918145854133961e-04
3.708603143499679140e-04
3.640890680731938950e-04
3.304618807931790532e-04
3.224613271664503048e-04
3.081418815726148243e-04
3.005686393390471708e-04
2.948157847770947380e-04
2.712143124959261989e-04
2.610918715481982738e-04
2.472945391812193740e-04
2.415103328765063446e-04
2.376223177207024723e-04
2.239756962436618005e-04
2.036056257521557799e-04
1.988177279580785053e-04
1.881164477729642414e-04
1.763976832374817671e-04
1.670070530315399294e-04
1.651403170667263434e-04
1.579341497965418251e-04
1.543421253638246481e-04
1.509689917942401546e-04
1.445303128960580220e-04
1.339817084601996073e-04
1.301678622235111649e-04
1.276410257523147025e-04
1.133053155035179107e-04
1.110985334097476317e-04
1.052156465253012332e-04
1.011570872648396354e-04
9.773701011462746803e-05
9.470187694739027457e-05
9.261523910102843911e-05
8.938343329886391927e-05
8.221536359201780616e-05
7.923476047442906906e-05
7.561967754265156360e-05
7.327840891147108866e-05
6.852364085194434084e-05
6.666420892120162515e-05
6.333506985105707000e-05
6.202506395906591139e-05
5.748219362458906878e-05
5.482350079692602327e-05
5.126559053729907203e-05
5.056266533868377988e-05
4.961588648739409670e-05
4.498110696384176386e-05
4.013694482329036869e-05
3.931518580395461159e-05
3.841243549074558109e-05
3.732797393642214195e-05
3.471297794194337010e-05
3.244807623885227250e-05
3.037079448179781993e-05
2.921886351794783791e-05
2.813872164018206315e-05
2.707115660976475358e-05
2.539177112497316590e-05
2.379985023545992849e-05
2.266971856975700679e-05
2.245694129364595395e-05
2.112954959510388722e-05
2.050807043774973302e-05
1.897181902028147429e-05
1.771426378282294002e-05
1.735907138687691343e-05
1.703987700512378330e-05
1.529573915618258228e-05
1.448005589960815258e-05
1.305730401470974401e-05
1.194944223654140207e-05
1.135184112703889331e-05
1.091815989808973291e-05
1.049816041160091671e-05
1.009923281887405420e-05
8.904149898637403690e-06
8.706450890713621801e-06
8.116207990861336663e-06
7.470390880887724022e-06
7.247045590986460311e-06
6.816168541317722247e-06
6.063417271730352374e-06
5.715109703312089153e-06
5.172197544302673450e-06
4.473133475456280541e-06
3.818632309138850247e-06
3.392794383888717556e-06
3.277869757650665591e-06
2.842605564785630646e-06
2.666524469377926979e-06
1.994837823295212613e-06
1.395881115653479405e-06
1.141516713799747076e-06
1.063055498246385968e-06
6.872545878528115974e-07
5.437938508721976780e-07
4.412578789657362509e-07
1.942419525058639690e-07
1.453071700547529509e-07
2.522513861699870646e-19
-3.248485223923499012e-19
-2.292048878653428949e-07
-5.089657070056553499e-07
-6.791486741180272095e-07
-9.567937530692250268e-07
-1.204284078434878260e-06
-1.476327400304038060e-06
-1.796224499579122661e-06
-2.247384598820627226e-06
-2.419202880083486454e-06
-2.688808271185429093e-06
-3.294610158850338046e-06
-3.793194203916689754e-06
-3.955216618012541789e-06
-4.801724435736196073e-06
-5.377591595493818603e-06
-5.957887891335902318e-06
-6.329866036007237250e-06
-6.705370977715635545e-06
-7.876932503986982040e-06
-8.175812858538636282e-06
-8.844190273383341420e-06
-9.787902373401596905e-06
-1.016946859863712930e-05
-1.083096481301915680e-05
-1.137509130674725348e-05
-1.219712335037142974e-05
-1.300095264924498076e-05
-1.492580041988219607e-05
-1.545235769388642613e-05
-1.647280703088171847e-05
-1.868901757768006480e-05
-1.933162845082775637e-05
-2.197070265057946928e-05
-2.345163181578132348e-05
-2.545381844790366285e-05
-2.624294062858679427e-05
-2.728172863136090658e-05
-2.815085520758513793e-05
-2.905665175731184810e-05
-3.051276396849344588e-05
-3.248850244140443172e-05
-3.416825133739372999e-05
-3.760604778918112619e-05
-3.940097680403489047e-05
-4.155589567632364078e-05
-4.231299730686116970e-05
-4.558815834671406180e-05
-4.696641212572525380e-05
-4.855256938154328922e-05
-5.092141450584708169e-05
-5.282083837606066482e-05
-5.471302087921944455e-05
-6.187509143503974220e-05
-6.289036243119783547e-05
-7.037504020992886827e-05
-7.301992545762454260e-05
-7.499351761766566730e-05
-7.870106844397508760e-05
-7.978206855843299498e-05
-8.645544092577502916e-05
-9.130350250545786125e-05
-9.802405878929256182e-05
-1.069940887177618009e-04
-1.132095664035978719e-04
-1.137772718047197956e-04
-1.209913277094330433e-04
-1.249035817139677331e-04
-1.314933849998652635e-04
-1.347981818163915789e-04
-1.390771120434360357e-04
-1.458061090106313657e-04
-1.557836701009475454e-04
-1.626416489332186473e-04
-1.727996390442686301e-04
-1.830217322730108456e-04
-1.906822236723353613e-04
-2.058429092265863535e-04
-2.165458774462102618e-04
-2.240785965540759996e-04
-2.392304198114703344e-04
-2.505107383888907874e-04
-2.736839876710695928e-04
-2.951422185718834395e-04
-3.085424415366826243e-04
-3.212911664812994196e-04
-3.378411023494845393e-04
-3.696311090408388434e-04
-3.796889927061698040e-04
-4.088473034277558460e-04
-4.171990297680894027e-04
-4.609332309989114186e-04
-4.928061747635867785e-04
-5.312862953574218512e-04
-5.457778800407861236e-04
-5.830677437166270670e-04
-6.562732092721990399e-04
-6.995668578941981620e-04
-7.625655769143786702e-04
-7.844169253625577582e-04
-8.249389175853692269e-04
-8.652346204905666865e-04
-1.001649063061101986e-03
-1.061990185059257918e-03
-1.129632247265561096e-03
-1.334287015377371658e-03
-1.434168983187701814e-03
-1.591459359309320074e-03
-1.971208656103236746e-03
-2.035695727824630985e-03
-2.345175028054554030e-03
-3.060163678483574304e-03
-3.495643522915524350e-03
