-6.096564743197416486e-16
-4.903196553889510355e-16
-4.174677443166573455e-16
-3.039135405104181464e-16
-2.133606733384419541e-16
-2.004820724190009724e-16
-1.763950524716704964e-16
-1.725655684607090973e-16
-1.616354553004369406e-16
-1.562617704356433574e-16
-1.414091757002075481e-16
-1.359596603640464213e-16
-1.343806940413019760e-16
-1.283336179875113272e-16
-1.198577694877787809e-16
-1.128147955537636193e-16
-1.036334582931930590e-16
-9.822493363392698987e-17
-9.624837740870133827e-17
-9.424035163391268339e-17
-9.185121617885308511e-17
-8.539153336119426181e-17
-8.103344371215006279e-17
-7.903093036935963166e-17
-7.646836624893077194e-17
-7.535177446933579104e-17
-7.175445797543623062e-17
-7.154670664068545916e-17
-6.893225802753727605e-17
-6.749400116638357418e-17
-6.608888559081249011e-17
-6.471242867282994266e-17
-6.103207916922369577e-17
-5.904639675483958619e-17
-5.759598143690314824e-17
-5.448906688255685661e-17
-5.358999584385895634e-17
-5.326448061141403024e-17
-4.937405467477614690e-17
-4.777560129442210110e-17
-4.687289102086764756e-17
-4.579607312599653269e-17
-4.508299771183635650e-17
-4.333194773513538835e-17
-4.141687356570292456e-17
-3.982860458566728002e-17
-3.845518291100220636e-17
-3.754482693493709278e-17
-3.670660530554364951e-17
-3.565062944033100243e-17
-3.441887309393419503e-17
-3.324479878178968694e-17
-3.147954591841292852e-17
-3.119050628175302828e-17
-3.018932106711600599e-17
-2.984487529692408818e-17
-2.815728463876620096e-17
-2.709952487824565006e-17
-2.697828393657566880e-17
-2.563578001181359661e-17
-2.416696058910684605e-17
-2.274404303766715362e-17
-2.199413290509130325e-17
-2.104564336188514599e-17
-2.041433506204596316e-17
-1.992665314894204829e-17
-1.903830811785443929e-17
-1.776728206733503038e-17
-1.733194288335706519e-17
-1.670313499979325834e-17
-1.626291219344372880e-17
-1.593326287876824372e-17
-1.558831661051796850e-17
-1.434183092075500907e-17
-1.368614551484443790e-17
-1.309158399145980940e-17
-1.233138449636284237e-17
-1.150270200706025602e-17
-1.081551259088715475e-17
-9.907342604874313111e-18
-9.514949831333459160e-18
-9.121063937208502920e-18
-9.062919265372769713e-18
-8.644280233127669162e-18
-8.137762061135885081e-18
-7.674142566408246092e-18
-7.095996701252501637e-18
-6.429764651936641682e-18
-6.038164670439137420e-18
-5.807325820945415156e-18
-5.646422850714813474e-18
-5.036788073717812569e-18
-4.090934081716316118e-18
-3.731905305011401938e-18
-3.345612851027488732e-18
-3.142627473555324983e-18
-2.882449021947180167e-18
-2.618671802188567388e-18
-2.251775384996960879e-18
-1.708812193902757404e-18
-1.655631311181880547e-18
-1.490643402927268209e-18
-1.324765808510137315e-18
-1.081773975025850379e-18
-8.646596682827681114e-19
-7.143082279787222490e-19
-5.868241676684337454e-19
-5.226732789907252044e-19
-3.474592272837079581e-19
-2.126656330136651576e-19
-8.920186855627143895e-20
-6.695513507402533732e-20
-3.257814576338834955e-20
-8.952261862682742824e-21
-9.626207665232339144e-23
2.386504098611957576e-20
5.015536229379062094e-20
8.843758442194933174e-20
1.039797928739453867e-19
2.470515852043447891e-19
3.041238852559580760e-19
4.138325159969045412e-19
4.588133640383967115e-19
7.793959619376766393e-19
8.978867422081519521e-19
1.021298408619954794e-18
1.113618564030042603e-18
1.337990573681296378e-18
1.575874185797211779e-18
1.832158688458488541e-18
2.031275356144802655e-18
2.227687349425231815e-18
2.379732224486581437e-18
2.436498710379889295e-18
2.666421016029706823e-18
3.149746661198825944e-18
3.310488752216137476e-18
3.785641530977780300e-18
4.496462709527755493e-18
4.728765553429994879e-18
5.035099231835900901e-18
5.489128017863395183e-18
5.957179547034381020e-18
6.417651905639481919e-18
6.720037097700438625e-18
7.249890440509437893e-18
7.524959802967280110e-18
8.260256813290129961e-18
8.659571709230971285e-18
9.252100365654514182e-18
9.870985570245893710e-18
1.020757225790956429e-17
1.093327190904727430e-17
1.139957226071807041e-17
1.169540043680354008e-17
1.208902749559875918e-17
1.333269378486092619e-17
1.343036892410311792e-17
1.370920105861106690e-17
1.461404070194183325e-17
1.488850443580620106e-17
1.515609850282081306e-17
1.620167532346680021e-17
1.756591038584646075e-17
1.803488172950979433e-17
1.860938988497565293e-17
1.949337973854355805e-17
2.013066489181446648e-17
2.177886665856403320e-17
2.320757112062308472e-17
2.361343196986264228e-17
2.412956215266547294e-17
2.475205800248630305e-17
2.583013237097578668e-17
2.643573899375909612e-17
2.682991667408083686e-17
2.813436822764815551e-17
2.954229967450159413e-17
2.984338066832088503e-17
3.098992011301672585e-17
3.216803564636056288e-17
3.284212641590504751e-17
3.418685304076021272e-17
3.569836674815227970e-17
3.598483612593855654e-17
3.830854475545041109e-17
3.892981109262152389e-17
3.912133545897970014e-17
4.077396496208001923e-17
4.356371759285057585e-17
4.416325124125188319e-17
4.583663959340254862e-17
4.656826461252807312e-17
4.794443521275292527e-17
5.087248718918616889e-17
5.139511142769576878e-17
5.391535836646955919e-17
5.479822605393058494e-17
5.798011220825740740e-17
5.986619446985716570e-17
6.091433002997144839e-17
6.408945472993482163e-17
6.604198149880464397e-17
6.717146355166371372e-17
6.971922313150617345e-17
7.281396721572358885e-17
7.398938851050838103e-17
7.626334358966464486e-17
8.135893240608617049e-17
8.559208766123160263e-17
8.722427275772192782e-17
9.198229418446383593e-17
9.541131604610363056e-17
9.892581972955511213e-17
1.042015619560027640e-16
1.057485724902000089e-16
1.097266662892067877e-16
1.202561472899525303e-16
1.257226442317277400e-16
1.295720320930013485e-16
1.367607416630683439e-16
1.465111233336744991e-16
1.606766728271977973e-16
1.724464612445352330e-16
1.760221966335939912e-16
2.026043959319039696e-16
2.113959498599400222e-16
2.948629051350646153e-16
4.626511599820051185e-16
5.366342967455857124e-16
8.185961907714967210e-16
7.693400172184017023e-04
8.994112483924510560e-04
1.234343110261719619e-03
2.478415578550917115e-03
2.743287944868065802e-03
3.048312940918689821e-03
3.472670075349280818e-03
4.495001085578635529e-03
6.083203994432352137e-03
6.214733465492896028e-03
8.619666123039200142e-03
1.109328479733154120e-02
1.167953892123697011e-02
1.954453948622421680e-02
2.497469669167595371e-02
4.030019570028276626e-02
5.134913805902115158e-02
5.918945333599802405e-02
9.950055173128921626e-02
1.085723059023459142e-01
1.637630682182047992e-01
3.392047026249263020e-01
1.736901486869773636e+00
4.323211724273507528e+00
1.027238540712323100e+01
