2.960589482092322311e-01
2.857334582076723195e-01
2.284354322690014261e-01
1.504734682729028938e-01
1.199557178510042427e-01
1.098295549590284498e-01
9.407458058876082274e-02
8.672786369534721262e-02
8.532888840854195578e-02
7.836081692545546207e-02
7.414920274649654253e-02
6.664839857081435170e-02
6.106034776349783533e-02
5.802266999685322391e-02
5.690242021376919895e-02
5.242051253021200174e-02
5.233242384989896662e-02
4.797809986360161011e-02
4.659531878603147964e-02
4.593664786121440941e-02
4.497859394717179660e-02
4.333117641661192454e-02
3.966912996254916973e-02
3.914637685704783210e-02
3.847620669233466767e-02
3.768140046504627610e-02
3.681722258367143424e-02
3.537866948363734693e-02
3.403803100415772609e-02
3.229703672362286421e-02
3.137593537092447232e-02
3.132782922348316401e-02
3.086378421527253418e-02
3.017001637763581934e-02
2.965972631766129741e-02
2.914898592141187961e-02
2.796028104262547262e-02
2.639062283391163319e-02
2.627674688795421723e-02
2.542256506696646823e-02
2.521392206682603401e-02
2.495639062549333265e-02
2.477863248536800456e-02
2.383277992887924274e-02
2.310994721558325832e-02
2.281744556707036159e-02
2.216558692359939589e-02
2.166631080488940625e-02
2.117217890582803394e-02
2.091528199532139212e-02
2.053202771727881751e-02
2.051860004246553945e-02
2.011481700428875696e-02
1.959003234204955562e-02
1.954717055749406740e-02
1.926922584872624647e-02
1.838420360508000173e-02
1.816303985801426962e-02
1.777263300010081121e-02
1.738020688874694283e-02
1.690638627973432492e-02
1.679202947392041331e-02
1.664354573089462525e-02
1.655474490097447876e-02
1.636729642053339970e-02
1.601862622050657936e-02
1.565994863793349415e-02
1.544282197352854838e-02
1.487622071701321345e-02
1.471454191260234551e-02
1.438101547710248646e-02
1.436632458535077456e-02
1.405309355166173627e-02
1.383689315812117182e-02
1.370987579505678240e-02
1.344444953072251522e-02
1.335692285207503750e-02
1.317397574948014731e-02
1.305874343338253585e-02
1.276921615287123987e-02
1.264431835237636755e-02
1.236651360795837373e-02
1.195954596670605399e-02
1.161759192108728113e-02
1.158268907815424194e-02
1.136310529947439502e-02
1.126182233169925953e-02
1.123894898122476498e-02
1.114720659893451635e-02
1.082454702098729557e-02
1.075278761305126403e-02
1.060857685314478376e-02
1.049822086259407164e-02
1.020640753007279709e-02
1.000416590989815745e-02
9.835819012528671662e-03
9.771705477619780852e-03
9.665544815657432093e-03
9.489978824699032631e-03
9.245766735919608986e-03
9.166409368377533701e-03
9.102427259020074227e-03
9.015986387463842400e-03
8.891187410943629868e-03
8.794081682896307678e-03
8.580130576246795121e-03
8.538818467031134354e-03
8.301672156231516830e-03
8.205354324587743609e-03
8.117788894951927584e-03
7.836131791771519528e-03
7.659133107665343047e-03
7.592544977370108139e-03
7.535883709699603070e-03
7.299768183722695793e-03
7.181645404116099481e-03
7.127279504378431635e-03
7.028108420100627821e-03
6.832026701766804981e-03
6.769891036979533254e-03
6.657437306744903339e-03
6.629151227452387447e-03
6.456818297081569867e-03
6.386630164722257447e-03
6.261467497858119909e-03
6.213793298915646149e-03
6.108127301162243235e-03
6.014068434549938585e-03
5.998378457831488389e-03
5.940941646573336468e-03
5.773112890907370828e-03
5.729764570887513515e-03
5.674597840047152474e-03
5.643755655078347769e-03
5.538305130127710134e-03
5.519616470108468405e-03
5.456159648703754264e-03
5.308126810438981366e-03
5.113964109557772933e-03
5.075486592149266833e-03
5.039184895422679951e-03
4.914489048310802591e-03
4.816909659259201344e-03
4.778604966556534994e-03
4.774741722436272144e-03
4.732350937477834696e-03
4.674084475751378621e-03
4.671919787883800808e-03
4.589191435815699778e-03
4.519438185560642127e-03
4.499282069066432542e-03
4.280744672601474038e-03
4.239039303325209569e-03
4.214882288795067378e-03
4.189528572187258167e-03
4.160336141630911581e-03
4.128768068965014797e-03
4.074274081160533280e-03
3.960979330825463267e-03
3.955249372254989078e-03
3.943105010900532781e-03
3.886895616431598061e-03
3.855457460045043794e-03
3.823651292710811712e-03
3.810272547648429174e-03
3.736015359684165347e-03
3.686103785076062355e-03
3.663790630676278231e-03
3.607883364667279109e-03
3.540221312257215390e-03
3.510787689391537802e-03
3.456425684987779988e-03
3.448084831608804520e-03
3.367739315856901634e-03
3.319034824538739156e-03
3.272804410277541792e-03
3.203637177086758082e-03
3.179497572144863917e-03
3.138459002588442175e-03
3.104921046463198376e-03
3.079857167741730309e-03
3.011162451368041421e-03
2.949379332541247380e-03
2.888935028482092146e-03
2.858194920302285433e-03
2.778779415089622281e-03
2.759260010706339819e-03
2.704808725614077456e-03
2.658233278339083849e-03
2.611347973557890095e-03
2.577533981885025884e-03
2.548588479882896510e-03
2.485180544210668311e-03
2.450438251581567306e-03
2.376117278129687756e-03
2.323963137597647756e-03
2.309989472482219721e-03
2.269970888546134300e-03
2.236650196167166461e-03
2.201617473579102480e-03
2.179505220709487129e-03
2.077655193715140149e-03
2.066818090220330986e-03
2.024388526415919331e-03
2.019336275536069703e-03
1.994620972248039355e-03
1.948903171518722712e-03
1.859031994284246004e-03
1.839699623385915349e-03
1.796120170782352895e-03
1.783976287721861361e-03
1.734096670714052732e-03
1.688000160189573242e-03
1.614454960945135289e-03
1.597408484517942075e-03
1.535639489296139297e-03
1.499573193383644306e-03
1.485475064047536578e-03
1.413384327923161666e-03
1.347416762527431974e-03
1.295740311015604850e-03
1.163032288678813534e-03
1.087883668942358963e-03
1.062747370046071213e-03
1.012501913892015302e-03
9.780778945228517807e-04
9.187098889048418530e-04
8.023395073738890000e-04
7.521187482947223803e-04
7.183935450329809918e-04
6.690788411130695274e-04
5.917804010510179999e-04
5.632321499482647329e-04
5.231385382564869395e-04
4.801323223751936277e-04
4.507787880721153095e-04
3.609755816065328242e-04
3.144234172522023885e-04
3.061077896719969159e-04
2.893661242019444045e-04
2.515916993807036975e-04
2.198047342552737543e-04
2.183383363246088919e-04
1.806617967886190086e-04
1.758213381437697623e-04
1.669626061429960574e-04
1.532233042010141980e-04
1.257166788036532070e-04
1.111287951110386928e-04
6.269722145096342852e-05
3.509445226555624311e-05
2.835726618970271253e-05
2.704371456172020388e-05
1.598742576553610303e-05
9.330115739349724123e-17
1.918894407840533808e-18
