3.829766010068413190e-02
3.294275015172404286e-02
2.399934738143667118e-02
1.788336966825180077e-02
1.387868218978966124e-02
1.266658214581192245e-02
1.104762792532518884e-02
9.808455405797970525e-03
9.432540841612947410e-03
8.921939892027143382e-03
7.696032014983547609e-03
7.476967076410696508e-03
6.976425453181807693e-03
6.743132537314801798e-03
6.540894949827601342e-03
6.241400287134955815e-03
5.818313687230127276e-03
5.450343789787095820e-03
5.210937188435174269e-03
5.185955653980009808e-03
5.000041014374185210e-03
4.689494112814127612e-03
4.477898805384125831e-03
4.296676090568214527e-03
4.287106121994346646e-03
4.264275558498389559e-03
4.231845743460005936e-03
4.011637145614348893e-03
3.815884066275977617e-03
3.623785403119014325e-03
3.611223535521788149e-03
3.519594243505704770e-03
3.464505866222478397e-03
3.331677908847986789e-03
3.224131141555808180e-03
3.215416911287288272e-03
3.013796587295290534e-03
2.994299395195678011e-03
2.877745019611724700e-03
2.846803285041825827e-03
2.794904277767148223e-03
2.787138622379945960e-03
2.736644030372712040e-03
2.700131987408935577e-03
2.686810557374381438e-03
2.589419787826972418e-03
2.495365748355403077e-03
2.422195775397931444e-03
2.377308854140606185e-03
2.353547674654650392e-03
2.295972094974231461e-03
2.255164617376772141e-03
2.248897868868076581e-03
2.180979446473388199e-03
2.130143434246661339e-03
2.114561389947356568e-03
2.105278516589707567e-03
1.973630026823634115e-03
1.970086024743348228e-03
1.931069511229596735e-03
1.926401077540179684e-03
1.881897808332768122e-03
1.876917132922833846e-03
1.826132173002935170e-03
1.811297708202118818e-03
1.790957598099617064e-03
1.770182597533514774e-03
1.691314678814603671e-03
1.665533010354707400e-03
1.651000042028124160e-03
1.648717890561538640e-03
1.575352751183557980e-03
1.565812491596810328e-03
1.536868708242145314e-03
1.510103703928207660e-03
1.475593749146584263e-03
1.472098714012437309e-03
1.462395235756343281e-03
1.451073282141604123e-03
1.442183488385701115e-03
1.399491752859784166e-03
1.332577343633628217e-03
1.325353761134253966e-03
1.312972017626531885e-03
1.282307429783769879e-03
1.279346439415479696e-03
1.261238987333695950e-03
1.230581792049141240e-03
1.225995579143947549e-03
1.202493953657620763e-03
1.178104486372197422e-03
1.171506946329990391e-03
1.133810590882136909e-03
1.120021690490104671e-03
1.114573239974346380e-03
1.110678301699774898e-03
1.093536714647175409e-03
1.073685658531932765e-03
1.065409923589403758e-03
1.063930635008878420e-03
1.016997557778395907e-03
1.015226100398189694e-03
1.001521593006435198e-03
9.985907372731025328e-04
9.861826630532032154e-04
9.564325912160027022e-04
9.433307963351171338e-04
9.324232031520029648e-04
9.085037215689220841e-04
9.013216279070164873e-04
8.664960846411658407e-04
8.655709533630738918e-04
8.562271047469353956e-04
8.332729618325842007e-04
8.251935641707075454e-04
8.180601922928731505e-04
8.034318077444894176e-04
7.940468347504600188e-04
7.598602587115216127e-04
7.512221749574070264e-04
7.322015836799179072e-04
7.305012474076239470e-04
7.195847396368781120e-04
7.139281708035041113e-04
7.083411692746373030e-04
6.923466714180966184e-04
6.880183676391320126e-04
6.773454710173639880e-04
6.702248366909817692e-04
6.569292124264479579e-04
6.475480395211193020e-04
6.413851850584727362e-04
6.317509547661016162e-04
6.310549816591770481e-04
6.176468724278936151e-04
6.021159350500653344e-04
5.959084118686481558e-04
5.936272186870367954e-04
5.891402207725395055e-04
5.805346343383030851e-04
5.660029379281815388e-04
5.626589335047548933e-04
5.519124579404156199e-04
5.469140153359329515e-04
5.415278632392011302e-04
5.237371059773259039e-04
5.168465589582759909e-04
5.071954544569860389e-04
4.984862796795739041e-04
4.954139882074410023e-04
4.912049308456860894e-04
4.815558190436383516e-04
4.770623681657132418e-04
4.713515279222728533e-04
4.696716879873267321e-04
4.531813059483340332e-04
4.491606659573809182e-04
4.468108173423725616e-04
4.411265880015841816e-04
4.373207419470536480e-04
4.369920502238933829e-04
4.269484647591603754e-04
4.255390831596389577e-04
4.203051067541204041e-04
4.153877924517861294e-04
4.126054066221793658e-04
4.105692736021871359e-04
4.045113158475294223e-04
3.987822667529140603e-04
3.965915073274954550e-04
3.929111712388124833e-04
3.891234667871395483e-04
3.840524028564264018e-04
3.770354996276806020e-04
3.752745098817377822e-04
3.612403412090965985e-04
3.589504343710098883e-04
3.574265433374791104e-04
3.459210329667473439e-04
3.416967929331509455e-04
3.395133888508947346e-04
3.352536284824420162e-04
3.268545505545860904e-04
3.254900980381717672e-04
3.139880047783412051e-04
3.099699204215836763e-04
3.057002280933940027e-04
3.037609692996111484e-04
2.999815860402902431e-04
2.912869456471558799e-04
2.893858544780939348e-04
2.829976371522583637e-04
2.824469080607132105e-04
2.744366755694927894e-04
2.627183175505299804e-04
2.594121588360333449e-04
2.587881337887086575e-04
2.515146102657250977e-04
2.493542985194415590e-04
2.439624861066004948e-04
2.388673554494364878e-04
2.355065817919616304e-04
2.255072979164428251e-04
2.254142639008148907e-04
2.202009772527125221e-04
2.133880343981224364e-04
2.068840832758984179e-04
2.055048339965734241e-04
2.004590819274587132e-04
1.966599702838419761e-04
1.932882233383889170e-04
1.846773319610784791e-04
1.817585425120764851e-04
1.745222858492357547e-04
1.721217630585015178e-04
1.700373679140826887e-04
1.574434534450110893e-04
1.528626511750578326e-04
1.447239393586132773e-04
1.441773148343603224e-04
1.365870230507157943e-04
1.306496247123010025e-04
1.178477954487577097e-04
1.174812364912757089e-04
1.145473220388164439e-04
1.030871115614423326e-04
9.838716109960200676e-05
9.249718062933152539e-05
8.490673350717427390e-05
8.468636045418778745e-05
7.737564196054365340e-05
6.853807659043607402e-05
6.422130628795934444e-05
6.008081807993152958e-05
5.710661032822463728e-05
4.988472839548192963e-05
4.353287126645282649e-05
3.658985201611089411e-05
3.407962854664812314e-05
3.262087296203785777e-05
2.838165404349550828e-05
2.662103540200050572e-05
2.479299085350836568e-05
2.049177550665765070e-05
1.959249393068280748e-05
1.943327318839453913e-05
1.645076263711346768e-05
1.284291018152308846e-05
1.201290985819915669e-05
7.133160785356257080e-06
4.608194451244796412e-06
3.183126379317989023e-06
2.893291948657973832e-06
1.766330052516227080e-06
1.008254680129131758e-16
3.470903668214867757e-19
