4.630677203236155393e-01
4.391874064241774178e-01
3.614249699878661626e-01
2.359556571972063199e-01
1.886972793189607145e-01
1.694583831685816944e-01
1.504271662170477697e-01
1.440100791269784686e-01
1.385539961028244560e-01
1.184431574132291665e-01
1.127734214375160915e-01
1.055910986524488532e-01
9.471722682402006210e-02
9.426170350770747552e-02
8.848575766025862377e-02
8.423236650243025314e-02
7.905482940426945826e-02
7.634667872195008420e-02
7.456841091500795993e-02
7.266812247684502346e-02
7.109286314270694962e-02
6.785247181389474080e-02
6.446783424771357351e-02
6.212693171438999490e-02
6.038798593540081056e-02
5.801167093814071224e-02
5.750442858364888943e-02
5.509878504007890976e-02
5.341291048063336738e-02
5.150485743596742300e-02
5.007414820736386107e-02
4.974143475323184599e-02
4.925567277890564172e-02
4.803719834193460186e-02
4.797952122673634218e-02
4.569811673399621493e-02
4.494912314062669834e-02
4.237757510012740703e-02
4.126172860156983313e-02
4.018407060387337720e-02
3.969495461525118091e-02
3.950342833149328436e-02
3.787984250180623236e-02
3.729577139364031318e-02
3.705724998199492332e-02
3.568697930116707800e-02
3.449242336454483998e-02
3.403633624080739523e-02
3.395283032248255783e-02
3.324840493773476013e-02
3.298310772049777712e-02
3.265648695923868694e-02
3.192842045996376055e-02
3.170417328258479106e-02
3.137532348349529598e-02
3.066314076259806648e-02
2.946992477553215042e-02
2.884013849396825646e-02
2.746309626599399353e-02
2.739064974059220517e-02
2.732870793181104915e-02
2.651363213283966166e-02
2.628666785922452453e-02
2.573091725182461223e-02
2.554017304053251419e-02
2.504387227385319187e-02
2.434532680446178238e-02
2.416563022547571493e-02
2.357070898749836357e-02
2.343903885637543816e-02
2.302576661040291878e-02
2.286659263262536337e-02
2.261935544502555878e-02
2.221462467693396600e-02
2.210832426002979148e-02
2.204213929568548877e-02
2.136901612379379575e-02
2.126897692481957008e-02
2.076843560161496099e-02
2.052432723485790589e-02
1.952857333466024095e-02
1.918761735447379810e-02
1.907192440752979168e-02
1.890384905591942916e-02
1.838597570665939998e-02
1.808132525369368637e-02
1.781289838303128092e-02
1.763272210618692382e-02
1.738305941462654769e-02
1.705484780219576960e-02
1.672843606805918260e-02
1.657863445323316809e-02
1.646856771430004959e-02
1.634428904395612142e-02
1.623265190519070783e-02
1.602280700129492946e-02
1.581734522509394003e-02
1.538948210186588846e-02
1.529832099380522802e-02
1.516687220381225665e-02
1.477418636466523716e-02
1.465142490393772125e-02
1.458588151913489152e-02
1.437520269300909120e-02
1.390677794962710302e-02
1.374013895646392439e-02
1.361205157916453405e-02
1.334532784437762742e-02
1.282393499185450689e-02
1.274122572785647486e-02
1.253129358835215063e-02
1.226734297117240691e-02
1.201692481225761014e-02
1.160710075045074188e-02
1.143485061451107385e-02
1.135228547675279191e-02
1.125856296364832754e-02
1.120953935852818731e-02
1.104670452175394307e-02
1.097209488668652796e-02
1.070286706147340408e-02
1.062650343359078896e-02
1.054439431929963221e-02
1.036408741814698331e-02
1.020723538290612374e-02
1.005333157294409363e-02
9.842047697414781776e-03
9.800262996573891675e-03
9.667784305173666298e-03
9.448374204543544264e-03
9.337824716137137215e-03
9.191883735399529118e-03
9.040315123167221370e-03
8.951742225901903466e-03
8.789505433496285283e-03
8.709860488189082733e-03
8.628930025723149239e-03
8.495509444784188693e-03
8.359089467605971407e-03
8.221587492907042258e-03
8.058638729484106714e-03
7.920723653611093373e-03
7.807564197518456796e-03
7.702995178761434282e-03
7.662862518092794679e-03
7.503786922134249304e-03
7.470928431372839303e-03
7.386346324686264217e-03
7.280127196452685669e-03
7.210720839392894925e-03
7.133346625530439557e-03
6.927289910450285144e-03
6.908467671170555498e-03
6.786923587639675029e-03
6.696377250996998244e-03
6.615570645737074360e-03
6.563912383649809709e-03
6.451894263935871107e-03
6.412869619669240261e-03
6.331079012630597830e-03
6.278770417539892776e-03
6.240655031737026535e-03
6.187222288513798824e-03
6.068719340520657875e-03
6.037914232548379119e-03
5.947955661053983684e-03
5.884195888811507083e-03
5.739989223308502794e-03
5.722836224874273958e-03
5.651748869318476420e-03
5.558621692437606086e-03
5.437673968577133934e-03
5.420367321049762016e-03
5.392522381871901575e-03
5.274354291738642120e-03
5.167833471592584577e-03
5.094130145767238223e-03
5.074299679825899564e-03
4.925038950445284613e-03
4.893481916458092447e-03
4.804374630805531218e-03
4.661651342312914288e-03
4.622008517548360437e-03
4.595661580890819838e-03
4.548831517629056513e-03
4.461913049794601245e-03
4.399689078371907952e-03
4.370474132033382551e-03
4.282251902888055059e-03
4.242002442961812121e-03
4.133054544034666863e-03
4.125346735649403594e-03
4.067694778663021385e-03
3.953860644757959709e-03
3.861672096939259592e-03
3.825605561984193707e-03
3.715460428310516251e-03
3.680787534937712650e-03
3.595385981380364547e-03
3.554013678443928605e-03
3.517285981097530677e-03
3.443768288746487920e-03
3.400369990992056952e-03
3.335954999246564748e-03
3.309814871041279367e-03
3.227697016461253659e-03
3.139868768562188803e-03
3.109039274485712011e-03
3.018269751303188572e-03
2.986362413192178607e-03
2.970333132875873413e-03
2.890074098283949410e-03
2.881305964444647212e-03
2.766227295121033956e-03
2.665041480033568822e-03
2.610942953243847349e-03
2.579427920852462447e-03
2.455240952773127348e-03
2.420330291961723512e-03
2.297554967594634887e-03
2.213697680631950687e-03
2.116843812810854843e-03
1.945285976391252945e-03
1.876780532150604166e-03
1.750485945806967876e-03
1.654113043398210180e-03
1.557960361926577410e-03
1.316717067095299169e-03
1.134976509378266994e-03
1.061892383714766602e-03
1.056642701808582384e-03
9.982097719500586819e-04
9.782951503325173874e-04
8.821254740194359959e-04
8.357899449535175374e-04
6.212493553387577003e-04
5.571109100849300352e-04
5.256628011697177900e-04
5.083019978892227078e-04
4.689613487876706185e-04
4.654801298691281421e-04
3.634557449774451256e-04
3.306670488300110359e-04
2.910933591226566065e-04
2.868496443990626384e-04
2.707300711227260404e-04
2.452157743481954443e-04
2.063437190311229988e-04
1.644555167381971366e-04
1.010750723540498116e-04
9.857654035825521080e-05
6.005747319597540246e-05
3.615022090841305387e-05
1.392271993848863279e-05
2.944757975824858817e-16
1.030263806115241466e-18
