4.910934652046710647e-01
4.549963531190957533e-01
3.687959555296185798e-01
2.456604404082847748e-01
1.971900484578470447e-01
1.770750053600000651e-01
1.579231377770163869e-01
1.492023911641762179e-01
1.435326137501255206e-01
1.238935736477611432e-01
1.159170188369700732e-01
1.097076177601821190e-01
9.866141874832731751e-02
9.823602028473493730e-02
9.229243110477339251e-02
8.828971197914925462e-02
8.232642832267958455e-02
7.915002288536066022e-02
7.789272982601093409e-02
7.573963996164005674e-02
7.426478281003207060e-02
7.020205454869375694e-02
6.682687949959306706e-02
6.436993755019479457e-02
6.267746432430545966e-02
6.036737281213315487e-02
5.995406781272005076e-02
5.772660677376132560e-02
5.605055099435982124e-02
5.358619039415989105e-02
5.213137904562225450e-02
5.182315862071121965e-02
5.100513158026828697e-02
4.973949085698411987e-02
4.956154162176423100e-02
4.781460568370676095e-02
4.646448926343105940e-02
4.392550349939933207e-02
4.268840658521948911e-02
4.189733222187557588e-02
4.139891778254514709e-02
4.097797655431337227e-02
3.957962902356654267e-02
3.886771659279947277e-02
3.855043813931909036e-02
3.739247947295234326e-02
3.579756314052574828e-02
3.549397192558648162e-02
3.532345151009933654e-02
3.457316094439880777e-02
3.420946072466667792e-02
3.399360748720862968e-02
3.316893645694009296e-02
3.292651431945922691e-02
3.255578038760461451e-02
3.215375929511323644e-02
3.046980948833525812e-02
2.988407321610144635e-02
2.873916501170654600e-02
2.847445992967213846e-02
2.835453969451623424e-02
2.763587702920117933e-02
2.729363977259550642e-02
2.692976955566821554e-02
2.645967764318757701e-02
2.590784669701227949e-02
2.544472614437295888e-02
2.529062021986473036e-02
2.461184471420505698e-02
2.441332687590723471e-02
2.383458527384132650e-02
2.371041653550675851e-02
2.354049985220034794e-02
2.308194834221371713e-02
2.297593658760975488e-02
2.288409858925866125e-02
2.225900493136988983e-02
2.199616322177190206e-02
2.170503944564685511e-02
2.132687242552493839e-02
2.028408293027612191e-02
1.990169948365235267e-02
1.987669073189691354e-02
1.977180056210398051e-02
1.905350454959130538e-02
1.871015584982203828e-02
1.849931320222392150e-02
1.841829811269960968e-02
1.803008975496523530e-02
1.780365341758214162e-02
1.745626663790305830e-02
1.731251914150078175e-02
1.715582682387307642e-02
1.705453362467087425e-02
1.688920013926515154e-02
1.664978265228521728e-02
1.643781474675118370e-02
1.590289673781570406e-02
1.581039210427364478e-02
1.577234246993627562e-02
1.540756945457862070e-02
1.524812756913102897e-02
1.511527218017448375e-02
1.491956482065404446e-02
1.448599590039589997e-02
1.433395283815195979e-02
1.421047887392762506e-02
1.394675738595650000e-02
1.334910004210793089e-02
1.321769119059936631e-02
1.313245289610735778e-02
1.280021259725260853e-02
1.265152803298764082e-02
1.207360145179450089e-02
1.187604687318886444e-02
1.184074376931204022e-02
1.178625539960540675e-02
1.161307946046932077e-02
1.139851773971330140e-02
1.131556226916101936e-02
1.113535398363589557e-02
1.104758693995750406e-02
1.099715396184653207e-02
1.085537617625395579e-02
1.069538435623219180e-02
1.047481493015953689e-02
1.031956213268523520e-02
1.021289543290804062e-02
1.006050238119278635e-02
9.809321872564486997e-03
9.768476878112865303e-03
9.597209969773489585e-03
9.428014090795987234e-03
9.221928377030683480e-03
9.202921150617606252e-03
9.109114003011011332e-03
9.037058673678342868e-03
8.835655272964924520e-03
8.687154971549879492e-03
8.578707329521364708e-03
8.361289641008700160e-03
8.280713890615921599e-03
8.164353294157997501e-03
8.082100843268869711e-03
7.926135564655595669e-03
7.782241810654918698e-03
7.745112784631067761e-03
7.706515595494759126e-03
7.575082161184273737e-03
7.518572955135842222e-03
7.403973114666835380e-03
7.227351462418251174e-03
7.163904343099016664e-03
7.087817291613460538e-03
6.946896578239750500e-03
6.920004609624107704e-03
6.847904746659917198e-03
6.758831008679393008e-03
6.701235177514334659e-03
6.613438785115660114e-03
6.566267834383355574e-03
6.432356229517197099e-03
6.414858724777082813e-03
6.302056381598133625e-03
6.288899279968065796e-03
6.180597651965232149e-03
6.137070882213821639e-03
5.986426686925897661e-03
5.943144914226575551e-03
5.872143624534413575e-03
5.779607580862441453e-03
5.688135277021295205e-03
5.652653974916619327e-03
5.557733303980473202e-03
5.478726790129715730e-03
5.434618212642738054e-03
5.278547612042012310e-03
5.231188321119203608e-03
5.127437873943035442e-03
5.103632506965006740e-03
5.022509781203951008e-03
4.906285575604295811e-03
4.801588315148043809e-03
4.774517912067109161e-03
4.756724758398650672e-03
4.722187561059476742e-03
4.597461866992321421e-03
4.574870644188204494e-03
4.438506607920472691e-03
4.422947448269233355e-03
4.318979416915793255e-03
4.289222419277372023e-03
4.232204044972572368e-03
4.115336496535656162e-03
4.019983406315015897e-03
3.985184164309502758e-03
3.918085652489734956e-03
3.806064937969874575e-03
3.777704980641360434e-03
3.710875128609103166e-03
3.654938555679064765e-03
3.563658814696858516e-03
3.547961963929802814e-03
3.491133849759017055e-03
3.450637523169349744e-03
3.376838334139843027e-03
3.276540867600462922e-03
3.259957020246542249e-03
3.161234556525986932e-03
3.132601859786057503e-03
3.096885969250708949e-03
2.980237647635817968e-03
2.972949366838731605e-03
2.873075693552029717e-03
2.762586825105263662e-03
2.753561457523343720e-03
2.678965173972582599e-03
2.572401113882848665e-03
2.545446772671628756e-03
2.368880387472765536e-03
2.306247325680806960e-03
2.224940317498740744e-03
2.008750123159470154e-03
1.967154582567572346e-03
1.828573025229576678e-03
1.727040146021342802e-03
1.617776132871241810e-03
1.378496207212397085e-03
1.186662750566448840e-03
1.118375284975343898e-03
1.108718917489290344e-03
1.043411202572779245e-03
1.026953619967072842e-03
9.229577649391418337e-04
8.679205252672216432e-04
6.412117279831558913e-04
5.920439522555923009e-04
5.545459785309995396e-04
5.300604281017700205e-04
4.922932001655207527e-04
4.906899775395655609e-04
3.807760169633129578e-04
3.488353317058107985e-04
3.018064032826005142e-04
2.968406539298735591e-04
2.860078656694344792e-04
2.496400608989773505e-04
2.113426497267055666e-04
1.683681127860575232e-04
1.066326521367908219e-04
1.049160411487136646e-04
6.426029082760726101e-05
3.751651465235043115e-05
1.404475734443975668e-05
2.593409842843720698e-16
1.270125321509927791e-18
