3.308119402282348742e-02
2.856338630872061468e-02
2.083048633089486582e-02
1.541924299049758640e-02
1.197477363035222807e-02
1.092159543091795158e-02
9.532889158317061837e-03
8.455137074666406460e-03
8.139277530176002376e-03
7.689928043318185365e-03
6.656953593461983724e-03
6.451765721436953510e-03
6.022851741585690498e-03
5.808740578690135478e-03
5.625269799765296973e-03
5.382243543639743562e-03
5.015329808688899493e-03
4.695859172038670780e-03
4.494188841303791045e-03
4.467769284404804302e-03
4.308303988161582380e-03
4.040604276728124514e-03
3.852020618895445579e-03
3.712290381020247505e-03
3.703976236189107651e-03
3.678471447012382836e-03
3.651335271542530993e-03
3.453167838232846024e-03
3.281194190208038420e-03
3.125114135668178098e-03
3.114443622261440017e-03
3.037543805126845589e-03
2.986279706214802019e-03
2.875817429695503268e-03
2.780915290255637357e-03
2.764233696741268467e-03
2.597291234338288627e-03
2.579944530362843734e-03
2.480453801531477126e-03
2.448291342096337378e-03
2.411753201963545701e-03
2.398297960880456121e-03
2.358528536023719261e-03
2.329450511875823249e-03
2.316634971239397208e-03
2.227972487950740949e-03
2.150241292422869557e-03
2.084842225538464586e-03
2.045697049616092018e-03
2.023756846714492609e-03
1.981807556231071979e-03
1.945908898114917605e-03
1.940083310420120596e-03
1.876768050824288150e-03
1.833086195995373840e-03
1.818085135625130151e-03
1.814049119528186047e-03
1.702115527206008155e-03
1.696427771107030576e-03
1.663560272923866792e-03
1.659332263359584482e-03
1.621442203211802919e-03
1.616679452699430882e-03
1.574236734843811793e-03
1.562501083687976031e-03
1.544394334621494941e-03
1.522773575229857072e-03
1.457129654791278857e-03
1.432528989300286843e-03
1.421146533819999140e-03
1.417455219712812587e-03
1.359313648729562271e-03
1.349439243705480946e-03
1.325405261527279636e-03
1.300361665746760115e-03
1.270003287193270484e-03
1.264300851048815941e-03
1.257066762456944846e-03
1.246635268775275968e-03
1.241289470168305785e-03
1.204491197324641461e-03
1.146427172437256524e-03
1.142465744235419446e-03
1.132323641952211841e-03
1.104276626900859088e-03
1.102299088964595617e-03
1.086861070048191153e-03
1.059640774753260826e-03
1.056277427744211576e-03
1.029259131067676927e-03
1.014081106267288816e-03
1.008347681761132073e-03
9.743013446940803615e-04
9.644261942403756270e-04
9.589817314115492994e-04
9.548593859011444409e-04
9.403757727453097110e-04
9.240982021071550553e-04
9.176518738214696231e-04
9.154175173819871546e-04
8.758165073024367850e-04
8.731678049823805550e-04
8.602790876460553789e-04
8.568988516295728865e-04
8.475144638799497017e-04
8.216503023491739588e-04
8.102069460312533904e-04
8.028095143545870569e-04
7.807164047517567255e-04
7.758234640345443257e-04
7.457516001681619225e-04
7.449878634588722338e-04
7.371748251165030630e-04
7.171141215041924822e-04
7.097101029223603112e-04
7.029104148948246093e-04
6.915573800613019620e-04
6.809955601538759690e-04
6.533995479772949791e-04
6.456660955139136536e-04
6.301817810739293330e-04
6.282958020619168428e-04
6.185899332920162703e-04
6.140170494007831737e-04
6.084719723699813770e-04
5.942783319869736694e-04
5.911732656453881326e-04
5.829642047528693334e-04
5.745342685466909866e-04
5.640454267337734239e-04
5.548715823412973293e-04
5.530014060500950367e-04
5.433357161623641541e-04
5.412956612695676547e-04
5.302743021336636404e-04
5.180360255442908969e-04
5.130408940846566601e-04
5.108809514496577900e-04
5.056022982346904853e-04
4.999356175890424777e-04
4.876865623857497647e-04
4.831865663343375855e-04
4.744550011510719509e-04
4.710232420969234475e-04
4.653442486398736864e-04
4.509478612549248444e-04
4.447946884265785309e-04
4.368426731271826311e-04
4.284541323899782538e-04
4.259326397645668040e-04
4.230850378476462060e-04
4.136709700897253888e-04
4.109667945204941233e-04
4.056841103767094684e-04
4.030607266894453873e-04
3.904632243602482265e-04
3.865699330612313244e-04
3.835755297979096304e-04
3.792853216008504813e-04
3.761356100874866499e-04
3.754297972194174204e-04
3.658186804214819208e-04
3.655780608997855150e-04
3.614311672640021849e-04
3.573172760391239125e-04
3.552419731629535512e-04
3.517183159744231629e-04
3.472484785124415100e-04
3.436148283499450675e-04
3.404628973378639339e-04
3.376325480386921547e-04
3.336466543886617447e-04
3.292678769302924912e-04
3.247233168993151806e-04
3.224881939000510782e-04
3.096985023602285181e-04
3.087004589584190894e-04
3.072797794566233605e-04
2.969953796851417102e-04
2.940552135810112102e-04
2.905723242400825462e-04
2.874750009175720432e-04
2.805426099056612384e-04
2.788283529728299002e-04
2.697453209773651296e-04
2.660375781312883403e-04
2.623896488929775158e-04
2.606522333071274668e-04
2.582965732467807003e-04
2.498720453711377777e-04
2.480893642373608156e-04
2.427225892249262136e-04
2.416323197336004151e-04
2.351073412212619635e-04
2.252477737269056044e-04
2.229014654451859595e-04
2.219376527290884576e-04
2.155728708672965184e-04
2.130401240828626167e-04
2.084443968033157220e-04
2.056422361032047977e-04
2.010521102760535735e-04
1.931557989597888748e-04
1.929005803762734071e-04
1.880637490961317010e-04
1.828360428068222102e-04
1.770918204845948053e-04
1.758207266866845212e-04
1.715733297747989723e-04
1.685282799157840025e-04
1.649935380483818061e-04
1.573856153914654726e-04
1.552131758327147818e-04
1.491654327008055914e-04
1.470511648652014455e-04
1.440826166485790355e-04
1.343390988432712168e-04
1.299736269981649733e-04
1.234685395210066510e-04
1.227806838251628769e-04
1.156841278336907483e-04
1.115839961620405843e-04
1.014711895797039773e-04
1.004795813526140094e-04
9.729428741968866969e-05
8.753782817118522033e-05
8.315151088394523264e-05
7.926150993512118682e-05
7.277489468948313554e-05
7.225495027056398211e-05
6.627192555626673642e-05
5.858315051294873466e-05
5.529146645683203222e-05
5.153710087071358790e-05
4.869936596623544760e-05
4.262018176679189358e-05
3.716775893836654339e-05
3.099159873826311994e-05
2.916968243452897972e-05
2.787860926503932206e-05
2.436924101826856524e-05
2.250029294207978498e-05
2.120295319757325544e-05
1.745591422624861069e-05
1.686851592817929709e-05
1.642649912991612447e-05
1.422467024300273009e-05
1.101116186550027690e-05
1.033150483728412171e-05
6.105659857841505434e-06
3.851733905841337886e-06
2.674343638197456581e-06
2.519654127647061520e-06
1.498382606194944346e-06
8.397381651754781137e-17
2.218530838753636399e-19
