3.678187084714650279e-01
3.518810929376299246e-01
3.128491505780326976e-01
1.912733148396952298e-01
1.525071291156614717e-01
1.361947057337683231e-01
1.196766695154101445e-01
1.177787173350080679e-01
1.134751122501918841e-01
9.597515144454403513e-02
9.481201657971465024e-02
8.591855061338725397e-02
7.692498655796875529e-02
7.626836586276132535e-02
7.176426623178579212e-02
6.647977874853362723e-02
6.460218079765941979e-02
6.290208142891455523e-02
6.072813650675282920e-02
5.841656632485453526e-02
5.746141556082023927e-02
5.640152153713631072e-02
5.242541256957387180e-02
5.076689453683894820e-02
4.943251802179320781e-02
4.784295306547198257e-02
4.626576199019205582e-02
4.372755354333243694e-02
4.248616438638638804e-02
4.215804642130414198e-02
4.087636660343973299e-02
4.038222264054462662e-02
4.028542939271876483e-02
3.950068579763791471e-02
3.924095053414929785e-02
3.769877151291650685e-02
3.647012005316660477e-02
3.467453472150452964e-02
3.393518163234107016e-02
3.272978051235909958e-02
3.262951891086082051e-02
3.205502813631347370e-02
3.084764082402409804e-02
3.034380470348653144e-02
2.942820845755394002e-02
2.858795426697731748e-02
2.823471219135055554e-02
2.783427564927486164e-02
2.747132440912395876e-02
2.720826142809729120e-02
2.699450028668978416e-02
2.661632258280043420e-02
2.623304424189851214e-02
2.577572458586388157e-02
2.547635320368868070e-02
2.448234506095504220e-02
2.436493914732151475e-02
2.363801736278810586e-02
2.254024004948066567e-02
2.228286760007365877e-02
2.211032917524818897e-02
2.172302956726653717e-02
2.110058035467943585e-02
2.097697433877328266e-02
2.056267988023429902e-02
2.050002334582158234e-02
1.967081799903086514e-02
1.954462128923999467e-02
1.924815388884577524e-02
1.906151253551146077e-02
1.891950821346291903e-02
1.855514226714016085e-02
1.851325689724228271e-02
1.813016567364095569e-02
1.799870223302414002e-02
1.779823172590494149e-02
1.752635379617643874e-02
1.718292477926616074e-02
1.679996345622729662e-02
1.669580973768979362e-02
1.594055281813103880e-02
1.574494395743042396e-02
1.560549075546698375e-02
1.537879303904193806e-02
1.490049938167406149e-02
1.485387946096840273e-02
1.454557359228515062e-02
1.442251620774655588e-02
1.428813789877557069e-02
1.375462022423082353e-02
1.365361809800020101e-02
1.341400744201055005e-02
1.331801250045435911e-02
1.328107301671825613e-02
1.315725278877382699e-02
1.295825844862081265e-02
1.277201754443739803e-02
1.272149330523074384e-02
1.260484122495806464e-02
1.227155540079117278e-02
1.199725680933361530e-02
1.194453539420258642e-02
1.185670814661166951e-02
1.156048795307875778e-02
1.134460311928202000e-02
1.112428743681093818e-02
1.090467336114458660e-02
1.083871585274005962e-02
1.041497579515682226e-02
1.039188764639902007e-02
9.933236804739226447e-03
9.791141137967024691e-03
9.766432723383724687e-03
9.535453188862673055e-03
9.369383963380143246e-03
9.226170100378395383e-03
9.198266035137967270e-03
9.166133885578001475e-03
9.091162742479987069e-03
8.833821097713780157e-03
8.668805010533919136e-03
8.595576855959444554e-03
8.400014968395312642e-03
8.277344342979634992e-03
8.245906768327100622e-03
8.140066041139665948e-03
7.967113988780047049e-03
7.929049345555569048e-03
7.794688075433309042e-03
7.712399803825214714e-03
7.557209223458153519e-03
7.504207395063714967e-03
7.414830323777427470e-03
7.329187052103313879e-03
7.069971769186323557e-03
6.970755020473493914e-03
6.967063564404674808e-03
6.813174331363381145e-03
6.737956253783236420e-03
6.617204325931686816e-03
6.530001486365409440e-03
6.456196669318231898e-03
6.383958452901843106e-03
6.256143596331183686e-03
6.235016923578945436e-03
6.144778044297384383e-03
6.038127951380331190e-03
6.007338591848910246e-03
5.866733704861550915e-03
5.822797812052766392e-03
5.812741524731988504e-03
5.710452679254707578e-03
5.558823842695041414e-03
5.501503283369734397e-03
5.468852856807481476e-03
5.380557206365647882e-03
5.310774998439512368e-03
5.233660209518089731e-03
5.185313059631319402e-03
5.163369015867399527e-03
5.098764051168390259e-03
5.054308779115892873e-03
5.023202927835372818e-03
4.953750277629461775e-03
4.890454423957813976e-03
4.792045425529363467e-03
4.761297033008719294e-03
4.736665468581039568e-03
4.684383931485949434e-03
4.637127205772122000e-03
4.472855310653512002e-03
4.466052747584246113e-03
4.421797262846857875e-03
4.355829486218779079e-03
4.296489218302477348e-03
4.235314089119089284e-03
4.226751991391592897e-03
4.128599021947054575e-03
4.003358945302726117e-03
3.927586891923680150e-03
3.829660018023801991e-03
3.785761566188136640e-03
3.740610049228199323e-03
3.717354306039722615e-03
3.702578271473317122e-03
3.591885614662487531e-03
3.548765708148788906e-03
3.517029795405189705e-03
3.468975831297508704e-03
3.389679461607272414e-03
3.347489746491674398e-03
3.242627429744557310e-03
3.222152125998118018e-03
3.173861441846025956e-03
3.170964789679804260e-03
3.081589672495214927e-03
3.042581538415558163e-03
2.989952254703753462e-03
2.929227727656121948e-03
2.871293005696360940e-03
2.792498673964010497e-03
2.733192266394621813e-03
2.695404261904823118e-03
2.674228030922260260e-03
2.641659245938975543e-03
2.614375961681676946e-03
2.514520683641038434e-03
2.502076443872217840e-03
2.458322659366266646e-03
2.420516799802874697e-03
2.377791815156842393e-03
2.334096923305734733e-03
2.299121613884570672e-03
2.249076133773562133e-03
2.207383431659887350e-03
2.195614654952132705e-03
2.032587270214148995e-03
1.978404929886456477e-03
1.913744891460239603e-03
1.859934929784648082e-03
1.764261915895924031e-03
1.662960372910649628e-03
1.538021972227456621e-03
1.509686284730200889e-03
1.409340930520794778e-03
1.327342038959441811e-03
1.271214679749816659e-03
1.049604716815159518e-03
9.127745947858428507e-04
8.697880457560243231e-04
8.555513357613802553e-04
7.833842082539193511e-04
7.761599669337966015e-04
7.048897909988392297e-04
6.733389398164819038e-04
5.219489082087178100e-04
4.362903468968600180e-04
4.178749189558045632e-04
4.077124893598496418e-04
3.775395807493480034e-04
3.669140838746971496e-04
2.960519905380755283e-04
2.633105512610658190e-04
2.433267309762031589e-04
2.379874611155115749e-04
2.120507078266039202e-04
2.084349866184935182e-04
1.791926842191829134e-04
1.445083549765102963e-04
8.298060038450404325e-05
6.951198848533288567e-05
4.527226740673449438e-05
3.153654918534980211e-05
1.089345256191574356e-05
1.558872030511737033e-16
7.604480697615701237e-19
