1.149725787712315567e-01
9.986920100254297050e-02
7.326531868570708428e-02
5.380052481051806473e-02
4.166619477929082993e-02
3.820264973819464255e-02
3.315743728356956854e-02
2.955973206692126889e-02
2.849253173191538743e-02
2.688754906422576030e-02
2.334304155738931713e-02
2.253872871995492300e-02
2.095654428992795720e-02
2.024532959079013844e-02
1.967909413393072876e-02
1.871065796262928044e-02
1.761574318877927661e-02
1.634619637672154666e-02
1.569095017460328534e-02
1.563708344193174074e-02
1.507754651253054821e-02
1.414676923067135876e-02
1.350384654744360598e-02
1.298664608055376778e-02
1.291701772242351103e-02
1.283108294628719330e-02
1.274683708400348343e-02
1.206145244573061416e-02
1.153510927256386556e-02
1.089780863476393427e-02
1.088418968570544279e-02
1.059978645459667794e-02
1.044896519211728318e-02
1.007822819742306558e-02
9.722186856930841239e-03
9.712255954481215786e-03
9.105654221447155236e-03
9.034363848731106345e-03
8.687716564233973621e-03
8.608816655689010069e-03
8.424882542130161800e-03
8.369003039678954425e-03
8.261405500328975610e-03
8.128158263239093628e-03
8.102280939816467603e-03
7.813892471183062419e-03
7.515577069591968321e-03
7.310856018157884176e-03
7.177051674247895627e-03
7.098824721542714572e-03
6.934523191568727624e-03
6.810069081437365723e-03
6.789780419307579577e-03
6.583141306449618105e-03
6.409271661726769105e-03
6.397979339270084935e-03
6.341047879020326843e-03
5.974662248851231663e-03
5.943064538676898732e-03
5.826568209636475565e-03
5.808599385331622740e-03
5.685457169254691523e-03
5.653244414593854017e-03
5.518859183305277298e-03
5.456354049606010337e-03
5.406859087091020998e-03
5.338274349447707373e-03
5.084648494247675544e-03
5.042220896916548879e-03
4.999055820529018507e-03
4.984339430600471903e-03
4.762650791305998374e-03
4.725705071281865143e-03
4.641851518778807029e-03
4.546558985827144767e-03
4.469381069217735411e-03
4.453030652307825993e-03
4.433150946604206763e-03
4.394183648036788584e-03
4.347972251682439941e-03
4.233598835515692098e-03
4.036374587243184327e-03
3.989704128458853964e-03
3.964049962538318019e-03
3.868823332174907773e-03
3.859909520214286922e-03
3.809135042870539969e-03
3.714199907073220414e-03
3.704946702458352965e-03
3.646126302078648088e-03
3.563270618923593692e-03
3.537432385383209796e-03
3.431815232970848728e-03
3.393389639320243574e-03
3.367588654667654207e-03
3.363058195947403201e-03
3.305722577249022107e-03
3.244929698856829307e-03
3.219344644918629636e-03
3.218882250558220606e-03
3.077647077900363438e-03
3.072302779407514069e-03
3.032112728228946764e-03
3.024990415148848429e-03
2.979241028483099220e-03
2.896980698882085838e-03
2.847832998878497938e-03
2.814147733714996661e-03
2.759768079536065351e-03
2.715284569221027618e-03
2.613569645385367592e-03
2.610117821103528826e-03
2.596940737483769204e-03
2.527743351428662043e-03
2.493026542246718630e-03
2.471696955439386684e-03
2.427991905225633171e-03
2.402650452179413802e-03
2.297430361177652935e-03
2.268097222760499885e-03
2.221043290257438546e-03
2.209922820417410238e-03
2.172362202635934238e-03
2.160684044742405049e-03
2.143478255527400331e-03
2.100257004260247442e-03
2.089103969042158723e-03
2.052694730625945901e-03
2.035370357126742562e-03
1.993930297710627946e-03
1.960237860571464874e-03
1.929520729327825236e-03
1.909277390217591552e-03
1.904479296349189483e-03
1.862537700952640813e-03
1.811158100871826946e-03
1.797888302641464280e-03
1.794306942202849881e-03
1.789729239725576949e-03
1.759239446718331929e-03
1.705225706991407575e-03
1.703168538837437690e-03
1.669298724581427459e-03
1.646193467531298403e-03
1.642555753350715330e-03
1.581085087920679503e-03
1.561622272407451771e-03
1.532443504647342880e-03
1.513783987990318346e-03
1.503241794265859459e-03
1.483413699768123270e-03
1.450718948765838609e-03
1.444202065825976296e-03
1.427588258378347614e-03
1.416731173271853095e-03
1.372202243569148675e-03
1.356838124998338687e-03
1.351097008628883737e-03
1.336291132613257049e-03
1.326604168273709528e-03
1.317136683315638448e-03
1.293962215049523825e-03
1.290658726403258591e-03
1.273339416209218417e-03
1.259059423654017773e-03
1.250289734180846024e-03
1.250030550747083420e-03
1.226096671915670976e-03
1.202008826488090926e-03
1.198943410892335405e-03
1.190493282383138290e-03
1.177096005609150169e-03
1.165484885081465418e-03
1.147364182199465477e-03
1.133474167461498644e-03
1.090762291019368438e-03
1.086335440033780369e-03
1.079538616674011664e-03
1.049524669424496768e-03
1.036795738896539084e-03
1.033041806098029857e-03
1.014914584640027369e-03
9.888007298368237542e-04
9.886723746182319531e-04
9.574295591681731199e-04
9.346608555748074252e-04
9.289690061594016316e-04
9.228572110895717296e-04
9.091353119126440851e-04
8.852727276969330839e-04
8.756987502572955839e-04
8.569987068597366333e-04
8.561561182487599118e-04
8.334501109414460367e-04
7.956539389538615009e-04
7.879097422184319459e-04
7.875510816607798588e-04
7.660135472028139440e-04
7.651871844934142160e-04
7.406230787532890871e-04
7.248243051220585849e-04
7.158948114234389790e-04
6.858843596513832137e-04
6.850326274474000500e-04
6.724036554382130555e-04
6.502110856916669098e-04
6.323587529195919812e-04
6.278905340833865461e-04
6.093027919021384159e-04
5.981574937392911909e-04
5.842750124700148064e-04
5.664891813355518160e-04
5.570640335460777179e-04
5.313731980221448204e-04
5.263024457199932254e-04
5.226320080671729941e-04
4.834427690268448602e-04
4.692154733822628452e-04
4.422640647300999620e-04
4.421055892368829020e-04
4.196340136127810964e-04
3.964145444370593897e-04
3.580291797283015743e-04
3.564506791904148105e-04
3.499226051168257486e-04
3.153907295791995454e-04
3.021746697152682655e-04
2.818385209289399796e-04
2.601693987172058265e-04
2.555408231946476030e-04
2.345966560245021926e-04
2.088694622396524336e-04
1.939732901350026736e-04
1.808796938235775306e-04
1.709433091227743949e-04
1.549410075526989373e-04
1.315127378362091739e-04
1.104249800533266593e-04
1.037728324850174263e-04
9.967385486987224410e-05
8.767101613635094415e-05
8.055548815263921850e-05
7.585679892967180896e-05
6.229718584511718515e-05
5.939691918507244934e-05
5.819461965751309844e-05
5.008079785915827992e-05
3.943984130662856987e-05
3.552073376698770748e-05
2.154281938878048098e-05
1.392767591919787459e-05
9.564648061957257809e-06
9.157312228722089945e-06
5.370721700660913165e-06
4.117129569496455674e-16
1.636562838938805909e-18
