5.352279132940219730e-01
4.761594781366625950e-01
3.796689908748181463e-01
2.605168964683085009e-01
2.090530397849146849e-01
1.885876477556341912e-01
1.695150679977177333e-01
1.566415093117327628e-01
1.508826014089949263e-01
1.319679292710576879e-01
1.202901597529512090e-01
1.158012350109933197e-01
1.046573497220956717e-01
1.041813145564603749e-01
9.771450397168156277e-02
9.427080468671569791e-02
8.768059193301162846e-02
8.349064361964100844e-02
8.238957385777166686e-02
8.022441214746227345e-02
7.872274775523480095e-02
7.354100989224274243e-02
7.008183088109155856e-02
6.758587143232737404e-02
6.606695486596837752e-02
6.410360288817149033e-02
6.379368309687925842e-02
6.101539177101970163e-02
5.982177847658445152e-02
5.665554304836766669e-02
5.532125267369904231e-02
5.480370135530111819e-02
5.363370831707107295e-02
5.231893257610127634e-02
5.172795242635579160e-02
5.066578960405533627e-02
4.852426537419099462e-02
4.615917437264670936e-02
4.469317632198412105e-02
4.457957479928388589e-02
4.383681372120802611e-02
4.302516943741328120e-02
4.202690310991973738e-02
4.144711881156855349e-02
4.032851864309487666e-02
3.980024785709999902e-02
3.783696760896513439e-02
3.762543860585850636e-02
3.704348286120710820e-02
3.657254510346503312e-02
3.601702559613039617e-02
3.592272347859228748e-02
3.498014759783240474e-02
3.472854086749321140e-02
3.450192985795426381e-02
3.382737412823227235e-02
3.181128083256479222e-02
3.138567210464226348e-02
3.068710427835737511e-02
2.998168537294700758e-02
2.976778004198935706e-02
2.925047557336176232e-02
2.868172929440010802e-02
2.858650504414745122e-02
2.782689261210892495e-02
2.714533378471221253e-02
2.696569766373232632e-02
2.686045072172653717e-02
2.628362948582519537e-02
2.559624565554607240e-02
2.507459931533163877e-02
2.492734355250567427e-02
2.479893534787117743e-02
2.431458207867684407e-02
2.424940049132285474e-02
2.403048894617102263e-02
2.353280238560958443e-02
2.322434706551520026e-02
2.290728554783308044e-02
2.237217809842961119e-02
2.128395978252577841e-02
2.112275426778989496e-02
2.093846218207760443e-02
2.084337816869571286e-02
1.994246070723509900e-02
1.956912570107176633e-02
1.952169386917682742e-02
1.944062315387814696e-02
1.895471401046376972e-02
1.884845539244079521e-02
1.846210528366649603e-02
1.828947482207128952e-02
1.810297693594612942e-02
1.800396158279826339e-02
1.774851427343907342e-02
1.754753504977575249e-02
1.725691406029382369e-02
1.676410358194122679e-02
1.659532430284024751e-02
1.651596205243390653e-02
1.628935718776788194e-02
1.612171363904532986e-02
1.581287836889634646e-02
1.570087607297911830e-02
1.535014922881031488e-02
1.523838227948406607e-02
1.496025706304152450e-02
1.476274344647655543e-02
1.410336601021949104e-02
1.395053719347918650e-02
1.385240850953382494e-02
1.354216077115300183e-02
1.349534551855706595e-02
1.279010023149469537e-02
1.262722491980453922e-02
1.252249286466500244e-02
1.243811524662113630e-02
1.220975520972765807e-02
1.203766549833465080e-02
1.178532359909089181e-02
1.170096710288535784e-02
1.162286691229698528e-02
1.155625611064210398e-02
1.149667992386434537e-02
1.139763814220104421e-02
1.114684484989149696e-02
1.100833179276664194e-02
1.076936616423148849e-02
1.064186960971051123e-02
1.043287441426953878e-02
1.028926863967000865e-02
1.017727681035774344e-02
1.001927503592403394e-02
9.877176893108158273e-03
9.656262594453214609e-03
9.552023682283680706e-03
9.506774482745545748e-03
9.295557205004483306e-03
9.110456669165004073e-03
9.072501726511979225e-03
8.834472920005265878e-03
8.789566786103139573e-03
8.618641133051991102e-03
8.610428224347108431e-03
8.300283367065305548e-03
8.217228623339414839e-03
8.139181968417187260e-03
8.108061946694822969e-03
7.957387123079971356e-03
7.844924224823844952e-03
7.755267774826326080e-03
7.643857196979728964e-03
7.586253715065612892e-03
7.402917419464609058e-03
7.351928404992585236e-03
7.265719722690278624e-03
7.221108143916785127e-03
7.163267757281111155e-03
7.071637155439386598e-03
7.000004155431982164e-03
6.947180352344947338e-03
6.794839049921403383e-03
6.677754881297911539e-03
6.634828661110722323e-03
6.619764244608829923e-03
6.538070784962929718e-03
6.470309478027120101e-03
6.346749514827584697e-03
6.235451814644209223e-03
6.159440625881997672e-03
6.072982105832070744e-03
6.038097785379567886e-03
5.962005365208005586e-03
5.874431973295862579e-03
5.754249923423801309e-03
5.743285665818621474e-03
5.558327416806903287e-03
5.480520703196799411e-03
5.425055466526483051e-03
5.400854429919081309e-03
5.303849747774264621e-03
5.244056691578976789e-03
5.098844721746586921e-03
5.064834742526894834e-03
5.025862977749686634e-03
5.003174874834722015e-03
4.850842450231127728e-03
4.834002543617509084e-03
4.701765242795985685e-03
4.657024196771827190e-03
4.585352683202267333e-03
4.539167175078086779e-03
4.425361560962625361e-03
4.341996472250595276e-03
4.268177834698629394e-03
4.206158848659580750e-03
4.173600015699386635e-03
4.066895466948405348e-03
3.960631555538855417e-03
3.921691246446476660e-03
3.859969751061502041e-03
3.739307443362461635e-03
3.729730945694637295e-03
3.670357816729636138e-03
3.646774905056403282e-03
3.620313938219913655e-03
3.479391870074633082e-03
3.414895538148223723e-03
3.380240461247490790e-03
3.282008866870688400e-03
3.240551745451295679e-03
3.110363076704771110e-03
3.092511009553164294e-03
3.038916775982428934e-03
3.010017371730184643e-03
2.891118472036233698e-03
2.779881356861641905e-03
2.740472535306043289e-03
2.662156023883309117e-03
2.478483471852457355e-03
2.451310481007678947e-03
2.313745554053474405e-03
2.099135479958903587e-03
2.067515291202463423e-03
1.918014064519981375e-03
1.811194623661686008e-03
1.688656439251750609e-03
1.469974647026961716e-03
1.263574390678690084e-03
1.207983833954382044e-03
1.177747321063335895e-03
1.096293392903356255e-03
1.089389737948801527e-03
9.847512774180590834e-04
9.133754033403150476e-04
6.692580544794162530e-04
6.425263074189131686e-04
5.923704761596708781e-04
5.582523138831547863e-04
5.215658729887399838e-04
5.176670049349110705e-04
4.008513977668549098e-04
3.727762471892109505e-04
3.153273850399354941e-04
3.102684671063017088e-04
3.016598267540430132e-04
2.571168011228481230e-04
2.155706173424941526e-04
1.725328785645305959e-04
1.146397013655052629e-04
1.098422008892701267e-04
6.917523078645346603e-05
3.871617242666226301e-05
1.504104782902268972e-05
2.651160052193557281e-16
5.210733727435341417e-18
