1.152624949051407471e-01
9.855677714865655747e-02
7.214474929409127324e-02
5.416846862187761624e-02
4.222739883493388524e-02
3.849155743915206457e-02
3.369077578759255981e-02
2.985516129833641966e-02
2.871359151842508076e-02
2.712518842409029907e-02
2.338723837910243117e-02
2.279152896918692009e-02
2.130909311348026455e-02
2.051657703354961906e-02
1.988816915113000849e-02
1.906993639456944223e-02
1.769244531929540717e-02
1.664306980117327694e-02
1.586973342585003971e-02
1.578927434698539772e-02
1.523810931947072733e-02
1.426774221679326729e-02
1.360669482976384001e-02
1.309224932735703582e-02
1.306397278756222212e-02
1.299619784542557603e-02
1.292344864551556692e-02
1.221387492018711184e-02
1.159725256860038613e-02
1.105248987581462609e-02
1.099807423081799150e-02
1.073238073410197682e-02
1.055469335970277145e-02
1.014890013537447268e-02
9.836171428865768743e-03
9.770519769686255782e-03
9.165569406661338431e-03
9.107393481522672515e-03
8.755769924175673541e-03
8.642928853226039543e-03
8.529756799560472835e-03
8.488428875007270752e-03
8.331051026834708842e-03
8.249523892221331464e-03
8.171822670376119660e-03
7.877189239147123698e-03
7.594284075766688687e-03
7.374540595570859731e-03
7.231500772405725398e-03
7.155473992375682366e-03
6.996302554902655325e-03
6.880956620779968801e-03
6.839087160002596012e-03
6.640842431583649126e-03
6.480842712982793144e-03
6.424117360664477472e-03
6.418245848543039159e-03
6.000765723034286007e-03
5.986558510462410519e-03
5.878137084522087538e-03
5.859213434832792437e-03
5.725312678920075303e-03
5.710170754321846828e-03
5.565145465309812890e-03
5.527154163169715854e-03
5.461614906772393335e-03
5.382043826085365461e-03
5.156788788467162911e-03
5.059530189021515037e-03
5.020425183797933705e-03
5.006307988242549196e-03
4.794326785371900990e-03
4.768126688273906753e-03
4.681147719620535989e-03
4.591239058036357401e-03
4.487413843530097327e-03
4.467870000876549355e-03
4.440710681497777104e-03
4.400429113904339058e-03
4.392423409878856884e-03
4.250606622450817974e-03
4.051816355218205296e-03
4.033580276545861015e-03
3.993137001309544389e-03
3.900486447379984071e-03
3.892862878249052881e-03
3.836724590806749567e-03
3.749975402908976158e-03
3.730119034631747179e-03
3.646097290971973565e-03
3.585580973569858082e-03
3.566009285888271148e-03
3.446946684746115055e-03
3.401905656794834438e-03
3.389628184036129217e-03
3.371069026325115240e-03
3.325744076025752369e-03
3.266237411035043201e-03
3.241562038201104522e-03
3.233080409879570544e-03
3.092852601405805466e-03
3.083062305298021801e-03
3.040448705224548746e-03
3.027316434893056411e-03
2.996428425433535821e-03
2.900728401862227510e-03
2.864523073420633184e-03
2.833155874519356632e-03
2.754783956429508306e-03
2.738532004156015061e-03
2.639876008353315637e-03
2.632096068467022418e-03
2.598855659539987036e-03
2.531579217557819797e-03
2.506022371189510229e-03
2.486625501764775249e-03
2.445660261465396317e-03
2.408978082542805911e-03
2.306579702664462647e-03
2.284784171759693047e-03
2.222651294701805894e-03
2.219159469192446676e-03
2.182548504646165868e-03
2.168676667343685111e-03
2.154778213862551355e-03
2.101365620396915268e-03
2.086781914321008020e-03
2.058629521064417062e-03
2.035379766325998672e-03
1.993485705657398101e-03
1.966363839015532449e-03
1.955806194083307189e-03
1.921836013765556520e-03
1.914973120789608503e-03
1.878287683631217793e-03
1.831756216635013236e-03
1.809873441364327935e-03
1.806379759765508637e-03
1.786068056544444288e-03
1.765748682263328659e-03
1.725941443587860388e-03
1.708442853610008319e-03
1.678284027302250677e-03
1.665239154522433910e-03
1.644852013159114890e-03
1.594300408097197412e-03
1.572853188451143504e-03
1.545511907958741459e-03
1.514185584524482125e-03
1.500107310434095403e-03
1.496562210825061077e-03
1.464306494585199472e-03
1.452289876412407978e-03
1.431316100689164657e-03
1.427804523415057356e-03
1.379964809433641224e-03
1.368382083609825895e-03
1.357200063680603355e-03
1.341924839100223964e-03
1.331203961593873091e-03
1.327081869758348813e-03
1.294463102384103403e-03
1.293118411721678020e-03
1.277688380637518380e-03
1.262348080128094640e-03
1.255456986854467131e-03
1.243057003839998518e-03
1.226338438171101827e-03
1.213693523706995368e-03
1.205639705478292207e-03
1.192720829954096312e-03
1.180850533955957356e-03
1.167250994781335533e-03
1.145359029241221731e-03
1.140873192914951522e-03
1.097950546955885412e-03
1.090486982266487435e-03
1.086404769696556723e-03
1.049179426084195831e-03
1.037580685548232951e-03
1.027377975803092950e-03
1.017966508623586314e-03
9.921138559680767795e-04
9.866914829629489739e-04
9.508996346741367635e-04
9.434336967121229219e-04
9.274690618330224193e-04
9.209397025128948210e-04
9.121332519950107716e-04
8.821183185874834206e-04
8.775629424902858192e-04
8.582402269068866406e-04
8.553777785977131507e-04
8.330340221497406668e-04
7.971591015749708489e-04
7.879246004755082518e-04
7.841705887193359172e-04
7.625979585071199782e-04
7.530223128157668890e-04
7.391442461298927897e-04
7.252432677874613492e-04
7.124977725851061117e-04
6.825609311750270840e-04
6.823680151270285731e-04
6.657317320929019523e-04
6.459280520752459570e-04
6.259256596891335555e-04
6.212412206880541183e-04
6.077601596101886135e-04
5.948030223249307262e-04
5.853641648651409634e-04
5.552725089965073694e-04
5.470852077225465179e-04
5.283327762566725032e-04
5.190821302026156448e-04
5.107185740029868094e-04
4.744710690216987479e-04
4.603762178972434596e-04
4.375459528239377641e-04
4.345161130737643530e-04
4.116006700247119583e-04
3.949596944306366488e-04
3.585962516480881981e-04
3.554401155549063540e-04
3.458766841545266035e-04
3.107991477346422316e-04
2.953262212369968734e-04
2.798625775068365397e-04
2.570423956201285860e-04
2.561940625976524919e-04
2.339934923338374024e-04
2.068972552813767342e-04
1.938992066964091829e-04
1.817369196372469386e-04
1.730950760225556369e-04
1.499241521888260045e-04
1.320298515767942213e-04
1.098736136886645389e-04
1.024268792231892067e-04
9.811642831253674431e-05
8.556956391513373915e-05
8.080175821182690194e-05
7.457821772230932794e-05
6.244559760995582742e-05
5.940227228932355323e-05
5.863646359716548405e-05
4.968203620040265037e-05
3.861738967804213292e-05
3.633523222510903956e-05
2.180063348281233024e-05
1.396664557518193852e-05
9.765961853930825443e-06
8.621074142997493038e-06
5.362646276949610183e-06
4.092764791603740063e-17
3.437075560434182908e-19
