5.395928336265616299e-01
4.775048600009387245e-01
3.801304239128459050e-01
2.614420163210066095e-01
2.099133962570137457e-01
1.893275072811218818e-01
1.704645273268566852e-01
1.571256585166934672e-01
1.514235764443317145e-01
1.324889244229335294e-01
1.205076466615548902e-01
1.162598981169324502e-01
1.051531739733498477e-01
1.045649924900137889e-01
9.807160829362625287e-02
9.467656355772995080e-02
8.813189445694441515e-02
8.380984700574609092e-02
8.270499986402604642e-02
8.057181223473167120e-02
7.901081787594733952e-02
7.375038009966582153e-02
7.027159871563397331e-02
6.780949290064959556e-02
6.629249564869836575e-02
6.435881908402901752e-02
6.409589914686533718e-02
6.119175631230200363e-02
6.005201076797350712e-02
5.689719810205292466e-02
5.558127019953922748e-02
5.502306268886586471e-02
5.380178422354973955e-02
5.249436546953084592e-02
5.183986935451967426e-02
5.082853222056874648e-02
4.863605722409826415e-02
4.631361557938067780e-02
4.486995849697610061e-02
4.473162410916557696e-02
4.400603661746740197e-02
4.316313533278770542e-02
4.217304447388829647e-02
4.164005430743944469e-02
4.042341285411434060e-02
3.994420276184354468e-02
3.799538722605055180e-02
3.777176530005880301e-02
3.715031813076562217e-02
3.671622805826378622e-02
3.614565002721194936e-02
3.606347764230333902e-02
3.509769538032152941e-02
3.485401487727511627e-02
3.461151046417768745e-02
3.391218727844790004e-02
3.189032456800227483e-02
3.148048967552511540e-02
3.081593075921500169e-02
3.007917001332478107e-02
2.986777217918171884e-02
2.935957308076965477e-02
2.876665456077562300e-02
2.869064285306588760e-02
2.791025814355332230e-02
2.723587609937930254e-02
2.705797715630684983e-02
2.695473242149410559e-02
2.639703943339904990e-02
2.567262406309477399e-02
2.515228704338477381e-02
2.500590346580491841e-02
2.488524707504297800e-02
2.440675295181461008e-02
2.432713088056568870e-02
2.408930676761161446e-02
2.363006272168097222e-02
2.332332592364618276e-02
2.296052444247734942e-02
2.242520021528020963e-02
2.133464276306047333e-02
2.120000135315338458e-02
2.101398081377542706e-02
2.090859802798297751e-02
2.000356304979969413e-02
1.961983592462896234e-02
1.958456101871351371e-02
1.949110038841447498e-02
1.901601800493073896e-02
1.891939288761490187e-02
1.852336902900419621e-02
1.833596199907642360e-02
1.817255837636197816e-02
1.805583718769460111e-02
1.779288459460048530e-02
1.760772112841591311e-02
1.730426615383590799e-02
1.682114989072772127e-02
1.664113488660818804e-02
1.656287343335187054e-02
1.635612173536753547e-02
1.618013891872325041e-02
1.585645511937543509e-02
1.574934774829875317e-02
1.541002988524886076e-02
1.530154968927900996e-02
1.500022700376054709e-02
1.481084359488790518e-02
1.415274426135515115e-02
1.399931503065383886e-02
1.388869542491624927e-02
1.359667068328252425e-02
1.354721515266638088e-02
1.284642217713182107e-02
1.267800514600934264e-02
1.256653691859691523e-02
1.248008504399192309e-02
1.224952716643864722e-02
1.208065215796185962e-02
1.181435944656276417e-02
1.173606508976857317e-02
1.165900590405538617e-02
1.159928115193337508e-02
1.152280185631526961e-02
1.144652980488755807e-02
1.119687222405023851e-02
1.106170369317979914e-02
1.080566014538812680e-02
1.068238589006387761e-02
1.048663343501365398e-02
1.032167026727544117e-02
1.021399425235413640e-02
1.005986385398391185e-02
9.922016656075397650e-03
9.692825521890054141e-03
9.569115403906055736e-03
9.534195507350431281e-03
9.321285970288389899e-03
9.132176404103367617e-03
9.108168866350590046e-03
8.876065682428482470e-03
8.822454071628968789e-03
8.653915729964663239e-03
8.638756937242305506e-03
8.326782504971154755e-03
8.243613151771231329e-03
8.160109263894895978e-03
8.129625422828006681e-03
7.973101398738828213e-03
7.860217045281244971e-03
7.775783382644646524e-03
7.667228371006442472e-03
7.618734594020356611e-03
7.420787115899116562e-03
7.376830834242783380e-03
7.290216775916141638e-03
7.240232379047556455e-03
7.182425647747394878e-03
7.091573379199181057e-03
7.019832228886681465e-03
6.969132166591411083e-03
6.819431846026078985e-03
6.697197417772698599e-03
6.650936364237560773e-03
6.639639783576365382e-03
6.562028083215789426e-03
6.487958813948429757e-03
6.369464465175462414e-03
6.253201083546542846e-03
6.178403247106513049e-03
6.089610653698409280e-03
6.055746905861940019e-03
5.983490696518714395e-03
5.898219762145074166e-03
5.769357429138444529e-03
5.758688107727368347e-03
5.574886165933831163e-03
5.499112404423533301e-03
5.441431070503236107e-03
5.420303217239792574e-03
5.321759821963402415e-03
5.262217059149136567e-03
5.118227583341402459e-03
5.080481441851619068e-03
5.041679921846928085e-03
5.018350845205923026e-03
4.864043088509555773e-03
4.847210279451090106e-03
4.719498497472646333e-03
4.675529859591836396e-03
4.606132336237522829e-03
4.555476566653504644e-03
4.436054976104120313e-03
4.355842290474929226e-03
4.284406454812752715e-03
4.221016618964292325e-03
4.187430651336470668e-03
4.082174366474714336e-03
3.968638103552323861e-03
3.940309255417338667e-03
3.871148793593024232e-03
3.752352364291997207e-03
3.739533439495983189e-03
3.687433914755719900e-03
3.658814117918994697e-03
3.631091132303141018e-03
3.491407588346820672e-03
3.423925597565842267e-03
3.391924870801558186e-03
3.291241808703227519e-03
3.247262390623073709e-03
3.118418364258184784e-03
3.099048114285650468e-03
3.050829345078311539e-03
3.024048716422801392e-03
2.899672018102050948e-03
2.786173404876544045e-03
2.749305656706115767e-03
2.668685462730152873e-03
2.486975108447874588e-03
2.456791534959276366e-03
2.317950675712967396e-03
2.105214138076543472e-03
2.072968210704070630e-03
1.921256592842828957e-03
1.815576265898951247e-03
1.691498091308643635e-03
1.477168188694711823e-03
1.268641059396420330e-03
1.215010987872515436e-03
1.182038932989511876e-03
1.099165078431307710e-03
1.092694397635631410e-03
9.893571750772055078e-04
9.160307380266946315e-04
6.706908182656851807e-04
6.462478884799357495e-04
5.943311617646150754e-04
5.597621472570127885e-04
5.230371819484879196e-04
5.191629893014484748e-04
4.021163342004172828e-04
3.744262608577747487e-04
3.159918649976441000e-04
3.108633488636745293e-04
3.021694324423693213e-04
2.574301030877143158e-04
2.153079540151131414e-04
1.729895619658701532e-04
1.153713176905793594e-04
1.099387591388106139e-04
6.949129372008058163e-05
3.866074110895701202e-05
1.518130788127063118e-05
4.195555582340447053e-16
1.748342258809332942e-18
