5.399363890755598527e-01
4.776093093205166507e-01
3.801586038387474997e-01
2.614987297105838548e-01
2.099817865798932481e-01
1.893704591095378698e-01
1.705326177619840844e-01
1.571592845837523622e-01
1.514677349407078932e-01
1.325230767926712239e-01
1.205226979697027329e-01
1.162927688326759468e-01
1.051920456695139700e-01
1.045893681885365772e-01
9.809501096533718156e-02
9.470508203646910150e-02
8.816456281273572781e-02
8.383162105307409573e-02
8.273030129893667317e-02
8.059925577362228588e-02
7.903001313071555956e-02
7.376544916471639013e-02
7.028395997188235933e-02
6.782646135559222689e-02
6.630763896021335535e-02
6.437669263264741981e-02
6.411665858952772523e-02
6.120252895760085882e-02
6.006569948828087424e-02
5.691542635057694061e-02
5.560138827253807703e-02
5.503984539831899975e-02
5.381300300611388532e-02
5.250610335307747539e-02
5.184718002145144444e-02
5.083829607752888419e-02
4.864354209885619895e-02
4.632557017272394273e-02
4.488363748512880225e-02
4.474103651037342894e-02
4.401765315140605123e-02
4.317301286592835352e-02
4.218176053780688106e-02
4.165340757618843370e-02
4.042959217439360403e-02
3.995284875624764004e-02
3.800745875458309830e-02
3.778219333886750908e-02
3.715766432926246449e-02
3.672543505272382602e-02
3.615525803471461574e-02
3.607447709635268340e-02
3.510583243035814843e-02
3.486363918676791546e-02
3.461696879381290920e-02
3.391774803857186549e-02
3.189615227228576044e-02
3.148695863299309783e-02
3.082357401735322244e-02
3.008574108555154072e-02
2.987550035164566326e-02
2.936665407240649645e-02
2.877241837932944732e-02
2.869825178426171561e-02
2.791611733127341219e-02
2.724221091502038866e-02
2.706403072618886879e-02
2.696070604380077645e-02
2.640347264986936740e-02
2.567780662986379747e-02
2.515673263818815272e-02
2.501163108646545577e-02
2.489165869909045967e-02
2.441382894457952771e-02
2.433229679865463874e-02
2.409298244124448776e-02
2.363779362562487898e-02
2.332962134123160725e-02
2.296371418307541212e-02
2.242819261825699378e-02
2.133736771561291906e-02
2.120461879019915410e-02
2.101936248031200521e-02
2.091333287176027830e-02
2.000837636270194619e-02
1.962358297701986831e-02
1.958791583439006834e-02
1.949452097618783325e-02
1.901970078092737881e-02
1.892392768610614076e-02
1.852742318043231959e-02
1.833867878453103450e-02
1.817697779455030097e-02
1.805907193860414178e-02
1.779582314150071620e-02
1.761198649324521859e-02
1.730750012955079714e-02
1.682476912264777025e-02
1.664386044506490497e-02
1.656579068516068204e-02
1.636125502810165458e-02
1.618438353553521697e-02
1.585948651646435642e-02
1.575251864503295421e-02
1.541411538217629142e-02
1.530537043980288031e-02
1.500280156511892872e-02
1.481395337586453864e-02
1.415604436196327143e-02
1.400232075086456709e-02
1.389089570634229227e-02
1.360087534321283327e-02
1.355029654700546163e-02
1.285058078235342023e-02
1.268101822079048015e-02
1.256937384246803457e-02
1.248271959947479769e-02
1.225221759085384603e-02
1.208314518965663588e-02
1.181622348171862923e-02
1.173848367138480807e-02
1.166148416960420542e-02
1.160225509166324699e-02
1.152442590288506492e-02
1.145009676483879808e-02
1.119971974707730140e-02
1.106602171818766960e-02
1.080818403810092539e-02
1.068514548430150000e-02
1.049034935046087857e-02
1.032354305773809655e-02
1.021650132557984196e-02
1.006253459272635903e-02
9.925323600356094483e-03
9.694917219203033273e-03
9.570248205850145906e-03
9.536094860474771465e-03
9.322575062463598142e-03
9.133607259532862399e-03
9.110422288466835453e-03
8.879012652121586260e-03
8.825025851921955086e-03
8.656678193657776563e-03
8.640546613601285050e-03
8.328595211407989474e-03
8.245305336554764608e-03
8.161543335792803555e-03
8.130984270336415534e-03
7.974069021667105905e-03
7.861127419475618175e-03
7.777027672113603213e-03
7.668789920551995383e-03
7.621158608244325838e-03
7.422190484584922053e-03
7.378390888271868682e-03
7.291577040235455200e-03
7.241622853398859035e-03
7.183559163875514672e-03
7.092805932359050845e-03
7.020913532219549835e-03
6.970561076229721438e-03
6.821201594698307787e-03
6.698453741211895726e-03
6.651853355515560673e-03
6.640840402098869243e-03
6.563474573809164811e-03
6.489113568553948191e-03
6.370949869698849279e-03
6.254099118486876503e-03
6.179693875034023530e-03
6.090323722335941846e-03
6.056767402333441963e-03
5.984802260448945400e-03
5.899536361762665326e-03
5.770316985791521490e-03
5.759750783633318071e-03
5.575866217039700083e-03
5.500373146643591608e-03
5.442470851237625994e-03
5.421374683380687613e-03
5.322652870657822513e-03
5.263107139350612154e-03
5.119316443237768161e-03
5.081358264598693879e-03
5.042676799857738479e-03
5.019304772939492398e-03
4.864686310742871549e-03
4.847923372643211937e-03
4.720731944165136411e-03
4.676839868922454298e-03
4.607501181461281722e-03
4.556429518125805142e-03
4.436775084980922046e-03
4.356672124648490116e-03
4.285259482088768675e-03
4.221958183077479006e-03
4.188213492675239673e-03
4.083082218629214590e-03
3.969083591835198023e-03
3.941476547376055253e-03
3.871942660425403780e-03
3.753217035481605599e-03
3.740142995815025611e-03
3.688339583750075736e-03
3.659400011722927903e-03
3.631790729514026636e-03
3.492059470742502319e-03
3.424375145119285847e-03
3.392521686124659597e-03
3.291834054598598205e-03
3.247654238016247329e-03
3.118772432820118411e-03
3.099463339149027222e-03
3.051316392555755794e-03
3.024575190679916568e-03
2.900269241822697307e-03
2.786560542172432375e-03
2.749721004014682359e-03
2.669101375243334781e-03
2.487368719471152144e-03
2.457141448633803644e-03
2.318218797264892054e-03
2.105637204594080873e-03
2.073343785294650549e-03
1.921445188482821288e-03
1.815850308058134920e-03
1.691663063224991149e-03
1.477656765664823795e-03
1.268940961376604061e-03
1.215487048551780556e-03
1.182308098893958314e-03
1.099334149401099987e-03
1.092885223817346204e-03
9.896424184307958671e-04
9.162007489202806526e-04
6.707625257280146018e-04
6.464352932440066597e-04
5.944025915857055042e-04
5.598439157770364241e-04
5.231175035432150721e-04
5.192659621217899897e-04
4.022161187086964094e-04
3.745177930965747342e-04
3.160306232144833509e-04
3.108916450850544269e-04
3.021825934523752013e-04
2.574474739387129312e-04
2.152779230231108439e-04
1.730454529199082373e-04
1.154283125677925376e-04
1.099454893977344335e-04
6.951368847749429065e-05
3.865702405628860383e-05
1.519311645492015480e-05
3.058037190460574568e-16
6.486336067579893419e-18
