5.253421684907634281e-01
4.734198322929650815e-01
3.787869237786962162e-01
2.579665902478606720e-01
2.072006301691309005e-01
1.864998984066359722e-01
1.673013305139802176e-01
1.555472302538264961e-01
1.497145173296562659e-01
1.305900221912092152e-01
1.198422951273948461e-01
1.147560392662056450e-01
1.035927628559205338e-01
1.031737459098669013e-01
9.683777937380967649e-02
9.324336238761984919e-02
8.662709660871045769e-02
8.277481577923025136e-02
8.166978027096639947e-02
7.946569481795141832e-02
7.800788659156904226e-02
7.310624033502134689e-02
6.963408119599158452e-02
6.710363734738211683e-02
6.552661542666257666e-02
6.346796895503761804e-02
6.305188783756306148e-02
6.054794045694796706e-02
5.918851073570893795e-02
5.614141824049519863e-02
5.474708043788844430e-02
5.431164863460020975e-02
5.322336519966897050e-02
5.190612886325322861e-02
5.146525567614910340e-02
5.024096448970975792e-02
4.828810832398947733e-02
4.582658355238426739e-02
4.440237969056250178e-02
4.411788265740811815e-02
4.344006453570452286e-02
4.271465901404922216e-02
4.163568409991175168e-02
4.097275935890398735e-02
4.009582939892517017e-02
3.940919018548180025e-02
3.748744136225519441e-02
3.728022568842957740e-02
3.681172573124037728e-02
3.623014503758174853e-02
3.572830733095440359e-02
3.560893818466322885e-02
3.470505564885251193e-02
3.444158523903322056e-02
3.418325632036080253e-02
3.362274654268292834e-02
3.165006854292120447e-02
3.116670308343258422e-02
3.034481377541893218e-02
2.975736054393336716e-02
2.955501625480377176e-02
2.899038307313131502e-02
2.848682349841374570e-02
2.832583619932567062e-02
2.761995472787437747e-02
2.695496645149208018e-02
2.672703617522298805e-02
2.660997052310453553e-02
2.597882137462578789e-02
2.542413098232899210e-02
2.486865554660981290e-02
2.475520562694046370e-02
2.460987298523746591e-02
2.412863554879818642e-02
2.404613010978854173e-02
2.387734534233175790e-02
2.332237310486818746e-02
2.298019435207510758e-02
2.276812873526362982e-02
2.223719160280653723e-02
2.114829684577882937e-02
2.092677785300496932e-02
2.075806738341215429e-02
2.070454063864741664e-02
1.982063627958785199e-02
1.946467025392593572e-02
1.935571531408254373e-02
1.931434089158770920e-02
1.881367896038265569e-02
1.867347971536242532e-02
1.830663362276624406e-02
1.816518899217578475e-02
1.792886790354545831e-02
1.788290650273758470e-02
1.763809320618012558e-02
1.740446904559105751e-02
1.714605153265440912e-02
1.661926129861776569e-02
1.648407127890887461e-02
1.640627661114442068e-02
1.614298728366087704e-02
1.598111938373935129e-02
1.571586690658680757e-02
1.558190868881722570e-02
1.520174932086785884e-02
1.507219793687232176e-02
1.486312006374783216e-02
1.464162085536536810e-02
1.398459548363993263e-02
1.382130251650415427e-02
1.376680151805243120e-02
1.342001605028948427e-02
1.335602356319562714e-02
1.266534355487178298e-02
1.249239538917850008e-02
1.241305992369326136e-02
1.233718385885879988e-02
1.211594455786676669e-02
1.192318267767919146e-02
1.172602939509127806e-02
1.162010659469150595e-02
1.153674522125632505e-02
1.146527869068647218e-02
1.141769124521014971e-02
1.127229726289719416e-02
1.101638148764562397e-02
1.088595789869441048e-02
1.067856851654364926e-02
1.054090682504016385e-02
1.031239758667960513e-02
1.021160971593810390e-02
1.008502833098298863e-02
9.919774121060480343e-03
9.762326864944962865e-03
9.565557748582942735e-03
9.513758448378751426e-03
9.446908936594968637e-03
9.228964178444005323e-03
9.059404407138342205e-03
8.989586248287610021e-03
8.743316129545354587e-03
8.712791036044354245e-03
8.553003004673270446e-03
8.525308591062321154e-03
8.244308818418822835e-03
8.148454370304081956e-03
8.094557837424172161e-03
8.051873657490819791e-03
7.919491435811144842e-03
7.810814786200406985e-03
7.708813589891974800e-03
7.582466917238311725e-03
7.514053801972039696e-03
7.368689676050919554e-03
7.291350132466467744e-03
7.196881303551872465e-03
7.186027864321956234e-03
7.106683946077462823e-03
7.024268634096436127e-03
6.944231411189813463e-03
6.891948151305228067e-03
6.734979522110384753e-03
6.638785639311484306e-03
6.589697052232413102e-03
6.569709712339055763e-03
6.474800618499860008e-03
6.424800670120024183e-03
6.287185281378711819e-03
6.190969866183591158e-03
6.117247721003064680e-03
6.030149170904477475e-03
5.988068555563590828e-03
5.912241410914939599e-03
5.809275472680151126e-03
5.715896143177939814e-03
5.708927320084804941e-03
5.515999310867670744e-03
5.433691388313418788e-03
5.384141262724016427e-03
5.349209129687499190e-03
5.252684446644851832e-03
5.188121447216050182e-03
5.044381687758232868e-03
5.020196960329671027e-03
4.986881461493145214e-03
4.965900139962864737e-03
4.814766340679658800e-03
4.796281495972614002e-03
4.658281892092922330e-03
4.615786525584107680e-03
4.535748601271672245e-03
4.495459570783362675e-03
4.400722385413723646e-03
4.305830036542353419e-03
4.220708852957805179e-03
4.170802467382722298e-03
4.133700903208891927e-03
4.019259880280011063e-03
3.940397272178305065e-03
3.874114866280614199e-03
3.832831876455293409e-03
3.713221889270679286e-03
3.700278473477655941e-03
3.641939782374510517e-03
3.605838694975180368e-03
3.585004286192865122e-03
3.448656594010377375e-03
3.392984328805028274e-03
3.343076289874893133e-03
3.259758402130095902e-03
3.224587989995748253e-03
3.091593039684383502e-03
3.078431804979837091e-03
3.004720862998561288e-03
2.960536364769453515e-03
2.871163189152393762e-03
2.765800917317763532e-03
2.713133504398187231e-03
2.646856645120228887e-03
2.457124248122690129e-03
2.434182627057844463e-03
2.304324665974909290e-03
2.086498722652309085e-03
2.055542959428218776e-03
1.909955767818423064e-03
1.801850284786946869e-03
1.681787984347952233e-03
1.452889901381558763e-03
1.249988608691466425e-03
1.190307906347979131e-03
1.166734357810360551e-03
1.089226377359059578e-03
1.080178675857072996e-03
9.736388406050021415e-04
9.067003473840781844e-04
6.660357586219627091e-04
6.319944526163868417e-04
5.864256637630809680e-04
5.544715094646150916e-04
5.177368644134916096e-04
5.141722441219308097e-04
3.985017883473859594e-04
3.685506762066641630e-04
3.136496310992756948e-04
3.090216003414490058e-04
3.003684205128430472e-04
2.568394265207955959e-04
2.163556012629883974e-04
1.729610345646643221e-04
1.132208243228203067e-04
1.096840917236682408e-04
6.831633299614757091e-05
3.883377301256968458e-05
1.459560610009947487e-05
3.317174575199406865e-16
2.192959164174383354e-18
