5.398261217758796304e-01
4.775725480007294577e-01
3.801465658748734988e-01
2.614767998572720131e-01
2.099584843041374937e-01
1.893538101100799842e-01
1.705095688947387000e-01
1.571468764708986721e-01
1.514526458852336055e-01
1.325101429200962744e-01
1.205167692664276397e-01
1.162814227956759372e-01
1.051790707513493850e-01
1.045802986093439801e-01
9.808637275661254151e-02
9.469475452421408090e-02
8.815336127884122741e-02
8.382393917389145688e-02
8.272164688970248814e-02
8.058999392839598375e-02
7.902293490071644888e-02
7.375993618977072508e-02
7.027927771646105826e-02
6.782061805927641629e-02
6.630211399513954995e-02
6.437014140787987448e-02
6.410943953541237139e-02
6.119827543581817658e-02
6.006045034036593122e-02
5.690924437088821369e-02
5.559464218667549418e-02
5.503410299694103808e-02
5.380881555965447843e-02
5.250187567181902742e-02
5.184429414773875089e-02
5.083445575859218274e-02
4.864066765924960484e-02
4.632134046791435561e-02
4.487891348572282252e-02
4.473762698590915549e-02
4.401350648711539748e-02
4.316951446295336225e-02
4.217831973254499572e-02
4.164875106861999632e-02
4.042713525867127483e-02
3.994947122610952722e-02
3.800331507481750914e-02
3.777848734340894660e-02
3.715496962078881915e-02
3.672214282438111127e-02
3.615191157798952615e-02
3.607078398780002443e-02
3.510283190849243506e-02
3.486031334438811219e-02
3.461458334922849767e-02
3.391560566162912099e-02
3.189403495992399612e-02
3.148456564361654803e-02
3.082067017806895681e-02
3.008336166728545549e-02
2.987284563259586662e-02
2.936410235936372931e-02
2.877028093097799485e-02
2.869548346328749250e-02
2.791392791450208674e-02
2.723990584770381515e-02
2.706175552683357660e-02
2.695848520929561287e-02
2.640109493503513954e-02
2.567590599142884067e-02
2.515494587310075636e-02
2.500962635416936405e-02
2.488944339593286009e-02
2.441142735371711753e-02
2.433039860443914765e-02
2.409152076536529366e-02
2.363520152949921682e-02
2.332727982063406008e-02
2.296241540774298859e-02
2.242696922792031949e-02
2.133619944517084477e-02
2.120283221450296185e-02
2.101744605645612315e-02
2.091167443567930329e-02
2.000667701100473928e-02
1.962222659922951279e-02
1.958655570880782001e-02
1.949323190177065443e-02
1.901826737551383373e-02
1.892228892947111704e-02
1.852589777383468680e-02
1.833756664558302760e-02
1.817536362338792455e-02
1.805782064309656779e-02
1.779467951301421519e-02
1.761050644142964430e-02
1.730629555684927087e-02
1.682340313159321615e-02
1.664281354865025653e-02
1.656468680317949721e-02
1.635951409050846392e-02
1.618287961365708072e-02
1.585840549106070155e-02
1.575136129989795561e-02
1.541262798858502973e-02
1.530396322615975614e-02
1.500181384001204529e-02
1.481277070896941210e-02
1.415482756835310246e-02
1.400118360220116778e-02
1.389003174950829110e-02
1.359946127414187605e-02
1.354911200857494662e-02
1.284915017692269366e-02
1.267985750878192902e-02
1.256830923603577919e-02
1.248175589292819729e-02
1.225122953171575539e-02
1.208216138977773538e-02
1.181549822127373785e-02
1.173758122952199556e-02
1.166059514272824345e-02
1.160119959821936594e-02
1.152379770992995912e-02
1.144885226395541029e-02
1.119869812128716433e-02
1.106458508298622211e-02
1.080726230819528157e-02
1.068417898567824986e-02
1.048908328419653931e-02
1.032280802132119930e-02
1.021559405794875315e-02
1.006154604518581623e-02
9.924161364278968889e-03
9.694118128101659321e-03
9.569795240002803086e-03
9.535387372253505134e-03
9.322035576645496327e-03
9.133053438530507398e-03
9.109610868831831756e-03
8.877990722073668753e-03
8.824127720965741287e-03
8.655732032799914877e-03
8.639873856136123104e-03
8.327923123391013649e-03
8.244644632985336646e-03
8.161007106475205025e-03
8.130444441153643689e-03
7.973666449102525047e-03
7.860741888786101222e-03
7.776527980959358974e-03
7.668192941649754589e-03
7.620339302665065165e-03
7.421679206970881008e-03
7.377820801301982444e-03
7.291023889204915204e-03
7.241109063029695092e-03
7.183097119243969132e-03
7.092321853314832378e-03
7.020475339182256046e-03
6.970020195746991915e-03
6.820578633493689681e-03
6.697979910144482955e-03
6.651490224863803279e-03
6.640376857345741193e-03
6.562951494254704900e-03
6.488662947404933226e-03
6.370394522261389227e-03
6.253742697867694690e-03
6.179219502102523305e-03
6.089989129552893232e-03
6.056350584797673235e-03
5.984294086859267420e-03
5.899033660372486436e-03
5.769952720475239431e-03
5.759371871504605570e-03
5.575488666083689045e-03
5.499904245425494068e-03
5.442061377629674700e-03
5.420941106287231054e-03
5.322273828344370288e-03
5.262729351609670043e-03
5.118895509225090089e-03
5.081007672039666336e-03
5.042297097873310423e-03
5.018942141869956082e-03
4.864412079657229847e-03
4.847622470454376192e-03
4.720304309691742556e-03
4.676396063253386234e-03
4.607011834372726558e-03
4.556061990947156068e-03
4.436509921607854207e-03
4.356360201110108694e-03
4.284904690783653339e-03
4.221608197331445413e-03
4.187918688199356552e-03
4.082733451402710198e-03
3.968897071145411487e-03
3.941062261704935017e-03
3.871667142948694625e-03
3.752899780377469754e-03
3.739923919955715371e-03
3.687973851157007495e-03
3.659168221509636124e-03
3.631533311863726840e-03
3.491796475981542944e-03
3.424185198929346249e-03
3.392275674258857232e-03
3.291618827386432865e-03
3.247493119613275615e-03
3.118607108071877639e-03
3.099299342331208757e-03
3.051094490221756272e-03
3.024334135915023210e-03
2.900058358275512185e-03
2.786408762683694612e-03
2.749548267855096706e-03
2.668944256810636909e-03
2.487200650972369066e-03
2.457005126574219808e-03
2.318115550354489778e-03
2.105488490522025320e-03
2.073205406717034023e-03
1.921359831741192284e-03
1.815746329462408120e-03
1.691590737111500070e-03
1.477493478853296504e-03
1.268828064507932256e-03
1.215325661550301908e-03
1.182207168748410217e-03
1.099265579836694161e-03
1.092808847955611994e-03
9.895416416891185396e-04
9.161384341810586626e-04
6.707313687780794027e-04
6.463640151969646383e-04
5.943655201190512546e-04
5.598097517505302946e-04
5.230835695811273051e-04
5.192279479601672127e-04
4.021827589151173873e-04
3.744830470562200307e-04
3.160145223910012114e-04
3.108781228549274580e-04
3.021734616640868237e-04
2.574401356540373213e-04
2.152844318361732596e-04
1.730306390710683510e-04
1.154099587201405132e-04
1.099409432394973942e-04
6.950492320923050296e-05
3.865719705147008402e-05
1.518913458103511455e-05
2.163279029968507684e-16
1.329949776171891425e-18
