5.385046169230415236e-01
4.771823388739664384e-01
3.800379532565785201e-01
2.612544638365427163e-01
2.097070477925789822e-01
1.891760989553253336e-01
1.702384941710519684e-01
1.570167761675501650e-01
1.512929837132129252e-01
1.323785101190884661e-01
1.204616416496515491e-01
1.161519421530969043e-01
1.050309273532402665e-01
1.044834837219694862e-01
9.799349352748759623e-02
9.458721399489661286e-02
8.802553122953220288e-02
8.373609598884852734e-02
8.262968278066860905e-02
8.048673155224964071e-02
7.894774338119241175e-02
7.370235562748546354e-02
7.023046298602182713e-02
6.775643891804718211e-02
6.624252020808095442e-02
6.430227349521454305e-02
6.402738040201760850e-02
6.115550753590864863e-02
6.000476135740974437e-02
5.683823756495123836e-02
5.551810132104682827e-02
5.497094066322805866e-02
5.376539927829823012e-02
5.245486430126861804e-02
5.181658699163502191e-02
5.079508331551758904e-02
4.861150719823783412e-02
4.627717583914917054e-02
4.482572416793582926e-02
4.470010740461350524e-02
4.396765621978022953e-02
4.313154113709381787e-02
4.214296299244294636e-02
4.159592597662060964e-02
4.040390111254066330e-02
3.991465892512832681e-02
3.795735821013267869e-02
3.773819988197781028e-02
3.712616578515023913e-02
3.668387131468262702e-02
3.611553579465281993e-02
3.602946709647975032e-02
3.507170948549562933e-02
3.482457994228135151e-02
3.459110192887184659e-02
3.389417670399440946e-02
3.187213933406241734e-02
3.145923795040453386e-02
3.078887477520852664e-02
3.005726136871456761e-02
2.984384760305983098e-02
2.933493000155342270e-02
2.874793852713968326e-02
2.866762072743056847e-02
2.789231214171367795e-02
2.721524515701055982e-02
2.703810463969391967e-02
2.693458074925135157e-02
2.637285484829050841e-02
2.565540466686584004e-02
2.513675663377733932e-02
2.498746763631314385e-02
2.486474509732679999e-02
2.438445107476238521e-02
2.431023502347390980e-02
2.407745190827434781e-02
2.360617363800309940e-02
2.330202682114358367e-02
2.294979733366650509e-02
2.241462204054926050e-02
2.132487647013644669e-02
2.118378178534797984e-02
2.099683178870906386e-02
2.089322179861608300e-02
1.998905933480764341e-02
1.960792663126314367e-02
1.957227596948596729e-02
1.948021897066663788e-02
1.900306701831450812e-02
1.890367262675465496e-02
1.851021531301440259e-02
1.832668410079104152e-02
1.815727501046449088e-02
1.804475954439856838e-02
1.778361749157303384e-02
1.759384033326465840e-02
1.729378524646727269e-02
1.680898503115237433e-02
1.663139267241997218e-02
1.655280268259807716e-02
1.633989843014817603e-02
1.616683353504614479e-02
1.584661217183826187e-02
1.573881576690694395e-02
1.539669257465507701e-02
1.528799787674557480e-02
1.499176560397397738e-02
1.480055518567492158e-02
1.414183908569905182e-02
1.398900055224835612e-02
1.388102855367279176e-02
1.358349891017199620e-02
1.353635102691602525e-02
1.283301904997456028e-02
1.266745179896869820e-02
1.255706316149265110e-02
1.247083205662779214e-02
1.224061381881630384e-02
1.207188036753704258e-02
1.180805619334893489e-02
1.172824642175222982e-02
1.165090656102043230e-02
1.158942574514860817e-02
1.151741612599238573e-02
1.143541856271093095e-02
1.118608630189062668e-02
1.104862027483600843e-02
1.079763906041687760e-02
1.067324105294437803e-02
1.047369928998304923e-02
1.031486212504551664e-02
1.020585628626174794e-02
1.005098646187979443e-02
9.911773914060563809e-03
9.685037489988366360e-03
9.565507302588430877e-03
9.527984183212002620e-03
9.316211502165426886e-03
9.127534667761193210e-03
9.100141430985291685e-03
8.866297549299373762e-03
8.814660008937469024e-03
8.645438914921787718e-03
8.632650047362896983e-03
8.320841902032090343e-03
8.238102051342809096e-03
8.155423851830457052e-03
8.125215921532161212e-03
7.969969404740489746e-03
7.857169977063468980e-03
7.771550677182137955e-03
7.662372265484833529e-03
7.610924319062409987e-03
7.416560756370259820e-03
7.371407066013350995e-03
7.285438542228039362e-03
7.235817518806264732e-03
7.178693480248329699e-03
7.087379510692192949e-03
7.015901356826784868e-03
6.964440257287433239e-03
6.813856805390218138e-03
6.692908686584501075e-03
6.647636321687869221e-03
6.635502551544899749e-03
6.556893360139709123e-03
6.484305434034561867e-03
6.364627516334092107e-03
6.249574592710496063e-03
6.174158816877398093e-03
6.086548171654657287e-03
6.052229828234259069e-03
5.978912737677156627e-03
5.893297961369783726e-03
5.766113992046523716e-03
5.755204503854054708e-03
5.571422622652580023e-03
5.495099764899349405e-03
5.437964067627167747e-03
5.416471209388139599e-03
5.318315762317350412e-03
5.258783977088281325e-03
5.114254721290824313e-03
5.077395096601882915e-03
5.038300894069597767e-03
5.015091115190320990e-03
4.861509259856019484e-03
4.844671072589915028e-03
4.715436424756912735e-03
4.671124231168262940e-03
4.601454760760383123e-03
4.552083118920965260e-03
4.433721138895176453e-03
4.352958612592600432e-03
4.281308797763459621e-03
4.217757207063751491e-03
4.184543481163104789e-03
4.079088197501951236e-03
3.967054129885233885e-03
3.936227811679265942e-03
3.868570641456796529e-03
3.749431665698927090e-03
3.737403246643061262e-03
3.683770542200966256e-03
3.656594754626354016e-03
3.628725493129356539e-03
3.488967172221793620e-03
3.422130639922350143e-03
3.389688820956330770e-03
3.289191364751743035e-03
3.245891420245116364e-03
3.116912379196702578e-03
3.097668139996687890e-03
3.048663940502495395e-03
3.021571298185541602e-03
2.897715465488948962e-03
2.784859012815027891e-03
2.747609218140861526e-03
2.667266261982362621e-03
2.485338848188865194e-03
2.455664609364967537e-03
2.317052964279493928e-03
2.103793525906304251e-03
2.071750676382337966e-03
1.920674114691914422e-03
1.814637871704457553e-03
1.690955737032506486e-03
1.475485944274634517e-03
1.267583174351229712e-03
1.213384528791906390e-03
1.181118472626043869e-03
1.098581526235120533e-03
1.092031000868315871e-03
9.883265922464548776e-04
9.154609225626650360e-04
6.704108985219270822e-04
6.454856423536650548e-04
5.939911979419073163e-04
5.594577791101151484e-04
5.227369989784407586e-04
5.188265529599687302e-04
4.017987490566738698e-04
3.740815914833772087e-04
3.158626685468525139e-04
3.107536372471750969e-04
3.020848524697628467e-04
2.573614402741887476e-04
2.153961478661448883e-04
1.728104242946479937e-04
1.151838425056431431e-04
1.099268897387115172e-04
6.942430502462935223e-05
3.867944823186230530e-05
1.514833618500359370e-05
2.910227623531697036e-16
8.600827710280587681e-19
