1.512847513765587539e-05
1.460985667915461036e-05
9.925441753623309553e-06
9.169166810863685520e-06
8.694670379761841093e-06
7.950644081683488543e-06
7.341040864899214095e-06
7.094677679041116723e-06
1.774129924667256776e-06
1.492714662598536934e-06
1.344154387813951448e-06
8.884025034351457213e-07
6.656789718821329226e-07
5.645749597238422438e-07
5.448238608797010001e-07
4.909870853909725067e-07
3.728929085390798915e-07
3.419492629982456241e-07
2.775769378339252524e-07
2.134448595126058187e-07
1.848500270072186360e-07
1.606489442100940885e-07
1.379767232301556002e-07
1.093554430920804300e-07
1.010049942732014922e-07
9.441233475290555657e-08
8.915796369241054513e-08
6.761214991838720924e-08
6.327724207216585299e-08
5.964459667357026707e-08
5.443024362752085145e-08
5.241728754246231366e-08
4.787125979455540365e-08
3.587229436868554903e-08
3.351826046091491014e-08
3.219107053278906014e-08
2.415509870320129181e-08
2.297583587230104559e-08
1.286441839011071459e-08
1.068936183292885596e-08
4.069174820599650406e-09
2.077396463719756180e-09
1.057374280622731049e-21
-6.518889785001018530e-21
-3.015223612508971983e-09
-5.116109800929564443e-09
-5.799469508469840896e-09
-1.127320773165522047e-08
-1.586143188276828523e-08
-1.908702167504360962e-08
-2.807253393166474314e-08
-3.619091702552451693e-08
-4.698737616976825587e-08
-5.315405690430137291e-08
-7.315676822119295636e-08
-7.618498161818361133e-08
-8.379989930206674579e-08
-1.313241122055760886e-07
-1.591812241767591462e-07
-1.735195685574774897e-07
-1.918496086933592750e-07
-2.054018383240406826e-07
-2.135917912931146469e-07
-2.256973604393877484e-07
-2.491888826603046309e-07
-2.790340862896645984e-07
-3.084671037186796973e-07
-3.263934916531652217e-07
-3.324066066908070574e-07
-3.559588701649048703e-07
-3.720836059328309079e-07
-3.876203769423878006e-07
-4.093718402384680674e-07
-4.171707549877972282e-07
-4.209916474700020706e-07
-4.310845748361874729e-07
-4.342978141124505348e-07
-4.453264065922314777e-07
-4.848334016471872063e-07
-4.908564735516160258e-07
-5.221488845248020549e-07
-5.353104910883271413e-07
-5.360891453273894046e-07
-5.687086399439429939e-07
-5.894492310876006674e-07
-6.074423246292802630e-07
-6.221755360196946110e-07
-6.522940533219569168e-07
-6.668192537355977972e-07
-6.965849276367177239e-07
-6.987792262301654399e-07
-7.197529231264229347e-07
-7.351307963946909577e-07
-7.524455647386621689e-07
-7.648710592023805458e-07
-7.791263366692272975e-07
-8.113214745745053259e-07
-8.425365004925849516e-07
-8.811298003817371213e-07
-8.866937505528522688e-07
-9.252980554289001018e-07
-9.579792598248889828e-07
-9.777931047704524400e-07
-1.000985413421767512e-06
-1.002292737536831839e-06
-1.020405663296786482e-06
-1.041859381746011845e-06
-1.053446656963926028e-06
-1.072653939802589348e-06
-1.097333881062208260e-06
-1.101518622553812333e-06
-1.158740189137232899e-06
-1.172526467739322941e-06
-1.216976631897961006e-06
-1.262468952688571517e-06
-1.294560550206622997e-06
-1.307165807035257225e-06
-1.325288012780481746e-06
-1.353093693548792545e-06
-1.367751914414438725e-06
-1.428700882327461877e-06
-1.475994370815785313e-06
-1.511692591085022607e-06
-1.522241369767517353e-06
-1.546854368597869762e-06
-1.552407615740373652e-06
-1.586377559788009767e-06
-1.609552122387390708e-06
-1.628545125886232844e-06
-1.706271153231191653e-06
-1.747848488589714441e-06
-1.761999344561969281e-06
-1.774536094508933155e-06
-1.795326446475285217e-06
-1.880721988202961145e-06
-1.902417537089905318e-06
-1.926833952328389001e-06
-1.997099422636800353e-06
-2.010630364975584910e-06
-2.032268474255126108e-06
-2.082831415204229300e-06
-2.112227502606129895e-06
-2.180915143657659813e-06
-2.195093117894724583e-06
-2.205592858732612173e-06
-2.230491781351523979e-06
-2.301499859429728110e-06
-2.344356265420816146e-06
-2.348010547834525704e-06
-2.396489476159378347e-06
-2.451263717683059788e-06
-2.467540275537416753e-06
-2.486064963022921418e-06
-2.519654528369817550e-06
-2.628233173788964225e-06
-2.657768862824097528e-06
-2.715388364066789831e-06
-2.769862772737652617e-06
-2.808033168487100785e-06
-2.843021537548379526e-06
-2.884834029920714632e-06
-2.927411548463967469e-06
-2.974702413979635790e-06
-3.083700224578396213e-06
-3.150449077892680807e-06
-3.171430520899933964e-06
-3.261668023883527135e-06
-3.316919322217163532e-06
-3.342011783530678009e-06
-3.380079768834382856e-06
-3.413454566916693522e-06
-3.450247915137829494e-06
-3.490571987405190290e-06
-3.570961221837322592e-06
-3.621042634974585101e-06
-3.688426679297035844e-06
-3.800900144363134454e-06
-3.814335222446845588e-06
-3.861155187632910374e-06
-3.924191285610881953e-06
-3.991700558588445596e-06
-4.015789352495267861e-06
-4.068476707251476868e-06
-4.211777981657941862e-06
-4.232560802612541869e-06
-4.298267924822085393e-06
-4.348550295985217025e-06
-4.422153556108007148e-06
-4.460393202353710167e-06
-4.469494591478190451e-06
-4.689099042238434103e-06
-4.715394919731249138e-06
-4.806990207008005774e-06
-4.875137550772930453e-06
-4.981516508399829019e-06
-5.053562931529262278e-06
-5.135345602958148235e-06
-5.157852122235705507e-06
-5.209876641122684412e-06
-5.314084821829709821e-06
-5.407045857318217441e-06
-5.448508783433750116e-06
-5.495782010667661578e-06
-5.635070244848726701e-06
-5.788140761030233632e-06
-5.805891613067807249e-06
-5.964314682186833776e-06
-6.138898303885327397e-06
-6.196315234751943615e-06
-6.251805738728691718e-06
-6.293995457868213155e-06
-6.355210123773156565e-06
-6.447468718216812400e-06
-6.485202677490619740e-06
-6.707813161229059899e-06
-6.866200451448534070e-06
-6.957911470456154570e-06
-6.985944416830128364e-06
-7.269355518468288113e-06
-7.355904837560317193e-06
-7.410044127423791628e-06
-7.526220195726249149e-06
-7.667830514805303900e-06
-7.852731490642142340e-06
-7.985637380181002368e-06
-8.025618483040735613e-06
-8.052211397076154518e-06
-8.274068841443366748e-06
-8.409540130889921829e-06
-8.525351877522978011e-06
-8.648875620828456217e-06
-8.729940971012255423e-06
-8.862059391303607950e-06
-9.028230476043930760e-06
-9.077346065002795232e-06
-9.162846193130544641e-06
-9.349080972773567234e-06
-9.394868439457948369e-06
-9.508422658726071685e-06
-9.701060257915835211e-06
-9.821551887959699103e-06
-9.871132880985111256e-06
-1.012323169545477813e-05
-1.041735551491882468e-05
-1.043550640169711331e-05
-1.063285811030278311e-05
-1.072221300919216519e-05
-1.105710947598724670e-05
-1.108792001743076310e-05
-1.152265378854778245e-05
-1.154278608485836854e-05
-1.163745085161188694e-05
-1.199043354369365373e-05
-1.228290956131804480e-05
-1.246550693594979475e-05
-1.253274755104214550e-05
-1.277485833883618810e-05
-1.307623116085755882e-05
-1.326609047432733322e-05
-1.340644891742338982e-05
-1.345273596859137384e-05
-1.349154913195032517e-05
-1.388689338642327625e-05
-1.402402272808172870e-05
-1.424947945586579919e-05
-1.440502900945135233e-05
-1.464652101986630082e-05
-1.467565014512552334e-05
-1.488519858368512923e-05
-1.506103956887950634e-05
-1.514255763124811947e-05
-1.542986920168981500e-05
-1.601816302946005392e-05
-1.618819849719474327e-05
-1.642469128931624368e-05
-1.694994490034928923e-05
-1.703402474544309751e-05
-1.743945128266422264e-05
-1.755821488896504125e-05
-1.760372625586246648e-05
-1.808602832789197576e-05
-1.836966110456773315e-05
-1.861645398803173063e-05
-1.888613233748133091e-05
-1.906664127753178871e-05
-1.922014551459580101e-05
-1.934495696934937858e-05
-1.953598038363195806e-05
-2.024632338321364229e-05
-2.064431752752758761e-05
-2.075286373797373640e-05
-2.141497616190846589e-05
-2.178328291540421624e-05
-2.209065389183032080e-05
-2.231900663565603859e-05
-2.274848101878205656e-05
-2.286127536189806145e-05
-2.298984629983919113e-05
-2.314365410193504588e-05
-2.333238717151821703e-05
-2.372565939715095705e-05
-2.406535666114997590e-05
-2.430963132893118766e-05
-2.476924670543010498e-05
-2.489401333809746459e-05
-2.560650333987956738e-05
-2.561607649886319977e-05
-2.656320040312825850e-05
-2.683066322300534280e-05
-2.708289082294123348e-05
-2.720313043893846268e-05
-2.751697069527125916e-05
-2.815432034089833057e-05
-2.849326893826418215e-05
-2.944968604392859095e-05
-2.974824886918957972e-05
-3.010612825442473604e-05
-3.052254136266320425e-05
-3.057807821397141634e-05
-3.078284489879710913e-05
-3.149131157770001545e-05
-3.188127456348860520e-05
-3.266085746934182344e-05
-3.318603644507469767e-05
-3.397156080385208416e-05
-3.443762301804503405e-05
-3.475420386486192178e-05
-3.497786609661628760e-05
-3.551067406341510796e-05
-3.578510008478429544e-05
-3.638951132590377124e-05
-3.696473333288328989e-05
-3.709989185306542344e-05
-3.726565813330524202e-05
-3.774250394370326722e-05
-3.818701449455346478e-05
-3.844739115868474739e-05
-3.914248947687520229e-05
-3.986549426278532775e-05
-4.003971137833859474e-05
-4.083975877074691029e-05
-4.238180800614118189e-05
-4.331046544477281529e-05
-4.367458149069001317e-05
-4.407960724517154163e-05
-4.455162184645716772e-05
-4.548420461851292954e-05
-4.572166932838637429e-05
-4.643847822429817925e-05
-4.739853297064620930e-05
-4.872745250378399161e-05
-4.936885473767403632e-05
-4.976139749258671086e-05
-5.033826025468645212e-05
-5.068826278676247027e-05
-5.140450823996978798e-05
-5.200566916832138881e-05
-5.291744810311590775e-05
-5.407495527666072359e-05
-5.493432055576487447e-05
-5.494599516775609333e-05
-5.716614084515088493e-05
-5.788099335326895943e-05
-5.872085456250048191e-05
-5.916364888528843999e-05
-5.972190543760861692e-05
-6.006025084682255254e-05
-6.155496924039565289e-05
-6.316948532315380758e-05
-6.325995686393462956e-05
-6.479613028174347682e-05
-6.669265549249707794e-05
-6.757146173237003797e-05
-6.826920564701418107e-05
-6.955925814094786981e-05
-7.010034796136146214e-05
-7.118022386976967939e-05
-7.311751104194972272e-05
-7.483476252996810487e-05
-7.496030408031641504e-05
-7.638605103385510357e-05
-7.787182305211008183e-05
-7.885527172488853744e-05
-8.038002468498284421e-05
-8.166163849021235090e-05
-8.331631746576079211e-05
-8.379959372923220329e-05
-8.541279536950615247e-05
-8.666229947382193919e-05
-8.811566290522034658e-05
-8.984138248710047314e-05
-9.248466436141651115e-05
-9.273839874986832151e-05
-9.383463134939922987e-05
-9.525386712109132456e-05
-9.729233313394622645e-05
-9.873048887627505885e-05
-9.979664586421319017e-05
-1.005736527011191734e-04
-1.014805729319228353e-04
-1.060742047774271534e-04
-1.075458937988681032e-04
-1.077056139442686330e-04
-1.095390094124002849e-04
-1.115371255138370078e-04
-1.140521349075288043e-04
-1.154594794991298755e-04
-1.174845941201092586e-04
-1.198599813872781432e-04
-1.215992123540905149e-04
-1.250312486062604722e-04
-1.288565406320690615e-04
-1.298201158459806766e-04
-1.316466727264549929e-04
-1.326023962373210324e-04
-1.388116545121587412e-04
-1.415520596417590906e-04
-1.429572073916294574e-04
-1.478675858101828730e-04
-1.504912865071459088e-04
-1.540568015170853857e-04
-1.600504387546674862e-04
-1.665385331573300358e-04
-1.687596231788120627e-04
-1.702154479566754790e-04
-1.766616075725763917e-04
-1.828990529285378936e-04
-1.843960933455415839e-04
-1.960214267324245693e-04
-2.030826844493139216e-04
-2.067516376129740021e-04
-2.098389080291687887e-04
-2.167247260262754566e-04
-2.199001165150130837e-04
-2.286458648346853962e-04
-2.339438959829102807e-04
-2.396774424611821568e-04
-2.406026363503703178e-04
-2.516740540229357183e-04
-2.573341139742914979e-04
-2.669244033182931316e-04
