-1.326277208159397425e+00
-2.105791985452750148e-01
-1.750691670823258383e-01
-6.864722594137800948e-02
-5.809485286761822964e-02
-4.112028047617596188e-02
-3.753524022026161200e-02
-2.321746850812875587e-02
-2.029752998309366022e-02
-1.809248824279326498e-02
-1.574750797255354551e-02
-1.319535161832191376e-02
-1.217707878591240550e-02
-1.118021874215317270e-02
-9.498780379620480954e-03
-8.364871100797944062e-03
-8.223790439836987931e-03
-7.897173053074279733e-03
-7.340085975649813209e-03
-6.592207060861134810e-03
-5.279156563289366666e-03
-4.917069232028683200e-03
-4.797409633388110065e-03
-4.257405370855288015e-03
-4.111681277881161500e-03
-3.906893243582759689e-03
-3.782003402144527675e-03
-3.536341755706393433e-03
-3.379403672656209386e-03
-3.115116130158831868e-03
-2.894868375816146526e-03
-2.871924959455563267e-03
-2.691155126869576239e-03
-2.480424387408147833e-03
-2.339536628101076925e-03
-2.310225042867339838e-03
-2.171408734698173065e-03
-2.134175558545852672e-03
-2.060690297303870329e-03
-1.943327835330290517e-03
-1.845168366144446905e-03
-1.777524933710708088e-03
-1.681366832744140248e-03
-1.628696750956829063e-03
-1.585961142963285622e-03
-1.505517224429437978e-03
-1.443278303688594767e-03
-1.402161856655109772e-03
-1.326364978024632433e-03
-1.284602300143798627e-03
-1.190684805710204297e-03
-1.183785951297627176e-03
-1.140212014367786948e-03
-1.085284990149834681e-03
-1.069348248718333602e-03
-1.022493464723955251e-03
-9.922494366475225619e-04
-9.639059671773940897e-04
-9.306140638358008669e-04
-9.223060137333701424e-04
-8.651112008626939956e-04
-8.260899093939681271e-04
-7.837026385657040566e-04
-7.707442287049889396e-04
-7.289860640803466499e-04
-7.255741793846655309e-04
-6.968740250918064498e-04
-6.791321778987717116e-04
-6.362341102933358325e-04
-6.252443980122131999e-04
-6.144702185529858120e-04
-5.930880640617501240e-04
-5.775135809803963721e-04
-5.675814694571650358e-04
-5.327479287967598533e-04
-5.004497108846528257e-04
-4.861914132650391272e-04
-4.813737469899723198e-04
-4.768684738151000315e-04
-4.572454925218776152e-04
-4.477030522011211174e-04
-4.358571408336624382e-04
-4.304316904045124223e-04
-4.151783256762790102e-04
-3.940624458796148418e-04
-3.910450412590984809e-04
-3.775361927388995865e-04
-3.693636234494392578e-04
-3.598159077222578563e-04
-3.450292057125958355e-04
-3.300546818452130301e-04
-3.201682122075486946e-04
-3.145374561233450273e-04
-3.067855501130664934e-04
-2.965815122544174579e-04
-2.927901817406580254e-04
-2.842297325644111967e-04
-2.838241679303867850e-04
-2.700720147864691940e-04
-2.544843695081362451e-04
-2.504815000201663202e-04
-2.498840732911733367e-04
-2.391560727823832005e-04
-2.284761788047500310e-04
-2.215041565540792695e-04
-2.185523264798283378e-04
-2.085879768954463861e-04
-1.997081908182932880e-04
-1.926959737594243014e-04
-1.911594165219448278e-04
-1.854998050620623913e-04
-1.814963108843568981e-04
-1.779704894837080744e-04
-1.726198686435294154e-04
-1.681678346096521053e-04
-1.628138112805912238e-04
-1.568699788585462126e-04
-1.531338641617756519e-04
-1.501606421546511621e-04
-1.444114334184307808e-04
-1.371554758062794646e-04
-1.332575972403090084e-04
-1.276158786608351753e-04
-1.259419110178845497e-04
-1.227661207819089799e-04
-1.177902559969126013e-04
-1.140900497232538214e-04
-1.104335051585268707e-04
-1.095115890428978889e-04
-1.074415849052188127e-04
-1.061032547659169779e-04
-1.000612184200025330e-04
-9.653121236981369825e-05
-9.546627674651009124e-05
-9.393823816726581044e-05
-9.143554570307560372e-05
-8.809058846770635904e-05
-8.536119870748576648e-05
-8.383575277990932997e-05
-8.342791900487168618e-05
-8.201890250103896236e-05
-7.770812666595754386e-05
-7.692499617057759755e-05
-7.477486654050823902e-05
-7.111828344451095085e-05
-6.800447651664059403e-05
-6.469051155271235941e-05
-6.319495703286179137e-05
-6.206819670533693107e-05
-6.154028113862236181e-05
-5.928164110247187473e-05
-5.890726687464742541e-05
-5.750836224620887863e-05
-5.449327260534757842e-05
-5.235230516563816412e-05
-5.184753075010860350e-05
-5.065749046453932287e-05
-4.962182731165905124e-05
-4.861340958396561079e-05
-4.587076096937432572e-05
-4.483201207653280122e-05
-4.286803072468462736e-05
-4.163147335249506043e-05
-4.129319262022670029e-05
-4.092924475714981034e-05
-3.906417418842993979e-05
-3.805845058600057940e-05
-3.737986233050669311e-05
-3.624106182876084839e-05
-3.543278191856997404e-05
-3.398811049547186973e-05
-3.306223327710611747e-05
-3.277388615582216958e-05
-3.151549355172812483e-05
-3.055165015303626570e-05
-2.865493908594030068e-05
-2.791089732647062730e-05
-2.694262404708586443e-05
-2.644780498397094311e-05
-2.559042832504943366e-05
-2.472615489121483091e-05
-2.379445747382834993e-05
-2.289483018518901738e-05
-2.267720691597889491e-05
-2.206396309344920090e-05
-2.096316727751259393e-05
-2.061445269075817650e-05
-2.039095493350533391e-05
-1.978054325942456434e-05
-1.854071636528611689e-05
-1.840378513556679703e-05
-1.737557038325367870e-05
-1.709133449761600327e-05
-1.649699061787985964e-05
-1.548462823484938566e-05
-1.460256079202970950e-05
-1.442273449822227371e-05
-1.395021351047630775e-05
-1.363444299645770015e-05
-1.246994083138837924e-05
-1.204537291334400740e-05
-1.157301071378097644e-05
-1.115686585840960172e-05
-1.074950421138051122e-05
-1.032180327828587980e-05
-1.010471885426337557e-05
-9.447393491346171948e-06
-9.370133895298616493e-06
-8.876169751753824484e-06
-8.505242453668206560e-06
-8.396364349191924053e-06
-7.657882749652078976e-06
-7.420877946099455017e-06
-6.965462973550008875e-06
-6.710062133433689440e-06
-6.613222426076927837e-06
-6.229281818163974272e-06
-6.118155395755642551e-06
-5.499233350340741733e-06
-5.205647746445251293e-06
-4.852067330305919038e-06
-4.679015861302473189e-06
-4.589244706949191265e-06
-4.389440576475797545e-06
-4.215472293355436935e-06
-3.952592433034188834e-06
-3.598286543098564058e-06
-3.240589536503152493e-06
-3.021632591556328025e-06
-2.724269394030900239e-06
-2.575659891066083021e-06
-2.283180631920798241e-06
-2.036892673076479378e-06
-1.899108182710302122e-06
-1.758196766652818539e-06
-1.395674849329129015e-06
-1.263951377800856527e-06
-9.117811802286431188e-07
-6.870931470661630944e-07
-4.774437699225820718e-07
-3.707080297350471043e-07
-2.733162345555665400e-07
-1.514052084540262943e-07
-1.338761195382989493e-07
-1.161743175118061757e-07
-7.588966931446011178e-08
-3.266558068359688255e-08
-8.170125499731798272e-09
-3.941605969691586987e-09
-6.723994963348761538e-10
-3.507026153436679240e-20
2.430317344409728882e-19
8.179195343603116939e-12
5.970185817525755580e-09
7.873301011795533086e-09
2.358213157429765666e-08
3.193001609881731259e-08
5.923361279648983777e-08
1.026853064579141318e-07
1.109361085369325603e-07
1.183128433067772364e-07
1.348822322011608464e-07
1.635190339769059520e-07
2.230765838480514803e-07
2.512540924355303098e-07
2.794969555035593933e-07
3.081067421254658135e-07
3.737634627848526207e-07
4.357417914483392983e-07
4.542377663986453817e-07
4.918602230392332162e-07
5.290018470513955921e-07
6.071260662264214170e-07
6.584749294956146797e-07
6.887543571529364565e-07
7.943648840627552507e-07
9.160606357122561740e-07
1.013561832631205094e-06
1.096343486764520055e-06
1.250587334573193066e-06
1.272027281824347101e-06
1.529235884833233774e-06
1.719773718060257276e-06
1.849415134671498793e-06
1.951198120813397704e-06
1.983200751220519729e-06
2.083972042866097847e-06
2.287364819980915690e-06
2.380523760613331599e-06
2.525403751089725932e-06
2.664321070643678589e-06
2.888755724842623388e-06
3.087444292733933742e-06
3.193002571785841037e-06
3.475955133748820779e-06
3.723649644217806794e-06
4.028557530233414067e-06
4.078781551950904082e-06
4.456561435346855547e-06
4.680832172719642115e-06
5.237292424394696462e-06
5.274760374162534954e-06
5.852660422703191183e-06
5.947579798948436568e-06
6.426362568624346879e-06
7.087089899813240753e-06
7.630928381569724951e-06
7.758574112260171077e-06
9.048421485161212773e-06
9.228915069681024850e-06
9.355246489354807060e-06
9.830757259049717481e-06
1.012638754379504330e-05
1.020547854929587619e-05
1.071903037358108170e-05
1.190168320124140297e-05
1.267645326413074247e-05
1.334213180521727728e-05
1.341494952859612333e-05
1.474919044244876824e-05
1.590222061188007347e-05
1.659967226757010141e-05
1.804207222276076926e-05
1.901703483691134132e-05
2.011326177613718675e-05
2.062107032323636099e-05
2.185713605029191681e-05
2.484469108193793023e-05
2.534468695494620493e-05
2.556967486566586524e-05
2.635173699888837599e-05
2.859417846949219676e-05
3.074589837724430483e-05
3.120014384217187662e-05
3.265436990673884838e-05
3.587732230616170852e-05
3.660221634980020971e-05
3.903271110981419625e-05
4.133123811722073259e-05
4.277340344596771310e-05
4.495438246847339292e-05
4.729719625491115106e-05
4.860630920133574755e-05
5.120423475422293714e-05
5.331310779610146127e-05
5.529956533889836924e-05
5.985445124168229834e-05
6.074090259988008207e-05
6.672033999032835581e-05
6.991747937292608090e-05
7.108631699208206871e-05
7.452449310440953855e-05
8.025893492531236914e-05
8.174756238593070034e-05
8.736194489774029841e-05
9.072639062626389119e-05
9.476211927776374399e-05
9.681060108042080503e-05
1.043337747325799201e-04
1.116453065227118274e-04
1.128287064007123909e-04
1.134931821075935507e-04
1.205382688690137809e-04
1.220360205240688761e-04
1.341313820664139682e-04
1.395033674947442396e-04
1.430829220550643231e-04
1.478953979510669217e-04
1.503150409197966174e-04
1.544945571892313604e-04
1.640920784165760080e-04
1.796359298754324695e-04
1.855338567897665358e-04
1.957403400540394989e-04
2.048219070773773447e-04
2.233630410358633425e-04
2.379608439757714634e-04
2.421090293796158283e-04
2.541924457883742950e-04
2.651927750696865234e-04
2.761955664859638447e-04
3.017455507678073567e-04
3.092399448842422446e-04
3.189357272208736974e-04
3.375819883003204256e-04
3.544252292590854120e-04
3.834084637448007113e-04
3.982836671180049705e-04
4.173417266006524220e-04
4.344225145408490106e-04
4.562405812658922532e-04
4.593137385902532326e-04
4.640764897900361181e-04
5.314419051007457720e-04
5.453276418261081759e-04
5.740121395692957288e-04
5.930238588160111762e-04
6.334015998367510322e-04
6.793029141154779829e-04
7.038610836479003083e-04
7.176303583416621416e-04
7.771859495702400453e-04
8.253158366135274464e-04
8.690896555624033799e-04
9.270386817087773561e-04
1.045063754723818752e-03
1.065493835145289985e-03
1.127168167614383317e-03
1.163525725561124309e-03
1.178438271531859248e-03
1.210433553215833078e-03
1.311082275906310475e-03
1.361984251480109851e-03
1.416943017993547126e-03
1.557800310919087378e-03
1.576892766361919114e-03
1.721393161036735911e-03
1.823249040142644294e-03
2.025343762503136347e-03
2.185149231573373270e-03
2.348598502892459798e-03
2.395180253070866572e-03
2.407271034458478062e-03
3.025059398826909079e-03
3.123102062785051026e-03
3.755261903916639644e-03
4.081512574047031078e-03
4.615552896064552615e-03
4.849402475319546796e-03
5.277381187653948195e-03
6.793037862192724367e-03
7.263274168323062205e-03
8.965550532606890097e-03
1.001472173028155298e-02
1.196482776752779906e-02
1.548491247528787154e-02
1.793228424387049644e-02
2.540519513498437285e-02
3.672098896139932428e-02
6.011515233040392453e-02
2.032450423918369664e-01
