-5.223608967055392040e-18
-2.776415040516343399e-18
-2.193507393542445959e-18
-1.836056016863598309e-18
-1.581490069956982497e-18
-1.377197972250800086e-18
-1.220244240122067702e-18
-1.014449201174921447e-18
-9.356841120757019870e-19
-9.144090336707471792e-19
-8.448990920644002443e-19
-7.847473844943655025e-19
-7.307453354728733434e-19
-6.945806532813606083e-19
-6.813008818604781639e-19
-6.427505553709609846e-19
-6.197302989059384620e-19
-6.052048497168836616e-19
-5.789069502278770843e-19
-5.671679541053215737e-19
-5.536167020086040297e-19
-5.520755130598358717e-19
-5.162065770681015366e-19
-4.990933915444714862e-19
-4.839393259760227827e-19
-4.663019263259067971e-19
-4.525392645804309863e-19
-4.428335316987012479e-19
-4.413215029733929876e-19
-4.294542444166363099e-19
-4.061397679185173297e-19
-4.043010901713605098e-19
-3.997683159378813409e-19
-3.871693319220768818e-19
-3.753886988227487729e-19
-3.714914858511949683e-19
-3.632860693565191228e-19
-3.519711187689972735e-19
-3.507224996237785731e-19
-3.439652541979653176e-19
-3.425585289625204119e-19
-3.310471589186426835e-19
-3.246368176871339645e-19
-3.224627915853094777e-19
-3.150551440081290137e-19
-3.099352774520542544e-19
-3.071483740514490367e-19
-2.974103165244574207e-19
-2.939415503906502928e-19
-2.908674090202860419e-19
-2.847051120715130036e-19
-2.772282402211706185e-19
-2.718142869174027317e-19
-2.660384229195161324e-19
-2.628312115924385012e-19
-2.552542230149965242e-19
-2.544722055330963193e-19
-2.529047046823254508e-19
-2.473099899161348730e-19
-2.449780050688389867e-19
-2.424996570583179825e-19
-2.386608200241964285e-19
-2.345706588867790003e-19
-2.310747315324184512e-19
-2.265245004842820061e-19
-2.230397897411196435e-19
-2.138196049615623918e-19
-2.120458624452798263e-19
-2.116356864232447816e-19
-2.087112738498788602e-19
-2.052466024747785754e-19
-2.010923454693830716e-19
-1.979393740264883568e-19
-1.947405494537403236e-19
-1.937741700093526741e-19
-1.911572686453764267e-19
-1.905628392844690957e-19
-1.863009838754295877e-19
-1.795783070755808392e-19
-1.768494970758187489e-19
-1.760339259922694250e-19
-1.726527753428413522e-19
-1.682197223899302465e-19
-1.648092668099916015e-19
-1.612581936074730086e-19
-1.591582012884861709e-19
-1.588700924491294292e-19
-1.566573451882250939e-19
-1.541427724890740562e-19
-1.536543848648209146e-19
-1.499456787617461583e-19
-1.488130614098083437e-19
-1.477873965175764739e-19
-1.458262337234547716e-19
-1.406899411856156400e-19
-1.384556970969893104e-19
-1.377167603683858500e-19
-1.373915766471267337e-19
-1.351043475601827699e-19
-1.321085151339940666e-19
-1.296559082593323891e-19
-1.272899609783220020e-19
-1.260446007858493893e-19
-1.259671031560027452e-19
-1.224473443577997948e-19
-1.212867247472576295e-19
-1.169826899226204499e-19
-1.147868571315544748e-19
-1.132301881693743322e-19
-1.129242453399174695e-19
-1.108152450596645846e-19
-1.069604287543273099e-19
-1.066744391397411604e-19
-1.044222204215992048e-19
-1.038708842615371836e-19
-1.028106421772199697e-19
-1.010537012437143937e-19
-9.977634868148476528e-20
-9.842674659390611186e-20
-9.638850826634747329e-20
-9.497264508562800724e-20
-9.385301129721367455e-20
-9.224215404952702725e-20
-9.091781842864387248e-20
-8.869485271779018336e-20
-8.711468595294464606e-20
-8.478690217063096890e-20
-8.368552962564165936e-20
-8.262508173254264770e-20
-8.187802473935212502e-20
-8.023816335711240566e-20
-7.928040256640774829e-20
-7.496253030878015482e-20
-7.428400554409744353e-20
-7.273703433701380868e-20
-7.166172583269387274e-20
-7.094631168243690341e-20
-6.901998685192705167e-20
-6.823677261293491344e-20
-6.683557717016831759e-20
-6.596234115255123815e-20
-6.536668984118311139e-20
-6.487356005225804546e-20
-6.286950498289671639e-20
-6.274892591697890326e-20
-6.158139514205520286e-20
-6.095599410190794897e-20
-5.703348357369680696e-20
-5.664805361173325239e-20
-5.614971410168846929e-20
-5.486645202429633369e-20
-5.430685920447920464e-20
-5.295220358939393456e-20
-5.134684612182387676e-20
-5.007215692500606507e-20
-4.919343834228889635e-20
-4.791246098681119401e-20
-4.732027303840871526e-20
-4.567990572615768969e-20
-4.473768947498863761e-20
-4.380625259482994940e-20
-4.216166229289822476e-20
-4.154888001815850453e-20
-3.944925954959294549e-20
-3.893082569118127020e-20
-3.824651746392940916e-20
-3.616165381734737232e-20
-3.542687019405255248e-20
-3.420868723296189861e-20
-3.291188454105943158e-20
-3.092861471790821211e-20
-2.990121902932661794e-20
-2.871051322714103268e-20
-2.846880737158345902e-20
-2.823691735750925962e-20
-2.715445444475932038e-20
-2.462706635579654092e-20
-2.405935135191725572e-20
-2.245769626082500748e-20
-2.180329804474946323e-20
-2.043072267345792208e-20
-2.021790811665419897e-20
-1.929866369878731040e-20
-1.795197016538858081e-20
-1.740671689250151522e-20
-1.679900594149072341e-20
-1.625626578206285142e-20
-1.491141650607100590e-20
-1.423666422428192710e-20
-1.303930810459964176e-20
-1.279935584396993417e-20
-1.126005465831219299e-20
-1.037468876810795435e-20
-9.834724455400252587e-21
-9.080369194715322022e-21
-8.658693366925498840e-21
-7.607210655802218195e-21
-6.659500332842820154e-21
-5.306793971253558482e-21
-5.145488976491345285e-21
-4.351801738417256808e-21
-3.779175085702950824e-21
-3.307159325589949790e-21
-2.455248218910098039e-21
-2.072828722433780319e-21
-1.693140110244559627e-21
-8.450829373025325039e-22
5.063170149577880454e-22
7.255880931532279295e-22
1.758349617369370839e-21
2.411912764707094427e-21
3.210718969596570765e-21
3.734475028193260610e-21
4.040720355938778926e-21
5.077383596868044464e-21
5.591930981203143869e-21
6.097184918434845918e-21
7.461212958130791940e-21
8.068766939361595942e-21
9.672748176577782972e-21
1.004744226330738775e-20
1.013237145685291921e-20
1.131299060433916313e-20
1.168140756456738920e-20
1.243169621918001532e-20
1.303302149247915634e-20
1.444831563507331616e-20
1.540916062023124125e-20
1.601472885316535116e-20
1.656954193115577251e-20
1.735209919730317590e-20
1.852076035568471248e-20
1.965941236891318045e-20
2.059887698151843581e-20
2.118207235881784688e-20
2.148677580829978879e-20
2.256799010065186774e-20
2.382827791917317122e-20
2.479062689858353115e-20
2.551765916632740516e-20
2.630620061878483200e-20
2.670733311312786360e-20
2.712682861171662401e-20
2.802258237107553418e-20
2.962504542683033065e-20
2.986473996290711855e-20
3.127033309169190889e-20
3.221963895790349944e-20
3.310724815632927097e-20
3.550417808388871848e-20
3.567704492450238015e-20
3.613164598235926377e-20
3.749908053839226014e-20
3.764782240665249502e-20
3.964306521017663103e-20
4.092282658829252829e-20
4.316746224043449950e-20
4.376670730559957604e-20
4.498706302932876474e-20
4.524473692095597477e-20
4.633041185941955453e-20
4.744784583540458510e-20
4.982658142236436824e-20
5.027901250378186702e-20
5.261586230416282988e-20
5.377779724408708480e-20
5.428867694268641682e-20
5.453086188217113268e-20
5.581004074917462534e-20
5.717167143817489009e-20
5.866289237521053913e-20
5.906583621851835554e-20
6.098893992735651718e-20
6.251719768310220340e-20
6.287676776741883994e-20
6.468308354757363428e-20
6.667089570207690645e-20
6.826850326107836163e-20
6.978038904086589978e-20
7.044131906819760485e-20
7.161482233389599744e-20
7.356360583889077517e-20
7.506178359734108866e-20
7.592614013068284154e-20
7.715811576060585920e-20
7.925340961022055875e-20
7.957378999302589107e-20
8.090554032693794204e-20
8.210429810996684070e-20
8.425033009936449511e-20
8.508208562777191319e-20
8.682064670714595377e-20
8.911802681834148264e-20
8.988838312370166812e-20
9.147682052157220746e-20
9.371756558801407068e-20
9.563420798721361278e-20
9.794950472384197340e-20
9.893387982259989894e-20
9.975295776612403960e-20
1.005527163435113785e-19
1.034539151883217475e-19
1.068125826682367011e-19
1.075990892864163780e-19
1.086710442599231868e-19
1.100380061460195761e-19
1.123844751663351068e-19
1.148355147517866878e-19
1.163860430932279871e-19
1.166707309286158297e-19
1.179147843592830725e-19
1.205672964671349938e-19
1.211997484934940763e-19
1.254388716120817713e-19
1.288399097830428028e-19
1.314993964501224190e-19
1.329396580437933857e-19
1.347074789142960908e-19
1.369762786412479378e-19
1.375310640887849949e-19
1.387482662002346253e-19
1.428906813959400577e-19
1.441317250815055375e-19
1.464595577578024877e-19
1.485629789279191699e-19
1.491370533531032045e-19
1.516200583075364446e-19
1.538695611935133183e-19
1.563529819246980746e-19
1.586993131974224407e-19
1.616291802708934932e-19
1.620558154053974060e-19
1.662053014561248845e-19
1.669402895363951080e-19
1.703185753680241852e-19
1.718322718107425915e-19
1.729230624880343356e-19
1.774261144712138466e-19
1.811008036904484731e-19
1.823107239661624453e-19
1.835981396046680720e-19
1.918453229066754653e-19
1.945296736350625623e-19
1.966507241256424585e-19
1.983296451312138317e-19
1.993891555208526457e-19
2.048916655875083638e-19
2.074877021654192358e-19
2.100065226295499705e-19
2.127623802265476229e-19
2.183754811844547485e-19
2.185089056231613386e-19
2.260093445619111129e-19
2.285257318826491054e-19
2.300659728510404463e-19
2.327930770914219232e-19
2.364953676643262032e-19
2.407318812120617467e-19
2.430132015549939067e-19
2.490468054324734812e-19
2.519563552424174165e-19
2.554951895524228063e-19
2.646327487103249124e-19
2.698910131420343339e-19
2.732822900528281160e-19
2.773757963452635398e-19
2.809062012185195542e-19
2.831654372547719518e-19
2.897730961539085199e-19
2.920248051147278637e-19
3.015086017130764694e-19
3.066143232977515244e-19
3.091007635110127638e-19
3.212988213662672122e-19
3.241427590347121476e-19
3.360079790083773942e-19
3.382032156205082152e-19
3.466371100232477109e-19
3.529615613142521242e-19
3.575089161536232323e-19
3.672566292459298093e-19
3.729237866946896077e-19
3.855723822831188242e-19
3.916259835734676332e-19
4.000229553188153676e-19
4.175180196595312959e-19
4.220379837523941945e-19
4.388695790479886163e-19
4.430153334626787550e-19
4.510741603906510648e-19
4.761157430632361094e-19
4.832012352384742308e-19
4.999554514145405420e-19
5.091137288312429751e-19
5.210448480391960901e-19
5.369861918741904969e-19
5.494643018705823600e-19
5.870846982389082391e-19
5.906162066583179815e-19
6.069199949942651985e-19
6.438895602413050771e-19
6.605479349098030162e-19
6.921733032007489456e-19
7.442628251209108118e-19
7.682294974971243525e-19
8.018881495923201821e-19
8.588484483397517101e-19
9.105203814005671676e-19
9.604326232105181182e-19
1.097406689690919167e-18
1.185436398715550070e-18
1.312413885822522976e-18
1.603530954092659149e-18
1.723101858704010663e-18
1.918627456181602440e-18
5.287560820812120520e-18
4.068096940017093525e-06
8.221566824670275932e-06
1.269437114128047652e-05
1.355600839060319126e-05
1.799908692418277506e-05
2.745221006951149644e-05
3.251106730351148590e-05
3.275659195984914298e-05
3.423097771930948795e-05
4.187384415671206516e-05
6.004152161566359561e-05
6.990333481295257496e-05
8.096749647531231741e-05
1.041292220674563886e-04
1.576297437794401963e-04
2.372557066945550793e-04
2.781150576025378683e-04
3.322314110932103604e-04
3.708356899341813152e-04
7.566949354878877050e-04
7.732329783758418217e-04
2.298570894410866330e-03
1.130525835008216150e-02
1.457660047606938736e-02
5.076243779361830355e-02
