2.275235286402865417e-03
2.042141116376332104e-03
1.545957122095365866e-03
1.352061239476757106e-03
1.240138064559577090e-03
1.111168532745018291e-03
1.050320373668449684e-03
9.968933809127293079e-04
9.512739252612974683e-04
8.993017142067467233e-04
8.333791375068025798e-04
7.589277702877515047e-04
7.446173957415042803e-04
6.790219349653013907e-04
6.474437432660190865e-04
5.999504909514158336e-04
5.815466031519356824e-04
5.512042395747910120e-04
5.294368813283878645e-04
5.017180666028719363e-04
4.974024991375679532e-04
4.696897280263626876e-04
4.505261104067818370e-04
4.288738624961424572e-04
4.217572419034221871e-04
4.144524180839503219e-04
3.903211850344287569e-04
3.769470069911137777e-04
3.674639099036465170e-04
3.517074126770987504e-04
3.302069179319413843e-04
3.258864918201187055e-04
3.124444963986948193e-04
3.021688801470030880e-04
2.862607000624639315e-04
2.777263112353290709e-04
2.642340614213278946e-04
2.507976749869302588e-04
2.502207821407175349e-04
2.408738694291312921e-04
2.308759525536711551e-04
2.218004611575386941e-04
2.109153084705259467e-04
2.080148861120260039e-04
2.060168067332285877e-04
1.963858326389356481e-04
1.928535221398223370e-04
1.861655585236877660e-04
1.838153081716180132e-04
1.756139806042874684e-04
1.723824474824562313e-04
1.716262577022612229e-04
1.689420305697882606e-04
1.658769740929602599e-04
1.624357580401769336e-04
1.527353083129633288e-04
1.498410862496860269e-04
1.396183932305855894e-04
1.350281823212505538e-04
1.316946534541069223e-04
1.262923804397383498e-04
1.215009484972968165e-04
1.194272995439575841e-04
1.183174983969105466e-04
1.098151067561209702e-04
1.075663056243847068e-04
1.045984437309063113e-04
9.841724835380025616e-05
9.752462120919212893e-05
9.525342198943669817e-05
9.403350354451165565e-05
9.059181628081323413e-05
8.726157721196040181e-05
8.498042196828632471e-05
8.340377683996284147e-05
8.120187878373760293e-05
7.674893519958426807e-05
7.421037769231573252e-05
7.196862200923158262e-05
7.149624817170975295e-05
6.805387868953909243e-05
6.629714834937006616e-05
6.553194988770277602e-05
6.242079236765959256e-05
5.980224743537846196e-05
5.834173819615969962e-05
5.401296015924686629e-05
5.270206348818679904e-05
5.051475608045105978e-05
4.931307025701435183e-05
4.714945738344819212e-05
4.551771200888827493e-05
4.411529262665274078e-05
4.306351683950358571e-05
4.155451276069398734e-05
4.104275497079896235e-05
3.847114475912036534e-05
3.780334468398563528e-05
3.522126700931082750e-05
3.478628081918127196e-05
3.362431433536148666e-05
3.325084122611680291e-05
3.207465383344665854e-05
3.087173133581345172e-05
3.029788691832853892e-05
2.941143425331056358e-05
2.803590085279469613e-05
2.774502514175492568e-05
2.630036364945579898e-05
2.588911039132638225e-05
2.531602049701372668e-05
2.450431342695694940e-05
2.390268455822772985e-05
2.302896733766702031e-05
2.287023798433337750e-05
2.134950236230531747e-05
2.083328399082306088e-05
2.004204874836189984e-05
1.878466569424504682e-05
1.818159148776420483e-05
1.751423737224135823e-05
1.743769976149953791e-05
1.681919663999584057e-05
1.604277905339625989e-05
1.578162964788810927e-05
1.471108960578098465e-05
1.381489432643562780e-05
1.355634191529172897e-05
1.292360608338746714e-05
1.254634402311673107e-05
1.199135637371142563e-05
1.156720708576805491e-05
1.146790581463140890e-05
1.069658665059011839e-05
1.036472325384350804e-05
1.015922503562977105e-05
9.789648684888777524e-06
9.409990650032620376e-06
9.013690553542391324e-06
8.655733281771987425e-06
7.964718032112595594e-06
7.811048582560129857e-06
7.355050790107394991e-06
6.965453511418150603e-06
6.667465544071516325e-06
6.396929712808604653e-06
6.071684075190151031e-06
6.010167436299824783e-06
5.608531507516783069e-06
5.136683945808720779e-06
5.031459619789799114e-06
4.870043406283871312e-06
4.425515437733307985e-06
4.293679810049215470e-06
4.178512185963851011e-06
4.032809532596904132e-06
3.740138683771172907e-06
3.560132308645787135e-06
3.264161428153520771e-06
2.995867011793018353e-06
2.825402522768987462e-06
2.656648241494004101e-06
2.519505599889702083e-06
2.406449462197166413e-06
2.373771126915213714e-06
2.159227191053322491e-06
2.134528452519563590e-06
1.942470730198539815e-06
1.817714416146178161e-06
1.612563047531880492e-06
1.474472740094523405e-06
1.283894830162667160e-06
1.191005364396767054e-06
1.068822892376300389e-06
1.002233380134446020e-06
9.142870707907593363e-07
8.820458851935296532e-07
7.691272778410536635e-07
6.395497024709028422e-07
6.014635460367856740e-07
4.780975397745699066e-07
4.379891456117882225e-07
3.454464266819063278e-07
2.362561152403510665e-07
2.060647352347928255e-07
1.538982500629882284e-07
1.391894276290230815e-07
4.560576937803531153e-08
2.478751074762619304e-10
3.096964319021396738e-21
-1.599371336189653793e-20
-5.555596984204611822e-08
-9.684971265643973234e-08
-2.262084028700069016e-07
-2.352163397477712131e-07
-3.052167494681507577e-07
-3.741388904775510188e-07
-4.181036894451186259e-07
-4.915992714491727681e-07
-5.200166797738567558e-07
-6.321060070771067141e-07
-7.469660459129984680e-07
-8.870398458413769386e-07
-1.012989818163506788e-06
-1.126284816038452223e-06
-1.152223102677521438e-06
-1.264310948917941484e-06
-1.289732154345813774e-06
-1.365313987533785444e-06
-1.528541562629935494e-06
-1.594191955771863704e-06
-1.628199541179138850e-06
-1.959559906248177565e-06
-1.960166955693207503e-06
-2.062932338382614491e-06
-2.151512181682926346e-06
-2.318032472172336614e-06
-2.386571345590009558e-06
-2.458940168678214088e-06
-2.664452752961720987e-06
-2.787271310893804291e-06
-2.874429183415409990e-06
-2.960994124058260591e-06
-3.093600122452572384e-06
-3.166920775124724957e-06
-3.404907563720180672e-06
-3.428655256410781116e-06
-3.643634986365181107e-06
-3.847384974757978996e-06
-3.899955849041405690e-06
-4.253151205873857761e-06
-4.268754043981412131e-06
-4.610007089596682725e-06
-4.715763850237189308e-06
-4.895827721783886500e-06
-4.991903036229903390e-06
-5.102917713506806996e-06
-5.281612674168423597e-06
-5.697635511459184236e-06
-5.792125237849982269e-06
-6.044613449292292102e-06
-6.274745596521681717e-06
-6.400331009237732171e-06
-6.486930084609770509e-06
-6.862939128734422911e-06
-6.955996036149711801e-06
-7.389933903543180229e-06
-7.859306489071954185e-06
-8.235769753570773005e-06
-8.386457541440604639e-06
-8.814620566345215605e-06
-9.064643301761661186e-06
-9.348323926037752790e-06
-9.601792788684797983e-06
-9.732186849126719320e-06
-1.026727970474344845e-05
-1.049445739950429568e-05
-1.098214360722163015e-05
-1.129420900325642223e-05
-1.152100133016857041e-05
-1.172429327645685091e-05
-1.193074355797964898e-05
-1.211995221330488970e-05
-1.255758767373684955e-05
-1.275167617825682125e-05
-1.301532412814587431e-05
-1.329093630318117459e-05
-1.399033780614223191e-05
-1.453040058672620629e-05
-1.464892809816582418e-05
-1.475608118481749224e-05
-1.555876753629275151e-05
-1.581632186903038318e-05
-1.640998631777528145e-05
-1.656405212582551261e-05
-1.741454817008828701e-05
-1.747240008320960866e-05
-1.807077082979642422e-05
-1.850661423973713261e-05
-1.873266013380828324e-05
-1.910211617727219674e-05
-1.969546518550372452e-05
-2.043109101842796780e-05
-2.065711096891969392e-05
-2.191148887075164078e-05
-2.212457725613806592e-05
-2.272336189240668278e-05
-2.317545949809174437e-05
-2.371000233883897661e-05
-2.439533917483272660e-05
-2.475295375956845025e-05
-2.502308179598889434e-05
-2.617345959330680345e-05
-2.674430538873440505e-05
-2.715719688656892549e-05
-2.777979523161871071e-05
-2.849273143483156386e-05
-2.951537608917992114e-05
-3.060387663787609213e-05
-3.064277133865183413e-05
-3.181488584602365488e-05
-3.232265113330720467e-05
-3.254164239451149917e-05
-3.302486967123378464e-05
-3.480195497960873898e-05
-3.520945486187084666e-05
-3.642262683659102697e-05
-3.765584673282937068e-05
-3.797970248237058310e-05
-3.955804624919387661e-05
-4.061704642354148489e-05
-4.105440615362413039e-05
-4.271123459958805867e-05
-4.374179300838764827e-05
-4.435834753322803026e-05
-4.583094435861305747e-05
-4.682302689609750681e-05
-4.840051087917945276e-05
-4.926560138109826385e-05
-5.084868714834362883e-05
-5.187847918894322545e-05
-5.365430480758479656e-05
-5.401394086960724004e-05
-5.585933881320085173e-05
-5.659806201543411816e-05
-5.829527485340947862e-05
-5.915764503910694264e-05
-6.026877484852170955e-05
-6.111506719547246658e-05
-6.362737991361698336e-05
-6.523146253146583189e-05
-6.612405836111141387e-05
-6.817108381164049759e-05
-6.892008041908631816e-05
-7.134293490386131326e-05
-7.183151370241908724e-05
-7.510340332292382147e-05
-7.537889092769023349e-05
-7.644993882853615185e-05
-7.979827962274256038e-05
-8.014863296579555999e-05
-8.287986401595913812e-05
-8.529229137955235873e-05
-8.729369110230500136e-05
-8.746332082929458114e-05
-9.156316108752227232e-05
-9.327032026254697113e-05
-9.471100949382182065e-05
-9.733977072617423136e-05
-9.912446666965197260e-05
-1.012801934041714411e-04
-1.041449612276927898e-04
-1.053367656914046176e-04
-1.074952467691722214e-04
-1.108993127998002861e-04
-1.124659245332429333e-04
-1.146908206924980112e-04
-1.180129029834646882e-04
-1.218053781868819473e-04
-1.240713503079927222e-04
-1.263998343292500502e-04
-1.275324643870256579e-04
-1.276706468738184562e-04
-1.322089500467180860e-04
-1.371795023578753188e-04
-1.423867867851050456e-04
-1.439151186383316554e-04
-1.456503006834283949e-04
-1.512019803145970545e-04
-1.573469907638194503e-04
-1.607070900446247290e-04
-1.627001365500783437e-04
-1.679662824950478052e-04
-1.699967081434272556e-04
-1.728644393459655094e-04
-1.802184012083649805e-04
-1.853698581805342108e-04
-1.875521314842487912e-04
-1.904655793073482806e-04
-1.949106477480919695e-04
-1.977785520562200358e-04
-2.006430641882276733e-04
-2.061087031663954845e-04
-2.135027271270176577e-04
-2.167924667884801502e-04
-2.288591625378206173e-04
-2.319503927253972059e-04
-2.366104783502092962e-04
-2.486788576490873894e-04
-2.555252698351375145e-04
-2.607952502286671318e-04
-2.633515097125609973e-04
-2.667679149266944131e-04
-2.762671317570163923e-04
-2.858969368766238082e-04
-2.905039390550499812e-04
-2.977320277357693983e-04
-3.029349054147122090e-04
-3.125860808763684332e-04
-3.185163202906220658e-04
-3.290053009487578289e-04
-3.311670490028231165e-04
-3.503043246125413408e-04
-3.573061051809960716e-04
-3.661295863962701685e-04
-3.834866494846267187e-04
-3.908534722826400047e-04
-3.951127813544372410e-04
-4.134371888111413153e-04
-4.284974234335102742e-04
-4.320751135828080616e-04
-4.550155029528043702e-04
-4.702352363330936113e-04
-4.735003776328679725e-04
-5.043483506431621329e-04
-5.115439989222978975e-04
-5.370921277810796358e-04
-5.465288863182580538e-04
-5.763784159743760415e-04
-5.937918047517418965e-04
-6.290838664176174547e-04
-6.655370659997928784e-04
-6.862490984639167029e-04
-6.897925841545577861e-04
-7.091318129466246201e-04
-7.574103025441283410e-04
-7.995470024729895396e-04
-8.231564125168920826e-04
-8.610441706839490079e-04
-8.724224902879498637e-04
-8.812677460557645070e-04
-9.070518637415892925e-04
-1.025586032456162096e-03
-1.056328191738607238e-03
-1.198863773496075015e-03
-1.244154005917839922e-03
-1.294968830722263188e-03
-1.358274875875526430e-03
-1.622724958942414492e-03
-1.699923653241070280e-03
-1.728876191255018834e-03
