1.757190544797449655e-02
1.533100217427249383e-02
1.168770416207722505e-02
5.455218565211160386e-03
3.986613128410702173e-03
3.771824608946283165e-03
3.351505209518970164e-03
2.031183588187655039e-03
1.916196174498641016e-03
1.880393967333793531e-03
1.702661705908634342e-03
1.610108594487100241e-03
1.476402545484789856e-03
1.440084056125970303e-03
1.396036515285502440e-03
1.347919024716836157e-03
1.250357617333874242e-03
1.218102106134048151e-03
1.148282230122066837e-03
1.086568507572275872e-03
9.468006461279424111e-04
9.304401202933506275e-04
9.165917148616711807e-04
8.691861512624620648e-04
8.553125104335089360e-04
7.655989715358625398e-04
7.534035936457952106e-04
7.176272273665075443e-04
7.147089453348239724e-04
6.865138009813821643e-04
6.711117270855898207e-04
6.529957221892404486e-04
6.107187975330699700e-04
5.849328490274939563e-04
5.621658295305772537e-04
5.390035585599382405e-04
5.204154364893212332e-04
4.941285057566170702e-04
4.917242711476605549e-04
4.770609805719946040e-04
4.634607356301105488e-04
4.505847200984717583e-04
4.364159619783426346e-04
4.251519493764505239e-04
4.140943472826382442e-04
4.048648917643920446e-04
3.973472977180215028e-04
3.911695517917384082e-04
3.662817780366866573e-04
3.559627560260466487e-04
3.458079344134080361e-04
3.412005924139848378e-04
3.326518899601461562e-04
3.315184482801766439e-04
3.164971718060215059e-04
3.114749133592195347e-04
2.986421133749012145e-04
2.980162444783447011e-04
2.899535912162834158e-04
2.777655958765508685e-04
2.705960530685588882e-04
2.656564463133487112e-04
2.599690572627591815e-04
2.495178589276542515e-04
2.418571891599394469e-04
2.371270448032780122e-04
2.364332223261657827e-04
2.193483545746288145e-04
2.156654834001855514e-04
2.089801697791970165e-04
2.079070029536852701e-04
2.043598038919808009e-04
1.995660446852045450e-04
1.944920357390919640e-04
1.873239032575925098e-04
1.849943771716645717e-04
1.821852999368223048e-04
1.798557340483346268e-04
1.763131751669382366e-04
1.749377389730132700e-04
1.626263268623251272e-04
1.599840726420554890e-04
1.567006771714675689e-04
1.530018878908751294e-04
1.501627357361918493e-04
1.456496068367398760e-04
1.423600543457563690e-04
1.370408950638935018e-04
1.347768340107055476e-04
1.337941631776191356e-04
1.280988726954122923e-04
1.248371663293492036e-04
1.211814613717200753e-04
1.210939268751668558e-04
1.180711983462923680e-04
1.149660597613373549e-04
1.100066814811370279e-04
1.088331775474341722e-04
1.054922329222645911e-04
1.035540693215126194e-04
1.004792188062503787e-04
9.773296547885828450e-05
9.634029018862513935e-05
9.408005101820811160e-05
9.128511976006613976e-05
8.928202772177858430e-05
8.743069436298638779e-05
8.676965656694911962e-05
8.568370833759380667e-05
8.032398306005192432e-05
7.943262619171860301e-05
7.753699377460377047e-05
7.674338433593916634e-05
7.512357488139635806e-05
7.345512196300712452e-05
7.209170710054377859e-05
7.116402604674912000e-05
6.957683034934136789e-05
6.686141672782399716e-05
6.465142817723084181e-05
6.411122454068382667e-05
6.311028925805179366e-05
5.933196305822044294e-05
5.805938869012814633e-05
5.719797117972165933e-05
5.679183207995841418e-05
5.515236774453113937e-05
5.333150250805539791e-05
5.250168689739278377e-05
5.197032454569823029e-05
4.951965234841341807e-05
4.921774933221053890e-05
4.750092215060030117e-05
4.611261546830979576e-05
4.537145648579390413e-05
4.488666934545486613e-05
4.372280538124621044e-05
4.155607156775617002e-05
4.028992652611113680e-05
3.965996610636439722e-05
3.796780585764184478e-05
3.728295512254077034e-05
3.680547949714773427e-05
3.618550249077696104e-05
3.484526693829213833e-05
3.377214325329431924e-05
3.359427240764642497e-05
3.262554640460519636e-05
3.203008483090590046e-05
3.103037164169669833e-05
3.018126021269641976e-05
2.942694362385886664e-05
2.881804605673487333e-05
2.824277073062624402e-05
2.779999326056042529e-05
2.649494028251890045e-05
2.629887529480916153e-05
2.576051709781939487e-05
2.509734366192096635e-05
2.429647107705307362e-05
2.411153416421407501e-05
2.367886650747779958e-05
2.309144990684265303e-05
2.245680298058850841e-05
2.183994112988340148e-05
2.103083634233929281e-05
2.081084722953558739e-05
1.986393910623890550e-05
1.978386746521084561e-05
1.952997441711704476e-05
1.876212394266732150e-05
1.860453952354549921e-05
1.810278172902500508e-05
1.775076580262661526e-05
1.707590499583827026e-05
1.654732557176360577e-05
1.612944829621931373e-05
1.561586388813297754e-05
1.549137415091667437e-05
1.485435547162598823e-05
1.450713180448928958e-05
1.425002531508108008e-05
1.367343446926267997e-05
1.312536222604880151e-05
1.296523769269853188e-05
1.256624544082317938e-05
1.209932518631528263e-05
1.188826412715703923e-05
1.154037488364329455e-05
1.149676155044892095e-05
1.124124330660041868e-05
1.103006051414949558e-05
1.073108134162656766e-05
1.008666674618724743e-05
9.888502308882416656e-06
9.637730211892626687e-06
9.232686573945195622e-06
9.185841189261790372e-06
8.755819824212905973e-06
8.528089609882060756e-06
8.061681811863111771e-06
7.784384254661745562e-06
7.601866280569112631e-06
7.290604100219537565e-06
7.145104361701426753e-06
6.760121606738314259e-06
6.582097606696189133e-06
6.302277153601870503e-06
6.120754291228317956e-06
5.765220924085698103e-06
5.385714511473366660e-06
5.230173753766097569e-06
5.096657790329286846e-06
5.047450890131162102e-06
4.947176600969749884e-06
4.837877757038701336e-06
4.521325298357792108e-06
4.314902783382361269e-06
4.255870078340738773e-06
4.051929543685273613e-06
3.936551151800735895e-06
3.756346723401630109e-06
3.589773678129033972e-06
3.328914894218592562e-06
3.268127501318714163e-06
3.225367117114432146e-06
3.088653913808793823e-06
2.925200976056232938e-06
2.813729003682821337e-06
2.683949168447360764e-06
2.660703019224982369e-06
2.535473826143615959e-06
2.511392789463802416e-06
2.316569070759748120e-06
2.245427176341097663e-06
2.087937605733684575e-06
2.019847137477905639e-06
1.792406865765471937e-06
1.751059460844251673e-06
1.620348138301691003e-06
1.495647743438890328e-06
1.433589309211553886e-06
1.332317533444273340e-06
1.246706634836489283e-06
1.159651226365446633e-06
1.053812899741600075e-06
9.385788374601801831e-07
7.872444884335270019e-07
6.953130703411803346e-07
6.299594465496732031e-07
5.670242057936415604e-07
5.107829130265053589e-07
4.398935256762852191e-07
4.116744775846502188e-07
2.530902922547472754e-07
2.280040518483130864e-07
1.459345268023038808e-07
1.121267600001030188e-07
5.156691440990015447e-08
2.360363769287093342e-08
5.295800894102240315e-20
-6.679146780710874566e-20
-1.999289576022027451e-08
-7.588053044139067411e-08
-1.541576248496246388e-07
-2.254469054724640921e-07
-2.631525602213285901e-07
-3.705922360889425853e-07
-4.031392070142784120e-07
-5.016236579480607297e-07
-5.489850883365658586e-07
-6.540412489283673004e-07
-7.645171050301777190e-07
-7.958719550325511487e-07
-9.998846557736856931e-07
-1.037855607448185517e-06
-1.113051442157625652e-06
-1.207032216844828353e-06
-1.316323182523706521e-06
-1.464437139327564211e-06
-1.685346503966740733e-06
-1.740158082617806420e-06
-1.958968347747643647e-06
-2.128862209453286385e-06
-2.298517266457645390e-06
-2.409627350316295318e-06
-2.482699331009274771e-06
-2.635358549256495644e-06
-2.853186979271362616e-06
-2.995456205544600900e-06
-3.163931493888952713e-06
-3.380640523629101548e-06
-3.580917188359649743e-06
-3.900262916006134533e-06
-4.160476377907339558e-06
-4.348549312104044555e-06
-4.822943695531487575e-06
-4.873336207234120906e-06
-5.112406514150998106e-06
-5.340478386333131384e-06
-5.519117144722247796e-06
-5.636341443001504567e-06
-5.903864478520323471e-06
-6.187072363697298098e-06
-6.420634505336940500e-06
-6.807201306457955239e-06
-7.205120223461858309e-06
-7.432802351227206388e-06
-7.582123792281964264e-06
-7.929568468259686571e-06
-8.607029665722975087e-06
-8.918944498699847117e-06
-9.003410979800674169e-06
-9.869274349507243686e-06
-1.003108616526735248e-05
-1.055834773186362952e-05
-1.069296309591457494e-05
-1.138775753438886685e-05
-1.186015327747492226e-05
-1.230740219159223962e-05
-1.257491691444966420e-05
-1.300086439436650324e-05
-1.376569053216433131e-05
-1.436211904800015221e-05
-1.454098951573278638e-05
-1.588795579654084697e-05
-1.617889207145506585e-05
-1.649739174481623771e-05
-1.771243636153851909e-05
-1.795554438055656324e-05
-1.864849598028046158e-05
-1.867005596307576604e-05
-1.948454465327776884e-05
-2.052580932557305834e-05
-2.135197094691056565e-05
-2.153138958805278470e-05
-2.291287534635748493e-05
-2.356671904021605149e-05
-2.497876243889119379e-05
-2.580517031761255016e-05
-2.593055842386234478e-05
-2.653047284731900680e-05
-2.735741322831327103e-05
-2.948775103138469007e-05
-3.006106551600392675e-05
-3.029275470691514426e-05
-3.142484434575364973e-05
-3.197115963498177693e-05
-3.479253841951795631e-05
-3.592517171783842726e-05
-3.648097891469795573e-05
-3.771100564440684941e-05
-3.981219859716431895e-05
-4.133505864553661807e-05
-4.219532660704780180e-05
-4.352240362390221920e-05
-4.533402624782202769e-05
-4.671694937640185220e-05
-4.783355752316575748e-05
-4.952841440594038747e-05
-5.116830093898090394e-05
-5.385411182161018172e-05
-5.515989128997171646e-05
-5.678783720409833478e-05
-6.065188094168793697e-05
-6.113927470321220241e-05
-6.371313256412915291e-05
-6.603110653725332202e-05
-6.648143951215369784e-05
-6.747633047701935560e-05
-6.967780472641236882e-05
-7.170186691471839365e-05
-7.421090518504856216e-05
-7.734579977454914424e-05
-8.072551109134984870e-05
-8.243874966907791294e-05
-8.349787699903814600e-05
-8.934760089459170410e-05
-9.478402060707563572e-05
-9.813496794437588904e-05
-1.005035781225729766e-04
-1.055603074721500617e-04
-1.095755692809846779e-04
-1.111760104414602989e-04
-1.142563345925721937e-04
-1.178027158319766289e-04
-1.194440931439418496e-04
-1.266488058799735501e-04
-1.278979346734778280e-04
-1.312597799948687677e-04
-1.333665149110723001e-04
-1.451699058777727565e-04
-1.484087444393844242e-04
-1.510038936962282722e-04
-1.535662998454128758e-04
-1.592891746917614489e-04
-1.643132560930709544e-04
-1.659476116054031246e-04
-1.703819614205447867e-04
-1.734058082891774084e-04
-1.759280192900398619e-04
-1.840981950041500870e-04
-1.876758844777001137e-04
-2.003318815916914841e-04
-2.065937163144633711e-04
-2.148897254521037799e-04
-2.284281580885471382e-04
-2.381640262634258606e-04
-2.460375395668067643e-04
-2.477481814267602257e-04
-2.540685276182339143e-04
-2.640046284365291898e-04
-2.796528508743691978e-04
-2.890306863333239572e-04
-3.058553209630282955e-04
-3.082849899913927692e-04
-3.209931771737114061e-04
-3.351678935527275085e-04
-3.646156822977119185e-04
-3.776074293140346447e-04
-3.862000828246514431e-04
-4.038024096115408468e-04
-4.128241913233624298e-04
-4.274068691408835249e-04
-4.600410306844674000e-04
-4.934705915365837983e-04
-4.992947464316929923e-04
-5.530160787822437822e-04
-5.642139910282296814e-04
-5.921251170156414121e-04
-6.105658632881700958e-04
-6.232429579304977086e-04
-7.080760993329279253e-04
-7.277322043067011460e-04
-8.611176548795393794e-04
-9.157250902724516691e-04
-9.731648101622076066e-04
-1.041160831394623894e-03
-1.178973555832844855e-03
-1.561832657748752793e-03
-1.799558752086531871e-03
