-1.317933782648585128e-01
-3.370503418261221185e-02
-1.514550542873596001e-02
-1.464199779177171451e-02
-1.185648560328679546e-02
-8.586981562320947226e-03
-6.251911969590476237e-03
-6.018086580087425759e-03
-4.636625721125403436e-03
-3.092051027521743305e-03
-2.963964526383530002e-03
-2.745691815428546057e-03
-2.582946119800398361e-03
-2.308029921931167763e-03
-2.068178220925690879e-03
-1.843057582519509133e-03
-1.673542866501484365e-03
-1.573780518870350866e-03
-1.345611224990789917e-03
-1.174296555231873519e-03
-1.144844624016606513e-03
-1.064856848635592447e-03
-9.727446874832960900e-04
-9.646550164589876280e-04
-8.430592197589594633e-04
-8.082158463229741985e-04
-7.534209802125992192e-04
-7.294448543948635517e-04
-6.391438875696142706e-04
-6.263552876183478557e-04
-5.875031433030204536e-04
-5.500488802881656333e-04
-5.141255779566201046e-04
-4.674232531897330278e-04
-4.443867203159508313e-04
-4.372273696423591952e-04
-3.785289188912236281e-04
-3.655284015028583593e-04
-3.426639171736950060e-04
-3.239153878963573190e-04
-3.184265214311499028e-04
-2.889580040742955008e-04
-2.837230019998348077e-04
-2.680091422852071506e-04
-2.643105364743062987e-04
-2.269957049109392081e-04
-2.106443889239550103e-04
-2.055191666477444138e-04
-2.017960069467260623e-04
-1.930159994642184401e-04
-1.814991424106099480e-04
-1.657627600191797959e-04
-1.551789407230650764e-04
-1.456561705362671038e-04
-1.252180869811438243e-04
-1.235681301058042566e-04
-1.175668593845033850e-04
-1.057658368635749804e-04
-9.987705622991577639e-05
-9.074380775902138167e-05
-8.851057770326322923e-05
-7.987229092951838813e-05
-7.552606560966020988e-05
-7.023025150542383803e-05
-6.812568389469149063e-05
-6.609246908416099007e-05
-6.124606137293177744e-05
-5.314506691147045096e-05
-5.060304234242911993e-05
-4.581596674024344810e-05
-4.189699229858011032e-05
-4.115220177699995642e-05
-3.995102512453190799e-05
-3.840718673539513867e-05
-3.591743631237865741e-05
-3.025575063549599861e-05
-2.931098861259225392e-05
-2.812133564252069818e-05
-2.510485976813838966e-05
-2.417983060535463754e-05
-2.175393499635531984e-05
-2.078761657398216065e-05
-1.798644218859982342e-05
-1.747941075700547590e-05
-1.655955597971617600e-05
-1.426482308922877724e-05
-1.370864280369217825e-05
-1.278463215095497322e-05
-1.203401618444667324e-05
-1.075079387182078334e-05
-1.032965184735546319e-05
-1.010785624554592525e-05
-9.775173637626995810e-06
-8.827776658654391635e-06
-7.928099530429068929e-06
-7.492116278631019840e-06
-6.795037826334181549e-06
-5.995958339252929571e-06
-5.586149074620885850e-06
-5.466738692031061401e-06
-4.773997668638258766e-06
-4.590074798540942088e-06
-4.430262747229256488e-06
-4.115854051689563729e-06
-3.849093282215214243e-06
-3.405348419272404332e-06
-3.011444444736645865e-06
-2.824428401359333839e-06
-2.655940352403001446e-06
-2.458548024541010936e-06
-2.124608122079748980e-06
-2.014830131067054829e-06
-1.884171525120160348e-06
-1.730602955431408939e-06
-1.529339790657109778e-06
-1.413061313377585292e-06
-1.224639344108946531e-06
-1.150848590872258362e-06
-9.650105153085389496e-07
-8.673641790290267847e-07
-6.803744461384483076e-07
-5.375723755859590773e-07
-4.026123199015706704e-07
-2.002721997582596481e-07
-4.427352950677303807e-08
-5.614631030117301934e-19
1.485535665872387315e-19
5.290679869780235207e-08
3.491089089265220031e-07
4.083296461537483820e-07
6.415016593277601432e-07
7.091172387041651435e-07
9.645031494018111770e-07
1.406309878144700576e-06
1.713220093207961522e-06
2.087247190971166026e-06
2.366764355101497332e-06
2.617505189280372997e-06
2.807725255504084185e-06
3.038312202099403334e-06
3.685898787903534371e-06
4.050211006605837879e-06
4.516856467245238548e-06
4.632057672309306640e-06
5.347060904376460903e-06
5.587332030734328645e-06
5.699535869984970368e-06
6.160911306366280653e-06
6.747675625287595413e-06
7.318600931490336994e-06
7.964137350198592671e-06
8.858754802712351262e-06
8.919072088682910410e-06
9.237025949269930591e-06
1.033644298258002964e-05
1.059848408126749174e-05
1.115327736482964596e-05
1.176202452882432848e-05
1.230477788545059066e-05
1.277577428659481177e-05
1.300413301401063984e-05
1.385850122596198046e-05
1.419921962796518523e-05
1.516630579234056294e-05
1.555251501896155923e-05
1.592392700958929284e-05
1.657489803549685097e-05
1.734323596370609380e-05
1.785259989504354693e-05
1.897494090028457674e-05
1.940509307190203068e-05
2.028809844108782413e-05
2.081830386196203010e-05
2.126493376510972367e-05
2.259415546948491594e-05
2.363459845956012115e-05
2.392333301892759706e-05
2.410056045452123192e-05
2.482283237193113693e-05
2.672784037283466505e-05
2.711907278239861693e-05
2.838740576550012631e-05
2.878594369721603361e-05
3.048777531087288370e-05
3.092920522557235038e-05
3.326455741426604274e-05
3.375587923038231178e-05
3.464211629851851582e-05
3.580445194501816425e-05
3.712322260139544992e-05
3.783284242619879955e-05
3.905567882468635390e-05
3.950164521263204733e-05
4.076615190795309713e-05
4.169465275884780617e-05
4.258981734510337082e-05
4.484555739518727925e-05
4.681505264230380363e-05
4.733942231165174909e-05
4.874686187281221112e-05
4.963956387665729812e-05
5.060548903390731687e-05
5.208402741704072912e-05
5.360698250702241712e-05
5.566037053586372994e-05
5.718982385160204163e-05
5.807953821898271206e-05
5.977006813243068549e-05
6.199330594180971535e-05
6.334408472238813080e-05
6.385937743300771252e-05
6.511185381853850198e-05
6.622204185200251264e-05
6.819860100684051337e-05
7.075536586438916850e-05
7.294215885702023765e-05
7.467407941544578756e-05
7.567921154381095658e-05
7.957296337454817495e-05
8.086494272353527974e-05
8.172557382291636930e-05
8.296788151854642504e-05
8.870258463319698910e-05
8.897614780728554538e-05
9.091904415727314922e-05
9.389787286726318169e-05
9.509427626661461422e-05
9.835628605810995729e-05
9.974595061840510739e-05
1.034100798914838374e-04
1.042900454617570863e-04
1.071655810356196504e-04
1.086880478524325337e-04
1.094799851782679443e-04
1.112914823119549981e-04
1.156708941129679856e-04
1.175333736173344185e-04
1.200473300736377855e-04
1.260242737218229836e-04
1.268995885560684437e-04
1.282122023341254725e-04
1.346187642641495294e-04
1.373534939560764516e-04
1.383481051969830664e-04
1.445734782807264382e-04
1.458292640137260178e-04
1.494914061368617672e-04
1.522518377725507171e-04
1.534832341535337960e-04
1.563056675658392792e-04
1.598726476641748444e-04
1.628680616449541016e-04
1.672668288502441702e-04
1.740656709491005265e-04
1.793246223757080648e-04
1.824663883234742853e-04
1.877187853610150930e-04
1.892336222080815214e-04
1.942712766616955982e-04
1.973404412081919748e-04
1.984227514539881922e-04
1.998249699716666292e-04
2.058091911950415097e-04
2.157826284891141064e-04
2.211500896377051990e-04
2.254045251503964341e-04
2.281071232255612279e-04
2.377902533359951246e-04
2.401035607812207235e-04
2.405917083781987788e-04
2.447162313799173617e-04
2.479651181827743868e-04
2.550525003321179370e-04
2.629020317795754155e-04
2.719535854219502996e-04
2.745288259946643337e-04
2.797086780699826352e-04
2.829271355895486865e-04
2.866994673482133114e-04
3.042679475664289055e-04
3.068873337627898035e-04
3.181320818158869064e-04
3.205587301347627384e-04
3.244456214576385794e-04
3.307729491493500550e-04
3.313108272965471020e-04
3.381658264119410213e-04
3.489007867163007983e-04
3.580510901073941663e-04
3.645282883631174864e-04
3.696338787192816541e-04
3.810743390101954220e-04
3.904123552286389593e-04
3.959764432315602102e-04
4.058327123057490116e-04
4.148724350482244907e-04
4.220285357528137139e-04
4.285827043625607875e-04
4.522276786279561087e-04
4.660717780711054600e-04
4.827819493624171281e-04
4.863538300175008805e-04
4.928289316289849540e-04
5.001134789294601644e-04
5.060851902150254565e-04
5.216072240973073293e-04
5.270911115189618563e-04
5.382326180152922955e-04
5.596973728902145334e-04
5.750409390070782261e-04
5.833849051021098480e-04
6.127632300439099207e-04
6.156632132527035993e-04
6.254138380428664497e-04
6.471981671639979007e-04
6.610066366364498363e-04
6.964964376672610558e-04
7.096617182736384777e-04
7.330510250247177298e-04
7.398371874066768990e-04
7.478425331416112352e-04
7.665211319544780943e-04
7.940016185211533654e-04
8.238752235115306358e-04
8.278290431941844269e-04
8.497278873462617808e-04
8.677477244866335388e-04
8.835153481648266947e-04
9.020450471378114229e-04
9.363615319666313648e-04
9.566355389981774215e-04
1.001563185118109446e-03
1.004776213781203003e-03
1.017003761419796402e-03
1.057031531414261930e-03
1.071249349286155367e-03
1.087259466679047328e-03
1.095546702729371415e-03
1.118959545653331212e-03
1.152780504426138830e-03
1.189077152970728071e-03
1.216716004754245456e-03
1.231249838805487324e-03
1.248480276618058049e-03
1.279200787244803936e-03
1.299868977487331559e-03
1.307074287823033502e-03
1.336761271139446511e-03
1.376845636613068923e-03
1.444705738645660383e-03
1.477624636516325840e-03
1.518491016278667068e-03
1.589362371770538162e-03
1.591596879345759646e-03
1.651684383840221594e-03
1.676254395185840717e-03
1.707625098163176964e-03
1.749230550529174170e-03
1.794730357980196724e-03
1.867929461737153013e-03
1.910736631217863036e-03
2.007495948345135259e-03
2.028851104230687367e-03
2.048811953228433461e-03
2.113709432307007540e-03
2.165461957021472088e-03
2.183837089274213127e-03
2.236961455934834142e-03
2.260863175859289045e-03
2.431596210022424209e-03
2.442133048736126657e-03
2.538530624814804276e-03
2.590852376104839372e-03
2.741634978873554000e-03
2.795010172046686475e-03
2.861481763029635923e-03
2.902773427696994559e-03
2.946303907715868559e-03
3.189211092421396446e-03
3.269733581226787981e-03
3.332967826507274994e-03
3.364511295430741220e-03
3.507619916100960297e-03
3.686970588683086136e-03
3.702520627163617857e-03
3.921415948086482729e-03
4.109398668985011702e-03
4.251645409405370793e-03
4.340234823403968378e-03
4.512468083692651281e-03
4.787797783990099289e-03
4.970931880547512123e-03
5.260469135113877807e-03
5.625151744748519041e-03
5.802483518465589678e-03
5.846302989695351983e-03
5.869912086650483363e-03
6.129178511797991891e-03
6.323757454292290581e-03
6.604178914540990292e-03
7.144068248991886083e-03
7.203283819969078308e-03
7.460671107116534709e-03
7.991734438244772407e-03
8.277894794523357747e-03
8.547366099625561958e-03
8.687536465399294666e-03
9.112833165981909511e-03
9.240209470192124047e-03
1.007011651480374352e-02
1.055213144751370076e-02
1.107045248775571054e-02
1.164613039307234137e-02
1.228140514740421949e-02
1.240425441647545306e-02
1.309544180414067005e-02
1.552380830938026278e-02
1.571694833087229626e-02
1.706397123963585352e-02
1.858603376664509643e-02
2.017471528722617619e-02
2.066269238646400302e-02
2.194720890164379018e-02
2.587408917553032234e-02
2.695623588221994493e-02
2.809165960520991143e-02
2.978644577809793845e-02
3.017397953139939679e-02
3.851423311581873843e-02
4.267008350472958206e-02
4.319158511121979488e-02
4.805415871473860123e-02
6.329058376526261465e-02
6.369630090630912234e-02
8.899954772733079111e-02
9.477180670054448364e-02
1.219861110228279283e-01
1.434090270909659792e-01
2.523248073549839154e-01
2.952868127669267539e-01
4.185066624078688235e-01
