-1.959539085525378171e-02
-1.930300286797762346e-02
-1.351205944028193058e-02
-8.436962399812479238e-03
-6.885925059559522450e-03
-6.010263823328043827e-03
-5.592502172827947329e-03
-5.208177981105245255e-03
-4.406102438843664815e-03
-4.114444957654485313e-03
-3.688305322406181409e-03
-2.946697093740685211e-03
-2.890143436605537280e-03
-2.724957394549305627e-03
-2.555252808082879735e-03
-2.308422726734487337e-03
-2.113884155008358048e-03
-1.973670598459183103e-03
-1.779094649228105465e-03
-1.612332985132421560e-03
-1.544254737199465865e-03
-1.351647155149714999e-03
-1.305472372262971980e-03
-1.230006563238113118e-03
-1.154688854235240555e-03
-1.093789010597784328e-03
-1.077725428211232179e-03
-1.007052182116471677e-03
-9.318105220888155777e-04
-9.054835913158954495e-04
-8.520694712277759875e-04
-8.358065896468899357e-04
-7.706224712801914081e-04
-7.415055359257145557e-04
-7.077460621187456769e-04
-6.849422590583870629e-04
-6.615587977868721790e-04
-6.034621850403429962e-04
-5.722422032998337148e-04
-5.626900837513409536e-04
-5.370605818374921516e-04
-5.021569914450278770e-04
-4.703076421461685908e-04
-4.229401815170807846e-04
-4.064589119433640349e-04
-3.959346605578452599e-04
-3.831415880605903317e-04
-3.776494042310041136e-04
-3.587088541450685931e-04
-3.442609085190264902e-04
-3.150175282478072684e-04
-3.067939160319791401e-04
-2.889182483807930255e-04
-2.798628467746955262e-04
-2.710451886913247494e-04
-2.640370145567300141e-04
-2.548624996694610402e-04
-2.450280332200166348e-04
-2.221983394926246077e-04
-2.130017523468410111e-04
-1.998224547605212582e-04
-1.942169037687731291e-04
-1.814312277164994568e-04
-1.724010276074320789e-04
-1.610924257815352957e-04
-1.573197091189004293e-04
-1.489852216816315179e-04
-1.419621917133364296e-04
-1.389074265207988128e-04
-1.352795468482216297e-04
-1.292935722838968362e-04
-1.181112312939157230e-04
-1.121766420360467687e-04
-1.105281152412219975e-04
-1.039231103724018793e-04
-9.895837379438843727e-05
-9.077296404772301666e-05
-8.956006703829469124e-05
-8.642571679437908755e-05
-8.459285993007572093e-05
-8.085195430421689600e-05
-7.058286669844365455e-05
-7.036230841947833969e-05
-6.759579122146319090e-05
-6.453297997185726824e-05
-6.109076574317557338e-05
-5.578671834699942193e-05
-5.294072020877173507e-05
-5.243447439375298580e-05
-4.998553831648011342e-05
-4.904935976167862252e-05
-4.594714854323430508e-05
-4.440990161999911417e-05
-4.312771606165060955e-05
-4.044117526089753860e-05
-3.761035779417959971e-05
-3.583409293890149811e-05
-3.326155992773522561e-05
-3.281154691584893459e-05
-3.104103057755837179e-05
-3.006016254557134973e-05
-2.853371440785973625e-05
-2.550728216796876083e-05
-2.506615107090513474e-05
-2.477914704676485491e-05
-2.300752070373942565e-05
-2.175921223943415013e-05
-2.035330304984222261e-05
-1.869698639571942635e-05
-1.848829321182834202e-05
-1.788680422872139687e-05
-1.670564935236359743e-05
-1.621423318948747903e-05
-1.488375903593213463e-05
-1.464252260474409328e-05
-1.363958210217298648e-05
-1.274603289477297486e-05
-1.191622042875953225e-05
-1.148593807995947336e-05
-1.037705256010592147e-05
-9.724328765736945198e-06
-9.329245535135731186e-06
-8.980493795035817924e-06
-8.477394564183236635e-06
-7.864146487485815305e-06
-6.560923701349445607e-06
-6.183439720063231900e-06
-5.927105688952298664e-06
-5.216973247228966798e-06
-4.923229795443466976e-06
-4.523615716512856455e-06
-4.357567046854769429e-06
-3.925313046215000282e-06
-3.652809686655086999e-06
-3.346998022712247260e-06
-3.027416066395473393e-06
-2.372502150519569282e-06
-2.260394010549895134e-06
-2.059758377349850288e-06
-1.809384773268983699e-06
-1.798025588779340665e-06
-1.591227028860726195e-06
-1.488201467934391822e-06
-1.246399996656198571e-06
-1.073409958530069917e-06
-9.478296544846703995e-07
-8.571260030599001642e-07
-7.752511322557558682e-07
-6.958638758719192118e-07
-6.183333462090682917e-07
-4.947330122537380410e-07
-4.573484254778414148e-07
-4.475223195019519044e-07
-3.398013839553913835e-07
-2.946279737792340389e-07
-2.531490248293831301e-07
-1.975961133355486917e-07
-1.835006779735573980e-07
-1.545901522406646708e-07
-1.406052310925012636e-07
-9.857328986772959657e-08
-8.596082918134172011e-08
-7.545886233501394821e-08
-4.737077304216930192e-08
-4.260264418408794027e-08
-3.583113395519663701e-08
-3.008922704849938126e-08
-2.457405244396753051e-08
-1.966279158633759201e-08
-1.782630974867479934e-08
-1.377585538798624448e-08
-1.045968329738499157e-08
-8.588970220652112917e-09
-7.740924771032252887e-09
-6.254389944840924495e-09
-3.780930962001711143e-09
-2.050166715288829251e-09
-5.406646968118546557e-10
-1.603675868903268828e-10
-2.332772461977326343e-17
7.729861957951941460e-20
3.974553647655773987e-10
4.792123164469285393e-10
5.658037809983393109e-10
8.185998301206670539e-10
3.073026572671036827e-09
6.099853501695256685e-09
1.423882862414961833e-08
1.755459985508371608e-08
3.735791003985765200e-08
4.017648067570412510e-08
1.072664347783252628e-07
2.308075336182646589e-07
4.526663032365542518e-07
6.082764992053322713e-07
6.922655484134605924e-07
9.081502435083363120e-07
1.192571775874164284e-06
1.597915836352921188e-06
1.759048767495100068e-06
2.180748940846336060e-06
2.329291356588323109e-06
2.376148874002395883e-06
2.609224962448309195e-06
2.727685438278441816e-06
3.023440120875631306e-06
3.293389321963651812e-06
3.684085220834483917e-06
3.889083096916604258e-06
4.122473021899056217e-06
4.286684183240802025e-06
4.435537726373003646e-06
4.930096466657034265e-06
4.947838035061798140e-06
5.241906988339246957e-06
5.499268787182007451e-06
5.663503232921746271e-06
6.016760017976918516e-06
6.697335950291143424e-06
7.005215413479971406e-06
7.174381506770909158e-06
7.637710297674532283e-06
7.820359544840799112e-06
8.437985553099970154e-06
9.165683360761587613e-06
9.320799355982461730e-06
9.424578658899259966e-06
9.741694985852830213e-06
1.019001994346598573e-05
1.062907708983124237e-05
1.096015816325462538e-05
1.160348492535827991e-05
1.176535576669266108e-05
1.218176338658413080e-05
1.287760910841935306e-05
1.368391482801302692e-05
1.416380132069028987e-05
1.494468768510948445e-05
1.575146802453228560e-05
1.620556587443936614e-05
1.662285158320886809e-05
1.708136787948721981e-05
1.776751312916219857e-05
1.877008764985705637e-05
1.920177192432445673e-05
1.999897402480529379e-05
2.071638706898166002e-05
2.156875869571570287e-05
2.200133254228097549e-05
2.276079856809056279e-05
2.363502358698120432e-05
2.461642332767737556e-05
2.482297284872141875e-05
2.596063128388091529e-05
2.693063340993906359e-05
2.764498787881180557e-05
2.841686120444410961e-05
2.983002438711257270e-05
3.168974054478473592e-05
3.202696190338137714e-05
3.256119319303455665e-05
3.350864651359963933e-05
3.445412989375106844e-05
3.488051271310024538e-05
3.604265581230447097e-05
3.831349840597785640e-05
3.961563642969599821e-05
4.039715668648825338e-05
4.131726646236810491e-05
4.159943111926278614e-05
4.234982756449885948e-05
4.382073006560317693e-05
4.484037596829099586e-05
4.562907908192946084e-05
4.684082201234371698e-05
4.733272883897363706e-05
4.980057898101134558e-05
5.287040229007378502e-05
5.305743703404369662e-05
5.540156901311850423e-05
5.627890359453148619e-05
5.746273501830534793e-05
6.010605800426486051e-05
6.063456308343357466e-05
6.194547462044977103e-05
6.382526456911083424e-05
6.664330084176773564e-05
6.782725106129852710e-05
7.142745641346617672e-05
7.538658931965976236e-05
7.612429309412346639e-05
7.746429604726628028e-05
7.982514288736860609e-05
8.253822391801588529e-05
8.404277239853183196e-05
8.665456623915452380e-05
8.691104577131913012e-05
9.004344504577017981e-05
9.566538371207302012e-05
9.741274092200243007e-05
9.919892262250760311e-05
1.004617388137579877e-04
1.026068787217622647e-04
1.085246792700170719e-04
1.100092976295785179e-04
1.105963388505350024e-04
1.147081721772866562e-04
1.194323356305670986e-04
1.227473081253896599e-04
1.289045805770815253e-04
1.348983316148254382e-04
1.361820697372581688e-04
1.405755019759183670e-04
1.425848764356124143e-04
1.502401453266704549e-04
1.536249948873068608e-04
1.576258965964760957e-04
1.583906821653582517e-04
1.676955941482803115e-04
1.700815216699660276e-04
1.731394410671091566e-04
1.783769614665964168e-04
1.865638771463224766e-04
1.914013173272753295e-04
1.936658238613575631e-04
1.984090960053747153e-04
2.019476905409925882e-04
2.117674974720829982e-04
2.133397513585962154e-04
2.189365673758171245e-04
2.299251089279726447e-04
2.379337295845665760e-04
2.395724559173978993e-04
2.525332447169094862e-04
2.645281184570744842e-04
2.780788583312945113e-04
2.874843404159457176e-04
2.906920440632254003e-04
2.988534761229289178e-04
3.061998080617471269e-04
3.139143833126317880e-04
3.270510603242257814e-04
3.307037675677597941e-04
3.412771083380717143e-04
3.520019233230654724e-04
3.673006661115451373e-04
3.709625774487195003e-04
3.920861153053708148e-04
3.999641364639055455e-04
4.039902634977612212e-04
4.123189638841107162e-04
4.254335325597389476e-04
4.425941782763943367e-04
4.645314690996085109e-04
4.921904932110260453e-04
5.006199103990268892e-04
5.051293958434630374e-04
5.078469039273886178e-04
5.311657574088321596e-04
5.661734291896042140e-04
5.667328744947077888e-04
5.870883886702442508e-04
6.301086961163416449e-04
6.443298848393982751e-04
6.526001105272335578e-04
6.884860310261698953e-04
7.057199199474776218e-04
7.173710160607615124e-04
7.294685742861793101e-04
7.499030761718695993e-04
8.032323087191489555e-04
8.253260390252237320e-04
8.503494007981792857e-04
8.867072157569109601e-04
9.254290319378987969e-04
9.719383869242038216e-04
1.009005391517458963e-03
1.024692759642774906e-03
1.062713214861351870e-03
1.122123704839859482e-03
1.147216659656258818e-03
1.157178918270228545e-03
1.271692531171969304e-03
1.291394279968145851e-03
1.330164453735921881e-03
1.387395036298000664e-03
1.469118398438549241e-03
1.539320798584249347e-03
1.607489744337601244e-03
1.652191660989768031e-03
1.732347030325847269e-03
1.847387444568062299e-03
1.888806773368295654e-03
1.901885305419247479e-03
2.017893966334143550e-03
2.170610588710909349e-03
2.316589917660831412e-03
2.366776119625892214e-03
2.444048017289210308e-03
2.475722786266739729e-03
2.738160124951010375e-03
2.887594742028955046e-03
3.024424794042699597e-03
3.155486897814700070e-03
3.534277927650902006e-03
3.704765979957118111e-03
3.928784044546557684e-03
4.005705177765636442e-03
4.194434173694502714e-03
4.400484006940928380e-03
4.919705152516406534e-03
5.553203734495382529e-03
5.766490012287007333e-03
5.996419845161959743e-03
6.881925729321540335e-03
8.038172545725252860e-03
8.663115689077426074e-03
9.128413426955171023e-03
9.457565496609298197e-03
9.890310976906450946e-03
1.150552305717918687e-02
1.251133478941771938e-02
1.509179006954160067e-02
1.597293057395716975e-02
1.834901776727758393e-02
2.097173102947768805e-02
2.244667943423116208e-02
2.793392505097631526e-02
3.183923601853952401e-02
3.584700744753829826e-02
4.566363532772871325e-02
7.777180724365209685e-02
8.615313912373573357e-02
9.783294426241496977e-02
1.190314729718230241e-01
1.928355570585922329e-01
2.211486139741508372e-01
5.275295014284180350e-01
2.378914348658593969e+00
4.778187650287051724e+00
1.404837148642623745e+01
