1.712717468015275551e-02
1.525132974975246941e-02
1.166037732875522745e-02
5.357603186147280594e-03
3.895635495396506959e-03
3.688595890500883344e-03
3.338439015000945701e-03
2.010355934726757929e-03
1.910555812213217018e-03
1.862987454360519454e-03
1.687454075193061537e-03
1.592688852697105723e-03
1.470745391923077190e-03
1.435552824996262373e-03
1.391587812545352736e-03
1.336789849688079131e-03
1.242922511831780555e-03
1.203473278706091235e-03
1.140613554592936202e-03
1.075672095594139765e-03
9.344011658032425147e-04
9.222286222600322185e-04
9.113356793601901616e-04
8.650607048713814928e-04
8.528156371248081383e-04
7.608534405199159295e-04
7.454575863658019844e-04
7.105201776654630373e-04
6.953853870257603684e-04
6.699485226301681636e-04
6.621360436050142571e-04
6.451022002084136949e-04
6.047461727011450242e-04
5.823706720303871995e-04
5.604082622915065263e-04
5.363898232597233764e-04
5.175272591991108987e-04
4.909645163490581124e-04
4.781786262035166678e-04
4.743613452366581299e-04
4.610813221777003835e-04
4.415622562551421043e-04
4.322531882931798320e-04
4.159940178351523971e-04
4.106226328893914203e-04
3.970366123168312701e-04
3.896449574100601656e-04
3.819703415139320737e-04
3.631167273414270206e-04
3.502894999852166334e-04
3.413677907046330350e-04
3.365430680223693871e-04
3.297578329456959988e-04
3.216726939877068798e-04
3.131618322310215159e-04
3.091873090049025502e-04
2.952666457517538561e-04
2.884127795932978923e-04
2.757530340582213047e-04
2.705140580619759278e-04
2.687117411088450107e-04
2.583656533963912295e-04
2.513824497012599811e-04
2.448611920379255725e-04
2.390408367157569709e-04
2.346147160289678210e-04
2.311814238071029722e-04
2.169285665972870672e-04
2.122223815240855739e-04
2.064041841294278078e-04
2.045160135257198151e-04
2.016527090536238663e-04
1.974032161344624261e-04
1.929898480375341217e-04
1.859888397889143208e-04
1.822519874587079012e-04
1.786656957873091953e-04
1.778314697891019737e-04
1.736085216793597672e-04
1.729378897911347220e-04
1.601681875296910508e-04
1.565055479994072792e-04
1.530451525112163660e-04
1.511829500894018769e-04
1.480633849540748375e-04
1.436013553975717331e-04
1.405709435480557317e-04
1.355898329938561898e-04
1.327995500054127555e-04
1.321115296290340121e-04
1.253473813507297128e-04
1.230255132277027091e-04
1.201971004443333534e-04
1.189713746746633887e-04
1.170128987878627088e-04
1.135870356061076706e-04
1.082869132208098991e-04
1.073491410089932782e-04
1.031408727876501275e-04
1.019928078322022638e-04
9.769923792014841371e-05
9.630021566334240519e-05
9.407611956347760663e-05
9.220392220030984803e-05
8.985975594375260377e-05
8.771189042097242937e-05
8.564811048155026327e-05
8.446487291208259248e-05
8.413159461068574674e-05
7.862612421567748697e-05
7.782040980726599971e-05
7.590857091225359469e-05
7.512275866671299241e-05
7.367834828850348787e-05
7.177621791001484659e-05
7.087762928231698917e-05
6.994263469943660559e-05
6.798914651151586675e-05
6.551539269456126136e-05
6.293535031996240351e-05
6.248640337105259472e-05
6.199430438588222512e-05
5.791680294666222255e-05
5.680032127976263924e-05
5.614272204978640167e-05
5.487422343422132358e-05
5.379041314024298224e-05
5.231762605718736823e-05
5.127829912392751067e-05
5.049947924525693548e-05
4.824650640045624156e-05
4.764752997337169937e-05
4.647207307112016388e-05
4.541976114766287597e-05
4.398219728786211994e-05
4.364518939069115177e-05
4.277970815583496164e-05
4.056920466499533683e-05
3.960525521474146855e-05
3.841644712349865282e-05
3.702918188550725979e-05
3.651686122153339950e-05
3.580476857915255599e-05
3.457525933917185532e-05
3.375198251831850393e-05
3.282949260096680588e-05
3.272814391119668935e-05
3.170749249485641316e-05
3.092395819099626241e-05
2.960009333729421394e-05
2.917461193774431469e-05
2.841921903276668272e-05
2.784179702631034778e-05
2.698297856117334983e-05
2.649396155887144151e-05
2.557923856155634336e-05
2.525106186310678946e-05
2.434165792341740276e-05
2.383300281521499398e-05
2.350425303508332474e-05
2.291017893330753836e-05
2.222707480812376535e-05
2.189910605179210554e-05
2.149297642275120991e-05
2.069387387838131273e-05
2.025503516275730707e-05
1.989759071778800489e-05
1.927936716230084038e-05
1.906636476997997868e-05
1.894826812108245040e-05
1.817579127202859689e-05
1.778506971200362235e-05
1.715319028128043074e-05
1.696017385265070031e-05
1.645015731194157994e-05
1.601054892093220790e-05
1.559252642724499204e-05
1.490220110732419266e-05
1.454099809637713980e-05
1.436331550799890406e-05
1.358377965951320485e-05
1.332605917560021180e-05
1.288002193624280907e-05
1.251216245320956050e-05
1.238670315872592010e-05
1.177168636671146890e-05
1.170009412684770050e-05
1.127391935591438538e-05
1.113816830145757613e-05
1.077680258130719242e-05
1.069283982589090192e-05
1.024336054762820132e-05
1.015609656133942872e-05
9.464885617386792964e-06
9.284373110699284639e-06
9.063633354749737239e-06
8.926834832850866574e-06
8.805845971286698244e-06
8.273021691732117093e-06
7.935892516438521735e-06
7.427901735670899760e-06
7.308593128094947580e-06
6.799753544054795973e-06
6.729901172619586126e-06
6.672211333553071612e-06
6.286620235202858363e-06
6.220086302489563477e-06
5.860879913356315795e-06
5.605629504719779419e-06
5.346766826084657489e-06
5.099856585479098386e-06
4.867664424994271533e-06
4.811089046474633910e-06
4.687969698264710322e-06
4.475555281274699419e-06
4.419610407973041971e-06
4.134168918956808695e-06
4.036627471420825284e-06
3.901877675255198619e-06
3.755721292622203766e-06
3.462583391813022132e-06
3.346729707131571270e-06
3.203176745345036242e-06
2.984984618471822030e-06
2.970329836208295126e-06
2.719595458137792794e-06
2.663198145481509980e-06
2.522412983243059453e-06
2.461387729964574135e-06
2.411883818984463303e-06
2.285362023955700237e-06
2.135229103011145383e-06
2.065574220856273913e-06
1.995398433329038969e-06
1.864296803335190877e-06
1.666588986258361272e-06
1.643366031190801298e-06
1.510762076730817562e-06
1.415519999754608373e-06
1.325959567922343560e-06
1.270480498022039306e-06
1.218754119880943902e-06
1.026615696637608096e-06
9.572172595533777956e-07
8.410365238793574244e-07
7.971324348575251245e-07
6.640691458209283567e-07
5.707025477473747792e-07
5.109529400075426466e-07
4.235724733512898133e-07
3.959863470453981845e-07
3.043577079818815989e-07
2.546872670644650292e-07
1.509481391406076387e-07
1.203525861450620150e-07
3.525383101217070701e-08
3.208102039373230766e-20
-1.041521060316658278e-19
-3.075138504257630516e-08
-7.414617289178491021e-08
-1.197070359518393736e-07
-1.762055471304175380e-07
-2.544269579657841693e-07
-2.989020176615357171e-07
-3.222547092142402544e-07
-3.933243314747411799e-07
-4.636983144628055426e-07
-5.319006585323225107e-07
-6.100721497256681306e-07
-6.898564188135144119e-07
-8.824688214662681305e-07
-9.328213622492073386e-07
-1.034064872045747006e-06
-1.092856401515271610e-06
-1.244437227291689710e-06
-1.310218673348257854e-06
-1.372221408372703934e-06
-1.554013829589363351e-06
-1.633484214533168938e-06
-1.928672423640347034e-06
-1.998247440256642851e-06
-2.145047411181204844e-06
-2.629293303933908377e-06
-2.731485705292994778e-06
-2.845273687670739604e-06
-2.867034818199921506e-06
-2.949252843582781549e-06
-3.343742743212893261e-06
-3.456602101290331098e-06
-3.584627008593503794e-06
-3.832128935225911891e-06
-4.077472022660313718e-06
-4.326769096885342065e-06
-4.495845769984508637e-06
-4.902373342932457839e-06
-5.176309589558300431e-06
-5.599589531520317056e-06
-5.801030654486561608e-06
-5.872188875384842495e-06
-6.183097487690314939e-06
-6.325084036187258569e-06
-6.669727082650076239e-06
-6.900118506335059357e-06
-6.968264134881137429e-06
-7.503685746119869992e-06
-7.796500404717687631e-06
-8.296321957645688567e-06
-8.577564376063792796e-06
-8.702668167239721291e-06
-9.025952981169906413e-06
-9.805611891169026926e-06
-1.006165732929943658e-05
-1.070658145563163107e-05
-1.106314046474051711e-05
-1.137738550926950255e-05
-1.186298164246648039e-05
-1.243636348109600529e-05
-1.308432599306657846e-05
-1.378580014398868522e-05
-1.384354897748794921e-05
-1.417857465458519033e-05
-1.482125756127088577e-05
-1.532970180308963624e-05
-1.607363095334534686e-05
-1.701349331940574979e-05
-1.754421341751045377e-05
-1.791630963092386930e-05
-1.858369998065247962e-05
-1.963481404750010885e-05
-1.999324113967598280e-05
-2.048911508352988415e-05
-2.079419785340412921e-05
-2.167087681022817697e-05
-2.275718385313563980e-05
-2.360833139122825233e-05
-2.400204854320683309e-05
-2.508782110934142117e-05
-2.582220942630508853e-05
-2.748570351230421712e-05
-2.804232756800756999e-05
-2.863938083900600316e-05
-2.945674176502196119e-05
-3.042631589382256420e-05
-3.199276333969128965e-05
-3.259436129823271893e-05
-3.346061573912399620e-05
-3.457524755885346246e-05
-3.508585186054973123e-05
-3.855902799203768486e-05
-3.939131592916055485e-05
-4.035221807220609497e-05
-4.203823375743016703e-05
-4.420091066902096346e-05
-4.486938465800445057e-05
-4.599953310107166693e-05
-4.788332686468272921e-05
-4.961911475720868678e-05
-5.140805170555539147e-05
-5.273443924121533338e-05
-5.491919974635288816e-05
-5.622886982054045514e-05
-5.808484132305463449e-05
-5.965270670588619114e-05
-6.388561703870470655e-05
-6.573428934893950696e-05
-6.710176887518519277e-05
-6.871232569085185347e-05
-7.124967491508445389e-05
-7.378490502454464238e-05
-7.525319122208056161e-05
-7.684777500368231444e-05
-7.866188021118715207e-05
-8.209043296900547836e-05
-8.464949254115575140e-05
-8.956310606050337994e-05
-9.031377733467033358e-05
-9.046061131887363975e-05
-9.743754824279500266e-05
-1.010204359134256276e-04
-1.068073389241745285e-04
-1.101142507559747916e-04
-1.142691731659258801e-04
-1.187881977404271565e-04
-1.201601574881179529e-04
-1.248511277106812106e-04
-1.267414935508963175e-04
-1.286182972501613282e-04
-1.350940322406547441e-04
-1.389714009455251479e-04
-1.428693208807306275e-04
-1.448469559647518187e-04
-1.521436917889106987e-04
-1.588371485723894688e-04
-1.616129638634893723e-04
-1.633744383633656380e-04
-1.695240369045100724e-04
-1.711833283061790811e-04
-1.784505567825392641e-04
-1.814604384302767983e-04
-1.876929854542476277e-04
-1.921924783193838489e-04
-2.014201537177418835e-04
-2.040506079605046658e-04
-2.201653362107159283e-04
-2.225340845115550696e-04
-2.350061353072758065e-04
-2.495314223098632337e-04
-2.570066595746215896e-04
-2.642996720438227842e-04
-2.676879337344205802e-04
-2.709707069432107742e-04
-2.846001864142663263e-04
-3.035629539816686769e-04
-3.173043345848546373e-04
-3.315698240838951274e-04
-3.370361646880931628e-04
-3.448778047850394437e-04
-3.681901161340857026e-04
-3.907462186678589688e-04
-4.074997097656887367e-04
-4.198304854504140765e-04
-4.364967080486624831e-04
-4.419606042532910973e-04
-4.592708595954990685e-04
-4.939173040091585261e-04
-5.343638502638731365e-04
-5.358905152980118552e-04
-5.883498506728381070e-04
-6.058616919833371322e-04
-6.414163668687309370e-04
-6.548168070712859007e-04
-6.756025421658399741e-04
-7.599887679629811462e-04
-7.857583916075479378e-04
-9.157637015172016360e-04
-9.801365923472703506e-04
-1.052527408736653181e-03
-1.107257395235280648e-03
-1.262971947888546186e-03
-1.661778968055848630e-03
-1.921369450321807650e-03
