2.294560605575771128e-03
2.060131930503719851e-03
1.559963764744650783e-03
1.364733239657764472e-03
1.252209970096669015e-03
1.122337897927673349e-03
1.060492347769339486e-03
1.006604265526133551e-03
9.597808002249695429e-04
9.085749714695521466e-04
8.418138812540319456e-04
7.661792882981716558e-04
7.532033240284736813e-04
6.859410729824283936e-04
6.553251768299395846e-04
6.059335046636540878e-04
5.869148868448610147e-04
5.579527978769075695e-04
5.356401173079406927e-04
5.079310016050161275e-04
5.014675878360258564e-04
4.742414019201683997e-04
4.560775907834016822e-04
4.337870273571636662e-04
4.269275478546013256e-04
4.192479319711784323e-04
3.946366240866504890e-04
3.811892173924487002e-04
3.718440341424113639e-04
3.552628256036152732e-04
3.339434447127428247e-04
3.299850036224396752e-04
3.165152726467621697e-04
3.051586351714031392e-04
2.897447748430790043e-04
2.811075850410703889e-04
2.674122572411710393e-04
2.543685152145090645e-04
2.527987308067417157e-04
2.439110697389328662e-04
2.333990180868825701e-04
2.245200754750679257e-04
2.131943780758520303e-04
2.090925141906311506e-04
2.080496347876511544e-04
1.983026526143290595e-04
1.928882463175962301e-04
1.882935964893917285e-04
1.859131963701310462e-04
1.774105497655889259e-04
1.736210036241714078e-04
1.728950706533395739e-04
1.707226570703214885e-04
1.678585936842145597e-04
1.645916422452606731e-04
1.543659514126183427e-04
1.519038856709016886e-04
1.413631400769564987e-04
1.365125088291412937e-04
1.333650551008167668e-04
1.277546621408811841e-04
1.231310703630845104e-04
1.206080240872474228e-04
1.197914272489710981e-04
1.113554728845131978e-04
1.090771732539095907e-04
1.058094103148794475e-04
1.001358778293613141e-04
9.874488332176186085e-05
9.623496997689706179e-05
9.440610818817802457e-05
9.244654589919386605e-05
8.836869244305294762e-05
8.601538231775953183e-05
8.452551334006229292e-05
8.218843367068503559e-05
7.779728506233773565e-05
7.504288333762017661e-05
7.288699414424738550e-05
7.244106482216255039e-05
6.902946349200395190e-05
6.741533191383474572e-05
6.651157179150659954e-05
6.308946678008984631e-05
6.061769076983785422e-05
5.908806863117837789e-05
5.478462205914972434e-05
5.354954650857108916e-05
5.126428844843965605e-05
4.997848316738069278e-05
4.784652166034780133e-05
4.627817771616791944e-05
4.474152341571465107e-05
4.368387236332307372e-05
4.227906563965577903e-05
4.174004920612914472e-05
3.909541598929339059e-05
3.829880699808917410e-05
3.564450594771543824e-05
3.521583367739954216e-05
3.416301490644757494e-05
3.376787584001853594e-05
3.249744445795954914e-05
3.146303002542624402e-05
3.081216354010181234e-05
2.977124853547562686e-05
2.844222429812808835e-05
2.827332905504091089e-05
2.665013846156770910e-05
2.613976084368344077e-05
2.563285144918237064e-05
2.486638407138599797e-05
2.420901071201266198e-05
2.337565169513942107e-05
2.319704730875553738e-05
2.169621364302840561e-05
2.111369085494361846e-05
2.036638318979165928e-05
1.909808377056200249e-05
1.852714829078000943e-05
1.783932041108760868e-05
1.771683696198761508e-05
1.707661537492586565e-05
1.630187205398590981e-05
1.600093897007043089e-05
1.503289976064194983e-05
1.409409991429064303e-05
1.381131869669287154e-05
1.324868638711912984e-05
1.284892455816388252e-05
1.222425749167442634e-05
1.178522840377665219e-05
1.169112612648485508e-05
1.089205111847822146e-05
1.055630757539273879e-05
1.030699464723385173e-05
9.992872831377779962e-06
9.576090963853282391e-06
9.159007771842316055e-06
8.861502703870015438e-06
8.144196184292646089e-06
7.930241821432919267e-06
7.507885768515248215e-06
7.128854964314151974e-06
6.818177965502287793e-06
6.546623968852989966e-06
6.195073683663234975e-06
6.120759724877406624e-06
5.715048382266213012e-06
5.271059495452567533e-06
5.159149550906868030e-06
4.965994392094237879e-06
4.509842433581076970e-06
4.397823514563368407e-06
4.269484622875261872e-06
4.116595675544444175e-06
3.819837434698338319e-06
3.683049663720539995e-06
3.336187905221059071e-06
3.075469103233120698e-06
2.897953133728769111e-06
2.720510916017619808e-06
2.614318458205950918e-06
2.502189091164883300e-06
2.440414006402716044e-06
2.219029766150608424e-06
2.207102295948385069e-06
1.985070773288134799e-06
1.872697829356366183e-06
1.671637237892008797e-06
1.517134336711806347e-06
1.335594469908697074e-06
1.242432886872748261e-06
1.103196689637700440e-06
1.030954869873776567e-06
9.595356621055297851e-07
9.204586545660833014e-07
7.944835605656016458e-07
6.714205578108099755e-07
6.303175935931588551e-07
5.056676200035690230e-07
4.605207432351373973e-07
3.806042047485231844e-07
2.733564444165222301e-07
2.205595734641115837e-07
1.825111134605321825e-07
1.611022687684509760e-07
7.612348250790319068e-08
2.941708038173982962e-08
1.300142651225436759e-20
-3.578305331442612106e-20
-4.846567862490203292e-08
-8.753235922214554530e-08
-1.936697640447858652e-07
-2.176613001468795983e-07
-2.821525044217166339e-07
-3.482976365548235372e-07
-3.865297782272088552e-07
-4.578045580766121187e-07
-4.946919105414320209e-07
-6.201823826903056439e-07
-7.126464245154224241e-07
-8.461104948531886429e-07
-9.795200696960998928e-07
-1.080180477190945855e-06
-1.119743477278000349e-06
-1.233815286047702691e-06
-1.265182164363655033e-06
-1.343602179073097359e-06
-1.487400061250144341e-06
-1.561000878512735272e-06
-1.597093993337020058e-06
-1.912311623409554208e-06
-1.921233447091960477e-06
-2.026914895988267173e-06
-2.104265542866855276e-06
-2.285811495882524980e-06
-2.348900094307216090e-06
-2.404486232805994250e-06
-2.609289660642498126e-06
-2.717839508766029709e-06
-2.793166754802753130e-06
-2.916106727615457809e-06
-3.052860106490178756e-06
-3.104699856802357050e-06
-3.335472523496978413e-06
-3.377711310556612901e-06
-3.588636915506668439e-06
-3.788315979707487078e-06
-3.869454185600438049e-06
-4.141883686136301583e-06
-4.199397222337053320e-06
-4.545730539008334253e-06
-4.649799951520590123e-06
-4.836951030197806805e-06
-4.934337083918167064e-06
-5.046072306802906740e-06
-5.195618883915917754e-06
-5.639174337515498025e-06
-5.745600681242611333e-06
-5.995511019748588106e-06
-6.209804526735450689e-06
-6.340934198966789322e-06
-6.431449279272256388e-06
-6.740632637435035287e-06
-6.891132571399701787e-06
-7.311278150385072539e-06
-7.769301146141074200e-06
-8.155422374732195545e-06
-8.311750017940431075e-06
-8.740657643025319295e-06
-8.993925084195649705e-06
-9.279800843469110836e-06
-9.502035986203749251e-06
-9.657133269405384593e-06
-1.015761882548002623e-05
-1.037698078828104903e-05
-1.092853215675642141e-05
-1.120656599005228318e-05
-1.146066259043784769e-05
-1.162561284487305436e-05
-1.185787164877839879e-05
-1.203810794086854969e-05
-1.238353240543766682e-05
-1.267057964373901192e-05
-1.288206509520493707e-05
-1.313275178807630485e-05
-1.389073610255064398e-05
-1.422851453695281595e-05
-1.449714132299306423e-05
-1.460140034326606718e-05
-1.544243287029327220e-05
-1.569916040825940546e-05
-1.633065569948803720e-05
-1.639944976507928573e-05
-1.722701526924296525e-05
-1.731703101244855373e-05
-1.800057740468635742e-05
-1.841447079560138374e-05
-1.853935669082535412e-05
-1.903185183863717952e-05
-1.962440900255851313e-05
-2.034638010968591910e-05
-2.053781555318553165e-05
-2.177986051565521520e-05
-2.202283027576846651e-05
-2.256010208269498284e-05
-2.297391870218822241e-05
-2.357952670702665924e-05
-2.411215680864679198e-05
-2.461801578361823474e-05
-2.464633039238439791e-05
-2.601451455883435900e-05
-2.642619047035346926e-05
-2.703084577304666765e-05
-2.753749405536572121e-05
-2.809054553117884160e-05
-2.937231951091013332e-05
-3.042660670064862601e-05
-3.051109816641580540e-05
-3.148019021853680081e-05
-3.212975411949633119e-05
-3.238195077845001008e-05
-3.283882698210436419e-05
-3.471715675171954831e-05
-3.503178671345423258e-05
-3.627473637004679916e-05
-3.751617325600643620e-05
-3.781810805349576665e-05
-3.919490088127718802e-05
-4.016616256308358767e-05
-4.076820215499399780e-05
-4.258070757854460044e-05
-4.343234545208855916e-05
-4.420568154285279476e-05
-4.564824804390350566e-05
-4.634868562033281673e-05
-4.813761146881255807e-05
-4.864320150759577423e-05
-5.056086049567767995e-05
-5.173059433147459991e-05
-5.330801548172066741e-05
-5.367547934913377447e-05
-5.562634170297903495e-05
-5.630678106080444549e-05
-5.796044632018984571e-05
-5.813978279915440925e-05
-5.972136396082598862e-05
-6.094409605677805558e-05
-6.312274697861174706e-05
-6.487100294770430542e-05
-6.556125600780900501e-05
-6.789258708278868065e-05
-6.853049208913736517e-05
-7.108256162000535191e-05
-7.163338005687656452e-05
-7.476283683955972496e-05
-7.510090179233477208e-05
-7.628959394173296857e-05
-7.941353183150439321e-05
-7.995888255630797874e-05
-8.261667477733093147e-05
-8.499326204501509937e-05
-8.688596316471117415e-05
-8.716874603422302141e-05
-9.132070459695611111e-05
-9.300928656124355558e-05
-9.440945233162829984e-05
-9.697785603314067052e-05
-9.889486825371128389e-05
-1.010897973214940190e-04
-1.040394822022898820e-04
-1.050784421782682837e-04
-1.074100169524200347e-04
-1.111109584131820811e-04
-1.130030658277835745e-04
-1.143318903368993942e-04
-1.177552592563808762e-04
-1.215775141401159980e-04
-1.237523069464788986e-04
-1.260684414923870416e-04
-1.273243994942742526e-04
-1.274020506347501745e-04
-1.319946796549090640e-04
-1.369766507483694137e-04
-1.418838196615886940e-04
-1.436543123687551607e-04
-1.451592625047369795e-04
-1.508134959237703867e-04
-1.570401452257844425e-04
-1.603037537742620154e-04
-1.623721057437920964e-04
-1.677355034410418582e-04
-1.696810053047344659e-04
-1.725538742873808135e-04
-1.799684708600646926e-04
-1.851852736238082458e-04
-1.873165508235226785e-04
-1.900566128735826108e-04
-1.945876743992847610e-04
-1.974547808503338117e-04
-2.003685373573824981e-04
-2.057143403451298079e-04
-2.131838694801592394e-04
-2.162385342453022115e-04
-2.286398207361635653e-04
-2.316795653286165906e-04
-2.362926116906357318e-04
-2.483235721119712424e-04
-2.551659177945671394e-04
-2.606147740542214854e-04
-2.629137447633477084e-04
-2.664070533708495954e-04
-2.760044583122569562e-04
-2.855098229067796448e-04
-2.902027974183355027e-04
-2.974191159747320893e-04
-3.025785877902905231e-04
-3.120622476429350161e-04
-3.182958983250007185e-04
-3.286647085183316201e-04
-3.308455365747144236e-04
-3.498892024517863842e-04
-3.570121428535462968e-04
-3.657843776089931393e-04
-3.830525015354151858e-04
-3.906064852417796395e-04
-3.947600421529771485e-04
-4.131122246154910133e-04
-4.282181634077539744e-04
-4.318966290313814259e-04
-4.547659640888331131e-04
-4.700165971112245269e-04
-4.731788277004937986e-04
-5.039841100733657509e-04
-5.113166877423039108e-04
-5.367924670728284591e-04
-5.462412794453725936e-04
-5.760395096461789696e-04
-5.935344273044242114e-04
-6.284664646538677332e-04
-6.649660035574749689e-04
-6.858788390911122477e-04
-6.894094331373050877e-04
-7.089984309817622858e-04
-7.571555353603701003e-04
-7.992514429476293763e-04
-8.227906356088090763e-04
-8.607891435494177288e-04
-8.721266327511297900e-04
-8.804075049452909181e-04
-9.064211769543282799e-04
-1.025123842835455254e-03
-1.055776032948512215e-03
-1.198339401463404275e-03
-1.243646040730896681e-03
-1.294351218073366231e-03
-1.357640366744360593e-03
-1.622440839061866811e-03
-1.699421101184409380e-03
-1.728859936969496906e-03
