-1.318540064596516181e+00
-2.096124862884179707e-01
-1.746528477172396565e-01
-6.851332286881678391e-02
-5.802382598823262183e-02
-4.106844919045722631e-02
-3.748400869665734214e-02
-2.319673034326297234e-02
-2.026661395746066907e-02
-1.809219091232415130e-02
-1.572717377991656937e-02
-1.317813239427329669e-02
-1.216812013533093324e-02
-1.117181317329972098e-02
-9.487486614293275805e-03
-8.357830457263289853e-03
-8.214229688688056211e-03
-7.886650836781401372e-03
-7.332021714920873567e-03
-6.586709786508222753e-03
-5.272019811967267912e-03
-4.911153601471248374e-03
-4.796982596632759673e-03
-4.252812003072842240e-03
-4.108843235841729870e-03
-3.905703106063873782e-03
-3.774935352190933631e-03
-3.531551376921383822e-03
-3.375884492192897553e-03
-3.112275622959377944e-03
-2.892601325005212266e-03
-2.870027506971071281e-03
-2.690161841759195708e-03
-2.476459372951350223e-03
-2.336218953646313542e-03
-2.305559178881372816e-03
-2.164677032554486284e-03
-2.132589561940791915e-03
-2.057945234612511103e-03
-1.941515735008225284e-03
-1.844012338308385771e-03
-1.773757748534488237e-03
-1.679902835163142680e-03
-1.628026017400337113e-03
-1.582776748651156624e-03
-1.503420591022315393e-03
-1.441359287808226817e-03
-1.402005702696511010e-03
-1.325609512230410810e-03
-1.284336033027184357e-03
-1.188616323508966772e-03
-1.181756519917662044e-03
-1.139979359497910556e-03
-1.084734182604820980e-03
-1.067837058825716083e-03
-1.020946404365854826e-03
-9.908130811731555472e-04
-9.644981809514205622e-04
-9.292287475956208676e-04
-9.208990125773293487e-04
-8.636524133944046633e-04
-8.250550939235317066e-04
-7.825973207443534963e-04
-7.694211624249806423e-04
-7.276161250201441336e-04
-7.259355027080601104e-04
-6.952112109939762464e-04
-6.776807056193393831e-04
-6.362191816809813910e-04
-6.265038846008740394e-04
-6.134485052009440659e-04
-5.933945715424628975e-04
-5.771057149412420163e-04
-5.674339928821236318e-04
-5.333375414502135965e-04
-5.001517888200508397e-04
-4.855790540326318646e-04
-4.809326573852869898e-04
-4.781205067043552419e-04
-4.573397242083964516e-04
-4.482261130553794309e-04
-4.369483873889787426e-04
-4.297211005295189959e-04
-4.145913041827594542e-04
-3.935347999518965705e-04
-3.909041461607275334e-04
-3.779226850689602641e-04
-3.702348006435509081e-04
-3.597735912658678900e-04
-3.445614397743003736e-04
-3.299995953135442112e-04
-3.205512668738740478e-04
-3.139939564939495695e-04
-3.058830605147570087e-04
-2.961718387560242916e-04
-2.927140185421345871e-04
-2.851861820147016946e-04
-2.830204569443317488e-04
-2.690080512444338774e-04
-2.614622832558832787e-04
-2.523071692071954643e-04
-2.497735838466423196e-04
-2.387295799641892468e-04
-2.301666908891112392e-04
-2.225750224906658265e-04
-2.193349417301448858e-04
-2.079579289427496420e-04
-2.014814568863344476e-04
-1.919261650930068432e-04
-1.914631281538279153e-04
-1.845354483009416376e-04
-1.814665022890354516e-04
-1.789112511478289827e-04
-1.740146537999234387e-04
-1.696852136903491198e-04
-1.646473488001833139e-04
-1.565851836197648661e-04
-1.522588811343778957e-04
-1.510787585860726666e-04
-1.457075356714172094e-04
-1.384827592794070545e-04
-1.352822612358437989e-04
-1.291913749083621577e-04
-1.263206040941634693e-04
-1.228082806971268314e-04
-1.178776344013724277e-04
-1.158622654888518191e-04
-1.137607135748324642e-04
-1.099270537201169843e-04
-1.090153987553267308e-04
-1.069540994155477947e-04
-1.026834823317258216e-04
-9.957257229194975238e-05
-9.857802544901929278e-05
-9.536756062600432995e-05
-9.400066952455279087e-05
-9.078853390008386436e-05
-8.968629055635398241e-05
-8.720987080047820509e-05
-8.433245996982725997e-05
-8.298940253142888526e-05
-8.235760061065770939e-05
-8.162362240426370861e-05
-7.691390080313813694e-05
-7.654167737972892563e-05
-7.418498839140587732e-05
-7.109685485509931765e-05
-6.783374628086507989e-05
-6.418900315540440951e-05
-6.252912386507898451e-05
-6.168477374070951145e-05
-5.944264881987505538e-05
-5.891104511777100903e-05
-5.825563588178591707e-05
-5.719275888538276115e-05
-5.422281019565143708e-05
-5.179775832639637293e-05
-5.050963001139883790e-05
-5.046171997438781727e-05
-4.849435815113008452e-05
-4.556103488277391515e-05
-4.549451282686772438e-05
-4.428038806653634648e-05
-4.227057943220660885e-05
-4.142408550375734229e-05
-4.104544947194050606e-05
-4.060786579022025760e-05
-3.851837144458206212e-05
-3.768390512701198786e-05
-3.652937250830877425e-05
-3.586760076329335438e-05
-3.486354579525415416e-05
-3.376617293151680499e-05
-3.274976070015148463e-05
-3.250395512918595101e-05
-3.122094381044996237e-05
-3.030720706699528417e-05
-2.845100617113293975e-05
-2.786293429494327936e-05
-2.664197658056513806e-05
-2.619486689498378313e-05
-2.550422097276873403e-05
-2.442400658030789817e-05
-2.366298571535709069e-05
-2.279945401999813786e-05
-2.228827656076466006e-05
-2.122156548491055446e-05
-2.094584025268153051e-05
-2.036488661486210799e-05
-1.971870665071435367e-05
-1.872849941160980528e-05
-1.836780679124138776e-05
-1.741760954690152894e-05
-1.695322706127325152e-05
-1.641768116840747858e-05
-1.547474768124065212e-05
-1.483335682011126773e-05
-1.428284873093744717e-05
-1.412905726867363382e-05
-1.373737374987851497e-05
-1.259178595861621856e-05
-1.210367323518666176e-05
-1.186041843467251932e-05
-1.118272830512359923e-05
-1.076016288219776583e-05
-1.033863734816940400e-05
-1.018525266217423821e-05
-9.699425122936760114e-06
-9.441749933087370105e-06
-9.019423763463257042e-06
-8.918182275756035969e-06
-8.648880824828613585e-06
-8.180433817196698646e-06
-7.641797486159366526e-06
-7.404258156092162932e-06
-6.888907283056779657e-06
-6.751771679382237762e-06
-6.275100575634494100e-06
-6.187977517497713548e-06
-5.634816773742187628e-06
-5.494830037231946319e-06
-5.262532979301689738e-06
-4.789418458909707542e-06
-4.637327939961837539e-06
-4.584577963575386845e-06
-4.368444644646492098e-06
-4.046636202399792951e-06
-3.814267056564984511e-06
-3.443657508249264617e-06
-3.124242725465940080e-06
-3.044504401253823595e-06
-2.821154954782054989e-06
-2.452225281476894072e-06
-2.419250346435283401e-06
-2.330504082451498367e-06
-2.093256797782274121e-06
-1.861882179376712990e-06
-1.729240861844085688e-06
-1.391970033021943451e-06
-1.104268379102990230e-06
-1.039276422654934521e-06
-8.543932607925075668e-07
-6.860085841169013316e-07
-5.464059293141509509e-07
-5.155541516592925453e-07
-4.695014146253547464e-07
-3.433362737126060482e-07
-2.310271076613630993e-07
-1.043695562203534556e-07
-3.975901604882099121e-08
-5.252879889683332163e-20
8.417093886364994144e-20
2.097841230821735949e-08
1.232283070461641678e-07
1.581315139744488409e-07
2.694636573411975335e-07
3.135813654102285991e-07
3.338183265844183988e-07
5.375504998661540307e-07
7.277905903412660840e-07
8.247081933226406605e-07
9.352510027291822841e-07
1.059950445434541386e-06
1.150825639521696061e-06
1.268662691250485960e-06
1.418828270590203165e-06
1.581385779310053223e-06
1.784858787699987766e-06
1.891849572524670709e-06
2.089271910202953343e-06
2.164162744127966693e-06
2.586326397117083305e-06
2.774788640897917575e-06
2.792792737376327830e-06
3.179293864431615773e-06
3.206198279056142727e-06
3.434617721679474079e-06
3.602750329811188385e-06
3.704378191232609472e-06
4.086751953765131718e-06
4.330944525747888540e-06
4.717378426162815212e-06
4.992213040357035514e-06
5.367767502370096376e-06
5.542894986901640453e-06
5.653641252124289058e-06
6.069244583378670207e-06
6.535572487407930630e-06
7.538288419684649870e-06
7.684613979332991597e-06
7.958114921832189865e-06
8.601650886984920684e-06
8.977763783044069703e-06
9.425577466277199379e-06
9.860550788743939590e-06
1.036163165569019567e-05
1.051217718852023976e-05
1.097662645899088129e-05
1.176486854511599220e-05
1.221922838720148415e-05
1.291864939609171620e-05
1.342274657081056859e-05
1.403730436570671675e-05
1.464579528940992052e-05
1.562892959982181243e-05
1.664867576238815232e-05
1.721519619518406175e-05
1.777439995408931038e-05
1.891463929721469306e-05
1.998583747051530511e-05
2.059465053038640145e-05
2.136963474651335445e-05
2.334743227058627113e-05
2.347511456468444818e-05
2.480482209210165006e-05
2.535061918670392667e-05
2.622131462873862894e-05
2.743863135457451046e-05
2.886753167956630970e-05
3.032354357812179209e-05
3.128990586531624191e-05
3.189779747739268515e-05
3.357705796001538202e-05
3.459804167469958988e-05
3.751300511320415616e-05
3.938024627050374472e-05
4.149812891282363435e-05
4.266494459280402354e-05
4.368426972924718804e-05
4.614032291751429745e-05
4.797439737767673554e-05
4.885433584602331774e-05
5.072476124294733087e-05
5.430315075712131671e-05
5.639130077443336368e-05
5.654029621740841460e-05
6.009159153757924606e-05
6.500211023598118998e-05
6.873575475222398800e-05
7.023031365680710756e-05
7.111447497893388047e-05
7.250826530141677177e-05
7.673910537188700898e-05
7.907858924473088011e-05
8.165398680784286347e-05
8.371683460123592320e-05
9.192849610117548504e-05
9.571499634691851507e-05
9.639368706416109520e-05
1.031658011687424379e-04
1.063341538900198293e-04
1.091264938087807839e-04
1.139742606966962353e-04
1.145594307343263655e-04
1.192773745863221147e-04
1.215017838945464977e-04
1.223185822802014624e-04
1.323329514870618892e-04
1.360350369315487017e-04
1.392904067878997004e-04
1.431499193376919597e-04
1.500901101495913468e-04
1.544226980172361946e-04
1.573159530453676887e-04
1.669509897707531965e-04
1.807205519831307436e-04
1.859195666114381003e-04
2.000204453998931820e-04
2.029306405504778771e-04
2.086934443277365259e-04
2.158517994469127260e-04
2.283537969770172186e-04
2.361470014742090477e-04
2.451955083200024364e-04
2.614340810688027712e-04
2.636169802120383191e-04
2.742436470962700918e-04
2.959422295333323299e-04
3.115704345995072067e-04
3.291999661823264908e-04
3.439288836800570440e-04
3.545860816903951131e-04
3.685270338445982433e-04
3.792582425278731031e-04
3.973564391673340313e-04
4.243950720089882276e-04
4.369068301600554250e-04
4.486666165215685690e-04
4.669780233835691698e-04
4.886397972765516582e-04
4.958414942249349689e-04
5.171304324526785701e-04
5.541544792036488289e-04
5.818478207987484415e-04
6.008486811695279732e-04
6.327963949723258187e-04
6.605722981534248046e-04
6.838723868661376231e-04
7.168642653899647780e-04
7.344652828007487569e-04
7.798408186044409208e-04
8.311692539838060837e-04
8.825787061473263414e-04
9.008355163426513650e-04
9.689671733078416508e-04
1.071991894837335309e-03
1.125722198749084255e-03
1.163677790195268274e-03
1.182229977400606116e-03
1.203436904236113722e-03
1.267221633627645594e-03
1.358873655903572583e-03
1.366493506627938261e-03
1.478515579800129907e-03
1.597455347320969957e-03
1.619685897425674620e-03
1.761374206989776243e-03
1.862735530044689692e-03
2.103452870075597086e-03
2.229653492770251530e-03
2.428329713339635529e-03
2.443778003983194599e-03
2.501613810376844809e-03
3.052395803812617877e-03
3.230619407196777277e-03
3.813118170774829497e-03
4.127506207903864667e-03
4.662853739091630569e-03
4.953647548482849675e-03
5.413392226415235028e-03
6.840526778164051844e-03
7.429333052375563726e-03
9.077767776063609684e-03
1.013291368222443527e-02
1.195602368665276034e-02
1.575856923340545473e-02
1.796861221264599989e-02
2.560096132240741174e-02
3.695897199035921843e-02
6.014294953574914754e-02
2.015398985412098776e-01
