3.580990133927138951e-03
3.243525522863614959e-03
3.149902090282344965e-03
3.124558842592039479e-03
3.010642804713525855e-03
2.808231258340454506e-03
2.711522473884313798e-03
2.537013524965836282e-03
2.483687123905358677e-03
2.169582257902724545e-03
2.127845169142505728e-03
1.959342103225863822e-03
1.765563179827446712e-03
1.710238379962358227e-03
1.667552914191851657e-03
1.618795132094419734e-03
1.580385880495430162e-03
1.533082915717418841e-03
1.524357944991794507e-03
1.479906673321670571e-03
1.431079365431770162e-03
1.380755749721313897e-03
1.342627981132195119e-03
1.322666833606026991e-03
1.281849669897914320e-03
1.252874029879344833e-03
1.216368882709999502e-03
1.150439966312248380e-03
1.136820752568318835e-03
1.104575256360912101e-03
1.077672038755932930e-03
1.068041052618527850e-03
1.052449013706230384e-03
1.031236594007540466e-03
1.004459651741062024e-03
1.003048597273599593e-03
9.777025595776786798e-04
9.565093551997357535e-04
9.356515544097395972e-04
9.312456255607811598e-04
9.229703937054038439e-04
8.800767477309883813e-04
8.702505378568957785e-04
8.650049694957586853e-04
8.555121966541346041e-04
8.388124919036937539e-04
8.105527277968491281e-04
8.048919249259160920e-04
7.800277866225958142e-04
7.747761473859705308e-04
7.627072350045161191e-04
7.471509621587222975e-04
7.328497564954835957e-04
7.196939817633969064e-04
6.972358787684426046e-04
6.837598336898672875e-04
6.679348230150754890e-04
6.636052846099902520e-04
6.507286683750387402e-04
6.414480444245906085e-04
6.206139432874977022e-04
6.151527515958571607e-04
6.062871890870546662e-04
5.905933971712043875e-04
5.755840589730772594e-04
5.732835430154469046e-04
5.583132286731686770e-04
5.566759733953679633e-04
5.398262557720234387e-04
5.325915844543248996e-04
5.285553667334513296e-04
5.140246108929114217e-04
5.069064379685297170e-04
5.064881204854286339e-04
4.991174251104004258e-04
4.931582759467034727e-04
4.743339827514742339e-04
4.700287083246898023e-04
4.676136413545826931e-04
4.595518668994304874e-04
4.505492885401628038e-04
4.363267441187212406e-04
4.264113310584953629e-04
4.234567066431616888e-04
4.171905720542094581e-04
4.126990491723485800e-04
3.982135760442174978e-04
3.977020442571588049e-04
3.959643352329815166e-04
3.806926708964333177e-04
3.761804993173701586e-04
3.698866520846341081e-04
3.659785752843619619e-04
3.632576897914724444e-04
3.580357349948303891e-04
3.577207357214172304e-04
3.522113799129401976e-04
3.474273393958988423e-04
3.421181123632165838e-04
3.387670597902676982e-04
3.308280780831456057e-04
3.278841388333216499e-04
3.205830597561105857e-04
3.179961995880956939e-04
3.104280494589887335e-04
3.015865057140968558e-04
2.994827504073819071e-04
2.968702672475033379e-04
2.944368630507694391e-04
2.870585723822805988e-04
2.847922059939556917e-04
2.798349463701618875e-04
2.758677528402924458e-04
2.716292001794185168e-04
2.676079031633656026e-04
2.637391725641282736e-04
2.613773378691723387e-04
2.545861751140412197e-04
2.507406258053160981e-04
2.494726332110361084e-04
2.476502758271495615e-04
2.415828922944366134e-04
2.399847642583517791e-04
2.377475265376377490e-04
2.308354728940244845e-04
2.274782127341712953e-04
2.232447796721477454e-04
2.198517935975082579e-04
2.175458958621774694e-04
2.142474344160441363e-04
2.124699014695452938e-04
2.109799728714793949e-04
2.038817582771304798e-04
2.014119488666365489e-04
1.991995884079894618e-04
1.965559493065333703e-04
1.894552086344065663e-04
1.870275036739873478e-04
1.834699515824625546e-04
1.819639499562803787e-04
1.795264541948121066e-04
1.737603357372786799e-04
1.720763387886676220e-04
1.717025951133989664e-04
1.671639086516983023e-04
1.652520126719794692e-04
1.630044250877654298e-04
1.609629875407834229e-04
1.594795177426315319e-04
1.576764104097669208e-04
1.558383074453782323e-04
1.540386840418913315e-04
1.510379544263404210e-04
1.507354458751975347e-04
1.463464678653273972e-04
1.431566491578905784e-04
1.405733190129081960e-04
1.403217173107367693e-04
1.362164819353395208e-04
1.325016283324653872e-04
1.314895173246549980e-04
1.300533609902730300e-04
1.286022851800243296e-04
1.255874687422143979e-04
1.245370915775973429e-04
1.219774359891428339e-04
1.196773793495587503e-04
1.190530096355485576e-04
1.178393727449569107e-04
1.169449884964694764e-04
1.137955393761325883e-04
1.131019031059296391e-04
1.100639693317588416e-04
1.084121285146532834e-04
1.073666280010274979e-04
1.038719862839822825e-04
1.033629894345834498e-04
1.001727815353835581e-04
9.993190739725122567e-05
9.958557387160909006e-05
9.662996020968730093e-05
9.403171922917252432e-05
9.256616375334461870e-05
9.211765131869275821e-05
9.086006125283388089e-05
8.959118514140099274e-05
8.793415860461948448e-05
8.716808459608083514e-05
8.620833887337308666e-05
8.469667775383776993e-05
8.349083516155880822e-05
8.151610138157956047e-05
8.118109662446069171e-05
7.928122854561211140e-05
7.744277692098259385e-05
7.723569433040590264e-05
7.648912067566224487e-05
7.561170468794496473e-05
7.324384446155731147e-05
7.261681850277452045e-05
7.207585939784015387e-05
7.182462348894300575e-05
6.866428144244108081e-05
6.727748562091624143e-05
6.590438075308601318e-05
6.472491072568851999e-05
6.399132637998203234e-05
6.285318222794122206e-05
6.183578752145903515e-05
6.071376758332934877e-05
5.967398102418111649e-05
5.831305350591838715e-05
5.740152937966637946e-05
5.654276623727917396e-05
5.568948902532417017e-05
5.546067061331643198e-05
5.427953174648198365e-05
5.352749831633823020e-05
5.296358704470152684e-05
5.159466085890342937e-05
5.043688572578320696e-05
5.038311547857914785e-05
4.983977782894850298e-05
4.913576256819869392e-05
4.839733096533089716e-05
4.767719087290797164e-05
4.675608146653415230e-05
4.565195855256949301e-05
4.523202451055567745e-05
4.451888645574122544e-05
4.398701853111538747e-05
4.331704707648264418e-05
4.242176156928087016e-05
4.230041937670509384e-05
4.127571623627781350e-05
4.047189058006476467e-05
3.956441179926329120e-05
3.938532658265778434e-05
3.888499750340348109e-05
3.832869187916944489e-05
3.710717920089669127e-05
3.697838812255936424e-05
3.595572989518737135e-05
3.530967633907436263e-05
3.418758191637809719e-05
3.376460245648686931e-05
3.331241850646157087e-05
3.279943594834534393e-05
3.238591892087242809e-05
3.181701157635726760e-05
3.122486866940812461e-05
3.067102275490525131e-05
3.042104983389692279e-05
3.011155496825490096e-05
2.933077192399220713e-05
2.896691554692392562e-05
2.838107079873384075e-05
2.770859554473590483e-05
2.703442185781375627e-05
2.681650383651582164e-05
2.636843281913007331e-05
2.597135935937488802e-05
2.526242661918028318e-05
2.466080739904516180e-05
2.457183836558780708e-05
2.407953106142104942e-05
2.296207074588168506e-05
2.235133659697196434e-05
2.189185216265799160e-05
2.165079507470673634e-05
2.126945359760521557e-05
2.064211037787581170e-05
2.045562341813561962e-05
1.984268993232777813e-05
1.976521841716598064e-05
1.893920473376928802e-05
1.871505237135275777e-05
1.852089790422899537e-05
1.802050866114403505e-05
1.789268252200962032e-05
1.737909782033384481e-05
1.727971773406557907e-05
1.677451705086779106e-05
1.664676627884075757e-05
1.620623187101070739e-05
1.606894981834141917e-05
1.560571848517217932e-05
1.522701798016212345e-05
1.466488255785489439e-05
1.430181804349647347e-05
1.388006461144402055e-05
1.361946313303923943e-05
1.353069756284488672e-05
1.329169735649135649e-05
1.315629667541045061e-05
1.267123867048997023e-05
1.247415172078707331e-05
1.229296374053313614e-05
1.203700220408786110e-05
1.192746240056899748e-05
1.166600927816475868e-05
1.135738867735314349e-05
1.122470267856510062e-05
1.076357897344516538e-05
1.062206171313378022e-05
1.029967381008168903e-05
1.016197271693251889e-05
9.756304191058965075e-06
9.537909231656714712e-06
9.385562499746445239e-06
9.278740091469316864e-06
9.071525813438198758e-06
8.619812400858306237e-06
8.543571539615457550e-06
8.198407970299871730e-06
7.886272878124548009e-06
7.704374202525393888e-06
7.624134297347255333e-06
7.605855823471406700e-06
7.470032661839394668e-06
7.390391091208012212e-06
7.216875024863858751e-06
6.899270994930148668e-06
6.713922908451915672e-06
6.494614327328528107e-06
6.420947728349262314e-06
6.223201123361343333e-06
5.995567532931378999e-06
5.903679632354667654e-06
5.695128965165237329e-06
5.502060377645684706e-06
5.371795221140877985e-06
5.044473248962674215e-06
5.031379935349074528e-06
4.822773290109887387e-06
4.769654058678986104e-06
4.515530231419386639e-06
4.371362524837026298e-06
4.312666232933856075e-06
4.091389145238194373e-06
3.947206096152688031e-06
3.730350125570015611e-06
3.692991298923844046e-06
3.555161147098269008e-06
3.403732890097546221e-06
3.275961709076244367e-06
3.116229135193624358e-06
2.874982126285026761e-06
2.715831051782003675e-06
2.690207352074525006e-06
2.408054321882509305e-06
2.255748934446335234e-06
1.891682652645306751e-06
1.780143434722837714e-06
1.671826951777313308e-06
1.599285066793434097e-06
1.498822108150000741e-06
1.420504946333079973e-06
1.337471597858419711e-06
1.104482016554010325e-06
9.731308125592211178e-07
8.571419941350042318e-07
7.672625007549884898e-07
7.123587697494286945e-07
6.120695026445096403e-07
5.542337256106255951e-07
4.330232876538955730e-07
3.651991809685118230e-07
3.421903009252110693e-07
2.262171286105297888e-07
1.311475293821637854e-07
1.066058020041413740e-07
6.643175920318730381e-08
-4.590041996341423113e-21
-5.455975973338133204e-20
-1.503822524394633682e-08
-1.912193798683459753e-08
-3.934815321163752982e-08
-1.331752618768685382e-07
-1.559454975696531762e-07
-2.143854340534667410e-07
-2.289493459788310638e-07
-2.768109499367305632e-07
-3.300489554201348420e-07
-4.245896649760070189e-07
-5.017883671643651032e-07
-5.953399620709563243e-07
-6.240088932006596122e-07
-6.910556686400123288e-07
-7.670096759861718429e-07
-8.822186802825322838e-07
-1.059239106376053764e-06
-1.222503045852811065e-06
-1.427348890867607354e-06
-1.499629877549463145e-06
-1.701480621984988187e-06
-1.798398196183274879e-06
-2.153753365026826119e-06
-2.304624083707270963e-06
-2.487896549791501903e-06
-2.872448890531887053e-06
-3.316057275999887690e-06
-3.866606146781138464e-06
-4.307716148851882197e-06
-5.095742253703679438e-06
-5.237567495332064848e-06
-6.846111089424633151e-06
-8.228152437389616941e-06
-8.516996930388970685e-06
-1.019140486642969476e-05
-1.081068783078470636e-05
-1.218435599615281810e-05
-1.298326990112595532e-05
-1.442145414142204549e-05
-1.665851729528680154e-05
-1.860581336614495297e-05
-1.963355041252680839e-05
-2.183411626795106863e-05
-2.650473415747876655e-05
-2.776072969413285411e-05
-2.849632368716814649e-05
-3.321301191080475553e-05
-3.369338962109164000e-05
-4.076655428977112098e-05
-4.499080322205858214e-05
-4.875453979735415542e-05
-5.193571845255130011e-05
-5.959690414256245129e-05
-6.208678867029855761e-05
-6.686197534648278726e-05
-7.397842323474601231e-05
-8.069698284506495172e-05
-9.424917460799302031e-05
-9.774990168860926492e-05
-1.047413338065749028e-04
-1.168386004254608917e-04
-1.203584633613812759e-04
-1.381340672746469696e-04
-1.425161238147524254e-04
-1.853496126877726311e-04
-1.862024145837912377e-04
