7.558562661847789254e-06
7.208263392079475682e-06
5.447553036012351905e-06
5.064289419217505988e-06
4.864806077332433658e-06
4.325578475216899395e-06
3.981155237418684398e-06
3.901409065999710414e-06
1.144021637484175049e-06
1.013540298872588544e-06
7.533858381090789327e-07
6.794914705385868430e-07
5.273127295183830268e-07
4.043007546158168509e-07
3.656413229442765797e-07
3.134513418410791907e-07
3.029212324062295744e-07
2.510779003984222239e-07
2.297710384443915266e-07
1.721693844518254807e-07
1.642265351493409210e-07
1.274155912113938071e-07
1.029317543178407151e-07
9.091917968417533452e-08
8.234293842896925978e-08
6.460386101275951839e-08
5.860750461946913370e-08
5.163480733058569658e-08
4.714821672959480938e-08
4.091925244708266226e-08
3.813380376266678747e-08
3.465159749990647625e-08
3.047269907153926218e-08
2.621955527200118834e-08
2.504972233872559043e-08
2.449153806656865368e-08
2.120007746554731650e-08
1.503091635307941776e-08
1.327653730716034846e-08
9.883946220323761893e-09
6.437348461473253412e-09
3.618032637788264150e-09
3.289249950740643845e-09
1.013898819532241048e-09
1.893230976564486558e-21
-2.073303385533993183e-21
-1.319961320755383762e-09
-2.916942400151118453e-09
-4.471688698167305554e-09
-7.644778952498811527e-09
-8.373918416426036670e-09
-1.031587709906949135e-08
-2.245924330539082136e-08
-2.288075470366861659e-08
-2.496267549980749924e-08
-2.996696127719913915e-08
-3.722330124819472408e-08
-5.457798797746893376e-08
-6.844756797149534267e-08
-7.329093454886930609e-08
-8.108531625415270826e-08
-8.442849352036931284e-08
-8.717339900793485966e-08
-1.058332707249269065e-07
-1.130190566734873767e-07
-1.299885080906354657e-07
-1.420794184169151675e-07
-1.442345554665922229e-07
-1.617529608379594176e-07
-1.723354819738747402e-07
-1.809353474640768184e-07
-1.857389227572875315e-07
-1.972939540623388571e-07
-2.075534804591359560e-07
-2.081742439577789878e-07
-2.142516097560740391e-07
-2.216129990706501548e-07
-2.303993983313963584e-07
-2.423163314705645419e-07
-2.483176922969442691e-07
-2.650996210801705168e-07
-2.661438253878848990e-07
-2.802957403972750692e-07
-2.952429586485968698e-07
-3.137753497765808340e-07
-3.211478514316781393e-07
-3.268613554498317178e-07
-3.315618526715082194e-07
-3.418800842135215759e-07
-3.529173527951832442e-07
-3.730646156949104808e-07
-3.747907408950758295e-07
-3.912052231042429185e-07
-3.980958330295108096e-07
-4.025575444313398924e-07
-4.062777165533114438e-07
-4.251459918262396991e-07
-4.396062486156862783e-07
-4.594760712806738670e-07
-4.686552501526900141e-07
-4.899348093684394480e-07
-4.997203333691796485e-07
-5.108423934169134139e-07
-5.206332550374772632e-07
-5.232506700353492512e-07
-5.334970870397479481e-07
-5.429608653258575458e-07
-5.597949942681539773e-07
-5.634571227099784438e-07
-5.754062023640564308e-07
-5.882055875428180769e-07
-6.009171060271037251e-07
-6.050444391096753933e-07
-6.408477875630676833e-07
-6.460835257864069886e-07
-6.826157878938831049e-07
-6.870800392354141380e-07
-7.012837519482125067e-07
-7.040557791700015843e-07
-7.205643245562159409e-07
-7.584638418253522261e-07
-7.652217249822215491e-07
-7.874972968113110424e-07
-7.985885264775111773e-07
-8.104569438569335919e-07
-8.144696154015175388e-07
-8.456059115645303630e-07
-8.591517316041355489e-07
-8.671564600210789051e-07
-8.878551373120235376e-07
-9.014398402000263599e-07
-9.280050190369908222e-07
-9.356671446067919864e-07
-9.586504581517329212e-07
-9.751884656141382503e-07
-1.012063826481584268e-06
-1.018831186316575532e-06
-1.051051671985143051e-06
-1.063666749584685304e-06
-1.071157198275447668e-06
-1.084654706948436541e-06
-1.095408993809235200e-06
-1.124184579999836248e-06
-1.151720431798192836e-06
-1.184547854666926849e-06
-1.195608418249255832e-06
-1.222606327113452153e-06
-1.242615974486158054e-06
-1.247250337331503132e-06
-1.264282419027566663e-06
-1.303413596371168637e-06
-1.311104325009020424e-06
-1.337260583095204328e-06
-1.353735217908905116e-06
-1.405638677391908960e-06
-1.415920086926148667e-06
-1.440782043249137603e-06
-1.458061342986013920e-06
-1.473989922673311003e-06
-1.508292959590155808e-06
-1.529078865056749927e-06
-1.566161249331742857e-06
-1.583297703653083554e-06
-1.616573820999137634e-06
-1.677349310613675324e-06
-1.694228878512779933e-06
-1.715201131471030872e-06
-1.728058955249221549e-06
-1.770558869720676404e-06
-1.801787059281780348e-06
-1.814402108563965089e-06
-1.868690936659875452e-06
-1.882053871619097236e-06
-1.924445727045356194e-06
-1.942444281180465703e-06
-1.985144502915123093e-06
-2.012102440701292175e-06
-2.024551718358601184e-06
-2.045663186608291872e-06
-2.081975591601320766e-06
-2.103766148553879186e-06
-2.157004636597220631e-06
-2.169556681473218075e-06
-2.180557555896067060e-06
-2.237927515092019292e-06
-2.291226207794807505e-06
-2.324892469714690473e-06
-2.351273685637391430e-06
-2.374770909514231099e-06
-2.396590818304664620e-06
-2.475785941224910762e-06
-2.531889475853455042e-06
-2.543900473184650884e-06
-2.556736758163304725e-06
-2.602357265765091558e-06
-2.688606880575740520e-06
-2.718649105275506192e-06
-2.723032132667340099e-06
-2.793596623205257213e-06
-2.832551154088323348e-06
-2.846800200886798059e-06
-2.898555211723282203e-06
-2.940692014682236444e-06
-2.987774136235233961e-06
-3.004418326207740093e-06
-3.074802871534959874e-06
-3.140508190494637278e-06
-3.217910361401433404e-06
-3.297940464094625060e-06
-3.365597039604423620e-06
-3.371366845823394305e-06
-3.409407538992841143e-06
-3.429277621310910179e-06
-3.478103646543375964e-06
-3.511419854492337668e-06
-3.661073046187598565e-06
-3.698950343305816208e-06
-3.726818642105896602e-06
-3.907172499226009486e-06
-3.912480976997670814e-06
-3.949330195823775097e-06
-3.985766651328375473e-06
-4.084815432154596554e-06
-4.206992130782841142e-06
-4.229332294358930996e-06
-4.237491402617962653e-06
-4.336126211581910130e-06
-4.402807173918549724e-06
-4.439725662924528149e-06
-4.556584180786781295e-06
-4.594105189975606474e-06
-4.636893278634701260e-06
-4.654590927517173005e-06
-4.750740839556493567e-06
-4.786358161685222323e-06
-4.863068576578973713e-06
-4.952612063293042961e-06
-5.030857698096964149e-06
-5.071171887032978403e-06
-5.201142046693927833e-06
-5.249672399257733747e-06
-5.329151944993915980e-06
-5.388945936111998044e-06
-5.475746511793934771e-06
-5.580543904443017920e-06
-5.735618710612040686e-06
-5.824105966671146240e-06
-5.899393687371464051e-06
-5.979097157170107742e-06
-6.106009385946362933e-06
-6.151429918990706239e-06
-6.219357559530321405e-06
-6.248208793487412172e-06
-6.376124302018835568e-06
-6.567695590037005299e-06
-6.657045890251301319e-06
-6.666279036370266687e-06
-6.876114910734796203e-06
-7.013306155251081564e-06
-7.127999688174416699e-06
-7.234530479471420489e-06
-7.278209414826992671e-06
-7.380408428959188758e-06
-7.541785053230233122e-06
-7.632093821441588433e-06
-7.729568573998617858e-06
-7.785073775001453996e-06
-7.825584578922924395e-06
-7.996848477777372764e-06
-8.062864108171947003e-06
-8.152385378549472153e-06
-8.417641820411039856e-06
-8.580768273804631824e-06
-8.733442815354806098e-06
-8.832927154759709557e-06
-8.879946202709960130e-06
-9.105245485065596153e-06
-9.236130853266293154e-06
-9.377609632770079166e-06
-9.441822908232617745e-06
-9.574038855128417993e-06
-9.772275678013234558e-06
-9.935424248300444772e-06
-1.002535448393277040e-05
-1.013569795144893856e-05
-1.021760370298241115e-05
-1.024653968976286534e-05
-1.044490665872176519e-05
-1.055153973452381623e-05
-1.109409848446506536e-05
-1.127380505976537324e-05
-1.144919571855105966e-05
-1.158916618141991486e-05
-1.174726386282335641e-05
-1.204334829045867512e-05
-1.207079629411590800e-05
-1.224382250128606651e-05
-1.238951413745743385e-05
-1.246350672593605179e-05
-1.251457933910942323e-05
-1.271882742291103967e-05
-1.290910906904674221e-05
-1.305453218612966696e-05
-1.319917730652774497e-05
-1.344416305166132508e-05
-1.372952202118387196e-05
-1.374567268197645266e-05
-1.415520923954321554e-05
-1.431396877365835021e-05
-1.445319919759576434e-05
-1.468456713807755433e-05
-1.479093955014412077e-05
-1.499605590124061357e-05
-1.517848483665232979e-05
-1.550028284699796012e-05
-1.590111531574862113e-05
-1.621282233237636737e-05
-1.624360964549925471e-05
-1.632809430731827876e-05
-1.644751976211308311e-05
-1.655731063650862285e-05
-1.681157716803133374e-05
-1.742617786682415298e-05
-1.788991300508546909e-05
-1.814262144945039869e-05
-1.847841377097016925e-05
-1.853993432888440251e-05
-1.881169379905413714e-05
-1.893897802127352987e-05
-1.917885946146702738e-05
-1.948946654262932038e-05
-1.980539295303690808e-05
-2.004907948273375662e-05
-2.016441850630260973e-05
-2.020101242499090189e-05
-2.043711170012293418e-05
-2.080451888792819907e-05
-2.127022428423810824e-05
-2.136148349643158934e-05
-2.157831287281682589e-05
-2.182580482818577766e-05
-2.239640983003372363e-05
-2.307473079031230402e-05
-2.327884687163331561e-05
-2.354291617456723420e-05
-2.397845504073275509e-05
-2.417411408936862122e-05
-2.434122886532578240e-05
-2.482297993700081118e-05
-2.536425193778029608e-05
-2.590508191057652046e-05
-2.651558954289553601e-05
-2.681252711609891825e-05
-2.688853947079655355e-05
-2.726958523589672381e-05
-2.760820737220377353e-05
-2.813829917864346870e-05
-2.841902414407863987e-05
-2.874929584778099153e-05
-2.910600356383532863e-05
-2.951761518892908050e-05
-3.015283645679209742e-05
-3.054473811140723125e-05
-3.092853080461898112e-05
-3.158800590661968574e-05
-3.184297795360333634e-05
-3.284644973562008655e-05
-3.308603855283335143e-05
-3.346409281188097334e-05
-3.404133248650518059e-05
-3.478108044276435889e-05
-3.564557329269801085e-05
-3.598480164326308919e-05
-3.652279718925078976e-05
-3.666306929490106636e-05
-3.738596090229740328e-05
-3.809256037748798404e-05
-3.935000403660736666e-05
-4.012236208874255428e-05
-4.108025682960107696e-05
-4.123781634471314681e-05
-4.161772371940623344e-05
-4.242279668737406601e-05
-4.257228620275155999e-05
-4.298597926235749208e-05
-4.377992738467214364e-05
-4.519352373617988516e-05
-4.586117580384771670e-05
-4.631671409855530718e-05
-4.744667822737967319e-05
-4.810022382410371821e-05
-4.880786846733351154e-05
-4.934107693032964073e-05
-5.032424306171439976e-05
-5.162265011091155746e-05
-5.193645580312200382e-05
-5.304955645434894799e-05
-5.315665272718561265e-05
-5.350197423391254541e-05
-5.391828052619425512e-05
-5.486561618567331079e-05
-5.529282709234744259e-05
-5.633433609681222582e-05
-5.694228207291081670e-05
-5.751545684985864387e-05
-5.867621959612311734e-05
-5.995667783940155835e-05
-6.169242192899332216e-05
-6.243605329381614756e-05
-6.314132968614817067e-05
-6.568891487642167573e-05
-6.658736193078200732e-05
-6.726075426215955575e-05
-6.939192307977970064e-05
-7.080045718894959438e-05
-7.309496352502525720e-05
-7.532975962617669517e-05
-7.740216808377597133e-05
-7.829632065291383192e-05
-8.072978528907620360e-05
-8.129001801813071841e-05
-8.308659465337142223e-05
-8.804954055103688467e-05
-9.130314178670777118e-05
-9.237699277040048549e-05
-9.320656244198842488e-05
-9.797257867533116713e-05
-9.886623898478443429e-05
-1.031532411451883242e-04
-1.070833370739126910e-04
-1.093060927744235738e-04
-1.107537071150065512e-04
-1.140280865502709919e-04
-1.155531298837504526e-04
-1.191728386851847402e-04
-1.240316287667528078e-04
-1.250957596824078355e-04
-1.277903044270815467e-04
-1.332513693136719584e-04
-1.341220603943726636e-04
-1.367118495756448871e-04
