-1.949215038928353919e-02
-1.930384105040456461e-02
-1.351610757846223934e-02
-8.428502241287862129e-03
-6.863020532357906947e-03
-6.015519855335341171e-03
-5.586869840097758236e-03
-5.194553750314183371e-03
-4.403150121865990162e-03
-4.110242200913699802e-03
-3.688257116401731910e-03
-2.944113994648021870e-03
-2.885356716969723987e-03
-2.719111916702540450e-03
-2.551200126049747892e-03
-2.308822579584638834e-03
-2.114462859553156628e-03
-1.971253699162413362e-03
-1.778911229051367490e-03
-1.609310371084649634e-03
-1.543611973100266236e-03
-1.348700864419661487e-03
-1.303811307286525424e-03
-1.229103342062867884e-03
-1.149590920486485241e-03
-1.093706061253078843e-03
-1.076138211683147277e-03
-1.005997139960321122e-03
-9.327318992332725997e-04
-9.052914709577263930e-04
-8.520821361369669252e-04
-8.327962182078198824e-04
-7.711005243665631234e-04
-7.417891744082147267e-04
-7.075653166453066065e-04
-6.842769815972522037e-04
-6.618086397565933537e-04
-5.982939109288042427e-04
-5.727495355283148369e-04
-5.629700752489256738e-04
-5.367234075944299051e-04
-5.025863402020140907e-04
-4.706631651947362164e-04
-4.219654876025409206e-04
-4.067806084509030290e-04
-3.932064192150169237e-04
-3.838510315512843121e-04
-3.781623030012097640e-04
-3.594244185255626289e-04
-3.436745662039717049e-04
-3.156929782098183358e-04
-3.064899683596341911e-04
-2.890904160774059126e-04
-2.799906164139520344e-04
-2.714328384534561321e-04
-2.625145488908076845e-04
-2.559204097528745099e-04
-2.455191350701866216e-04
-2.224016294181659710e-04
-2.131775812129610827e-04
-1.995347194492398928e-04
-1.945539109954840516e-04
-1.817178812198862821e-04
-1.724235469292570910e-04
-1.618321032428138935e-04
-1.577230947616858512e-04
-1.490671653805202739e-04
-1.424490921489672806e-04
-1.389111382960630766e-04
-1.359752611817570335e-04
-1.291102974429526895e-04
-1.186599283124998043e-04
-1.125294963748747355e-04
-1.109789512105925586e-04
-1.040798249902567503e-04
-9.930872523496194729e-05
-9.128414343313078546e-05
-8.968828272204060214e-05
-8.661865294763698838e-05
-8.470990319061111914e-05
-8.115542056681488553e-05
-7.105626323957215415e-05
-7.075077394889711570e-05
-6.776382566635539011e-05
-6.494705550958224170e-05
-6.168221114296374601e-05
-5.631356206624599795e-05
-5.337338958587236373e-05
-5.258153237883881839e-05
-5.100416144575458028e-05
-4.925064797647260654e-05
-4.617514865326416125e-05
-4.475184303862011993e-05
-4.343638310536804232e-05
-4.130741518240850925e-05
-3.803248575579458104e-05
-3.677623177078575200e-05
-3.410638927461601567e-05
-3.334687695194387839e-05
-3.181791462000140269e-05
-3.026244030151071821e-05
-2.927781657311101315e-05
-2.615858724728159753e-05
-2.552655566154595984e-05
-2.512659818921644933e-05
-2.368720553830793327e-05
-2.287705698801390503e-05
-2.138105733302843179e-05
-2.064791316425545838e-05
-1.863364441093899758e-05
-1.832442002942969047e-05
-1.811321410321184853e-05
-1.660917656563934360e-05
-1.527076508726056222e-05
-1.506311758755326688e-05
-1.456965215263347275e-05
-1.307775650531269878e-05
-1.212504044852638961e-05
-1.197138607275524140e-05
-1.106876376073888256e-05
-1.026468329713008989e-05
-1.001034533001047653e-05
-9.285496421181805364e-06
-9.018196023322013955e-06
-8.514910964433649484e-06
-7.750395886589095377e-06
-6.875474781673836271e-06
-6.709240041048013162e-06
-6.254568364203655755e-06
-6.061755061259732981e-06
-5.748417197033297192e-06
-5.306074279555260891e-06
-5.122472975990558010e-06
-4.696946320605684647e-06
-4.281598422105764138e-06
-4.041381772979565986e-06
-3.974781618880699609e-06
-3.562177690157388175e-06
-3.385378807220387078e-06
-3.074176836937640883e-06
-2.742157909651768424e-06
-2.675133204489655111e-06
-2.495251948628557983e-06
-2.387920800540805656e-06
-2.191016264409299437e-06
-2.014583471441003068e-06
-1.942734083815888519e-06
-1.841098345546975622e-06
-1.640618464313546262e-06
-1.577522527698505523e-06
-1.410467359007830984e-06
-1.345468866987414900e-06
-1.200543172312813391e-06
-1.063542957967639996e-06
-9.354434113343152249e-07
-8.118134331835484668e-07
-7.791863236955459026e-07
-7.382174090322632998e-07
-6.668897883922103840e-07
-5.978380962609744910e-07
-5.219405472955915752e-07
-4.942144171006006852e-07
-4.662856290862608309e-07
-4.249076680044301632e-07
-3.347663525096269824e-07
-3.050931528691533581e-07
-2.943685527269294423e-07
-2.676446601339808621e-07
-2.252557089576667413e-07
-1.678460363375770976e-07
-1.600832711551480556e-07
-1.278807348870122869e-07
-8.981231696710703285e-08
-7.266530975099336565e-08
-6.176656182840711178e-08
-4.367879789559490291e-08
-1.145559442445662537e-08
-4.157936799506168655e-09
-6.629428406281201394e-10
1.432969245815877128e-20
1.532830701457729286e-18
1.438318353441808515e-09
2.067300046871284977e-09
6.683471728361598742e-09
2.289720294601703353e-08
3.756337706306076383e-08
5.296439343407160913e-08
6.642610068434172185e-08
9.072718518651059188e-08
1.751404141425820998e-07
2.379905749701947339e-07
3.047773290334335078e-07
4.472945906826528675e-07
5.805259729978764630e-07
7.769187616108301900e-07
8.762753469287281246e-07
9.866732231821535604e-07
1.352747516201609064e-06
1.702585868808458426e-06
1.795430566070777774e-06
2.245545188291914608e-06
2.400134659916549099e-06
2.619973731084992142e-06
2.705763823232293440e-06
3.005120764938059949e-06
3.269066522832976931e-06
3.762599102389062251e-06
3.862920950708996093e-06
4.146107211787325596e-06
4.312141267803817812e-06
4.456146777710523586e-06
4.935980244662636161e-06
4.992300698602963190e-06
5.293037615684033896e-06
5.573332288755549034e-06
5.685957122748953689e-06
6.059148608339942561e-06
6.749272365297652812e-06
7.012389713292318097e-06
7.207363639566052364e-06
7.651607774343783749e-06
7.930408858424027306e-06
8.410383540310860230e-06
9.257428377132319677e-06
9.329016701462622586e-06
9.434321142554143635e-06
9.774271657136306821e-06
1.022136459057732555e-05
1.064334530726117959e-05
1.097792834500966229e-05
1.160603497261306100e-05
1.184519649474937502e-05
1.219404859726214870e-05
1.294213859021364177e-05
1.366329304770617220e-05
1.417398855198434697e-05
1.496976583247997202e-05
1.576731177432787157e-05
1.619561019250803269e-05
1.662633205973908696e-05
1.713198846854022378e-05
1.777019643238230694e-05
1.877958645902310945e-05
1.938832337520681170e-05
2.001350214917284890e-05
2.072057304240686605e-05
2.156846758799181512e-05
2.200153256235459290e-05
2.273458007583028522e-05
2.362689061358347572e-05
2.457535888954553120e-05
2.483282510657299310e-05
2.587519854758193530e-05
2.685357603191900093e-05
2.757316534153181226e-05
2.851535728774809393e-05
2.960839248800882777e-05
3.170054689312139733e-05
3.203792438612399342e-05
3.244407990202197975e-05
3.320757336660205627e-05
3.365242563099477994e-05
3.474864862380139095e-05
3.549333803434731317e-05
3.688138636677100294e-05
3.865112652998579554e-05
3.980105777526885653e-05
4.067984123108223153e-05
4.136395529925177591e-05
4.161432170625440084e-05
4.234613617011608066e-05
4.479817025781955515e-05
4.523099110446028722e-05
4.619108363840725422e-05
4.687176877044790753e-05
4.738738841051894296e-05
5.006065986052297132e-05
5.292699015923894412e-05
5.310973846733776520e-05
5.543080212331491562e-05
5.636605023903559677e-05
5.802530078922470526e-05
6.044065288028431748e-05
6.085010382393249895e-05
6.199728608633544441e-05
6.423909534311031183e-05
6.672015170694423276e-05
6.801246806629734898e-05
7.149108528356403489e-05
7.570439302707341657e-05
7.671257239023925771e-05
7.763237588019862112e-05
8.008197580845797072e-05
8.383952774497315094e-05
8.461834614205444047e-05
8.674796538185613505e-05
8.842223937868521038e-05
9.027645055422394912e-05
9.591464844753578298e-05
9.749911697486072907e-05
9.994613903234020086e-05
1.012769222711735724e-04
1.039327120203725464e-04
1.085846384151030117e-04
1.100401687184796409e-04
1.106582175115984102e-04
1.155420749718040599e-04
1.195414378722914036e-04
1.227626625828720877e-04
1.289504641010025732e-04
1.352070732439182360e-04
1.393159005547914004e-04
1.421504710735123508e-04
1.438449689172614874e-04
1.502534910218301424e-04
1.542596550590048029e-04
1.576964755492219655e-04
1.607363236284566077e-04
1.692691593185552238e-04
1.717846061671686995e-04
1.735939757791198751e-04
1.784007550168421506e-04
1.866990727752882600e-04
1.913929937261262882e-04
1.938212928683817268e-04
1.987790439196163183e-04
2.019364658414068709e-04
2.118639447775160281e-04
2.133753294466251139e-04
2.198508990670533134e-04
2.302083237238709812e-04
2.394048455515872167e-04
2.403982978296543421e-04
2.528701526310231460e-04
2.646449553344649877e-04
2.781332069330898194e-04
2.900813535486764221e-04
2.907780524403910053e-04
2.988403653193865360e-04
3.061853791336575166e-04
3.138977509958332766e-04
3.272426335964745978e-04
3.306747930444371253e-04
3.418653340714181057e-04
3.520342114887895185e-04
3.685394698163765338e-04
3.710810843844425692e-04
3.920774668705374086e-04
4.001513985378529043e-04
4.039539751045705205e-04
4.133609275303685776e-04
4.254750603034767589e-04
4.426645793527283915e-04
4.644832727949231165e-04
4.925955146383751782e-04
5.005855770354889498e-04
5.054372755859909503e-04
5.078353222734584543e-04
5.311466921521228613e-04
5.662143195021494520e-04
5.667029403718077491e-04
5.871481051589164156e-04
6.301695487717178228e-04
6.444714344826578357e-04
6.529081459196636175e-04
6.884797448126352658e-04
7.057901092668691836e-04
7.173098886674658540e-04
7.294680630507550901e-04
7.498553333080441516e-04
8.033702514760407030e-04
8.253155679570388977e-04
8.504240489215370838e-04
8.870056771858855554e-04
9.254145576912070712e-04
9.719162605872794800e-04
1.008840232084640349e-03
1.025243108213495357e-03
1.062883016983928730e-03
1.122000115076726310e-03
1.147297402822431691e-03
1.157204479480122925e-03
1.271530779813183744e-03
1.291496901265767579e-03
1.330328031311123595e-03
1.387613827162727850e-03
1.469204700445604726e-03
1.539063300350067536e-03
1.607503433619889704e-03
1.652179912662181003e-03
1.732338989650632427e-03
1.847716132798527065e-03
1.888734543207618629e-03
1.902019385473460462e-03
2.018020244976522284e-03
2.170546110919026328e-03
2.317220392989002495e-03
2.366602788706006089e-03
2.443935531047192276e-03
2.475553015718918483e-03
2.737915280746061001e-03
2.888299514291199892e-03
3.024197248944274219e-03
3.155507184515169740e-03
3.534349057017545197e-03
3.704636306627737390e-03
3.928684167008896291e-03
4.005394336888228914e-03
4.194328660281024072e-03
4.400834568806589672e-03
4.920412350874527226e-03
5.553092255575960492e-03
5.765642040001825279e-03
5.994424902998295862e-03
6.881652842990556088e-03
8.037439818863970076e-03
8.662343529224854344e-03
9.126537181282767114e-03
9.455862844619720292e-03
9.889926412638375131e-03
1.150329445304540225e-02
1.250819007587209396e-02
1.508819644729665795e-02
1.597180698897396334e-02
1.834783254987560827e-02
2.095704723034127331e-02
2.244060798033540444e-02
2.793309202991802256e-02
3.183352744796145301e-02
3.584530589646224563e-02
4.555207560677915213e-02
7.774822548746938844e-02
8.611189886078748912e-02
9.777251247979042159e-02
1.190266874113798529e-01
1.926614305696376095e-01
2.210846547905983561e-01
5.259965981268805990e-01
2.372548239630251299e+00
4.776034867396100836e+00
1.401504773538179194e+01
