5.158974201391122727e-03
4.980105352876122715e-03
4.923486278642672659e-03
4.720464560855526688e-03
4.620780926589694408e-03
4.278871682260053204e-03
4.202953268256645787e-03
3.784186657655688735e-03
3.773278091742661780e-03
3.325175919165303858e-03
3.211902728452290228e-03
3.092717937538020778e-03
2.900393879164087692e-03
2.863966437826404379e-03
2.828537621231569550e-03
2.679898718014410083e-03
2.624545458597979733e-03
2.538354839454264392e-03
2.446998936169693557e-03
2.408175125882166048e-03
2.340401388311434856e-03
2.265475793773645205e-03
2.185510627251011865e-03
2.149431919937300640e-03
2.104826156968984865e-03
2.050036751956146094e-03
2.014601752648041526e-03
1.998846621435664082e-03
1.947134118793959366e-03
1.921596507236620786e-03
1.886058644709943553e-03
1.874894113792693363e-03
1.830404096115133532e-03
1.769877634907882557e-03
1.760403060862393045e-03
1.693644891494670412e-03
1.690237330549857484e-03
1.652296542355872382e-03
1.621042138920616386e-03
1.579951022853997135e-03
1.555943803383198895e-03
1.535236726769159329e-03
1.523402758781326489e-03
1.490887182047808887e-03
1.448549728193617749e-03
1.437366219817345133e-03
1.412935346081879880e-03
1.390743229322563166e-03
1.357883953374128825e-03
1.320748294470968937e-03
1.312487004357126407e-03
1.286208608433148104e-03
1.233886272148273979e-03
1.195646647071933440e-03
1.191589786526679132e-03
1.159509346514837631e-03
1.132676176723714867e-03
1.114010627835737306e-03
1.110713751525400656e-03
1.094792505977473709e-03
1.082803984085721786e-03
1.065959956640914492e-03
1.054810673929283031e-03
1.033793864818331829e-03
1.023438041235330900e-03
1.007296844366326830e-03
9.858437184394100959e-04
9.660107000982937932e-04
9.618523055406245047e-04
9.427911616177553182e-04
9.270000824891567624e-04
9.136295263683009461e-04
8.836556164228267455e-04
8.708218657925454343e-04
8.659194927296786064e-04
8.477353937797468342e-04
8.280563375366559349e-04
8.270553250227858548e-04
8.024970190002357357e-04
7.774722520434219127e-04
7.720462642531650049e-04
7.686988825849460499e-04
7.568677613432585544e-04
7.523284332182692252e-04
7.400873572156968592e-04
7.331882670132684439e-04
7.236545171582812672e-04
6.971961426511687340e-04
6.872670953620905977e-04
6.831599498930838099e-04
6.686483162905486419e-04
6.621915443736456786e-04
6.556685172468123147e-04
6.442801637253313656e-04
6.366744540651417652e-04
6.281851411780102175e-04
6.150265336295644356e-04
6.042550430479923023e-04
5.994409034181073792e-04
5.865449137809024402e-04
5.796315657646736565e-04
5.667963999123082916e-04
5.592542343671411684e-04
5.554937878925825592e-04
5.450471743524747332e-04
5.340369756079515161e-04
5.294775788276764221e-04
5.223494130756313946e-04
5.168338859013445414e-04
5.142036385812506728e-04
5.048633848912460797e-04
4.905150175607999978e-04
4.875301598765388361e-04
4.847113096258033778e-04
4.773946762276960352e-04
4.723760641890354804e-04
4.604812078074965232e-04
4.569779355875598571e-04
4.524548382951442673e-04
4.454851942215896790e-04
4.410344390783028294e-04
4.359699145268086380e-04
4.247126952448078462e-04
4.184280752730513953e-04
4.064459044355179769e-04
4.022348111818064165e-04
3.983641758367828609e-04
3.925205522887752489e-04
3.877982962137598087e-04
3.795459197969280885e-04
3.762133950005017873e-04
3.680607894771316412e-04
3.628436322134076107e-04
3.533394693294231300e-04
3.490897711879284763e-04
3.440141169667372567e-04
3.414184698301147712e-04
3.385664795853069028e-04
3.375950298851979363e-04
3.316876287637833326e-04
3.210140758575081546e-04
3.188774162716531777e-04
3.162927843544663864e-04
3.063213640400656943e-04
3.019283053741614775e-04
2.986870872619268595e-04
2.940268801087920721e-04
2.911328592067251265e-04
2.863357646101208527e-04
2.802661731578117549e-04
2.767793283609272081e-04
2.738824389760178397e-04
2.709348622153544706e-04
2.630509941292271509e-04
2.578630969206458737e-04
2.560960587138444780e-04
2.541736448783727688e-04
2.512045997849008251e-04
2.452262986269779363e-04
2.430474996197698782e-04
2.372289874347031219e-04
2.360252054102325559e-04
2.293433702585082230e-04
2.262587544620401931e-04
2.247516017870940372e-04
2.221120475469213194e-04
2.180016079905092586e-04
2.158057921666169283e-04
2.112796155090204415e-04
2.097611620564766226e-04
2.078546768695320414e-04
2.020209582026644786e-04
1.986147060885313186e-04
1.982590560749177401e-04
1.941193519301829152e-04
1.881672375677469579e-04
1.844684760211937047e-04
1.820570585174545084e-04
1.802106181994835585e-04
1.778942222612204431e-04
1.768769843377802496e-04
1.720325723295947908e-04
1.685529648244551743e-04
1.668068916397724883e-04
1.660019090708702964e-04
1.619698940663841398e-04
1.593449203827302730e-04
1.575999783566529009e-04
1.537254616949581534e-04
1.506137704342904371e-04
1.500996858786338639e-04
1.495278799936260845e-04
1.445490168812973324e-04
1.425408974936520157e-04
1.392152986026272583e-04
1.357580969596298157e-04
1.344789745950520363e-04
1.331361089289211748e-04
1.318642443333237658e-04
1.315380604918051956e-04
1.278187235189468776e-04
1.261617169698197097e-04
1.238947194874711916e-04
1.231588301645715282e-04
1.205792272713735131e-04
1.193885743336441498e-04
1.190987107733425710e-04
1.166311817576286166e-04
1.120429191006277271e-04
1.115585055061789268e-04
1.095031472748080156e-04
1.076918469029688249e-04
1.048995544189905481e-04
1.042801780197776548e-04
1.005397612185184432e-04
1.002150460314504767e-04
9.943730377464942728e-05
9.912814555328350026e-05
9.752474748707880866e-05
9.621968858414981787e-05
9.494812363547651716e-05
9.423435953559199183e-05
9.347612728971846309e-05
9.092946100274813814e-05
8.819222134549218597e-05
8.494799667101654930e-05
8.382908008512307617e-05
8.191149399195984157e-05
8.072379481124164946e-05
7.943173549375745620e-05
7.921151442727467453e-05
7.762176602961533105e-05
7.725499571598843707e-05
7.620531359209073723e-05
7.578748637699184805e-05
7.379485160692296573e-05
7.219384426271887656e-05
7.169570032572947975e-05
6.956156129222382050e-05
6.897184857461158009e-05
6.720547508929638559e-05
6.667206398928991523e-05
6.590760754483601820e-05
6.468763647897603610e-05
6.322405523639525421e-05
6.265414282988030165e-05
6.161996990065763899e-05
6.041609574593452222e-05
5.868280146899146625e-05
5.830540108432432733e-05
5.673105115749646152e-05
5.644823015231173810e-05
5.602940920950799609e-05
5.556463172537302029e-05
5.422980463993844473e-05
5.343938639942519340e-05
5.204435975460960500e-05
5.003779667550466186e-05
4.977696314300375941e-05
4.920167381911079045e-05
4.890800284960131932e-05
4.783973623474807357e-05
4.684399478112909242e-05
4.601832182377510672e-05
4.511026128961987774e-05
4.405521449105548890e-05
4.367246573168821191e-05
4.304493689812964428e-05
4.202449762913170464e-05
4.133437750762388975e-05
4.117730901498440677e-05
3.986342872250745405e-05
3.900642298781519662e-05
3.772146954365944031e-05
3.760777925092980930e-05
3.691850490718463957e-05
3.640281292445785320e-05
3.554461232601360777e-05
3.357294310595739374e-05
3.327264685598591920e-05
3.241615308724209762e-05
3.237231798452003679e-05
3.123132787296771458e-05
3.096537780896032444e-05
3.084776116037010957e-05
3.007043771039131049e-05
2.956482424584331109e-05
2.931222410565160127e-05
2.835592312771943971e-05
2.799799264718536932e-05
2.764425729019797493e-05
2.730796290900612249e-05
2.696546174575737963e-05
2.632509408571450299e-05
2.542156406973297556e-05
2.472205603026427170e-05
2.422341577981523510e-05
2.373760321502055650e-05
2.338199588394197128e-05
2.289121014439966556e-05
2.213367636076356564e-05
2.164640679270836692e-05
2.136440425899214404e-05
2.102267103219040821e-05
2.067765853815441620e-05
1.983828236542021871e-05
1.966801141353905112e-05
1.936602940998502395e-05
1.898262578111457177e-05
1.836086132003992926e-05
1.825063705801010063e-05
1.799368630062931842e-05
1.760113987449306078e-05
1.713206930982999848e-05
1.649099902122986685e-05
1.631865428741157163e-05
1.584098352148337235e-05
1.554354541945241050e-05
1.545863959609082878e-05
1.499456539378778353e-05
1.445636039363885341e-05
1.405471455829401949e-05
1.349577980216402436e-05
1.342310097768815065e-05
1.297208644949574058e-05
1.281587761532565896e-05
1.234763913796094208e-05
1.230604171737777926e-05
1.182966164323808348e-05
1.162103819598999173e-05
1.127624024030825646e-05
1.099202559808971420e-05
1.096158917837943829e-05
1.036672528119506905e-05
9.970706444098270403e-06
9.882955471154272664e-06
9.462746299576291117e-06
9.036326547307363738e-06
8.974973693225281766e-06
8.657850215001370578e-06
8.509080426867913496e-06
8.417468569077501077e-06
7.951963668562246257e-06
7.841920666602994754e-06
7.490797452939806769e-06
7.378717582349527944e-06
6.891577783095756855e-06
6.506509988728665708e-06
6.282866594041777535e-06
6.179935873628836320e-06
5.981672607536985955e-06
5.548820433211471974e-06
5.171806221250039669e-06
4.776742376124394332e-06
4.100689032229399813e-06
4.070483683745555466e-06
3.652696726484851790e-06
3.478921292026336373e-06
3.094263330148522917e-06
2.921858075801003051e-06
2.456720113630412455e-06
2.348231592607904173e-06
2.187799393649798213e-06
2.015353007223696008e-06
1.856793450530570970e-06
1.606307007411857791e-06
1.413212705101524421e-06
1.382436758644563726e-06
1.220360428241189265e-06
1.187620883674275829e-06
9.726408918942129032e-07
4.318073804551053749e-07
3.840149110447728209e-07
3.500737633104493831e-07
2.958489238950944467e-07
1.826880305895003129e-07
1.426994616672531730e-07
1.099002246878126602e-07
6.264378613304828874e-08
6.541186383452913922e-09
1.722340191206606242e-21
-5.128767461256275611e-20
-2.070287059436804214e-07
-2.232681170160729651e-07
-3.787712714032240005e-07
-4.245490510186564550e-07
-5.500607259916536318e-07
-6.260935561640419579e-07
-7.142163086991848816e-07
-8.276759876320502266e-07
-9.356201889944090072e-07
-1.115404413292554555e-06
-1.300961268790620571e-06
-1.413927965656085502e-06
-1.466448431828759778e-06
-1.806913657398905193e-06
-2.019400837745881605e-06
-2.262350661750651392e-06
-2.705658637448363313e-06
-2.758295073150108364e-06
-3.268581174666064815e-06
-3.765497637031379176e-06
-4.171575891721109542e-06
-4.481506900920225313e-06
-6.448015018864553808e-06
-6.724251010667702620e-06
-7.258165021588697514e-06
-9.313659127780647524e-06
-1.009526875945635467e-05
-1.053029212632822974e-05
-1.321034309253994751e-05
-1.352436899762212340e-05
-1.551973420594531008e-05
-1.582213754723161230e-05
-1.737717381936282682e-05
-1.904751588162531325e-05
-1.920565057541426322e-05
-2.070180863409485194e-05
-2.578557412128944779e-05
-2.822772352978087043e-05
-3.152262915647506758e-05
-3.278458500015194089e-05
-3.599065698049598545e-05
-3.787168608837424775e-05
-3.934727035423324408e-05
-4.853504483304095469e-05
-5.161054741327284867e-05
-5.955536326663006232e-05
-7.311758952138095542e-05
-8.433726052592273694e-05
-1.081384365261271898e-04
-1.165750844425899387e-04
-1.205093630439644191e-04
-1.377457791646191805e-04
-1.503828668159490540e-04
-1.602607925640704310e-04
-1.745794944469839633e-04
-1.786527947570991446e-04
-1.960189395706151642e-04
-2.209842474448561874e-04
-2.421546757296426909e-04
