7.123378233594103784e-03
6.204924554413986625e-03
3.953386220794416310e-03
1.997134780094291916e-03
1.613331811291989718e-03
1.136743059400261357e-03
1.033108970134430718e-03
8.843925044053691561e-04
6.431171111523829951e-04
6.264101986967121746e-04
5.587639464596781983e-04
5.347480063868790190e-04
3.877144496170737103e-04
3.794437842835507880e-04
3.367641728672509261e-04
3.246419305086420599e-04
3.070442338734775739e-04
2.996025257546264080e-04
2.748472234344217818e-04
2.134682827079636166e-04
1.713828145869497122e-04
1.507390406433757309e-04
1.470655829086134293e-04
9.137316503559621283e-05
4.424000413052209279e-05
3.836078682344929812e-18
2.443387488001696005e-18
2.054292425168850323e-18
1.885169463099044806e-18
1.774282494022207291e-18
1.688612817434963425e-18
1.612893812311217015e-18
1.570312508461332949e-18
1.528515147095212534e-18
1.504609489232556178e-18
1.493407701949486899e-18
1.462904847486936401e-18
1.435354298493055434e-18
1.387208178154681452e-18
1.342794368903378188e-18
1.322144826804305845e-18
1.276969277238711098e-18
1.246357981430795211e-18
1.208499603567392953e-18
1.181738365661703789e-18
1.141321451860691312e-18
1.136727155931849248e-18
1.115612176374290575e-18
1.077790927204780138e-18
1.054532449029260783e-18
1.043685597320974884e-18
1.027862409174706857e-18
1.019984868687657749e-18
9.741355775532894963e-19
9.668805211767299888e-19
9.410568436469309436e-19
9.253767285898062878e-19
9.105119064270951352e-19
8.902128608438109004e-19
8.867825857677614265e-19
8.523488974106923569e-19
8.418864641867594002e-19
8.268534597468844153e-19
8.198958464532190175e-19
8.045634060326105032e-19
7.925630546266880801e-19
7.611275564200481917e-19
7.460062027536121417e-19
7.324498880003395721e-19
7.222878384458523015e-19
7.217521179032296821e-19
7.181552824459038689e-19
7.058035596290561236e-19
6.932556776003778153e-19
6.701359678620221852e-19
6.653622557425893007e-19
6.582232195491405273e-19
6.512319004818341585e-19
6.296334958318690203e-19
6.187095348088142858e-19
6.143377911556262132e-19
6.039486443860571885e-19
5.938727878378759532e-19
5.917091569966010974e-19
5.859326496349301241e-19
5.736146577111175320e-19
5.576076237578803005e-19
5.521599962940725564e-19
5.498523286721954569e-19
5.460452499120805111e-19
5.174372636237604840e-19
5.160163109999152364e-19
5.113796989493462641e-19
5.089547832252614090e-19
5.036366151882115141e-19
4.938576002272690763e-19
4.884754866360623085e-19
4.756709691288292330e-19
4.686040041059815559e-19
4.568813464393717130e-19
4.473657741219131628e-19
4.448666596037846416e-19
4.396308771087010835e-19
4.209948177397522155e-19
4.169787150270336128e-19
4.140875948925049431e-19
4.107244643701738170e-19
3.989330936227082838e-19
3.973236899130733529e-19
3.841620201383432799e-19
3.826335278407842851e-19
3.701212491033511378e-19
3.685585133657224581e-19
3.641453042472840987e-19
3.593440678411870503e-19
3.571756319292509823e-19
3.520133410393434673e-19
3.466540705929732255e-19
3.439546098735168026e-19
3.360728730467512095e-19
3.314740252257758205e-19
3.233516831869538373e-19
3.198591319430661873e-19
3.155191402768818051e-19
3.140523773172450345e-19
3.099506797478088382e-19
3.062382333927091369e-19
2.986968898634284135e-19
2.922297446281995128e-19
2.878689645154502787e-19
2.856465992764704916e-19
2.804349067367363944e-19
2.736626427426856413e-19
2.714926247408865395e-19
2.664651522142718221e-19
2.603359420583933600e-19
2.570316900669616627e-19
2.561350397671052525e-19
2.534978308411345375e-19
2.439060098429213939e-19
2.360712406825519621e-19
2.355582555967290067e-19
2.304839605580338931e-19
2.265130509671673827e-19
2.245518488548900910e-19
2.215281456445825535e-19
2.153572826353418072e-19
2.121566662617483384e-19
2.095320869381679093e-19
2.065740360862097733e-19
1.985726027496842151e-19
1.973404118525470285e-19
1.928298428352206316e-19
1.850982578295824227e-19
1.832411054733901145e-19
1.778534614676499791e-19
1.764258635458865936e-19
1.739992678550241675e-19
1.697498381256659356e-19
1.667156725904518963e-19
1.627118059315059737e-19
1.617813155905037446e-19
1.560335264426586324e-19
1.506845883368528443e-19
1.481378729332089640e-19
1.465035601452053184e-19
1.458064111285141158e-19
1.430271583608028607e-19
1.403228783310142016e-19
1.384530120525316811e-19
1.362413949751917695e-19
1.333075054170958407e-19
1.303623365723313379e-19
1.278100058030730670e-19
1.237182045144131542e-19
1.185844961626115456e-19
1.157120461840240810e-19
1.116296186859761199e-19
1.092691141434780584e-19
1.049279213478305541e-19
1.030936940294320262e-19
9.901957150795651020e-20
9.827616837648303331e-20
9.455454140412469390e-20
9.404036563038553241e-20
9.336978877049502613e-20
8.829525346045527882e-20
8.660140465168202756e-20
8.471553502547548126e-20
8.373821187925288944e-20
8.075519225455079268e-20
7.728955026280731109e-20
7.552218753149459228e-20
7.331893481229447946e-20
6.865104028649912748e-20
6.761149667790870675e-20
6.429633725827147081e-20
6.207380330445341132e-20
5.681787071827484299e-20
5.544283603090577848e-20
5.438668797806943671e-20
5.162709684888020750e-20
4.886823105737052263e-20
4.848550666367903289e-20
4.570313064840928159e-20
4.486793785307023675e-20
4.163189976494575790e-20
3.877968425253904939e-20
3.797748398072779231e-20
3.690489734512132983e-20
3.443043285956909953e-20
3.333826486963332632e-20
3.149332206908829634e-20
2.972389688132618779e-20
2.797511600738756890e-20
2.706899246220389013e-20
2.496432404873337158e-20
2.227055569797359507e-20
1.876873840600728494e-20
1.873812571359916904e-20
1.752038886576866046e-20
1.579809439560805590e-20
1.480611100222731350e-20
1.244334649734327768e-20
1.044342273700305998e-20
9.936600076876156131e-21
8.013233970288293141e-21
6.971766870539526608e-21
4.213888087979991238e-21
3.623575164321591298e-21
2.766365777791189307e-21
2.440200952796455765e-21
1.145766582937255713e-21
-8.656267262699847008e-22
-2.226039808637837575e-21
-3.144922357737576105e-21
-4.894484553595245625e-21
-6.605047203023948957e-21
-8.665177858776707721e-21
-1.007813986265897752e-20
-1.020037745251411127e-20
-1.159318266257405819e-20
-1.387025397318034480e-20
-1.421339632942017266e-20
-1.591196081429746700e-20
-1.612633407765096943e-20
-1.806806819227010524e-20
-1.875910070624741852e-20
-1.926426265430762799e-20
-2.066404492203467257e-20
-2.507883288954111593e-20
-2.664512610700251884e-20
-2.797286726975646377e-20
-3.053675734471641071e-20
-3.182907275493074427e-20
-3.579332373605573065e-20
-3.771165894315088083e-20
-3.857833222626829695e-20
-3.980584209859293755e-20
-4.324017178653546401e-20
-4.434009348684130657e-20
-4.540551752295879126e-20
-4.638688139991483139e-20
-4.916521009679085957e-20
-5.307438391338818110e-20
-5.472647649929335105e-20
-5.543397153619028603e-20
-5.983864182502945570e-20
-6.101944960591235324e-20
-6.383370726856338136e-20
-6.944283749181316828e-20
-6.982566759130292706e-20
-7.311412585571898227e-20
-7.556144203429974913e-20
-7.753106404709988461e-20
-7.943194439268291670e-20
-8.048452827578570540e-20
-8.338255628731612145e-20
-8.612703119654181985e-20
-9.043142555648398804e-20
-9.117463583026092761e-20
-9.378917922315934410e-20
-9.550591516718491866e-20
-9.889261594703895477e-20
-1.023947923688816125e-19
-1.066825598173792641e-19
-1.104160946373960524e-19
-1.107925505876717504e-19
-1.126922026334936388e-19
-1.149815862569595970e-19
-1.201840203945229417e-19
-1.226437918999783788e-19
-1.240332210367226189e-19
-1.273524726261923657e-19
-1.313260468770970696e-19
-1.321275573571639491e-19
-1.354331406702253530e-19
-1.392945935501554634e-19
-1.424301597446844526e-19
-1.439127145756504730e-19
-1.468954858910595556e-19
-1.474492380946864910e-19
-1.519095245624993047e-19
-1.578245207033698478e-19
-1.597399881678282195e-19
-1.622726562808073030e-19
-1.642308523744693514e-19
-1.654487108852361785e-19
-1.703463919873875821e-19
-1.709770122023631117e-19
-1.757725497563757523e-19
-1.802540147222693325e-19
-1.832293987196093749e-19
-1.848426324046635053e-19
-1.894062494250634831e-19
-1.926192357603721944e-19
-2.016258891781683602e-19
-2.043446056897786745e-19
-2.084059034216612225e-19
-2.123236339858411374e-19
-2.154958972191553652e-19
-2.212346331212274662e-19
-2.238743029015854832e-19
-2.250791014331828729e-19
-2.268024078761721882e-19
-2.317742519135259401e-19
-2.331332379669021137e-19
-2.412483579700798692e-19
-2.433894244367722766e-19
-2.449354671637782531e-19
-2.492027253508144848e-19
-2.589887495121267316e-19
-2.611101286824388343e-19
-2.674164238035716155e-19
-2.738537764547989918e-19
-2.767655648423212476e-19
-2.778800119279189511e-19
-2.866224614501342401e-19
-2.913268461716721925e-19
-2.967112137789559711e-19
-3.039904485554354757e-19
-3.085135761735511725e-19
-3.126380656392731089e-19
-3.181672861057521309e-19
-3.212929390787094341e-19
-3.301189566561699199e-19
-3.336280114321720513e-19
-3.390644304510462997e-19
-3.407205440700291215e-19
-3.462671075944646584e-19
-3.539628115255694918e-19
-3.553799170372821453e-19
-3.617085815576219616e-19
-3.694778595540868212e-19
-3.761420585980728097e-19
-3.877693605694571561e-19
-3.911643950602353492e-19
-3.947535783998896852e-19
-4.020481357664929082e-19
-4.055531272951259931e-19
-4.147105488398352455e-19
-4.206067464474433255e-19
-4.249933904159204937e-19
-4.286226132892262560e-19
-4.336761859378440596e-19
-4.423761300144909826e-19
-4.475986484553874628e-19
-4.584162372505794681e-19
-4.737654148147792914e-19
-4.773027171202353507e-19
-4.839024174673083797e-19
-4.891289101569867030e-19
-4.921331023979890134e-19
-5.109914525585837860e-19
-5.172860013624035467e-19
-5.217564083469235760e-19
-5.325482673991883445e-19
-5.472183595874807554e-19
-5.526422816034043559e-19
-5.623609765569011140e-19
-5.677313876247246856e-19
-5.720446788981251659e-19
-5.872518956169755195e-19
-5.918742385085939177e-19
-6.030045673781748357e-19
-6.050614026719680373e-19
-6.234633516826934232e-19
-6.309495789487605281e-19
-6.378021926706717904e-19
-6.450094699193751520e-19
-6.493114607365229138e-19
-6.612520884545177547e-19
-6.750951939240250463e-19
-7.011988042022139148e-19
-7.083445022711371503e-19
-7.120040787997692036e-19
-7.309458690107586014e-19
-7.381714301597954830e-19
-7.572233594582284237e-19
-7.591361971754481662e-19
-7.754692198058937785e-19
-7.908873440666783805e-19
-8.019120780760964467e-19
-8.187930606428000864e-19
-8.349341201374600151e-19
-8.532546852030453225e-19
-8.714946551877979278e-19
-8.930681167402612127e-19
-8.994715723678173703e-19
-9.177540652297723016e-19
-9.648727193210776570e-19
-9.723170486656298531e-19
-9.909839159331406668e-19
-1.010342156411293751e-18
-1.028901658722005214e-18
-1.048296163656935551e-18
-1.056336033281722912e-18
-1.086668781258214708e-18
-1.116479727744726685e-18
-1.147672459781747336e-18
-1.188999293090398517e-18
-1.212400146664536665e-18
-1.224871056432041759e-18
-1.236471810809746216e-18
-1.241505997429034766e-18
-1.310878527533736968e-18
-1.334091152458840633e-18
-1.364604864412942357e-18
-1.411174550978689220e-18
-1.433768815246561703e-18
-1.453222635170975115e-18
-1.510383677603254263e-18
-1.543104608756695633e-18
-1.643472863173049399e-18
-1.761361691697327661e-18
-1.832684487970273463e-18
-1.903093125595584970e-18
-1.929595241838360844e-18
-2.122166389763376426e-18
-2.443866024152861125e-18
-3.820154551656777364e-18
