-1.767649633922733032e-16
-7.912718691766891158e-17
-6.843439668850660809e-17
-5.899095927256382095e-17
-4.736809427486865052e-17
-4.205924153093782366e-17
-3.835237704571682198e-17
-3.824794086256167145e-17
-3.462549887681245180e-17
-3.250854771910784199e-17
-3.144205325532595294e-17
-3.088518778860399053e-17
-2.963471437806033855e-17
-2.851969358351879347e-17
-2.746141281339598432e-17
-2.609198824804980436e-17
-2.541711435322119655e-17
-2.427863915682366884e-17
-2.317979667426768770e-17
-2.292564442429696456e-17
-2.223288141346543186e-17
-2.134613322251516194e-17
-2.072072861873860099e-17
-2.026709760242312945e-17
-2.021362053187514982e-17
-1.958860860109094150e-17
-1.881757628136919137e-17
-1.877931151700826297e-17
-1.830449192480009085e-17
-1.797394235216986183e-17
-1.767112896281385613e-17
-1.761202906649936699e-17
-1.737900614332337378e-17
-1.665551384884311232e-17
-1.627554358948926753e-17
-1.618507517857272070e-17
-1.593071619903244693e-17
-1.555114056340772733e-17
-1.551007115451281954e-17
-1.521966646512318458e-17
-1.464176392110327605e-17
-1.420260463675046806e-17
-1.390673988213462415e-17
-1.350172854743739895e-17
-1.338620931066970467e-17
-1.309492689849280711e-17
-1.304274675646884801e-17
-1.282016862874201628e-17
-1.227221940202421724e-17
-1.215384444433009654e-17
-1.192670973205774632e-17
-1.181833789887152603e-17
-1.170965396868734610e-17
-1.160955881768068647e-17
-1.139617367277074655e-17
-1.119065639870205891e-17
-1.094931788412932269e-17
-1.060879734493718234e-17
-1.049061989146561363e-17
-1.028642933370893128e-17
-1.022100398748868389e-17
-1.010753205307267827e-17
-1.004703673590523648e-17
-9.898847495895187676e-18
-9.607601576223490501e-18
-9.425534798359443796e-18
-9.350397840624581041e-18
-9.181439789216393900e-18
-9.011932555629510481e-18
-8.994671361838387640e-18
-8.742970099059668602e-18
-8.567507600767925937e-18
-8.533637796849859299e-18
-8.520464387268001663e-18
-8.386802721114638201e-18
-8.303381928974975786e-18
-8.164210582196032563e-18
-7.861232565379329402e-18
-7.759233648547758644e-18
-7.653074599673796282e-18
-7.603394848946199132e-18
-7.459011882786588232e-18
-7.398737915485695550e-18
-7.190864174818722425e-18
-7.120398635695452004e-18
-6.992691867720288036e-18
-6.946835649440815613e-18
-6.907036273124873433e-18
-6.756117114152808307e-18
-6.687956114304183394e-18
-6.548375498323201586e-18
-6.418328403646073782e-18
-6.341378748967803998e-18
-6.274909567036111285e-18
-6.157879172466278908e-18
-6.091624805792783651e-18
-6.019371322363952926e-18
-5.935899078704609222e-18
-5.732518864086469867e-18
-5.682844335442576084e-18
-5.609985956475089606e-18
-5.468791117521156071e-18
-5.451376054281362022e-18
-5.420499932176583359e-18
-5.180844082504987130e-18
-5.106614675935451567e-18
-5.086057883670816058e-18
-5.037357385870346571e-18
-4.955619765573269084e-18
-4.862656415654230107e-18
-4.717356198943273819e-18
-4.676617948071382692e-18
-4.635110110335380029e-18
-4.584018618815755737e-18
-4.547310327648743384e-18
-4.471874126795832398e-18
-4.407575027853842154e-18
-4.214530421651630591e-18
-4.120083616586814469e-18
-4.070185375840965141e-18
-4.022961806014361145e-18
-3.936216064704007510e-18
-3.857682807721653701e-18
-3.817550248340446611e-18
-3.765001392394410981e-18
-3.745093351138135678e-18
-3.663817265876114763e-18
-3.594115726993709497e-18
-3.520326239898929959e-18
-3.502121010399930590e-18
-3.434461678797561733e-18
-3.414586028219648656e-18
-3.304777619951068603e-18
-3.247317123559708281e-18
-3.210792552717970470e-18
-3.188823711069973453e-18
-3.096227718817984400e-18
-3.000740747028494137e-18
-2.902531970172121024e-18
-2.879802132472771312e-18
-2.758374555487203439e-18
-2.708186220052062206e-18
-2.693971203022483228e-18
-2.636293359009837545e-18
-2.603693027137366928e-18
-2.530416595397857218e-18
-2.474404442990485530e-18
-2.446408724429349456e-18
-2.398745032995269640e-18
-2.312075029542154963e-18
-2.293040685315151233e-18
-2.241996725040277774e-18
-2.213189741540500915e-18
-2.146048350910221792e-18
-2.099181577147708933e-18
-2.027915781447029624e-18
-1.952460358929219038e-18
-1.934122673958284640e-18
-1.900981007395354288e-18
-1.861763750078286319e-18
-1.751656437139840771e-18
-1.676113262481965610e-18
-1.640539415683610976e-18
-1.622858789325503793e-18
-1.607261811611570992e-18
-1.571809111175517473e-18
-1.523969412405480776e-18
-1.431860972368230914e-18
-1.392370175951180748e-18
-1.377941452732661311e-18
-1.314256676234179255e-18
-1.285596240313763973e-18
-1.226963287163739076e-18
-1.179097814785252772e-18
-1.156201452497401973e-18
-1.101884283920516711e-18
-1.089649013812682049e-18
-1.043168768896860042e-18
-9.829773471909686325e-19
-9.722458339475714673e-19
-8.899285810142060655e-19
-8.582442571658774097e-19
-8.263169489258129135e-19
-7.982795106302043338e-19
-7.595615029758974583e-19
-7.177287573112990010e-19
-6.785511928533919496e-19
-6.453587051885262863e-19
-6.274391078367158201e-19
-5.652750572297340480e-19
-5.328780308300747211e-19
-4.887126320505201712e-19
-4.712243402384184721e-19
-4.675039433962237593e-19
-3.996863455399711373e-19
-3.913919668444030271e-19
-3.536981533835789798e-19
-3.311256396872697084e-19
-2.925344230916327277e-19
-2.751823416275786789e-19
-2.299509160470634144e-19
-2.255083859902433249e-19
-1.548049144661782461e-19
-1.413410134740376146e-19
-1.107297248536958427e-19
-6.475546930511216948e-20
-1.708597227090604660e-20
1.751099466301939446e-20
4.668622014048192294e-20
9.041404365208220130e-20
1.038719300305280204e-19
1.450286512088521500e-19
1.622054555384649323e-19
1.860745664030510456e-19
2.141811550324192049e-19
2.545245111483178528e-19
2.755392769245188700e-19
3.020654322930391302e-19
3.639215991811958191e-19
3.847072165381321504e-19
4.076272233565793069e-19
4.348304295881826818e-19
4.682764873908528357e-19
5.063850946126906253e-19
5.271831167189626244e-19
5.871981342467935246e-19
5.949330647605751473e-19
6.413481059164986813e-19
6.856017369006607074e-19
7.099476274233646473e-19
7.929736252106318411e-19
8.303675714588954808e-19
8.556203060354140138e-19
8.717890802925694572e-19
9.047607569954585501e-19
9.248595767788332309e-19
9.620021490883082848e-19
1.008065192984856661e-18
1.038069150824967130e-18
1.083021476234091543e-18
1.118393947409024859e-18
1.152716155550254086e-18
1.180397825413247131e-18
1.250316534645705570e-18
1.271622650743246675e-18
1.291477061998723530e-18
1.358620792690190994e-18
1.390203261743382949e-18
1.419548815459212343e-18
1.453152606478291392e-18
1.503138158562693101e-18
1.591936441705959064e-18
1.692684963458018701e-18
1.722384127769338026e-18
1.776561674229569201e-18
1.812292397134851560e-18
1.821302579430106047e-18
1.849013205553808621e-18
1.985404651321279431e-18
2.024188439387470418e-18
2.068829609540517679e-18
2.081915026821778903e-18
2.145924681911827275e-18
2.196383575295789719e-18
2.237463900263106738e-18
2.309690063681710230e-18
2.320399747289683202e-18
2.351006866765076353e-18
2.395836887304745903e-18
2.478064781477457368e-18
2.566637662764268565e-18
2.578955842622458002e-18
2.629489092381164579e-18
2.662871488554074263e-18
2.764918948991688594e-18
2.865879486109358055e-18
2.907404949090273202e-18
2.929202495077093987e-18
2.995613882437768147e-18
3.047781606611965442e-18
3.165815230568642604e-18
3.220985833300129425e-18
3.246844567985562550e-18
3.321345223483824316e-18
3.340705135249179275e-18
3.410421969334458285e-18
3.467013999122472193e-18
3.560333415822631943e-18
3.630241015243740289e-18
3.658974614387267625e-18
3.707718623357598796e-18
3.750133753048819394e-18
3.780353233639712409e-18
3.885691383311756882e-18
3.963909018967636989e-18
4.005968791644196321e-18
4.091916645582487596e-18
4.158698873154429520e-18
4.308472934078887683e-18
4.407256086333963935e-18
4.448496472670631187e-18
4.580947258111250857e-18
4.608047087209674541e-18
4.708870305373360080e-18
4.741046103870461244e-18
4.795100283355606993e-18
4.904134418852950996e-18
5.005599592799617052e-18
5.127316763438366053e-18
5.164731005497504851e-18
5.374673693648499790e-18
5.451848026080891897e-18
5.458596677477907733e-18
5.587108594053814779e-18
5.630724387526241287e-18
5.730253906088164170e-18
5.813854542231776603e-18
5.876081115419874453e-18
5.940696494774705230e-18
6.064901667629239203e-18
6.274118981463093346e-18
6.298883153296749980e-18
6.369759225501822180e-18
6.397299665226963684e-18
6.517680672361214271e-18
6.613758111601659782e-18
6.708639754274174843e-18
6.802148603368572459e-18
6.965365693724257009e-18
7.006792829303476933e-18
7.138159476049167583e-18
7.273368528944785067e-18
7.349819030919020254e-18
7.488120372536694114e-18
7.562821328225162546e-18
7.649511824882708532e-18
7.766420284468234435e-18
7.912987256203353963e-18
8.051385074467775897e-18
8.164565854424748803e-18
8.306411802205473490e-18
8.552954748524935647e-18
8.689548206838216479e-18
8.746610232036308428e-18
8.835810091258987227e-18
8.913744502699233605e-18
8.955129076251818103e-18
9.133514092061635417e-18
9.380668641121849978e-18
9.505412257202823226e-18
9.570129429589728279e-18
9.666866937356390358e-18
9.860703896795375238e-18
1.009139512360736041e-17
1.026595993283242762e-17
1.051807588663194311e-17
1.063838145482525253e-17
1.068178886838276460e-17
1.115597124453745444e-17
1.123545763667315934e-17
1.128852415730878872e-17
1.140623876683245147e-17
1.195721963100998425e-17
1.216375957422225440e-17
1.233649475134856817e-17
1.255898115226983694e-17
1.272599117554177799e-17
1.279782905175530537e-17
1.289660482274112753e-17
1.321878008827528543e-17
1.352332544493132444e-17
1.375032428512916021e-17
1.397858634166909758e-17
1.447270586706642208e-17
1.463217242330363345e-17
1.488146145987834489e-17
1.538570797172828409e-17
1.550494778189971155e-17
1.576490849740511107e-17
1.598772122222218231e-17
1.627013201550226693e-17
1.645344540813563222e-17
1.659897949374835670e-17
1.720030544521021017e-17
1.739270445519358807e-17
1.817386663690829250e-17
1.879216523450234340e-17
1.905116803777868684e-17
1.934531948254237598e-17
1.978670867411063913e-17
2.042152870830844515e-17
2.109000078732015613e-17
2.154929329362829789e-17
2.203992916568197437e-17
2.284073185071601034e-17
2.303912366448351327e-17
2.372377750353378357e-17
2.462123637400940194e-17
2.565048942420973450e-17
2.682073927314140166e-17
2.722144119682880373e-17
2.830218619100417407e-17
2.895039332950411399e-17
2.962881188065362283e-17
3.059740993015483935e-17
3.253869666024077971e-17
3.296052134620942864e-17
3.684307415804633295e-17
3.920636823812918731e-17
4.179723114485723073e-17
4.385238250610229772e-17
4.875918089875977020e-17
6.719384617507509903e-17
8.486468210826591828e-17
9.029975332435847817e-17
1.023140712335637863e-16
4.123943775912491841e-04
9.301153548347165356e-04
1.554041030691722747e-03
1.786744619257624829e-03
2.228548665907377317e-03
3.054300461379834755e-03
3.327814355358888268e-03
3.421128364813676940e-03
3.940655418904009076e-03
4.256057083908206494e-03
6.175721176737686453e-03
7.101668895791462925e-03
8.296907165318997274e-03
1.016927675120620281e-02
1.765502104619392013e-02
2.365846333582882419e-02
2.462175347103114087e-02
3.258563900609648400e-02
3.348888766919874693e-02
5.769043910606390380e-02
6.349275068383021525e-02
1.565448816348526395e-01
4.712429250455715257e-01
7.273117808514382165e-01
1.286559927815626558e+00
