-3.479242325363406585e-04
-2.983386567426836076e-04
-2.974576064705916774e-04
-2.443216076152027617e-04
-2.325051363147748271e-04
-2.266310680391777591e-04
-1.948623148303960659e-04
-1.741059892301471794e-04
-4.945755290060139213e-05
-3.332538378921183345e-05
-2.712665227917281425e-05
-2.375158809113094520e-05
-1.584018704402513611e-05
-1.532269839821250211e-05
-1.239270500736355671e-05
-9.780797871118613438e-06
-8.116452456079782494e-06
-7.149449995477873001e-06
-4.599769671715261069e-06
-4.335373292253509470e-06
-3.549709713236307850e-06
-3.004442725500432002e-06
-2.453481239232819412e-06
-2.206949091527286358e-06
-2.019768899944944519e-06
-1.401111684043218637e-06
-1.236817723319892348e-06
-1.142769825627341409e-06
-1.008221014464583738e-06
-8.625779228742545395e-07
-7.985954185107128703e-07
-6.475738459393320555e-07
-5.301719170447066183e-07
-5.132154561721800597e-07
-4.877091723900904675e-07
-4.382324073847731571e-07
-3.741685173984722920e-07
-3.146851075218693398e-07
-2.996764564644015390e-07
-1.946121556048215225e-07
-1.214620215835401907e-07
-7.501704574482883394e-08
-5.090904995758177999e-08
-2.975264990687739240e-08
1.530255669414787337e-19
8.616646874660698413e-19
6.075013043852627608e-09
3.007885769490298934e-08
6.831451389193961016e-08
9.455377767988336897e-08
1.500475678640136936e-07
2.742142751414348761e-07
3.877841052066694850e-07
4.032752529313341434e-07
4.564058655670899122e-07
5.325711166606754637e-07
6.515698395611208956e-07
9.694477130997817031e-07
1.192146124987575843e-06
1.300008842070408701e-06
1.460349334793221622e-06
1.571930171323169969e-06
1.686113927989934453e-06
1.838491373706873345e-06
1.894657248731739451e-06
2.256809512837926840e-06
2.344584925919034367e-06
2.850466748701847837e-06
2.866071211172511217e-06
2.910299837786977092e-06
3.253515049923615015e-06
3.409710543908610510e-06
3.520467318627356894e-06
3.680030971893012153e-06
3.777728689512094993e-06
3.923317770601147825e-06
3.982070718761044107e-06
4.311777314096358923e-06
4.436375304744123298e-06
4.580510748824801766e-06
4.616813374959137775e-06
4.771489419053653419e-06
5.071976418208863609e-06
5.121782281848599347e-06
5.244390149003803896e-06
5.815145932426048880e-06
5.889875035248034434e-06
5.990588662211401246e-06
6.489645448826447709e-06
6.508050449045764059e-06
6.697049343107914913e-06
6.808538403714951483e-06
7.029429313288597588e-06
7.404605629761556518e-06
7.544123890963577436e-06
7.905858524692097790e-06
8.149733556671959967e-06
8.372075855257890233e-06
8.516635415685648765e-06
8.677052625507543723e-06
8.816223753258158334e-06
9.269253508191676609e-06
9.558486771650120256e-06
1.012424592197910869e-05
1.030547475369064531e-05
1.047366781496288303e-05
1.068880984206584577e-05
1.100319546750640429e-05
1.127522611039740850e-05
1.144600047425519239e-05
1.152812049222023789e-05
1.175439415616630818e-05
1.247097024247728692e-05
1.286088949681192596e-05
1.311094756074606901e-05
1.328563666380751549e-05
1.397050408293553063e-05
1.421557849510113862e-05
1.439653612151974301e-05
1.449271549092982389e-05
1.495143008837631174e-05
1.518669175762921955e-05
1.551547702182657997e-05
1.620808004854239789e-05
1.628488549459631695e-05
1.662814535661613164e-05
1.727034154137190451e-05
1.751196830166923258e-05
1.776045277146507141e-05
1.830582028995082449e-05
1.853262566255328228e-05
1.867030755755587552e-05
1.930236813458708009e-05
2.068971213558142540e-05
2.132871577593335638e-05
2.155983283008485545e-05
2.175034254511204002e-05
2.180650970972261809e-05
2.217878242503832341e-05
2.268118226563525791e-05
2.322294917329312719e-05
2.349806264507536675e-05
2.411360784163713204e-05
2.463084441410341521e-05
2.476156960767481144e-05
2.486715961261013068e-05
2.580217134011873354e-05
2.609156039664403145e-05
2.653414401342244760e-05
2.680715569628745585e-05
2.683601802046198950e-05
2.825430724238998123e-05
2.834391857106437570e-05
2.879160283306304909e-05
2.961746101900447734e-05
3.044556518254593015e-05
3.106473761659540671e-05
3.146752750242749655e-05
3.199211357572337850e-05
3.229044403136320962e-05
3.275110410846177251e-05
3.288608795921838304e-05
3.329382074938872822e-05
3.584001766000852201e-05
3.608815993298112191e-05
3.632230231308830208e-05
3.669263605914588496e-05
3.735176988501000039e-05
3.772463288990077869e-05
3.832916816830167701e-05
3.919439568624662396e-05
3.980147874281840596e-05
4.053788844470724315e-05
4.130474004107318381e-05
4.231751286257554999e-05
4.287849891596953077e-05
4.316640997415299420e-05
4.351121974897895949e-05
4.426239273033107514e-05
4.531326466227397390e-05
4.666538401872610109e-05
4.715209863762374957e-05
4.777986832298102742e-05
4.940206841796256499e-05
5.059717091201919396e-05
5.097481383456133660e-05
5.222300136264440410e-05
5.273499697085114418e-05
5.404863037418828844e-05
5.423494942164667088e-05
5.506790785737856114e-05
5.599228184814022659e-05
5.624030582745916568e-05
5.679466363325361426e-05
5.839797554823915169e-05
5.879966019141757684e-05
5.988791247756411370e-05
6.108153214677114039e-05
6.190061042135086339e-05
6.313477348670179436e-05
6.416933433606394920e-05
6.585770241014253165e-05
6.833292399789282930e-05
6.988253899705122133e-05
7.142303020105270170e-05
7.155368149584182555e-05
7.213997412490347097e-05
7.226639548401507290e-05
7.509650145812944277e-05
7.526257689564244799e-05
7.784942505975756672e-05
7.935144803501885456e-05
8.123034639360116017e-05
8.239890221732791239e-05
8.366482924515534830e-05
8.549182906632981477e-05
8.731428827075772624e-05
9.002902178555419709e-05
9.034040408426464433e-05
9.205276471426651163e-05
9.472097508160522248e-05
9.636326760481931134e-05
9.677677071122617217e-05
9.790038446442174609e-05
9.929197855485640347e-05
9.982590199581663432e-05
1.023261853986148995e-04
1.064608417520721727e-04
1.076449006945735592e-04
1.089486930309205889e-04
1.120273372205223699e-04
1.124924018105160050e-04
1.143967888669879756e-04
1.156259927786518676e-04
1.181071513680642681e-04
1.196239655937934837e-04
1.210047501211706725e-04
1.259807406210874990e-04
1.282536607820132740e-04
1.299085132374017191e-04
1.308391232292907026e-04
1.323243020958684646e-04
1.329808428760892274e-04
1.339813281522887929e-04
1.417763760456097776e-04
1.436495082492580890e-04
1.475742637586728958e-04
1.480695415975257737e-04
1.493057045305923075e-04
1.502170920484465985e-04
1.564739775512725322e-04
1.580390288802813680e-04
1.639311158572895821e-04
1.644851347728755800e-04
1.689892294123158359e-04
1.726737822413283306e-04
1.732776116627240525e-04
1.769552260107263447e-04
1.780248460496876533e-04
1.788467274116471402e-04
1.823242201832484628e-04
1.886348524646526295e-04
1.919445076507415025e-04
1.935237852395060105e-04
1.993678976892431615e-04
2.031923827053744053e-04
2.049540119619234254e-04
2.063426549090806718e-04
2.089167709066730688e-04
2.098318920011056328e-04
2.160509924136308946e-04
2.182315507656378136e-04
2.211604573331166928e-04
2.248827147701639882e-04
2.266170645148724233e-04
2.349398572266048668e-04
2.463905823638002810e-04
2.480630884331176266e-04
2.518270080885518956e-04
2.532524862689760747e-04
2.651642189660627542e-04
2.673518818628801193e-04
2.695137806956897689e-04
2.749312398557951791e-04
2.804104969471923068e-04
2.812616091682947897e-04
2.845370618826777100e-04
2.886528014103761854e-04
2.977222000386581030e-04
3.002791404197473657e-04
3.060641042280357505e-04
3.114250685091136863e-04
3.181299089775470974e-04
3.304020261733807222e-04
3.320729825820491871e-04
3.493552602078977957e-04
3.548039567419726450e-04
3.580673507368269505e-04
3.672111574881210599e-04
3.732196852886479231e-04
3.746386274495913616e-04
3.787739226598734713e-04
3.830564434870970892e-04
3.874104154576416296e-04
3.959832982229822586e-04
4.070426219540191942e-04
4.123837742080969362e-04
4.190026933857146467e-04
4.284281016962358628e-04
4.326428967496062216e-04
4.369750240645345818e-04
4.565603386599322976e-04
4.586947460769675634e-04
4.804567456163069596e-04
4.815822059401840527e-04
4.853079060701342659e-04
4.931780539195136431e-04
4.986931894622278387e-04
5.103572530364238651e-04
5.180306927216365076e-04
5.335345174797054670e-04
5.404791851009459235e-04
5.484100581804655884e-04
5.658207401777019807e-04
5.790718729295318400e-04
5.920596619406942379e-04
6.008141594228053311e-04
6.235565815840960315e-04
6.370380771701937735e-04
6.458303260964999700e-04
6.625152183853399990e-04
6.733886623501549994e-04
6.776424945843837573e-04
6.813277434928318799e-04
7.085597066555866840e-04
7.121750274551552325e-04
7.259758635215344570e-04
7.331292278567221044e-04
7.593652648241064557e-04
7.661551909450132992e-04
7.737958969462995417e-04
8.157644424593808383e-04
8.543171395712463242e-04
8.567068943529525292e-04
8.704427633144297015e-04
8.767983508733781257e-04
9.113659090287659159e-04
9.148223162914654889e-04
9.292417544113130718e-04
9.468858455579543410e-04
9.600947861250481823e-04
1.013864902656880186e-03
1.039712056094423739e-03
1.080239782936449596e-03
1.086629470175999460e-03
1.095694962211612392e-03
1.131569728776871120e-03
1.155001969460245055e-03
1.191293490974739333e-03
1.206653810201221023e-03
1.209436194300378235e-03
1.226190745735271544e-03
1.253525965854615596e-03
1.290348099611910923e-03
1.314242007970824275e-03
1.326225043242950557e-03
1.382657899336872795e-03
1.396093059978168859e-03
1.429428293246434896e-03
1.434272875350069013e-03
1.555647168376355673e-03
1.617351788518177780e-03
1.624115406006330312e-03
1.645968387083459076e-03
1.657948533921594888e-03
1.681999758050262530e-03
1.757547221035710280e-03
1.772814376159018374e-03
1.871457026466757370e-03
1.893041914174795146e-03
1.973982615335583696e-03
2.083654256033714951e-03
2.172965004715814337e-03
2.189555814028599015e-03
2.223165675214029691e-03
2.253999302352266941e-03
2.276824335964557165e-03
2.320343341479192030e-03
2.444902931497290426e-03
2.548462413198076051e-03
2.635802258729068575e-03
2.699891790570139137e-03
2.751840329497809434e-03
2.902798238605116838e-03
3.023898285693309412e-03
3.195799441101785775e-03
3.227189272968754470e-03
3.329738476043334582e-03
3.447088878277911831e-03
3.529466864632552821e-03
3.792268524950946542e-03
3.958691022879053112e-03
4.200459909866490447e-03
4.238374543104993751e-03
4.310300003883286470e-03
4.606616718221883885e-03
4.971572009751319167e-03
5.009241272888828068e-03
5.174860766422174733e-03
5.495651389864386269e-03
6.209367359481650535e-03
6.375370677943596222e-03
6.434521204386144631e-03
6.873453648432303366e-03
7.165792668868962642e-03
7.388571114366915271e-03
7.764896949284517610e-03
8.211757838924943487e-03
9.130548479126887954e-03
9.987171311648754962e-03
1.017508634420958950e-02
1.073696714178975879e-02
1.105009394821639124e-02
1.293572318525908378e-02
1.413186581882070261e-02
1.603711866887076384e-02
1.677717562761398343e-02
1.974191848613507036e-02
2.195504200348889420e-02
2.645912216276271114e-02
2.907528832136926228e-02
3.307407052003610154e-02
3.447944986769774928e-02
3.656423076669126221e-02
4.870991429269762307e-02
6.065870362888071965e-02
6.342070759728270224e-02
1.393220094985784807e-01
2.519891664460821024e-01
2.745374456437260080e-01
7.357639801942565949e-01
