-1.327997131614941040e+00
-2.106296933461946908e-01
-1.750902535330859378e-01
-6.865052221048703607e-02
-5.809660052620525816e-02
-4.112152851886188842e-02
-3.753658593001735211e-02
-2.321781706542069140e-02
-2.029818249572989952e-02
-1.809277443848118089e-02
-1.574785514497625480e-02
-1.319566766036919803e-02
-1.217739706143831230e-02
-1.118046372196321477e-02
-9.498985351869406596e-03
-8.365051610470082555e-03
-8.224446977533213937e-03
-7.897760272979652968e-03
-7.340232080904096276e-03
-6.592460528445772891e-03
-5.279387694492100082e-03
-4.917199864708531043e-03
-4.797425480580597146e-03
-4.257580556863575609e-03
-4.111723567959534725e-03
-3.906947871648198956e-03
-3.782185752236614552e-03
-3.536433761037779521e-03
-3.379530946156383223e-03
-3.115351430349499236e-03
-2.894922127797557986e-03
-2.871960757793868245e-03
-2.691178611583951684e-03
-2.480674628150219760e-03
-2.339611833185948307e-03
-2.310436425046785008e-03
-2.171688811411329797e-03
-2.134328810188543864e-03
-2.060738965340840577e-03
-1.943378355859419135e-03
-1.845195760205910803e-03
-1.777753481804750799e-03
-1.681397757996224004e-03
-1.628854912051293973e-03
-1.586050692370618393e-03
-1.505583494300733816e-03
-1.443334647412306600e-03
-1.402159292066051076e-03
-1.326385509565320515e-03
-1.284658405516172879e-03
-1.190735331394090612e-03
-1.183849729365285455e-03
-1.140306536429977046e-03
-1.085390390853929396e-03
-1.069439616155037735e-03
-1.022531408692690068e-03
-9.922941192114591823e-04
-9.639459419372005617e-04
-9.306558105081517637e-04
-9.223568153778992492e-04
-8.651991790988675535e-04
-8.261249961266518881e-04
-7.837291160721649450e-04
-7.707882996002328674e-04
-7.290208308352172850e-04
-7.255808262037184795e-04
-6.969153557667364827e-04
-6.791668804799581849e-04
-6.363134793722190078e-04
-6.252282733169046156e-04
-6.144916724387293689e-04
-5.931168882278267706e-04
-5.775143016079552997e-04
-5.676087198111962615e-04
-5.328100173049904378e-04
-5.004668043076695950e-04
-4.862169344614017397e-04
-4.813801304129512195e-04
-4.768425839284381540e-04
-4.573072823013514619e-04
-4.477387820156197829e-04
-4.358223510112632843e-04
-4.304456057574167780e-04
-4.151924892454037842e-04
-3.940942591192880362e-04
-3.910507337372495524e-04
-3.775436976214221509e-04
-3.693427369794520087e-04
-3.598290179111591960e-04
-3.450550166630409919e-04
-3.300487075004581708e-04
-3.201730303169085827e-04
-3.145547040378529027e-04
-3.068062447546535728e-04
-2.965935655639915245e-04
-2.928098830653877351e-04
-2.842102341637492815e-04
-2.838343865770713592e-04
-2.701042809137563553e-04
-2.544385349194440860e-04
-2.504680649586462108e-04
-2.497200862027214351e-04
-2.391767870965152856e-04
-2.284192560729142256e-04
-2.214859483515675752e-04
-2.184962527591437643e-04
-2.086069777529628918e-04
-1.996641863451675185e-04
-1.927159976004756030e-04
-1.911496140036186419e-04
-1.855357953253541231e-04
-1.815006382757410920e-04
-1.779523544565782310e-04
-1.726090646436050579e-04
-1.681218782321383513e-04
-1.627253270543235764e-04
-1.568795056411104573e-04
-1.531614920141574090e-04
-1.501431641624559159e-04
-1.443761087473615539e-04
-1.371546939832864274e-04
-1.331995880826823198e-04
-1.275886599099660128e-04
-1.258907927072834435e-04
-1.227576648395346662e-04
-1.178009740257099451e-04
-1.140988859348133892e-04
-1.104481090240494966e-04
-1.094858824465666378e-04
-1.074544269404651775e-04
-1.060179606751074556e-04
-1.000419879721412583e-04
-9.651230404589357847e-05
-9.543992465794854893e-05
-9.387561975403736075e-05
-9.144267234456254843e-05
-8.807935924672649131e-05
-8.535192943153830031e-05
-8.380260532566506247e-05
-8.343850894310880382e-05
-8.201672396250900981e-05
-7.766390368353799905e-05
-7.692603706556154573e-05
-7.476135247798654769e-05
-7.109261645012686891e-05
-6.800621628266468276e-05
-6.461839486629692418e-05
-6.311319617337926189e-05
-6.205539182263709484e-05
-6.123666454764455525e-05
-5.928528972495249714e-05
-5.889411418301061021e-05
-5.751112726461366144e-05
-5.448439123875638713e-05
-5.221946438261644953e-05
-5.151291167479568497e-05
-5.066096906826066760e-05
-4.936412881876971480e-05
-4.852721326045971145e-05
-4.588125395279230408e-05
-4.476717267621893191e-05
-4.281513711820510523e-05
-4.162081754277253894e-05
-4.127084167783534130e-05
-4.093528699234588367e-05
-3.880802358364755902e-05
-3.796779907099081711e-05
-3.726648406778102922e-05
-3.620443620886604652e-05
-3.538233153194444275e-05
-3.398952015402137281e-05
-3.303111123605012497e-05
-3.277786026064163368e-05
-3.130590611079995053e-05
-3.048856205785502099e-05
-2.860958431414416852e-05
-2.786112297676443227e-05
-2.684173357827479491e-05
-2.641090594168557417e-05
-2.558601095027218179e-05
-2.455561609167731976e-05
-2.372734320034043930e-05
-2.288239661959816894e-05
-2.205464317230435169e-05
-2.135915804372760717e-05
-2.092502486613266206e-05
-2.045715710629075976e-05
-1.983341217093868744e-05
-1.883333599477975278e-05
-1.845289630521352981e-05
-1.736931232515550721e-05
-1.712013775231781813e-05
-1.654498417587483243e-05
-1.561008038172841163e-05
-1.466729012756179336e-05
-1.450565638255868371e-05
-1.407047894860926029e-05
-1.379878252503087176e-05
-1.257405711249835849e-05
-1.236249875116992585e-05
-1.186678783238658282e-05
-1.151757606695196832e-05
-1.093657478310831109e-05
-1.074542376519418928e-05
-1.025311595037502699e-05
-1.000119472493267389e-05
-9.429572848434597437e-06
-9.098974194313407936e-06
-8.824007513772280772e-06
-8.438412559458153232e-06
-7.944137014806059956e-06
-7.409093211182269600e-06
-7.238856686052659250e-06
-6.800784108627042947e-06
-6.535995973496069377e-06
-6.243768106109363359e-06
-5.832429373810376734e-06
-5.402064534974594213e-06
-4.926227576246250718e-06
-4.796463910540171862e-06
-4.674352975218197245e-06
-4.403172519773366902e-06
-4.262870711962726253e-06
-4.149130831251674175e-06
-3.915591460925764852e-06
-3.506748052342826056e-06
-3.120462144388600002e-06
-2.989309402573209562e-06
-2.551006753239196650e-06
-2.462898107878582569e-06
-2.215594651515954224e-06
-1.934102279072311358e-06
-1.864558892370172740e-06
-1.710836340655749929e-06
-1.320534213328214695e-06
-1.213063618204697191e-06
-8.273248484595986308e-07
-5.829471842023907054e-07
-4.261955187491862808e-07
-3.029173589482604918e-07
-2.462980794667485009e-07
-1.815553125550977285e-07
-3.822683024240330074e-08
-3.266191268290644024e-08
-1.715493213025007469e-08
-9.571629796685569073e-09
-3.135310955112603493e-09
-2.025648576411346201e-09
-5.309528488918583835e-10
-2.687354017894845658e-10
-5.873160920180828501e-12
-7.809532938197222394e-19
7.129791448571119149e-19
6.044746031704113381e-10
7.982752242897269801e-10
3.565836005134717583e-09
3.730445451806284394e-09
7.580167280842021656e-09
9.269732416421567067e-09
9.621887042502118575e-09
1.011125578454478951e-08
1.511434912324692444e-08
1.971538429349730814e-08
2.382593170779321015e-08
2.876866571128136915e-08
2.950210455037911456e-08
3.639904563174722685e-08
5.105329808726074824e-08
5.465463222482314815e-08
5.965777187503173419e-08
8.898040909205143264e-08
9.546961226195874555e-08
1.277474019683328938e-07
1.332310302218314835e-07
1.797718212485413465e-07
2.184238415495365829e-07
2.246983443771549676e-07
2.460846663194158356e-07
2.726542137719447264e-07
3.762620544302714508e-07
4.076144993295758577e-07
4.856725988201409035e-07
5.301289307147650793e-07
5.768309965434469397e-07
6.264399738283036702e-07
7.551489921308927741e-07
8.125210901756112208e-07
1.048816036499562414e-06
1.158064198463058423e-06
1.493614168898436542e-06
1.626615403938234775e-06
1.814924891106509055e-06
1.846654704805175596e-06
2.129764504951427548e-06
2.139168844146515364e-06
2.337765607194218885e-06
2.796111782916808525e-06
2.939590802318429408e-06
3.233582134527523689e-06
3.432178961047638995e-06
3.851398662110973705e-06
4.505280774379872904e-06
4.902774019959482264e-06
5.077955016519869650e-06
5.601572522197640667e-06
5.743091150359303323e-06
6.272930477582874737e-06
7.133964358261956265e-06
7.649684701591640747e-06
8.144506219698175714e-06
8.760677107086373540e-06
9.225837020717856898e-06
9.663461413018535192e-06
1.007000907047837902e-05
1.043529430046999479e-05
1.152015074959147824e-05
1.246180792869461172e-05
1.313065555971732315e-05
1.330181740680832195e-05
1.443306206164187590e-05
1.493489118546703919e-05
1.603684992162195984e-05
1.766409535919172993e-05
1.844848939107093542e-05
1.981935372862997588e-05
2.031275571502989615e-05
2.168818296134684438e-05
2.347807417749114652e-05
2.521303169834360002e-05
2.545858354936194142e-05
2.607055532736232443e-05
2.836162482262016883e-05
3.009160839064283719e-05
3.087201166301500080e-05
3.247899496004375323e-05
3.534276059536936918e-05
3.577777350663247032e-05
3.873221416681511576e-05
4.114611708344385378e-05
4.255947738897565769e-05
4.457791079077867664e-05
4.704250315979065521e-05
4.849874332966559710e-05
5.073911018142010260e-05
5.239576950391206293e-05
5.477834333045804045e-05
5.942541354217125191e-05
6.007830403455127489e-05
6.638746149019279395e-05
6.971491373076884018e-05
7.106327133682069494e-05
7.436858494022442116e-05
8.017366775381680629e-05
8.153132885158862224e-05
8.643204052646854900e-05
9.065455408575604000e-05
9.453638220772067721e-05
9.666671752631772550e-05
1.040539954605242069e-04
1.115006298672779634e-04
1.126573065208095369e-04
1.132084062591454018e-04
1.204970260991400290e-04
1.219586690359412989e-04
1.340019206407136140e-04
1.394531511677024821e-04
1.419874159680626692e-04
1.477239384112290080e-04
1.502829612355999689e-04
1.541318987862628413e-04
1.637217979755334698e-04
1.788831581068919330e-04
1.855566898008054481e-04
1.957318322775480272e-04
2.049078266021244171e-04
2.228728222427701173e-04
2.381083053193157599e-04
2.421267623193593360e-04
2.547993058925581886e-04
2.649646306029056339e-04
2.784692397641443497e-04
3.009957615522717385e-04
3.090121958555642990e-04
3.190982701593785107e-04
3.370896835167221692e-04
3.547458023308678742e-04
3.828272261622142538e-04
4.003249582515545739e-04
4.177657261188835627e-04
4.361075763864385004e-04
4.557838767111821910e-04
4.595041448386547522e-04
4.649143087785990720e-04
5.315122184330091371e-04
5.461837934742228484e-04
5.739871066171342616e-04
5.936201967081763302e-04
6.394896154819953689e-04
6.791246047065285828e-04
7.055776930807703849e-04
7.198454608425680894e-04
7.778444518250415482e-04
8.267880517366908450e-04
8.710808993731033231e-04
9.288097566750995893e-04
1.045871551027919774e-03
1.069670357962058428e-03
1.128634048767353758e-03
1.164570405067976528e-03
1.179274844017937692e-03
1.213122747783513785e-03
1.313790453091406418e-03
1.362176477435850502e-03
1.424664665310759575e-03
1.557765586233841220e-03
1.580052212543597281e-03
1.722920363331607602e-03
1.823748425626224622e-03
2.036993600220914601e-03
2.186923625668552897e-03
2.351213730425329596e-03
2.395193090101696391e-03
2.406832000110691212e-03
3.038204715492255799e-03
3.143804043098551246e-03
3.762639921486151187e-03
4.093540557014888753e-03
4.615291214935889064e-03
4.861242693336488042e-03
5.288366000927954835e-03
6.800060730292642464e-03
7.289407000333895589e-03
8.983948574049056834e-03
1.001943798258517204e-02
1.198548107828492464e-02
1.555762082892420822e-02
1.796456389631389053e-02
2.542939702511597816e-02
3.692011316200630860e-02
6.014794491199038778e-02
2.046002554183413147e-01
