-7.695932582515868647e-02
-2.268368820340914416e-02
-1.752733991073163189e-02
-1.538494400697137769e-02
-6.650926257538518002e-03
-6.277522939024088311e-03
-5.382630374364305408e-03
-4.011033452991837403e-03
-3.756575508435964182e-03
-3.604038927318962450e-03
-3.297699029789371346e-03
-3.026544817328602737e-03
-2.539292305959481993e-03
-2.267777454090378047e-03
-1.969812883363670879e-03
-1.854948715849296000e-03
-1.641411150775745360e-03
-1.509229205438364623e-03
-1.300056078602663829e-03
-1.267745032332657628e-03
-1.158820031537206299e-03
-1.105475178817029403e-03
-1.073311353666096379e-03
-9.617918383801396520e-04
-8.817535667868021563e-04
-8.625722413776141118e-04
-8.358611391005145528e-04
-7.868724825942587011e-04
-7.456602359317383247e-04
-7.323620330059186015e-04
-7.163805463049613062e-04
-6.389329098304237162e-04
-6.021103066683868585e-04
-5.869861538859270662e-04
-5.849618214562841241e-04
-5.370847726061112049e-04
-4.998011980762160408e-04
-4.903734036341454239e-04
-4.821609482908342358e-04
-4.591249297194665516e-04
-4.442197423828357986e-04
-4.093873176394503214e-04
-4.015718827307044312e-04
-3.905863199044111791e-04
-3.768985990866192026e-04
-3.673516324909138374e-04
-3.521427545665259114e-04
-3.410766124353185489e-04
-3.214273325312504170e-04
-3.124895691221356449e-04
-3.077192828395831068e-04
-3.000716114843960574e-04
-2.855727544651899714e-04
-2.726549545045803507e-04
-2.681623576165936308e-04
-2.647177796415067699e-04
-2.581446595449813741e-04
-2.553110388597011919e-04
-2.488449410402319767e-04
-2.449761041784808313e-04
-2.259519662307825642e-04
-2.193738244058020086e-04
-2.180029238131506967e-04
-2.071586334715156514e-04
-2.048831543197452386e-04
-1.978631484808039047e-04
-1.949714818359408032e-04
-1.921215097429588745e-04
-1.878437374799471569e-04
-1.836211303950391360e-04
-1.817987228227799798e-04
-1.685725925715953334e-04
-1.674252384793243318e-04
-1.636894523185515214e-04
-1.619972159828845593e-04
-1.554645643329706679e-04
-1.520516711654512577e-04
-1.502047004307722480e-04
-1.472638338910483246e-04
-1.421199539505995973e-04
-1.415286858254555399e-04
-1.398082939677595319e-04
-1.374048299354549830e-04
-1.352324159060365753e-04
-1.294563945685704590e-04
-1.283265341184855555e-04
-1.255876955245892324e-04
-1.229613548567304706e-04
-1.207734371890268330e-04
-1.138031896756203109e-04
-1.116053407427376818e-04
-1.113682032075569909e-04
-1.091898178055020300e-04
-1.072834795194318888e-04
-1.066178998222579231e-04
-1.029499591973036905e-04
-1.019702200009978078e-04
-1.006215790891004408e-04
-9.972459635500706616e-05
-9.572707966963219255e-05
-9.037106004201449780e-05
-8.962934039460363617e-05
-8.852823799488592795e-05
-8.629777872032021885e-05
-8.556048610174869795e-05
-8.381186136099331562e-05
-8.262344426197708498e-05
-8.005252299669195952e-05
-7.930040739992795084e-05
-7.897736509820871807e-05
-7.804840297272511683e-05
-7.580380221759754609e-05
-7.496752891522635691e-05
-7.284651877805188894e-05
-7.048701666527040527e-05
-6.883507487560179972e-05
-6.786351205902630866e-05
-6.652225435061095114e-05
-6.429207114339006188e-05
-6.363217251050786230e-05
-6.285527337798894117e-05
-6.121613434613631195e-05
-5.917299745081308198e-05
-5.893808702260856482e-05
-5.791423296012782019e-05
-5.721451373405778802e-05
-5.659017582890410166e-05
-5.569346732361930624e-05
-5.413088148531947547e-05
-5.373151450904834657e-05
-5.111691496143922435e-05
-5.095030655725772657e-05
-5.002084951552529329e-05
-4.946307212398686089e-05
-4.844717464300165818e-05
-4.795633231746569328e-05
-4.625159221037577833e-05
-4.554765963439584819e-05
-4.512380711055804269e-05
-4.453928434640573678e-05
-4.410934030847930013e-05
-4.340310655084023107e-05
-4.251474582027667856e-05
-4.178701917104306069e-05
-4.138638289967497914e-05
-4.098945743052224944e-05
-3.900442376133210357e-05
-3.852275707827425934e-05
-3.672163792761047200e-05
-3.608035755068864851e-05
-3.545153238830318475e-05
-3.534784012790521073e-05
-3.497131453117078339e-05
-3.397836009178086187e-05
-3.324348737783660229e-05
-3.312470237261027831e-05
-3.270375318079225211e-05
-3.233663783862782501e-05
-3.175166138521461572e-05
-3.153110915264461210e-05
-3.123993762606034729e-05
-2.979419506839997025e-05
-2.958445354442275867e-05
-2.911337398360639255e-05
-2.898116869676572665e-05
-2.720567064469663131e-05
-2.661469473125508816e-05
-2.647087442519578402e-05
-2.603331736368354356e-05
-2.567934331791668726e-05
-2.536829735251407657e-05
-2.466825614263680629e-05
-2.458945618462527643e-05
-2.421002043404399710e-05
-2.400847548585878689e-05
-2.354437173917764856e-05
-2.301276791503846535e-05
-2.274199138105322001e-05
-2.261397634911723476e-05
-2.221673938555120698e-05
-2.145553611176246014e-05
-2.106982619368090765e-05
-2.084766370501865023e-05
-2.077560942632879519e-05
-2.031261270035375149e-05
-2.013011869004946970e-05
-1.982047208200209763e-05
-1.937890356500652743e-05
-1.930871758205241517e-05
-1.848409297852972628e-05
-1.821317523708535744e-05
-1.777800146882614396e-05
-1.752738505905586882e-05
-1.748740042116373253e-05
-1.726215039602955862e-05
-1.694950489480108422e-05
-1.672311075573883822e-05
-1.578060920007250313e-05
-1.563671511251223334e-05
-1.553237165971061611e-05
-1.535036424638579696e-05
-1.526174647470699019e-05
-1.508928170301737424e-05
-1.472839916963323012e-05
-1.421087261932759386e-05
-1.410928770148728103e-05
-1.382386150026369957e-05
-1.357792504991726359e-05
-1.351224978574425530e-05
-1.316344673822141353e-05
-1.309505319921361191e-05
-1.265603508048427735e-05
-1.258314888107320528e-05
-1.218513008701197451e-05
-1.204346873929967197e-05
-1.171397320999425120e-05
-1.155313947306077537e-05
-1.142785714207117455e-05
-1.136439692876246503e-05
-1.126039898089964800e-05
-1.103771827568416769e-05
-1.084130209588498801e-05
-1.064260224584461209e-05
-1.038637395046302457e-05
-1.031178743006375324e-05
-1.008073953266865431e-05
-9.837145355762075228e-06
-9.672565788849978429e-06
-9.567656469372878576e-06
-9.263580803625975612e-06
-9.037648083097973463e-06
-8.893067754085197277e-06
-8.848148869579204693e-06
-8.525482323998857974e-06
-8.513058483147457558e-06
-8.458185331775521358e-06
-8.386886187745780415e-06
-8.235219472423736554e-06
-8.042536469198349408e-06
-7.786264108446627901e-06
-7.484703207503224795e-06
-7.413280666671920519e-06
-7.281697213657350127e-06
-7.198765647863769483e-06
-7.057492135675159517e-06
-6.929225815062327036e-06
-6.885555613655493821e-06
-6.671940430704587349e-06
-6.621597562445762627e-06
-6.601455847926891905e-06
-6.513118323454218059e-06
-6.411722985720981533e-06
-6.278769970100289592e-06
-6.214422980712609759e-06
-6.107121594017494328e-06
-6.001440468786696767e-06
-5.932871316921307688e-06
-5.798291197914940608e-06
-5.591257048853452808e-06
-5.561935436910243907e-06
-5.478046869156178032e-06
-5.351379861987968031e-06
-5.201796279456107397e-06
-5.102536567845853073e-06
-5.098178913270208390e-06
-5.052536798201788007e-06
-4.990785724619790125e-06
-4.877490738834706460e-06
-4.805003076176290731e-06
-4.693367885012297333e-06
-4.616509910300353147e-06
-4.538746722040135096e-06
-4.408282435192606527e-06
-4.397633128124530721e-06
-4.319137184436985215e-06
-4.258045287014114314e-06
-4.239904178180467533e-06
-4.231231263228497983e-06
-3.934825420308095840e-06
-3.905153280541430486e-06
-3.858088650075741341e-06
-3.803294866345858251e-06
-3.773524008146157875e-06
-3.710398606797492006e-06
-3.640682013494446599e-06
-3.583895113955435017e-06
-3.479955391094783196e-06
-3.349593191108560878e-06
-3.321313974148712671e-06
-3.246937787273241131e-06
-3.180485657439736561e-06
-3.167852775723724950e-06
-3.132538643324458265e-06
-3.075713643252469695e-06
-3.038695700581421505e-06
-2.928273377707276187e-06
-2.920068973560155807e-06
-2.877502364540262685e-06
-2.857802312514213694e-06
-2.789912464047592310e-06
-2.735536735957953881e-06
-2.668691447770550065e-06
-2.605531498162753139e-06
-2.587006258666415884e-06
-2.575376524618183187e-06
-2.550718444242878207e-06
-2.508397854996425881e-06
-2.432797810894451251e-06
-2.296220628213694983e-06
-2.201733516285303201e-06
-2.190371278571529998e-06
-2.154914198550625996e-06
-2.107980659341993167e-06
-2.061632289738286209e-06
-2.034079034133650897e-06
-1.954396832465717587e-06
-1.920118422332756216e-06
-1.901533491661817301e-06
-1.826217507288445066e-06
-1.801428508151797932e-06
-1.786864031734110391e-06
-1.715905517568482517e-06
-1.683353571925401791e-06
-1.670028783514875342e-06
-1.647410082541864168e-06
-1.581044820711200986e-06
-1.547945716580974457e-06
-1.521974702498394318e-06
-1.486580269205255973e-06
-1.394390993867599102e-06
-1.374403485521511371e-06
-1.364465212197196083e-06
-1.344766667009868487e-06
-1.268362521230754112e-06
-1.251736635130875517e-06
-1.225055576174315918e-06
-1.217717786904862788e-06
-1.205102087429730266e-06
-1.129958248416501703e-06
-1.096364920197252597e-06
-1.040367584024503990e-06
-1.021958990856983059e-06
-1.009463981442194744e-06
-9.928562261596507611e-07
-9.727567199221946736e-07
-9.392392451523273339e-07
-8.894403075626668387e-07
-8.507309240139086104e-07
-8.206517520428945251e-07
-8.043427033952547688e-07
-7.857001428673738480e-07
-7.749290184650606895e-07
-7.372021942209853124e-07
-7.132003673596694214e-07
-6.996178147603472500e-07
-6.949652735049436970e-07
-6.278281860791659378e-07
-6.112232154199687876e-07
-5.850699748610530852e-07
-5.635125642076183946e-07
-5.504839059721173936e-07
-5.462573685015438821e-07
-5.306432009502939463e-07
-5.148799388911992590e-07
-4.804503931984615537e-07
-4.710411877879906538e-07
-4.531910887162910557e-07
-4.399033701342256159e-07
-4.250131501403217117e-07
-4.157325437977353561e-07
-3.990962430374643173e-07
-3.456019083745587737e-07
-3.377630751848056608e-07
-3.351758700978229497e-07
-2.811788966272379553e-07
-2.696436442126091423e-07
-2.447862172175606230e-07
-2.185894792640142569e-07
-2.049818560315104024e-07
-1.988501810306969028e-07
-1.796370204569795712e-07
-1.671827776732561250e-07
-1.511105907405281666e-07
-1.211345260846970812e-07
-7.740813380817237935e-08
-6.430192892239557876e-08
-5.157917014079258839e-08
-5.074297258869542651e-08
-4.871692253425337267e-08
-2.042397634186128361e-08
-1.622718966645926834e-08
-1.544377508456451062e-08
-8.880360957738735393e-09
-6.066159219963177546e-09
-2.764532981484523059e-09
-3.139235319949959652e-20
5.453861504415619486e-20
1.989656882289704686e-09
6.455037483134607980e-09
7.833442909828194718e-09
1.321277148899031427e-08
2.057882988201529574e-08
2.987617041070746628e-08
3.332718658476975982e-08
4.282230486155898876e-08
5.073625590714807035e-08
5.332675201787386958e-08
5.512400131180016809e-08
6.104223854748643043e-08
7.317757195708985792e-08
8.619360645312775043e-08
9.275526316331603896e-08
1.092363874489103101e-07
1.265160685321008842e-07
1.372333511881238187e-07
1.575286046351721402e-07
2.025517240657730125e-07
2.291486548788900135e-07
2.590351109889542888e-07
3.304478663662708494e-07
3.883647576679631569e-07
4.858636506528451812e-07
6.366567279808947754e-07
8.223046864865492803e-07
8.991885311680283728e-07
9.293651010376948521e-07
1.356249047133383094e-06
1.605912347446738678e-06
1.847661861773332336e-06
3.064311043225096855e-06
3.389210089664436524e-06
5.432588506031928804e-06
1.002264485376736394e-05
2.156841156909433742e-05
2.381971299241721930e-05
2.723326606918692773e-05
2.841109131530614282e-05
3.192726307867639157e-05
3.640911018221799407e-05
4.030131106778570552e-05
4.780666907551868548e-05
