1.352460817697877585e-02
1.280481440397167846e-02
1.076962769805755310e-02
4.311457886547324578e-03
3.043215383306199871e-03
2.704936467342144383e-03
2.402825360369391806e-03
1.751212275526684188e-03
1.554436559854432964e-03
1.459354444126190848e-03
1.361093366253867580e-03
1.317283528676500403e-03
1.247606853805758361e-03
1.217974806945185942e-03
1.198383134266328654e-03
1.129337232682017756e-03
9.919591772151123161e-04
9.226250181784432852e-04
8.588199088900321703e-04
8.540847282147559288e-04
7.846969506607379390e-04
7.516188458131943442e-04
7.325782963617617424e-04
6.917805381260980647e-04
6.599092875935025880e-04
6.327590082839906717e-04
6.018230239998669006e-04
5.635579800549947449e-04
5.255399676340827752e-04
5.188138125818312707e-04
4.991689346347504821e-04
4.802438368983114915e-04
4.657823012861579486e-04
4.480135796878285904e-04
4.350090878549407519e-04
4.178054258355717626e-04
4.043388276981520592e-04
3.956283044669612736e-04
3.828936045512735522e-04
3.678566265347421745e-04
3.584000695653532446e-04
3.544883335797207832e-04
3.493100220527660003e-04
3.384180799388663966e-04
3.249464811973554559e-04
3.171663593038485203e-04
2.852947402798648702e-04
2.830411310168860772e-04
2.717662996179553915e-04
2.712496852569373394e-04
2.634500242888873959e-04
2.592505976770519333e-04
2.505199392626376018e-04
2.491104546678070170e-04
2.417826820225447060e-04
2.232358677967152512e-04
2.189097706554095108e-04
2.087321626752834474e-04
2.063542921692628873e-04
2.004009563789703138e-04
1.938143416343549453e-04
1.861935868879291487e-04
1.789686647192835749e-04
1.739001453246059718e-04
1.696722698429916449e-04
1.652622703326946292e-04
1.624856237734052702e-04
1.560086877430632787e-04
1.559050419957416474e-04
1.479364114985143688e-04
1.449451118841134400e-04
1.407151593860652696e-04
1.324364849517000169e-04
1.311951590383272058e-04
1.307540929900979779e-04
1.253504926681846070e-04
1.204150329722889531e-04
1.155426306535976079e-04
1.139887069786466121e-04
1.113426482156582795e-04
1.071755135139444909e-04
1.045976547059583535e-04
1.045727588075346434e-04
1.024782706814352911e-04
9.803629298258524931e-05
9.649519077639018597e-05
9.179733670071772407e-05
9.056244888740732507e-05
8.224692433934143528e-05
8.125282043099930202e-05
7.975328694145065545e-05
7.802180813176759033e-05
7.660629668426686685e-05
7.480039721895637844e-05
7.139200387704229295e-05
7.076346777630536150e-05
6.756551416937887499e-05
6.541329222909216716e-05
6.406668901513740469e-05
6.171844677775348655e-05
6.016918034668580648e-05
5.937830857456284016e-05
5.823696961928536450e-05
5.555426561204816099e-05
5.471393836537641878e-05
5.134733938505122569e-05
4.870492623553983162e-05
4.785328299302297426e-05
4.701557704425054753e-05
4.557373140244538239e-05
4.537725477719728055e-05
4.340118521827877039e-05
4.201676817407909399e-05
4.058567519774723274e-05
4.022133473035462663e-05
3.937287693610409757e-05
3.801651054175529860e-05
3.754714125675521265e-05
3.667529407722213840e-05
3.536536710328985555e-05
3.343085359042377732e-05
3.290213813522055171e-05
3.163477530467544960e-05
3.111852426673037959e-05
2.999230049442970009e-05
2.897041107410195884e-05
2.811728436703159249e-05
2.704831289172926587e-05
2.616157624450095410e-05
2.566922002510881062e-05
2.483697596365189912e-05
2.394875861591626228e-05
2.335259311660697857e-05
2.228064226906999000e-05
2.173669049399053378e-05
2.138531713055132795e-05
2.085533870332217018e-05
2.041419889127846170e-05
1.929868810313672988e-05
1.830113393364176145e-05
1.781991357005287957e-05
1.720775034215902820e-05
1.646199629517832913e-05
1.539486518722986845e-05
1.494464610856832607e-05
1.477167135693183897e-05
1.439306481518168375e-05
1.362138873733539609e-05
1.340125204752031384e-05
1.325617378456346580e-05
1.286408599091236248e-05
1.223174908726594463e-05
1.206939836323362620e-05
1.127250089144803217e-05
1.094795659501675794e-05
1.046918907339774563e-05
1.026727324674681336e-05
1.007485983700783822e-05
9.191909445564858629e-06
9.099272447549360966e-06
8.862422356490443347e-06
8.278746250777055203e-06
8.163276936438233276e-06
7.654145775153821016e-06
7.563438872463362445e-06
7.223751709246936608e-06
7.058277496130352799e-06
6.668244187375168939e-06
6.496295906802712089e-06
6.276674972547914940e-06
5.993190963661510709e-06
5.882290988578881286e-06
5.378312260580064079e-06
5.085615957304541622e-06
4.904487767315385517e-06
4.565694553492564278e-06
4.284774637566700027e-06
4.229548718037026166e-06
3.947498649359658210e-06
3.897868495949746858e-06
3.707016139217850555e-06
3.509350887023761024e-06
3.287547587521771669e-06
3.215994223807151360e-06
3.045476688166263284e-06
2.752336375641115234e-06
2.667997832273853255e-06
2.440887609413411844e-06
2.358666247129632492e-06
2.228779310179712719e-06
2.162169308228672077e-06
1.971263825044964786e-06
1.679042765673372932e-06
1.632971029280525789e-06
1.456234055522670048e-06
1.447881219181648433e-06
1.378885447876063396e-06
1.290556843971186609e-06
1.218806358876154433e-06
9.842421451108039034e-07
9.491241555191572955e-07
8.702882474399927335e-07
8.489500636409715946e-07
7.279377753714823605e-07
6.858133526024918962e-07
6.546284045740090956e-07
5.253182712009426548e-07
3.811130430276365972e-07
2.616592827046203627e-07
2.331942990210079155e-07
1.337975708631921587e-07
8.153821891922268872e-08
3.823147235550132104e-08
2.883390379537077628e-20
-1.052327734697348424e-19
-6.739017040591979877e-09
-7.845881004215943736e-08
-1.285208270711618825e-07
-2.351186267212884933e-07
-3.507467364242261343e-07
-3.685895700252872379e-07
-4.091198808592369862e-07
-5.251568431182131969e-07
-5.939184589620877406e-07
-6.722836241051077882e-07
-7.839667485774969062e-07
-8.295748141537107271e-07
-8.928865207581098131e-07
-1.007032921688400345e-06
-1.104205025378115367e-06
-1.203528102975178949e-06
-1.266853832946589093e-06
-1.382349023450152209e-06
-1.463176796780248345e-06
-1.653806990383733980e-06
-1.702219166312566008e-06
-1.797361419038254398e-06
-1.910875569456368212e-06
-2.064203118067312599e-06
-2.134655246176192744e-06
-2.344525305511665875e-06
-2.570058812888877068e-06
-2.778010745749499467e-06
-2.944246541628253088e-06
-3.175156263604508735e-06
-3.204855982228125668e-06
-3.385355188140515449e-06
-3.508502937588461228e-06
-3.660993914433715093e-06
-4.207091830503228344e-06
-4.312784678677352057e-06
-4.457130948044049201e-06
-5.150519718664738562e-06
-5.254483587217508863e-06
-5.309430916937669137e-06
-5.383278165008668616e-06
-5.669232406429598060e-06
-6.107504503064829677e-06
-6.422816762511784265e-06
-6.487838077516839928e-06
-6.743823046341746114e-06
-7.086237744064581742e-06
-7.327989680138628607e-06
-7.677874211312020201e-06
-7.979894728357749415e-06
-8.406634342444308980e-06
-8.777172644334012072e-06
-9.051807560770645602e-06
-9.183895377113874184e-06
-9.659997103674036655e-06
-1.012663124441767788e-05
-1.063298653785041882e-05
-1.069522924760734592e-05
-1.084468239709966116e-05
-1.110032165544300897e-05
-1.146572369580164580e-05
-1.165127194099881872e-05
-1.249991877419289574e-05
-1.261677887171204233e-05
-1.293052285716864799e-05
-1.379899299992575625e-05
-1.436279965092902759e-05
-1.472722955641704034e-05
-1.478568298939658736e-05
-1.499456392764503813e-05
-1.609391970111841730e-05
-1.676265469048301567e-05
-1.717118702475410111e-05
-1.732951702949054695e-05
-1.779588606559391145e-05
-1.890843772462224071e-05
-1.942564932602181574e-05
-1.967937409607022162e-05
-2.062777275335411127e-05
-2.117405078546275691e-05
-2.200622363038826451e-05
-2.249827280213775258e-05
-2.337562567845207127e-05
-2.353854518678878783e-05
-2.463015451983077497e-05
-2.535374807965941902e-05
-2.601523460282006460e-05
-2.663980670115049398e-05
-2.775551666554285945e-05
-2.851277083660010386e-05
-2.902321009143821724e-05
-2.916084982374975076e-05
-2.959141796517321906e-05
-3.011278806081739380e-05
-3.151337704561228302e-05
-3.238418235196975354e-05
-3.339883185625098415e-05
-3.410092139488677510e-05
-3.598380233586201930e-05
-3.687242891270903542e-05
-3.784423226419143989e-05
-3.864689423403445235e-05
-3.981957151004103968e-05
-4.056607123350573839e-05
-4.279062308713303870e-05
-4.306533107284605383e-05
-4.398662724424597255e-05
-4.547701556496547298e-05
-4.709902779925127461e-05
-4.772845556288747034e-05
-5.016145080147857411e-05
-5.112939296570529575e-05
-5.340628172350022425e-05
-5.449193268194363056e-05
-5.508120894464166203e-05
-5.750539531996119318e-05
-5.793433436560355533e-05
-5.811264467098047997e-05
-5.949415118964016317e-05
-6.040409444859309764e-05
-6.152227553673604436e-05
-6.277155858938457172e-05
-6.524818747702162817e-05
-6.753157153491916472e-05
-7.196398469232044180e-05
-7.260123513484917780e-05
-7.494602283537197737e-05
-7.645584574694067373e-05
-7.874043470620790118e-05
-7.995880392760948299e-05
-8.172337466322018385e-05
-8.558064866411808284e-05
-8.599193638919794876e-05
-8.936655177095992060e-05
-9.239082062696366839e-05
-9.633313690638545333e-05
-9.749335820387043812e-05
-9.981237993081933481e-05
-1.023608686355702134e-04
-1.050693173986098970e-04
-1.110944200624132427e-04
-1.123582793624304028e-04
-1.145508076633232174e-04
-1.162332114584424682e-04
-1.229928654063945669e-04
-1.256438272516999385e-04
-1.285018320810565309e-04
-1.330230931672111863e-04
-1.343136352239435952e-04
-1.373033341162988605e-04
-1.393956166067744586e-04
-1.439649921807365288e-04
-1.500341043018587153e-04
-1.511278447667587204e-04
-1.553255958196388738e-04
-1.576353228552987201e-04
-1.616947026256671080e-04
-1.668436787684516708e-04
-1.698782554909719817e-04
-1.781297929206267694e-04
-1.831809375781137976e-04
-1.836417251782391125e-04
-1.881083942652738393e-04
-1.939601831440130502e-04
-2.000378807121787729e-04
-2.099475171406150131e-04
-2.138918668570721424e-04
-2.210833042493274029e-04
-2.283510384225133903e-04
-2.385380046632142308e-04
-2.414282606180762395e-04
-2.535460906729974863e-04
-2.583709391935446668e-04
-2.731575942784898628e-04
-2.795713276717833127e-04
-2.818291732751978347e-04
-2.946745740668009093e-04
-3.027647361479875827e-04
-3.157211983245209581e-04
-3.207458680433069860e-04
-3.301975153749513300e-04
-3.353804321987551148e-04
-3.479317186420047368e-04
-3.622302212417008557e-04
-3.720743077008420896e-04
-3.860361288070584184e-04
-3.955970863053688037e-04
-4.058646211640766933e-04
-4.271935432298316969e-04
-4.345094687341543790e-04
-4.500760914108721360e-04
-4.676434095817236345e-04
-4.839872368501295288e-04
-5.059295468311589272e-04
-5.270887526016286876e-04
-5.463572088207109675e-04
-5.623656836065563450e-04
-6.078803019742465936e-04
-6.253657204027437662e-04
-6.307620135779110288e-04
-6.565725254157104120e-04
-6.779134613420305898e-04
-7.111907188112923887e-04
-7.390174074634683638e-04
-7.798873360785318074e-04
-7.873462735953311439e-04
-8.199508154730118792e-04
-8.862407044081877568e-04
-9.063602101732477724e-04
-9.389152431471482676e-04
-9.888780895958967834e-04
-1.013951273102438365e-03
-1.039714733560214051e-03
-1.089711242530161470e-03
-1.147362715258743587e-03
-1.190604041384599361e-03
-1.229271495405010080e-03
-1.290433931808423291e-03
-1.443382307114814047e-03
-1.526446177958131400e-03
-1.725150495458851194e-03
-1.800195192194625976e-03
-1.960645389747312124e-03
-2.366210425581959532e-03
-2.644671119838029171e-03
-3.133499604570920763e-03
