1.867991322885530561e-02
1.488663235751903208e-02
1.030556483226671705e-02
5.612857013713863120e-03
4.623138131054696336e-03
3.143407754845723226e-03
2.342373278522680638e-03
1.690705689735074423e-03
1.646669525339862885e-03
1.438428344423832396e-03
1.397643334882958449e-03
1.348050748452016669e-03
1.063513935380794393e-03
1.009547433000461836e-03
9.516926910514442259e-04
8.513182077885193518e-04
7.932278264934023359e-04
7.619715120115530147e-04
7.165721105860854917e-04
7.031359447048110382e-04
5.628534241595341964e-04
5.010905689451230442e-04
4.392894094677598170e-04
3.475367413412102226e-04
1.240821811304877200e-04
8.101587978900383379e-18
5.785569858266523904e-18
4.513336580649535524e-18
4.306177353708558198e-18
4.113283237010314729e-18
3.906940423027795288e-18
3.854977076864753435e-18
3.685415848102911719e-18
3.618252169573600056e-18
3.585682744470915958e-18
3.445441819316390196e-18
3.381874175266850325e-18
3.333355349445885912e-18
3.230033666609623720e-18
3.203589182114903261e-18
3.099641353652990263e-18
3.068740055816526474e-18
2.955171949111519077e-18
2.892148348670879318e-18
2.839399841367563911e-18
2.793232424022570808e-18
2.741108500738574574e-18
2.699207884486713808e-18
2.578796480345657539e-18
2.562338692853178248e-18
2.505010714986947894e-18
2.474436284320753509e-18
2.392639830913585664e-18
2.376855648820361020e-18
2.278491997842327437e-18
2.240760281883277386e-18
2.231589248822354682e-18
2.189014572575387701e-18
2.144047078457253413e-18
2.123002564570744266e-18
2.096823065252218114e-18
2.033153039227629920e-18
1.973289466842316332e-18
1.964880866189827051e-18
1.937629226260189755e-18
1.902528940555203702e-18
1.880396127521067132e-18
1.863623833655056878e-18
1.817600035434964971e-18
1.774804954551944702e-18
1.742208591759310906e-18
1.710601620116832887e-18
1.701344194820969560e-18
1.687554816265108481e-18
1.643341504131453025e-18
1.631066911144938499e-18
1.607019453866058711e-18
1.582386429782241472e-18
1.559149866287783343e-18
1.538398226161991935e-18
1.506904780508565385e-18
1.493542269021238487e-18
1.471158301951428967e-18
1.460949261967762278e-18
1.437076130936513180e-18
1.422351803426239301e-18
1.412923752863726641e-18
1.380211422197468433e-18
1.352978210652233835e-18
1.348191559651744377e-18
1.324558333200111227e-18
1.295188124873633064e-18
1.273339399936356818e-18
1.256614375338483182e-18
1.229157525135876312e-18
1.219332834460468576e-18
1.192343621082080606e-18
1.177683192876632419e-18
1.160783209853307287e-18
1.144070509622641935e-18
1.133385422952558034e-18
1.110797693526793283e-18
1.107322146490971977e-18
1.090551802634006633e-18
1.075161907812491392e-18
1.072558605233912461e-18
1.031308856224865241e-18
1.025201042373785663e-18
1.007954333889292655e-18
9.933026083779195819e-19
9.884354382672774020e-19
9.787503611074926074e-19
9.657595503551072407e-19
9.533063753596064927e-19
9.424844905566168334e-19
9.234459072911798864e-19
8.987929924426350423e-19
8.813998513559012322e-19
8.746366015975061918e-19
8.558564107244812206e-19
8.541184945048899458e-19
8.519589760200318657e-19
8.243388048389152468e-19
8.103758064672960055e-19
7.853923201916505268e-19
7.769437264371571355e-19
7.695565114211568671e-19
7.624987731974269545e-19
7.574651979577313845e-19
7.420454456360545967e-19
7.304926843357769222e-19
7.081452250979070212e-19
6.981190995079805234e-19
6.921162724734210671e-19
6.830024149638579733e-19
6.702710595148010543e-19
6.584485479173627450e-19
6.512786632642405395e-19
6.426932627034473741e-19
6.370319885478060223e-19
6.300187387345094035e-19
6.129424443142230767e-19
6.049497347162035411e-19
5.934916576078849389e-19
5.896842505199895431e-19
5.826409348128769934e-19
5.584944839034956848e-19
5.482658920821567851e-19
5.434514493746963938e-19
5.315188099836348100e-19
5.207425456637976378e-19
5.047828348024486534e-19
4.954532190118899265e-19
4.937923309145410420e-19
4.780296665170771573e-19
4.698297549922202592e-19
4.588818574930042654e-19
4.502598264225605655e-19
4.436854667020572062e-19
4.377875349089823999e-19
4.265923634098010904e-19
4.132676991631013784e-19
4.118218282588925809e-19
3.994650598081241871e-19
3.842119344819032480e-19
3.797731005968282704e-19
3.779195724220957902e-19
3.749422908612243398e-19
3.720694207497301754e-19
3.685961528071642073e-19
3.575525950290628575e-19
3.470662220101234908e-19
3.379332602592045799e-19
3.302855344004492243e-19
3.267065601876761579e-19
3.219733998812812062e-19
3.085371343567709329e-19
2.996077069668392736e-19
2.974569973349756670e-19
2.904152956450567269e-19
2.808874491087674983e-19
2.689913665482773395e-19
2.663373398822821471e-19
2.587143308739908680e-19
2.481082185160187099e-19
2.426738679987738214e-19
2.379814637893822900e-19
2.334784356071863066e-19
2.310154224641304339e-19
2.264383886864451200e-19
2.175580389014955662e-19
2.043834231040878544e-19
1.987781634132405226e-19
1.959262551215995932e-19
1.890617931876606177e-19
1.799208090741936842e-19
1.778017950006221866e-19
1.740090035076530051e-19
1.666699621305196760e-19
1.566815354905929256e-19
1.536850516064522005e-19
1.508931035690646464e-19
1.464241796524023113e-19
1.379690268422505327e-19
1.348301274665859778e-19
1.261289421395151155e-19
1.217150306275891312e-19
1.158946242886109947e-19
1.114735277657612701e-19
1.080635368335845489e-19
1.031597525635664578e-19
9.496721095904113930e-20
9.212640639712499081e-20
8.801605276874031164e-20
8.469328108145923555e-20
7.655205366730730492e-20
6.972242839317540499e-20
6.687796142761814351e-20
5.907800964209302595e-20
5.467345860588979132e-20
5.159665495910558108e-20
4.778055870648844185e-20
4.757636825746028422e-20
4.187996708825629953e-20
4.063425837997793720e-20
3.513417547087208616e-20
2.977873941977976679e-20
2.337996781509914569e-20
1.929637636268049252e-20
1.269134105040807914e-20
1.076656925045715344e-20
7.859392956446151074e-21
5.482744211519211978e-21
4.771697185131758483e-21
1.166082349906626594e-21
-3.198159603551544416e-21
-6.618989374918940206e-21
-8.222220942008222052e-21
-1.368048951365404144e-20
-1.503735181904361552e-20
-1.651121252605136654e-20
-1.745021843658301416e-20
-2.406166454533636690e-20
-2.950132728774865439e-20
-3.214632091159474147e-20
-3.491793009384189085e-20
-3.562403283344483816e-20
-4.396538133622456720e-20
-4.776001626917515918e-20
-5.305814653332071192e-20
-6.003890124670554311e-20
-6.240142081486230984e-20
-6.793263092263885678e-20
-7.004784048383956143e-20
-7.556225421371085949e-20
-8.083765750816711583e-20
-8.631920895870821224e-20
-8.721003143108601625e-20
-9.642417219745195685e-20
-1.030425887230746359e-19
-1.121022231820526784e-19
-1.148438563300627702e-19
-1.181992848828813548e-19
-1.262129262099040630e-19
-1.290154982661901516e-19
-1.365151275399506324e-19
-1.485247916671453414e-19
-1.514424366956540933e-19
-1.591085181647776886e-19
-1.610611420141201654e-19
-1.719061609043772793e-19
-1.799230055008419177e-19
-1.821828525628427825e-19
-1.891711980869391996e-19
-1.982268130656740945e-19
-2.033432605753652300e-19
-2.038259264613475636e-19
-2.134420482598872952e-19
-2.190234234579839814e-19
-2.255702851172869187e-19
-2.325104648540075305e-19
-2.379193708033372419e-19
-2.455630277887756718e-19
-2.483959764119348565e-19
-2.642467327237650491e-19
-2.728798928962975029e-19
-2.750449732343457623e-19
-2.869584965182741710e-19
-2.893344447138095326e-19
-3.002203907376486890e-19
-3.069128864227436105e-19
-3.104161972823303647e-19
-3.176353962691141001e-19
-3.258503320224608948e-19
-3.311783036967453072e-19
-3.441879685297523998e-19
-3.524717305847324649e-19
-3.580532227241592923e-19
-3.586133194334632241e-19
-3.693583396778086730e-19
-3.742820021880045489e-19
-3.824202232425014015e-19
-3.920675052204646532e-19
-4.012908569984996055e-19
-4.095160456128247251e-19
-4.189933770405529683e-19
-4.278024901757350386e-19
-4.330209166036418194e-19
-4.404261505860333701e-19
-4.416176364325506727e-19
-4.595761330347937296e-19
-4.685689710078540868e-19
-4.780096391666740173e-19
-4.898846378759660203e-19
-4.960544709727666275e-19
-5.070678062995466404e-19
-5.086008392380100543e-19
-5.177539967376554913e-19
-5.284895116452107538e-19
-5.492777879937875199e-19
-5.647868041210367200e-19
-5.705169487186825005e-19
-5.783818786007072887e-19
-5.865691052399947616e-19
-6.067890124245322900e-19
-6.173619473474256764e-19
-6.260407245267871824e-19
-6.360412626797822544e-19
-6.432729162685268161e-19
-6.581761035453387853e-19
-6.810261743170385167e-19
-6.869948644754877122e-19
-6.973088880945181969e-19
-7.122475449597505148e-19
-7.187398455220203384e-19
-7.304930789910788685e-19
-7.365053112361462194e-19
-7.465144399295699808e-19
-7.617793927454810662e-19
-7.687300714002805613e-19
-7.831792133768717233e-19
-7.879281220075123006e-19
-7.975829929389666224e-19
-8.166247559381147422e-19
-8.221914324340771939e-19
-8.300342649471097984e-19
-8.502385369997777850e-19
-8.605984670590066372e-19
-8.710823069965656258e-19
-8.870262726469528916e-19
-9.007524388977290846e-19
-9.073589326508003703e-19
-9.172716676669322995e-19
-9.433545182627287178e-19
-9.583348504373141226e-19
-9.724314318886173367e-19
-9.795484008496639103e-19
-1.008919172816556659e-18
-1.028687795433031527e-18
-1.041858960995483791e-18
-1.050800979675528137e-18
-1.066028407417362375e-18
-1.078513322895825514e-18
-1.092686471608164374e-18
-1.100813491816369397e-18
-1.115285561575207122e-18
-1.132130037106957065e-18
-1.146281629600880750e-18
-1.166660077735047128e-18
-1.180051362100935934e-18
-1.193978844581573638e-18
-1.200356392438148466e-18
-1.233906164009217343e-18
-1.240185235590102439e-18
-1.253664283169386480e-18
-1.288378854034018791e-18
-1.307176265542328708e-18
-1.315025487406720619e-18
-1.362002700812810947e-18
-1.370005076602005300e-18
-1.390831744082035834e-18
-1.404733843813537313e-18
-1.425394280905370522e-18
-1.453286684976663969e-18
-1.459344411742208267e-18
-1.472706171718914660e-18
-1.506385188651280420e-18
-1.530960850112796043e-18
-1.536167698791992504e-18
-1.570024798312477834e-18
-1.590861403335870163e-18
-1.622633576216784509e-18
-1.631775566049465530e-18
-1.686900243539044228e-18
-1.724379253192541237e-18
-1.768237473265761752e-18
-1.793928920164680471e-18
-1.800756425423920111e-18
-1.839520941778429298e-18
-1.877485510368546589e-18
-1.903305724035070476e-18
-1.909172026996639038e-18
-1.977472837485094519e-18
-1.997133534063657692e-18
-2.040661489064062264e-18
-2.067460319188551892e-18
-2.102328395710811396e-18
-2.134223308713248153e-18
-2.160256152443910079e-18
-2.169629349072787602e-18
-2.209228931204608974e-18
-2.259869458782492320e-18
-2.303908550963837448e-18
-2.338659704581074662e-18
-2.381817561824022382e-18
-2.432394000727433463e-18
-2.483399209854809016e-18
-2.500382435773607379e-18
-2.575509533484498306e-18
-2.635619848789517667e-18
-2.674857906944787803e-18
-2.749627429582907581e-18
-2.931642115085528263e-18
-2.964471197287194649e-18
-2.997398523513794530e-18
-3.017115950463111027e-18
-3.205142339735951076e-18
-3.215908243176121850e-18
-3.269326264541520555e-18
-3.357189800072340960e-18
-3.455090205040833260e-18
-3.536704777433108885e-18
-3.742760184050748750e-18
-3.790375660095041194e-18
-3.936457091133352528e-18
-4.087628826885543833e-18
-4.441608614035217206e-18
-4.592913412311391194e-18
-4.946434605994437560e-18
-5.298659841095776254e-18
-9.186680452346173132e-18
