-1.630191768094254907e-17
-4.448893513277073272e-18
-3.365613437725031350e-18
-2.031237978096778497e-18
-1.886743735628053977e-18
-1.725000344416434588e-18
-1.516932727838761307e-18
-1.330947043308097148e-18
-1.249279868695744670e-18
-1.205445911888881300e-18
-1.102492040646007262e-18
-1.055905723187520887e-18
-1.033259325439752691e-18
-9.972472098273235208e-19
-9.726738358263371387e-19
-9.074883236190682324e-19
-8.510592221069423713e-19
-7.990149158736639683e-19
-7.907684397710501033e-19
-7.535409689801161347e-19
-7.377412631215788413e-19
-7.134731368171736482e-19
-6.999421441346514019e-19
-6.714879460134191145e-19
-6.612193558876638135e-19
-6.469792454451382457e-19
-6.352161198041867369e-19
-6.038014034750519126e-19
-5.998976149993206304e-19
-5.843507806742225866e-19
-5.723229569091524910e-19
-5.602836771706369970e-19
-5.475186124546421146e-19
-5.406640488221332219e-19
-5.344478905868161943e-19
-5.169174247217819185e-19
-5.049361601479426989e-19
-4.933960725291854352e-19
-4.914152222063349064e-19
-4.765197474065998546e-19
-4.657570819624389520e-19
-4.565011854091776494e-19
-4.518497979693237994e-19
-4.460389383270740859e-19
-4.360777172237644408e-19
-4.316692847171051213e-19
-4.192057195523020689e-19
-4.088710846315054233e-19
-4.046563198550054609e-19
-3.887451291780594326e-19
-3.841911937003320862e-19
-3.837149640410059901e-19
-3.773928382674806867e-19
-3.732449368269470285e-19
-3.680439669362504635e-19
-3.655653276163674929e-19
-3.624735514126916143e-19
-3.537842378889791831e-19
-3.464232954417574636e-19
-3.408695224660757083e-19
-3.352529251374954750e-19
-3.247260790103796529e-19
-3.243670086670909893e-19
-3.189498821297149515e-19
-3.155952907823614886e-19
-3.093282373471851024e-19
-3.060706547408742568e-19
-2.968540336521270913e-19
-2.940525434513278508e-19
-2.908391643112768321e-19
-2.829654265919663490e-19
-2.810510972590164178e-19
-2.746857526421595482e-19
-2.742116170580632085e-19
-2.695247561414990968e-19
-2.645189883569680304e-19
-2.620103498007778730e-19
-2.563499722044736184e-19
-2.534601554335135447e-19
-2.506993844289672532e-19
-2.453630268458766681e-19
-2.429428352245738854e-19
-2.414859572764379275e-19
-2.347769516105788399e-19
-2.303613351520680991e-19
-2.273506659433356078e-19
-2.258617325725121619e-19
-2.225311168431673019e-19
-2.193284450858923883e-19
-2.155556552487484201e-19
-2.142163111996252359e-19
-2.096515989660644577e-19
-2.083819298531200162e-19
-2.057239858742000646e-19
-2.042215258404433731e-19
-2.018375417952695148e-19
-1.983847853402723022e-19
-1.947228413958777440e-19
-1.890667044136125937e-19
-1.855774788233820032e-19
-1.832336608521704203e-19
-1.799266183926583861e-19
-1.791636519770347372e-19
-1.760310049388917047e-19
-1.708196286223808957e-19
-1.688156474605361398e-19
-1.669112906411660872e-19
-1.654569782787672445e-19
-1.631621996630837373e-19
-1.604250956542837273e-19
-1.589372742230090592e-19
-1.549951588679262744e-19
-1.509361040837894060e-19
-1.500086313241928404e-19
-1.485308168228857294e-19
-1.439981881703345862e-19
-1.428787271746162908e-19
-1.403988351873601742e-19
-1.396118585699589724e-19
-1.350147324975180359e-19
-1.343751613553335092e-19
-1.324771247818311756e-19
-1.315447940272856284e-19
-1.283917864132499443e-19
-1.272330599399647941e-19
-1.233404927755025514e-19
-1.215699026190494745e-19
-1.204133396698514361e-19
-1.164521851090776519e-19
-1.152155401922219835e-19
-1.131804423020934722e-19
-1.120119257714667539e-19
-1.102980575952444515e-19
-1.091064193017554973e-19
-1.060283705590326458e-19
-1.020996088551189538e-19
-1.001790521041759912e-19
-9.846988498958195977e-20
-9.651256100638843296e-20
-9.300847036006457816e-20
-9.225444734686265461e-20
-9.149794931771866514e-20
-8.892351933940833243e-20
-8.768613484090682647e-20
-8.525000523068088837e-20
-8.385802030847391293e-20
-8.128807672620048474e-20
-7.968624696240488067e-20
-7.782476710492345069e-20
-7.481363561485378879e-20
-7.408395421881882980e-20
-7.236198172215876325e-20
-7.131884811265514166e-20
-6.877487927985969450e-20
-6.625712512103458278e-20
-6.509886798775110150e-20
-6.382301137565594630e-20
-6.140889494771689609e-20
-5.960530676788135553e-20
-5.746144037064513629e-20
-5.552747502944609850e-20
-5.465808821378759404e-20
-5.228850933035794740e-20
-5.172244148512295717e-20
-5.049503307572585321e-20
-4.914447822500133769e-20
-4.732203384877976219e-20
-4.508186888791699089e-20
-4.465071086216470810e-20
-4.184265373107015018e-20
-4.139432277516631976e-20
-3.942293886178524365e-20
-3.877134030684878525e-20
-3.720474523601365838e-20
-3.604227807702802697e-20
-3.482731595406619381e-20
-3.456966326074594794e-20
-3.239027118177675909e-20
-3.043695469443658169e-20
-2.799757214511530749e-20
-2.646282791403141816e-20
-2.538009711561534101e-20
-2.464658850678946577e-20
-2.336907220954156348e-20
-2.183486253799798266e-20
-2.178218778608392089e-20
-2.019463269935017600e-20
-1.956694428794981469e-20
-1.854338084610736327e-20
-1.728589137484462136e-20
-1.665816494142342069e-20
-1.494436830686673591e-20
-1.341765449560886957e-20
-1.229270741465099584e-20
-1.127013296176626475e-20
-1.035237634317186608e-20
-8.322929562390798486e-21
-7.509542693254845826e-21
-5.731309719158214110e-21
-5.448551752428469764e-21
-5.078789725256867863e-21
-3.922140576231605479e-21
-2.606775810235503496e-21
-2.096456680812581648e-21
-1.726528332178378478e-21
6.383847592489979358e-23
5.176571123669933996e-22
1.395192495517192868e-21
2.340713876971677477e-21
3.710377674679390625e-21
4.198624730241176424e-21
5.473446078745127764e-21
5.826844180788219491e-21
6.819918371178307765e-21
7.568094274935406154e-21
8.337593082479970524e-21
9.683871554304021039e-21
1.109641747481842029e-20
1.155527731330226416e-20
1.191820466382746173e-20
1.397424883121646131e-20
1.486208128907960631e-20
1.711399182749251995e-20
1.785828940762070331e-20
1.835609719259062998e-20
1.866267642213063459e-20
2.076296601222110614e-20
2.140543973999484308e-20
2.319130739992420240e-20
2.415342015363549813e-20
2.452836234537293134e-20
2.528543766125063190e-20
2.646942140305703010e-20
2.895870396995635169e-20
3.039402229164972218e-20
3.077238095196624695e-20
3.212352801376396904e-20
3.330304164449539298e-20
3.481010537795521810e-20
3.525817349903239434e-20
3.701293501368792327e-20
3.827662472623816631e-20
4.055809138947763908e-20
4.209483376572783724e-20
4.311614438426333467e-20
4.601966846775311842e-20
4.767705749540975083e-20
4.832574140298326662e-20
4.977558571460303369e-20
5.224343301468756996e-20
5.398757040469045120e-20
5.580910021728996716e-20
5.757872761787597375e-20
5.794317724502441920e-20
5.883714855596316280e-20
6.032951546582219381e-20
6.311163971021136989e-20
6.336338284809976714e-20
6.561804792996493625e-20
6.626643542383502613e-20
6.880136949018139887e-20
6.979538294375380807e-20
7.096562691003418492e-20
7.174642843015052922e-20
7.458885812734263795e-20
7.682763989987130384e-20
7.810327886596371655e-20
7.970608713893124636e-20
8.088406192654942987e-20
8.402176992572731596e-20
8.596231885541548458e-20
8.839820752270911641e-20
8.911539785259818403e-20
9.051364808645462278e-20
9.365545084743157704e-20
9.550143641973122201e-20
9.591494242650600753e-20
9.823905148178567000e-20
1.021727782503339561e-19
1.048633596478605467e-19
1.053053048264068819e-19
1.058382603538168646e-19
1.085820297114516320e-19
1.107020644209551669e-19
1.138062213849417898e-19
1.176278938542451982e-19
1.187109345220293282e-19
1.198346197532739632e-19
1.215512399659234851e-19
1.234000171745682740e-19
1.264173370560733048e-19
1.279906728193375383e-19
1.308662481541277835e-19
1.337129530970405455e-19
1.353210230300599809e-19
1.370946807811484297e-19
1.380695613833171861e-19
1.409797442316915218e-19
1.423748267812167788e-19
1.466078267949694497e-19
1.480706364972562943e-19
1.522112886194515031e-19
1.565568810117564602e-19
1.573398092532114615e-19
1.588599514226739940e-19
1.614004105578587666e-19
1.649541194690317106e-19
1.652397443417139930e-19
1.689933938912982725e-19
1.723025194762450256e-19
1.728713762335790715e-19
1.776534951983020849e-19
1.801987880577196352e-19
1.826055799474206875e-19
1.875300798812404366e-19
1.879270601683155519e-19
1.908537169172597333e-19
1.922580667039001084e-19
1.958805416732644227e-19
1.993760058480743511e-19
2.049295010087947462e-19
2.064590169909304208e-19
2.078540885509998927e-19
2.123512152498935960e-19
2.157988946377156781e-19
2.192046180392732880e-19
2.247062481413036227e-19
2.253729072314893908e-19
2.269658317486353363e-19
2.340474517054057383e-19
2.348161376165520546e-19
2.413619521855390148e-19
2.433234894459390760e-19
2.469188474595732520e-19
2.514072196721785496e-19
2.580606687571157790e-19
2.595117009843208626e-19
2.630157760687168122e-19
2.687704281117114335e-19
2.727982930543620770e-19
2.754306799513387073e-19
2.787382489909165809e-19
2.823547964908564467e-19
2.856841616251631827e-19
2.891620952764583578e-19
2.928568761675705795e-19
2.963357619320992504e-19
2.987373559038784370e-19
3.009765002241172806e-19
3.104449898923952649e-19
3.134534204879207911e-19
3.217698044798375564e-19
3.250386310495301441e-19
3.292324384625202791e-19
3.323664046915194721e-19
3.440394431936559838e-19
3.541384052928153567e-19
3.585999595425239232e-19
3.609592863887026143e-19
3.661239384889942385e-19
3.810992385992216892e-19
3.868525093158544595e-19
3.935992035003574850e-19
3.991372862176872287e-19
4.037279427886600127e-19
4.067433906277951485e-19
4.163431826367055558e-19
4.185995650005766460e-19
4.246484567249438693e-19
4.324989312730103099e-19
4.439175099520626544e-19
4.537833231232509475e-19
4.658644514848225036e-19
4.720719758927775975e-19
4.826569707547272554e-19
4.918204658070636120e-19
5.003993885487253051e-19
5.121141807214187381e-19
5.273170710148637194e-19
5.479231803223522558e-19
5.512217098764315105e-19
5.697782653220239554e-19
5.829573444523281735e-19
5.939325354713388906e-19
6.113449442888113724e-19
6.359551453901204540e-19
6.444346550707214094e-19
6.469320906512372495e-19
6.663178239990385423e-19
6.808491724868239519e-19
7.153700470031430230e-19
7.299167130756890702e-19
7.470284549804774554e-19
7.951599569159593274e-19
8.108365924507370854e-19
8.409931963003633032e-19
8.562939510947687300e-19
8.793444284849039162e-19
9.268358247285301101e-19
9.380032742101108375e-19
9.836821291818079673e-19
9.881056778372219533e-19
1.046523444509641777e-18
1.147224068041538174e-18
1.244070209829634105e-18
1.263796216105203257e-18
1.476966751209010395e-18
1.613168192336355065e-18
1.880502358803806934e-18
1.959473465473129821e-18
2.152713178684015358e-18
2.345940576923504200e-18
2.420235721753586430e-18
2.804422320986281609e-18
3.405287004871697655e-18
8.497872988954173302e-18
5.558427920444831703e-06
1.104110392605670981e-05
1.723162763430535240e-05
1.840182197393707141e-05
2.432651502607909003e-05
3.705879947092768825e-05
4.332367271884534932e-05
4.375280713912875106e-05
4.572800452771305006e-05
5.651567559999982340e-05
8.048596481429318215e-05
9.708309772642800253e-05
1.105744430808051074e-04
1.393400140921556151e-04
2.139059786451609957e-04
3.233428894914014418e-04
3.760381855752201012e-04
4.484326489204275030e-04
4.991797534661035138e-04
1.035648160903507222e-03
1.045154086516994268e-03
3.210980184464491856e-03
1.656192130831994277e-02
2.076924155227753699e-02
8.990767015379821925e-02
