1.612411668544446244e-02
1.490489898215047182e-02
1.149633442278655097e-02
5.097715152244853068e-03
3.660305124021150970e-03
3.439830274020233211e-03
3.254698173810741720e-03
1.927953713300047112e-03
1.871742620445322530e-03
1.783193349424769258e-03
1.623182962911555319e-03
1.527313132903511525e-03
1.426608602606994685e-03
1.393466208075232497e-03
1.358166776979448072e-03
1.289522237459917375e-03
1.200735498223682446e-03
1.141668227650296380e-03
1.088734598021809646e-03
1.028577033807330770e-03
8.966766452629228515e-04
8.882365305646301376e-04
8.631404160106394361e-04
8.332264877936941712e-04
8.293520237052535776e-04
7.359356086525338167e-04
7.150019522367931542e-04
6.784865469902585976e-04
6.541643661449938205e-04
6.300787297729106744e-04
6.171698209141326637e-04
5.979005697874054679e-04
5.734897863675277865e-04
5.561540557773926889e-04
5.443702307064121658e-04
5.174824221488872342e-04
4.975109534813540371e-04
4.687948439633961555e-04
4.575751003606238327e-04
4.533854118887456551e-04
4.420388786354106426e-04
4.236081031979081323e-04
4.179896144221451732e-04
3.993980325378701578e-04
3.904373325342402586e-04
3.818432772223503643e-04
3.663791537663019476e-04
3.452931469018755812e-04
3.421802037549316893e-04
3.289841547504679126e-04
3.226460141641760717e-04
3.179150342324677664e-04
3.160035091271011856e-04
3.035959704822878305e-04
2.988368465948458455e-04
2.797070976820712233e-04
2.766461324617240105e-04
2.684201668701785451e-04
2.604211327551846588e-04
2.571813093837920666e-04
2.496653302136346369e-04
2.443420255883204566e-04
2.362533766376694738e-04
2.240869933627415871e-04
2.239051106749434582e-04
2.186708460878226794e-04
2.034059613832053120e-04
2.013506684604046931e-04
1.964284130097164439e-04
1.885866510240441626e-04
1.876159986101649357e-04
1.858867316889829910e-04
1.833353412305914368e-04
1.775897325465519250e-04
1.716589136784155752e-04
1.683037353107850976e-04
1.646178446767279353e-04
1.613627040453685180e-04
1.572401388361668797e-04
1.493995448525179315e-04
1.462597836242997100e-04
1.419333566856515122e-04
1.380430559261809425e-04
1.365048840771102316e-04
1.358245973205539868e-04
1.329265311302239025e-04
1.292759455587710502e-04
1.278277295678109302e-04
1.207914583007484014e-04
1.189418534099285119e-04
1.163574808186734749e-04
1.132727434984290245e-04
1.110716791465903594e-04
1.103697853305882388e-04
1.062379542227140752e-04
1.044113542248852506e-04
9.991609651520394746e-05
9.888850598381842150e-05
9.690074313117134235e-05
9.078387569166372823e-05
9.007957368970067366e-05
8.788237774332688964e-05
8.564525766052503411e-05
8.420351251701083930e-05
8.146356585267288026e-05
8.081174408869309554e-05
7.801249591137579108e-05
7.654791657797646522e-05
7.505351539568382816e-05
7.143364261311520519e-05
6.948710299353684288e-05
6.802524368466721224e-05
6.776567052832960984e-05
6.637508861129500577e-05
6.481564307888969517e-05
6.321775917341079635e-05
6.286148151001295318e-05
5.907636170195390541e-05
5.818237986771708156e-05
5.696666834122110761e-05
5.556928280826691993e-05
5.508414876189377072e-05
5.238725440005612062e-05
5.178827495453928613e-05
5.064489092167290734e-05
4.898766384608927533e-05
4.795391064008238383e-05
4.655637685519294555e-05
4.505343113310128294e-05
4.429655464048980375e-05
4.309836155356691780e-05
4.208815654555309884e-05
4.090217033376152938e-05
3.976812684420863523e-05
3.854681868785524038e-05
3.831327251310087499e-05
3.666736595264152154e-05
3.577992266330746871e-05
3.451167134508765773e-05
3.358641129966471632e-05
3.321113164669920218e-05
3.235525311691756010e-05
3.177424788917932130e-05
3.022470053104648854e-05
2.979226839864427455e-05
2.929886118193373066e-05
2.814069080190207883e-05
2.779571394633751223e-05
2.633553626313961521e-05
2.583210950999549586e-05
2.520604727509717947e-05
2.464639302007266074e-05
2.365613378493374214e-05
2.317529970392875568e-05
2.260820224132708664e-05
2.209371465997672537e-05
2.102200218327983898e-05
2.044185096766499245e-05
2.015046205021380616e-05
1.941803448695943020e-05
1.905257828441288528e-05
1.857259826201040803e-05
1.802978018006197596e-05
1.770164846408723560e-05
1.755242423117462451e-05
1.741050386566604609e-05
1.690220791474573485e-05
1.640505179602039053e-05
1.597613920467546022e-05
1.567114919804387603e-05
1.467776556343760349e-05
1.440789053787263920e-05
1.420460384721119623e-05
1.397575082533523183e-05
1.342719518062516182e-05
1.307808950686980038e-05
1.261319430431001521e-05
1.230538005086902045e-05
1.196147794286337939e-05
1.116280625631442532e-05
1.079054847944072020e-05
1.068468020493137131e-05
1.047107513973603873e-05
1.024934796306510283e-05
9.892942598780175278e-06
9.498027693623986228e-06
9.440824740324392289e-06
9.092006361519591224e-06
8.793942745249579252e-06
8.602887701450654987e-06
8.395269865973275757e-06
8.082490598758974661e-06
7.872249064077188298e-06
7.735979442204045888e-06
7.420484823056583538e-06
6.927524039432909874e-06
6.547124220514262230e-06
6.412485614211862979e-06
6.309694912684470476e-06
5.919817783431500901e-06
5.564914295820251190e-06
5.538954482726427827e-06
5.386989633401605667e-06
5.147822295351522229e-06
4.961177296169334430e-06
4.561639620207419543e-06
4.446731727302234617e-06
4.399810113957726967e-06
4.109197452174777676e-06
3.980869895810548731e-06
3.851291785283838234e-06
3.661433136153311406e-06
3.460074774193811613e-06
3.334957373915245886e-06
3.287017107923353947e-06
3.145217087842003918e-06
3.018449024707270539e-06
2.956375193382951523e-06
2.729657334258492343e-06
2.631921315805082454e-06
2.465419275378724393e-06
2.360206091367573380e-06
2.249905488024681533e-06
2.114632642405337961e-06
2.047557148175009372e-06
1.912397822229735279e-06
1.827584599434146119e-06
1.599145276205717607e-06
1.561027078812461653e-06
1.445989519372503486e-06
1.408548198329089742e-06
1.337516436995016185e-06
1.153083892035496434e-06
1.114501683262064315e-06
1.018649636646688197e-06
8.941139110434407231e-07
8.759456747334360181e-07
7.410707248372238661e-07
6.098460693032775055e-07
4.887033111790821627e-07
4.569587985159176212e-07
4.279982056987702800e-07
3.906874492610243966e-07
3.191125993838629518e-07
2.193311716619650680e-07
1.319807273460416106e-07
1.080468210634864566e-07
3.426105970154616505e-08
4.303156308769923485e-21
-5.611940424130653435e-20
-1.312170466048841124e-08
-4.127935814294925417e-08
-1.171789946441972874e-07
-1.531087387082101770e-07
-2.955102378806968324e-07
-3.160796358107462757e-07
-3.585019745803115379e-07
-4.093487670533422408e-07
-5.059945924927265576e-07
-5.749400256123784801e-07
-6.129424524287593252e-07
-7.337643640466474565e-07
-8.721714266845721258e-07
-9.938160084240070771e-07
-1.136892917879810057e-06
-1.194612992398480379e-06
-1.377794892470364028e-06
-1.421485910106915032e-06
-1.461510375569913148e-06
-1.562586405843659215e-06
-1.700612716762825840e-06
-1.758216966918854865e-06
-2.038403766517391168e-06
-2.294351321795569265e-06
-2.364385935139538179e-06
-2.514116758922009136e-06
-2.702287948715284868e-06
-2.826759740110622766e-06
-2.976896292388509374e-06
-3.230899653052705108e-06
-3.478956134164510286e-06
-3.844277080414452856e-06
-4.049301731373679551e-06
-4.181827095626877288e-06
-4.312495995783899115e-06
-4.795694341560660639e-06
-4.990456093836391443e-06
-5.155635945477136706e-06
-5.290954056340311609e-06
-5.435994262768822017e-06
-5.928931124343572585e-06
-6.391937174973903355e-06
-6.500318259829210209e-06
-6.895085323951244759e-06
-7.106074400022604686e-06
-7.438812128067049210e-06
-7.518689946933958285e-06
-8.256792666183598365e-06
-8.563720050529669554e-06
-8.629695461430914554e-06
-9.044444108760244769e-06
-9.568625356953955010e-06
-9.906615670302774078e-06
-1.019134409188679024e-05
-1.039742837557703938e-05
-1.109697019127029053e-05
-1.139429892468718282e-05
-1.181611839805974491e-05
-1.248827297311046457e-05
-1.299653402791103462e-05
-1.323274691339521264e-05
-1.401169163632606001e-05
-1.430097090710151222e-05
-1.489963935629115029e-05
-1.550956895117390036e-05
-1.594630702929793377e-05
-1.660089743210463287e-05
-1.796575111898372705e-05
-1.820915264218514110e-05
-1.873078523401250549e-05
-1.918621583819229878e-05
-1.988474149861399633e-05
-2.024948961307271964e-05
-2.105307790871817973e-05
-2.156548975748110586e-05
-2.214367791130937823e-05
-2.299950364174159064e-05
-2.370772683637659294e-05
-2.587970536786895950e-05
-2.618463820683796534e-05
-2.705059196675285528e-05
-2.792209479415718839e-05
-2.794955389723212004e-05
-2.932170133500326559e-05
-2.968542091683788463e-05
-2.990318498106053733e-05
-3.255563575379411462e-05
-3.300227540376497216e-05
-3.405046232525672632e-05
-3.475229962706262427e-05
-3.597835649943267628e-05
-3.748984918146349576e-05
-3.778638702418804127e-05
-3.903820902066402571e-05
-3.980936415015436428e-05
-4.258743082445808293e-05
-4.325240873293844410e-05
-4.500691430514846696e-05
-4.878948330999142378e-05
-4.912286458665181927e-05
-4.972773484143409465e-05
-5.318594631112721004e-05
-5.507429146492125768e-05
-5.595902997125025110e-05
-5.775126332938225574e-05
-5.925570513360860832e-05
-6.074904777326231949e-05
-6.280219919839248089e-05
-6.378966856970809493e-05
-6.740916328104842241e-05
-7.016572109808082711e-05
-7.161598597238438314e-05
-7.226795167714552691e-05
-7.731831488824181806e-05
-7.921567674098945247e-05
-7.973636064184358820e-05
-8.417835955012686043e-05
-8.638077127987033000e-05
-9.049614290412966015e-05
-9.255925589190155999e-05
-9.587848207315551605e-05
-9.814352339169180191e-05
-1.032338762260342135e-04
-1.052922912310322854e-04
-1.082316581157171564e-04
-1.143684942226183966e-04
-1.168592925746041926e-04
-1.209228024200317657e-04
-1.217492626959001240e-04
-1.279207886107436374e-04
-1.337105452314798842e-04
-1.348280501979625984e-04
-1.392570966951455684e-04
-1.405112879162793971e-04
-1.483694349589797514e-04
-1.519273564867308114e-04
-1.532003276352314556e-04
-1.558499962489251034e-04
-1.614273692261959615e-04
-1.670808028888677555e-04
-1.726846078964478220e-04
-1.736058240087494874e-04
-1.819709967143729227e-04
-1.900099758376613173e-04
-1.916566197438723058e-04
-1.953741476408828127e-04
-2.028941437543099009e-04
-2.126180257629362480e-04
-2.163839612799155362e-04
-2.190758473993972063e-04
-2.269998688324298289e-04
-2.412666615609537139e-04
-2.508140166839172968e-04
-2.604035935823925283e-04
-2.728502932434577737e-04
-2.883226690934218169e-04
-2.914872546692753017e-04
-3.055531579849231241e-04
-3.083917459161868721e-04
-3.129974460066877167e-04
-3.315317829953683929e-04
-3.325937074914449916e-04
-3.586234756049888487e-04
-3.760541015691113180e-04
-4.074943781518686496e-04
-4.124678455972147196e-04
-4.263928316437027894e-04
-4.458813259921273579e-04
-4.507811098401260687e-04
-4.831972021607554638e-04
-5.002385783438572514e-04
-5.123677325122037891e-04
-5.195731143109979036e-04
-5.389010409104882634e-04
-5.843311388321799100e-04
-6.221711981373183233e-04
-6.312238169717676725e-04
-6.790238772352215910e-04
-7.009141134463278168e-04
-7.358939961701745037e-04
-7.802213578779077516e-04
-8.010383416587579363e-04
-8.686843449133703184e-04
-9.336592657759270773e-04
-1.035723627436715977e-03
-1.147951635796862126e-03
-1.230180712272418552e-03
-1.262071248675402345e-03
-1.475246304348505752e-03
-1.884224841879155246e-03
-2.195675891022231922e-03
