-9.564310422807856642e-16
-5.638743818339215769e-16
-4.841714636155906932e-16
-4.196491505745459163e-16
-3.340589906400935550e-16
-2.747449291001304928e-16
-2.720989107109831494e-16
-2.251435115464619696e-16
-2.004318329817797144e-16
-1.909042208410220994e-16
-1.738907747688650958e-16
-1.650230175979331532e-16
-1.557664284588632576e-16
-1.450286242258859747e-16
-1.421533612213179925e-16
-1.396871424375245875e-16
-1.344055849137070036e-16
-1.267274668300739552e-16
-1.200524347175249126e-16
-1.176025817211547750e-16
-1.145320346280241898e-16
-1.102757251454993861e-16
-1.086435611051780564e-16
-1.038178385114358636e-16
-1.022296113529771335e-16
-1.011844262321837033e-16
-9.499703984541768248e-17
-9.286432470692458267e-17
-9.228178097503653362e-17
-9.175852263428688556e-17
-8.939250486180859319e-17
-8.852098886208612871e-17
-8.562232650515098229e-17
-8.452679343983252652e-17
-8.337226278673671366e-17
-8.230933558988854971e-17
-7.899715027334555174e-17
-7.860242967407181651e-17
-7.653307771775516375e-17
-7.509887733246919788e-17
-7.309301594479175667e-17
-7.257199573376521987e-17
-7.114196873475158873e-17
-6.988359520287046625e-17
-6.877669689283240637e-17
-6.797484313439582769e-17
-6.663848349766103337e-17
-6.595908164607978444e-17
-6.544227396022601445e-17
-6.364326516163336041e-17
-6.255624219572506910e-17
-6.079032778678476190e-17
-6.034921240451931145e-17
-5.965384457538928560e-17
-5.809098168998651079e-17
-5.703412340576293896e-17
-5.660619528829664207e-17
-5.620821283134802591e-17
-5.452677326511091388e-17
-5.429189706182526928e-17
-5.320729844563630432e-17
-5.176333734053473740e-17
-5.145275280736611193e-17
-5.072069797440798047e-17
-5.022974162992796172e-17
-4.852653026639418522e-17
-4.793167107178167625e-17
-4.668406393179606773e-17
-4.649280767658196363e-17
-4.608454808958590373e-17
-4.445767795572711254e-17
-4.435071508945441968e-17
-4.343686864331050668e-17
-4.297595238961741068e-17
-4.212313035607976213e-17
-4.181518287782285905e-17
-4.127688374096485185e-17
-4.022822456613513796e-17
-3.998904888748656979e-17
-3.959992463616723707e-17
-3.874666649228822738e-17
-3.772020305127203674e-17
-3.760888603992575508e-17
-3.749079095030810528e-17
-3.714819442481659882e-17
-3.637468500578697334e-17
-3.598123187245212224e-17
-3.475680524032998043e-17
-3.451454964847356523e-17
-3.402449777660260090e-17
-3.331797556343902596e-17
-3.273851208109081101e-17
-3.199052508858739204e-17
-3.160543863458495235e-17
-3.126926026339373982e-17
-3.088371906782111759e-17
-3.051056182097704179e-17
-3.011942378519599890e-17
-2.959579461837896160e-17
-2.895741469412939921e-17
-2.888624364442050605e-17
-2.813783524220801404e-17
-2.785649732795095276e-17
-2.662969707920866921e-17
-2.648697397911452360e-17
-2.597971878156492273e-17
-2.577949971369484193e-17
-2.506485296413233392e-17
-2.483499559688077723e-17
-2.404266853180117704e-17
-2.337854652411998193e-17
-2.326055573746148320e-17
-2.306169861460613091e-17
-2.259790152473087931e-17
-2.234882003750514558e-17
-2.156018837540765424e-17
-2.137673829058415707e-17
-2.106824424785352380e-17
-2.061069058264964118e-17
-2.034887250497409768e-17
-1.990727795742201567e-17
-1.935926837807750021e-17
-1.882142653559725361e-17
-1.870047830112721562e-17
-1.855396062244842574e-17
-1.837519193124378169e-17
-1.753842571799782665e-17
-1.709703784727988520e-17
-1.687017150342566145e-17
-1.663514118481620199e-17
-1.603352617356826389e-17
-1.592005201066204145e-17
-1.546273605904251431e-17
-1.501171499244763252e-17
-1.485005766445206952e-17
-1.455631691424160855e-17
-1.435279993310779036e-17
-1.419781031240946100e-17
-1.320097057915424685e-17
-1.306185180501147086e-17
-1.292356219689019673e-17
-1.238784194633712445e-17
-1.232482210931212374e-17
-1.174584347578756530e-17
-1.122437719582514767e-17
-1.110684697453881967e-17
-1.082130610711002813e-17
-1.045347383361497960e-17
-1.032696200990443898e-17
-9.862598375739995469e-18
-9.571317126891574033e-18
-9.297092534930450629e-18
-9.081799380894643519e-18
-8.967102181402157805e-18
-8.427849465998542346e-18
-8.172726756966795894e-18
-8.049013864280699993e-18
-7.602064524847044841e-18
-7.121227092814113326e-18
-6.898734930107557028e-18
-6.831389548225726683e-18
-6.390639671848788069e-18
-6.240385111884721447e-18
-6.007991228641984610e-18
-5.749582345010538014e-18
-5.553141782327277396e-18
-5.340049687041521209e-18
-5.217690762498735164e-18
-4.762419223211810942e-18
-4.368360844379599979e-18
-4.241174043851437845e-18
-4.087450468859293900e-18
-3.808825312640207096e-18
-3.571737471696212505e-18
-3.403877401880988200e-18
-3.222905552851546352e-18
-2.995222817088291388e-18
-2.916679274827662664e-18
-2.467285261304098125e-18
-2.280192446032031954e-18
-2.149845100507634235e-18
-2.057333030999300667e-18
-1.884884072142317006e-18
-1.683590947867536207e-18
-1.500988532181956547e-18
-1.437090003351900717e-18
-1.252404186250001509e-18
-1.197960094620754221e-18
-1.037457237305652759e-18
-9.301406918923860304e-19
-8.305130335978782521e-19
-7.867835759544946469e-19
-5.964444013558687124e-19
-4.882902146201567203e-19
-4.175003510284131230e-19
-3.313217703605026551e-19
-1.035640857958144293e-19
-5.358100531778213296e-20
-3.494275437860892589e-20
-3.231592328249402456e-20
-2.314920634238720536e-20
-1.767994033082999745e-20
-1.053983703814214401e-20
-7.960788974106399537e-21
-3.655454286773324322e-21
-2.281626420290900288e-21
-1.298193019415003701e-21
-2.224117774449826631e-22
-9.525453825341074675e-27
2.146079955173155002e-23
1.085163477546748074e-21
1.561115424527751143e-21
2.252123142110599919e-21
4.521952164765983558e-21
6.451413503209104574e-21
1.004471834190396745e-20
1.510582027807512276e-20
1.760330141566164750e-20
2.817276096887675973e-20
4.753324377708628268e-20
1.482799642922709511e-19
2.034788301188984185e-19
3.040929016155520368e-19
4.573149494254977419e-19
5.559844336943369666e-19
6.521797386034493286e-19
7.267661883685791878e-19
8.307233308197682427e-19
1.024369291908647262e-18
1.189399944811677994e-18
1.477539040116351972e-18
1.833402601453511431e-18
2.036367415477826373e-18
2.086124113324698737e-18
2.257713517489271110e-18
2.474567424267195659e-18
2.825284646894277729e-18
3.089886848307272408e-18
3.165718404608584560e-18
3.387107241803798551e-18
3.462775671508413570e-18
3.720722549357910919e-18
3.906142806785766197e-18
4.390644033532138671e-18
4.519831626562703201e-18
4.798079385420784541e-18
4.912938175768757042e-18
5.139070534608409151e-18
5.376013957074545063e-18
5.844608265430354949e-18
5.941404134580170593e-18
6.308737305625590059e-18
6.578881806268827214e-18
6.969395590200732449e-18
7.227992348753307354e-18
7.325262963064135148e-18
7.357465061217947876e-18
7.506075649765024926e-18
7.814903313182518694e-18
8.032564976671455622e-18
8.641806848360047086e-18
9.019553645220457754e-18
9.202484648736476569e-18
9.301056747132471808e-18
9.749563022145154924e-18
9.801636350324678234e-18
9.940536558195238383e-18
1.060921739353582727e-17
1.073880043650836591e-17
1.085469903699661986e-17
1.156458868962099595e-17
1.167626742581699006e-17
1.189213936676610167e-17
1.203309528656064067e-17
1.235529202850996168e-17
1.293478824238834726e-17
1.328230759600108190e-17
1.360396124909967574e-17
1.383311193034082674e-17
1.405695045419277499e-17
1.454306509432961527e-17
1.479257782795968340e-17
1.515253931743095482e-17
1.552699859519170584e-17
1.568429052393931366e-17
1.623349335513990507e-17
1.666937010479678863e-17
1.704642851640823712e-17
1.729006794828023024e-17
1.747358451866686014e-17
1.763055688440272362e-17
1.828609450414423810e-17
1.858573100059574706e-17
1.923520777621008961e-17
1.981454734709807623e-17
2.010016611165179027e-17
2.037672371732357780e-17
2.069069728128564937e-17
2.135819318507274612e-17
2.171366049540833369e-17
2.217254739873732640e-17
2.266140820794251221e-17
2.278135441380174150e-17
2.318045946267681636e-17
2.356372492311873993e-17
2.406393019335299208e-17
2.498614719652247706e-17
2.512632137331690389e-17
2.532714296657941205e-17
2.582942219743705713e-17
2.631862458954036184e-17
2.658042936910128801e-17
2.735666130060320479e-17
2.744239273885835481e-17
2.788296766585114432e-17
2.860227362918301499e-17
2.907839739692850159e-17
2.934835007126520106e-17
3.005406353056085925e-17
3.021027413892953628e-17
3.070219685620173161e-17
3.149137347922865303e-17
3.198312573982816695e-17
3.249095159133625588e-17
3.315168523217805795e-17
3.413857453067490448e-17
3.491077727797108471e-17
3.534219337394728646e-17
3.556588491390277095e-17
3.609658228715326941e-17
3.627917259602604951e-17
3.739384231635896269e-17
3.818973991438270265e-17
3.872918547588789839e-17
3.945790929287420414e-17
3.957508979217395674e-17
4.063753099155797568e-17
4.091477518196033156e-17
4.134180367244106850e-17
4.208878995354339509e-17
4.252534521123312215e-17
4.352416446307211550e-17
4.421400360291271337e-17
4.555314931415517252e-17
4.615781997981045994e-17
4.654807312192277825e-17
4.772760704555425500e-17
4.853580570779721280e-17
4.907523673853886101e-17
4.955055095281688541e-17
5.023584637382042716e-17
5.197876976958082504e-17
5.232096860462380990e-17
5.284313335456789330e-17
5.300795103912155772e-17
5.339824759287438528e-17
5.454465766507271956e-17
5.501383313816100961e-17
5.614971766034028012e-17
5.700798367192663992e-17
5.730601513741376761e-17
5.883968656568601725e-17
5.988958532679741230e-17
6.113652138342093599e-17
6.144465937728841669e-17
6.204128127437934880e-17
6.364744835166701521e-17
6.496733720327372721e-17
6.625393323410956909e-17
6.725534076221380823e-17
6.900858375743350512e-17
7.002069536630879389e-17
7.029331941660569336e-17
7.147225505098064779e-17
7.402730596908336159e-17
7.614326986036206090e-17
7.640674117688234454e-17
7.855302401556093934e-17
7.865912325620416206e-17
7.962564750186843569e-17
8.067057517874425268e-17
8.424816471077043374e-17
8.696492104457931467e-17
8.846055538359040467e-17
9.139343257359421710e-17
9.156940805126288845e-17
9.450735099472908789e-17
9.665283075736946544e-17
9.820169597963149661e-17
9.934752456309518485e-17
1.029817737107094515e-16
1.049715187360968989e-16
1.083676215661107846e-16
1.109709922345446450e-16
1.159454140393918512e-16
1.181296924513244125e-16
1.266051551069906013e-16
1.304210448709777229e-16
1.342608605519963755e-16
1.344268641518344741e-16
1.415944027892851255e-16
1.440271552483663626e-16
1.495936227725329239e-16
1.583073865196005409e-16
1.619956614387331589e-16
1.628224025693177377e-16
1.788752723930160378e-16
1.901537823608571664e-16
1.972032066068237712e-16
2.199088414798471424e-16
2.444446681108134033e-16
3.205249193039525556e-16
4.927406184658952779e-16
4.955945753753552017e-16
5.990693823866363518e-16
1.164248775657753957e-15
4.942830440055034349e-04
1.123480394795378081e-03
2.488654972006970872e-03
4.202104098127952721e-03
4.974176544829665182e-03
5.407837288114245543e-03
6.584535818171161764e-03
7.049799264515276692e-03
9.202565349712713005e-03
1.083370170480548421e-02
1.406644217831352905e-02
1.535057547395123068e-02
1.894082019511486928e-02
2.708568022215710955e-02
4.847522997564753661e-02
5.316795548056685999e-02
6.373527140998275220e-02
8.667994260337286150e-02
1.077817366549510825e-01
1.378980055534784477e-01
1.823180537709317706e-01
4.733741711812826658e-01
2.308580022429123524e+00
4.604524409905023319e+00
1.286292429510777424e+01
