3.079345633694805656e-04
2.793562141024515067e-04
2.723504675757394992e-04
2.616470803674581826e-04
2.515339881436350240e-04
2.421757471806650140e-04
2.370945191990273351e-04
2.299834744621410271e-04
2.224862171899320926e-04
2.130164484580162546e-04
2.109371159217170123e-04
2.092847278290652568e-04
2.048302663260738270e-04
2.021767923386259542e-04
1.931832469897688440e-04
1.838272308298948715e-04
1.758800547254576487e-04
1.753928821943127631e-04
1.706026901863615173e-04
1.690475184632771080e-04
1.629744020986726111e-04
1.596617663650580173e-04
1.537995980825393677e-04
1.494716287215881712e-04
1.452269404765883798e-04
1.419996443272187432e-04
1.408041641024882331e-04
1.352265394653378076e-04
1.340661306758816418e-04
1.304096919879189833e-04
1.279867643472043352e-04
1.256725255614953777e-04
1.236432405663594983e-04
1.187399995311394860e-04
1.164816847820948371e-04
1.160997152660367350e-04
1.134869428668719166e-04
1.119494426263729811e-04
1.089762377549089356e-04
1.086803685401759799e-04
1.073417802320747911e-04
1.023009054606589449e-04
1.017478878196818263e-04
1.006119190451077469e-04
9.950329372963975837e-05
9.815875839113413087e-05
9.616437712199447669e-05
9.456961396650268785e-05
9.346116929289748196e-05
9.304861182146212601e-05
9.015209468624393950e-05
8.859879831366592677e-05
8.758412338029066468e-05
8.707308572213483277e-05
8.427791022641609685e-05
8.385612679432717198e-05
8.248677927137809446e-05
8.128653415566789266e-05
7.946711563889277902e-05
7.852536733339532079e-05
7.710759048778429835e-05
7.540469585377508512e-05
7.520596889266880942e-05
7.358202383312918346e-05
7.207800563767646600e-05
7.049174434204195504e-05
7.005620607646847933e-05
6.877251575272702328e-05
6.818687336438779593e-05
6.718136957080724501e-05
6.532811743741018772e-05
6.354165297442066200e-05
6.340195667759125685e-05
6.177582656451835203e-05
6.066805051096433736e-05
6.025229210532565748e-05
5.967440919487158169e-05
5.910416831162785449e-05
5.828858459529228790e-05
5.773061200271074124e-05
5.549469119908936610e-05
5.519719505749082341e-05
5.439433829320271041e-05
5.313368770122227011e-05
5.226950355830071987e-05
5.178434373734345706e-05
5.093158726040819399e-05
5.069989527141584323e-05
5.003269984632226306e-05
4.961654376459992378e-05
4.911973304341787238e-05
4.780542578839739958e-05
4.694325648651892106e-05
4.595122487247695682e-05
4.557969797918085973e-05
4.480206502771707979e-05
4.454963583860965207e-05
4.393930267016205282e-05
4.352238524477541258e-05
4.282124768827802529e-05
4.111819834640047651e-05
4.041902926386143545e-05
4.008936750946409276e-05
3.944602728597009536e-05
3.876468811158247470e-05
3.831029431934431808e-05
3.806659040934502801e-05
3.741556566660969715e-05
3.732949136735448702e-05
3.720111677590673253e-05
3.652389216558759151e-05
3.629655541109382504e-05
3.570247674390289813e-05
3.507267532462437967e-05
3.498515298177919288e-05
3.464679949354984107e-05
3.408224006892651985e-05
3.347987872207212564e-05
3.295016003118599702e-05
3.209580690432418395e-05
3.172180416071273412e-05
3.091902054815080016e-05
3.071513589700678235e-05
3.065714941182537488e-05
3.021212309037346665e-05
2.992245319158539331e-05
2.959241205886941760e-05
2.889367572821703955e-05
2.828690971774837706e-05
2.757296017582194824e-05
2.743188399744002617e-05
2.719938571357558615e-05
2.700633492013321428e-05
2.676367771306508434e-05
2.578788792399649738e-05
2.568078954024678856e-05
2.518585480469407624e-05
2.499671727365027077e-05
2.437970303002786473e-05
2.415545176246661641e-05
2.389399499064262874e-05
2.361105134262269021e-05
2.327159668052136224e-05
2.321342791187682022e-05
2.316765560843783898e-05
2.284351362560982189e-05
2.271235372360523168e-05
2.240858892750500890e-05
2.192259435852635224e-05
2.145240827238762530e-05
2.093726519956156328e-05
2.075784084543219301e-05
2.042205284632742730e-05
2.008062653036064371e-05
1.951392125908781253e-05
1.929879673667165034e-05
1.911568741187478002e-05
1.894592022740572280e-05
1.889021222142033181e-05
1.840853405947897681e-05
1.812043844566328925e-05
1.798881192807192972e-05
1.760538560841247489e-05
1.752200208402800762e-05
1.725269642854748754e-05
1.704715233615658243e-05
1.652769347630765826e-05
1.624451374654393212e-05
1.605505843483057385e-05
1.546122422950054056e-05
1.524795825369337824e-05
1.516124330329192128e-05
1.497627949902326581e-05
1.490456147919168283e-05
1.470690617857869029e-05
1.443235992216498187e-05
1.426884274925065869e-05
1.405816551467065907e-05
1.395864928851900136e-05
1.380650104491941429e-05
1.358535603012053738e-05
1.345894989522577944e-05
1.331643254422890175e-05
1.313248058357089303e-05
1.307355209166323911e-05
1.260761685068377257e-05
1.253695569112052166e-05
1.230992938233382473e-05
1.207961284128532202e-05
1.173161516329407681e-05
1.165583891425105272e-05
1.159577553019639218e-05
1.110974988824318934e-05
1.108559653206311234e-05
1.077516935942833450e-05
1.067489995713167277e-05
1.048607322030320912e-05
1.048058703125091503e-05
1.014405856076781548e-05
9.900307178425181201e-06
9.854343130761904654e-06
9.756771649826618059e-06
9.574100176373036015e-06
9.517241247407068290e-06
9.418223621510542245e-06
9.364753426698786866e-06
9.123953209647455261e-06
9.078623065458124456e-06
8.912234383302560046e-06
8.812599792633668953e-06
8.686836791865276068e-06
8.552731149616056057e-06
8.425874463904368912e-06
8.296348907976710453e-06
8.092920554445141087e-06
8.068569785549750754e-06
8.020578356932606744e-06
7.903270011916676792e-06
7.687517412342249315e-06
7.545707813774530199e-06
7.454327773245767233e-06
7.431693290950460270e-06
7.303940137650552513e-06
7.028472890525902685e-06
6.988065150767991282e-06
6.903453172903275953e-06
6.720081757902582255e-06
6.529607949497110144e-06
6.480138552337541033e-06
6.389492027088911741e-06
6.310785676984529182e-06
6.290843556399604738e-06
6.246170819270664865e-06
6.183997378538199670e-06
5.993936958508356915e-06
5.828716184293650267e-06
5.823386839206289180e-06
5.652538056758124630e-06
5.539197590440251504e-06
5.467671720450632628e-06
5.439124083209344567e-06
5.342632560666760459e-06
5.235683615118155246e-06
5.168019846245759517e-06
5.155467391132040577e-06
5.095731210833866354e-06
5.003176037381721342e-06
4.886571438061398755e-06
4.826609307029340024e-06
4.729311023224509094e-06
4.700978067317235572e-06
4.486174911620020147e-06
4.474985863588772177e-06
4.449145142705462355e-06
4.369918257245539526e-06
4.305731216847728223e-06
4.255010752446002615e-06
4.247460240362943634e-06
4.080985969161213034e-06
4.031832504702041496e-06
4.019870133246906943e-06
3.939550950548886344e-06
3.876443626499920036e-06
3.817782480147455811e-06
3.812297134425011372e-06
3.691352920181362282e-06
3.630115356380347008e-06
3.597334429474663405e-06
3.510833420668801562e-06
3.458601715723085969e-06
3.445605535940616910e-06
3.395085381720374545e-06
3.354698820513890440e-06
3.337665515805293902e-06
3.282830523625683346e-06
3.184517924219224379e-06
3.169181580287356107e-06
3.094370965649713228e-06
2.985772430337182648e-06
2.935485461341038105e-06
2.898794566309048943e-06
2.858058766484064858e-06
2.817938656498147476e-06
2.793470876217011364e-06
2.719895484049301685e-06
2.689717157739783049e-06
2.636661654428733050e-06
2.528789129932321639e-06
2.491611721204309063e-06
2.473843737432536612e-06
2.458044266663079278e-06
2.407961948644121648e-06
2.369706322005632141e-06
2.356742275960382009e-06
2.310057105533917326e-06
2.248301858903176301e-06
2.233180579842002021e-06
2.209666247755920000e-06
2.190788046462556961e-06
2.119960553403115242e-06
2.097800228769521847e-06
2.042857305657361923e-06
2.015627897934785665e-06
2.002246206978329169e-06
1.934897865442170766e-06
1.914272574601491087e-06
1.884814947639895540e-06
1.802677099945178183e-06
1.788876426136029647e-06
1.768898631784393300e-06
1.754526925214238181e-06
1.711549484840787328e-06
1.633813770076959198e-06
1.616054997376108453e-06
1.594237098866111115e-06
1.560355376514817770e-06
1.553799963564966134e-06
1.533710769835831596e-06
1.518380171894608571e-06
1.482214523998934785e-06
1.434363063023307522e-06
1.383186808957229553e-06
1.370427519331919836e-06
1.329008375950022514e-06
1.316573897276464875e-06
1.303482955485065059e-06
1.266650996631720762e-06
1.223757911349374555e-06
1.184496001819215166e-06
1.161198042179406965e-06
1.109177433508746930e-06
1.103208155367756210e-06
1.076618057134912610e-06
1.058523702709067917e-06
1.044960916791044330e-06
1.026444443523200600e-06
1.009829739857865906e-06
1.004764270101520376e-06
9.876982226945996200e-07
9.625054631948039332e-07
9.265762177977097600e-07
8.916321534901810624e-07
8.829815847996273304e-07
8.459955251437012552e-07
8.173210002718841727e-07
7.820302258847230987e-07
7.673702139701364809e-07
7.567399057780112083e-07
7.380346882712310776e-07
7.252902179890247310e-07
7.105347577487746849e-07
7.047499385980919702e-07
6.818671697319780315e-07
6.556515001628640670e-07
6.225008163183758267e-07
6.108528755875790202e-07
5.905840922929546091e-07
5.740487882376570957e-07
5.467351538006922289e-07
5.384407712618041067e-07
5.250703641343369104e-07
4.945761225160919737e-07
4.873697547047040526e-07
4.484294233514899508e-07
4.382696342922740278e-07
4.325836792991917085e-07
4.228764102601667911e-07
4.185341389895894444e-07
4.126388516724202638e-07
3.908806355813669305e-07
3.797826046672554978e-07
3.595741022333516349e-07
3.371346932945063999e-07
3.309394197117545139e-07
3.123187196440572166e-07
2.830693369764316093e-07
2.529707814190727755e-07
2.280316488905224844e-07
2.158172372581016516e-07
2.096781043033873361e-07
1.926791742691436307e-07
1.804115503738813983e-07
1.684146687198966665e-07
1.330144104778601826e-07
8.916567655023570789e-08
8.293300354297780820e-08
7.601363178361870707e-08
5.428355511875779643e-08
4.985976748523389445e-08
4.670473287641321240e-08
2.828095021280956107e-08
1.926538748793197773e-08
1.675177525390560808e-08
1.211759732764094532e-08
6.438160110479624031e-09
6.056551793924567153e-09
3.472870295328518909e-09
3.535809672060282529e-21
-1.942821371288876719e-21
-5.980632609937581881e-10
-1.480509214768922760e-09
-1.035085356867373300e-08
-1.238061871891887068e-08
-2.113831176332958845e-08
-2.267432807045065554e-08
-2.986646791076134133e-08
-3.271233131198064916e-08
-3.490846780579597270e-08
-4.722074429421215042e-08
-5.097391095321103666e-08
-5.338261760412859029e-08
-5.912009857300867739e-08
-6.246925351483376522e-08
-6.430072639161100554e-08
-8.610163326585128728e-08
-9.219531412771607798e-08
-9.751439918884076816e-08
-1.076311397321717268e-07
-1.340711774159551330e-07
-1.566769917072499466e-07
-1.770937199188957756e-07
-1.989394588128625786e-07
-2.589134679601609310e-07
-3.211637347660208544e-07
-3.557666453994772233e-07
-4.456229337304589141e-07
-5.206530902127391332e-07
-5.239248238797939792e-07
-6.137714038878952759e-07
-8.555643348183558176e-07
-1.284728344455901156e-06
-1.346996226592657782e-06
-1.555266863937245906e-06
-6.779008248933703982e-06
-6.989401289967600744e-06
-7.836511043706619227e-06
-8.261136597924124877e-06
-8.694938204071844123e-06
-9.824471726242724756e-06
-1.397155431333970591e-05
-1.420709434605919863e-05
