-2.111022747671446875e-02
-2.048452007088736801e-02
-1.440571778091221701e-02
-8.691978218818820212e-03
-7.604811002267419275e-03
-6.801182737474006576e-03
-6.100390528339945384e-03
-5.538144387749009169e-03
-4.738155169549689363e-03
-4.435768889212869659e-03
-3.986104945453558188e-03
-3.174073266516587791e-03
-3.106039111836549245e-03
-3.031512535375867866e-03
-2.964061531848510150e-03
-2.608231176299248121e-03
-2.433173744826737026e-03
-2.317176807181441263e-03
-2.132636722491830939e-03
-2.055456123537997750e-03
-1.810987151469044352e-03
-1.751512623717041330e-03
-1.672007095762732256e-03
-1.528401776259753070e-03
-1.477354631436057254e-03
-1.366234707915690285e-03
-1.315384880472039632e-03
-1.206407550111606927e-03
-1.169160675583552243e-03
-1.141290304346775529e-03
-1.081303225327315222e-03
-1.050522677380294565e-03
-9.876439434573958294e-04
-9.493900005564102126e-04
-9.173211149672384421e-04
-8.807486860326846443e-04
-8.583348038894997659e-04
-8.339965836290684021e-04
-7.890143641896043549e-04
-7.779440963855052942e-04
-7.367561787569512763e-04
-6.893677638999527084e-04
-6.860459858089966445e-04
-6.484118823137652310e-04
-5.877246170852784644e-04
-5.853549825227122305e-04
-5.551932038601713063e-04
-5.326448349395773068e-04
-5.102694426535722607e-04
-4.945678441213844550e-04
-4.835797574097984398e-04
-4.445313070028802200e-04
-4.212237116221703454e-04
-4.048708719915562098e-04
-3.908148086818849271e-04
-3.834804754607104159e-04
-3.694803478374907371e-04
-3.515912181689843994e-04
-3.436969188256823113e-04
-3.379204252322893934e-04
-3.130086914138161566e-04
-3.059984474994121260e-04
-2.956361044975508575e-04
-2.819576081007307377e-04
-2.751786127224886865e-04
-2.685363011391630767e-04
-2.619713519422916647e-04
-2.453185924362388044e-04
-2.255593257184404325e-04
-2.227738062233208273e-04
-2.171486951996368868e-04
-2.094535306908179117e-04
-1.940851704706673768e-04
-1.813542083588875694e-04
-1.791292895713718575e-04
-1.745435185731030099e-04
-1.725065143942722723e-04
-1.664616269904323014e-04
-1.610495322198084221e-04
-1.562208151593977106e-04
-1.438543447629839038e-04
-1.377183018820972806e-04
-1.304764237847446306e-04
-1.273084998993281446e-04
-1.186856583770236546e-04
-1.147281797391994524e-04
-1.143112166174839705e-04
-1.097323747880732018e-04
-1.050809573002164232e-04
-1.045824048360015774e-04
-9.740659651817764947e-05
-9.129894998773468279e-05
-8.930656490566250578e-05
-8.465395236107803789e-05
-8.134228276562223176e-05
-7.812743844231792578e-05
-7.402660718349006344e-05
-7.109800629457780382e-05
-6.821365364962679459e-05
-6.653340601161801104e-05
-6.433751106841576796e-05
-6.404107864931995900e-05
-6.128563886308911962e-05
-5.755725985027196042e-05
-5.629915311403385972e-05
-5.406252037554056227e-05
-5.272154196118964309e-05
-5.144321081224004883e-05
-4.786828860117503179e-05
-4.502520510629839717e-05
-4.450599367905026555e-05
-4.373068473585618748e-05
-4.285638208301314816e-05
-4.188070822268869783e-05
-3.798654452446373927e-05
-3.655992567231059295e-05
-3.541739971755213128e-05
-3.418037758625827512e-05
-3.211293700263697282e-05
-3.122271320774573736e-05
-2.914558669311442907e-05
-2.860956272152024619e-05
-2.794245798224415044e-05
-2.551824067363363607e-05
-2.441459362714629684e-05
-2.382222950317562247e-05
-2.285715779788564706e-05
-2.217676069311086013e-05
-2.074630291675265981e-05
-1.966868346434668422e-05
-1.796506988820861510e-05
-1.757004758763500393e-05
-1.742879853138822629e-05
-1.630818646596212727e-05
-1.577920556883674608e-05
-1.513917732569843843e-05
-1.437287004596068416e-05
-1.398975328224034392e-05
-1.352868457982650153e-05
-1.283804287571408556e-05
-1.243545989136153661e-05
-1.129481249476465693e-05
-1.093189754042053181e-05
-1.069425748411617965e-05
-1.041003397063377255e-05
-9.462064396336509697e-06
-8.669947737232093426e-06
-8.039295136979693958e-06
-7.605852298793623140e-06
-7.212251515766258988e-06
-6.843762141206930371e-06
-6.562706349229216352e-06
-6.148542154488309310e-06
-5.774387425139622955e-06
-5.499378025771935466e-06
-5.273906746474531716e-06
-4.848622134240385066e-06
-4.759084878728103893e-06
-4.427559574188972911e-06
-3.967941854860627981e-06
-3.565842760376993949e-06
-3.475617670887072785e-06
-2.865506817416914258e-06
-2.731888884395109491e-06
-2.633433782325302578e-06
-2.288641610969322431e-06
-1.997335193270563496e-06
-1.863099868217856607e-06
-1.767569631475147873e-06
-1.634941793172946228e-06
-1.373952126023166431e-06
-1.220565887651691519e-06
-1.032546965480217779e-06
-9.439112794711952374e-07
-6.975493844576757091e-07
-5.996052479988599212e-07
-4.704907810415697835e-07
-4.383035841684530735e-07
-2.819187915592505199e-07
-2.234286841747017103e-07
-5.951048204786911705e-08
6.479175776387318759e-18
1.261046529774773189e-17
1.217516776049291630e-08
9.817986761907917941e-08
1.442968899130049084e-07
3.189622655508819619e-07
5.218460942690641945e-07
6.695187512886265277e-07
7.925198925541115741e-07
9.187947705917047938e-07
1.030765834577021383e-06
1.160121993921533484e-06
1.299028436866630534e-06
1.548111878483551145e-06
1.860749542403812756e-06
2.037200127073618057e-06
2.169541204371929742e-06
2.536387269921470900e-06
2.708387448247018923e-06
2.823685815153918659e-06
3.269983957336956658e-06
3.349888600778875639e-06
3.381235183195192136e-06
3.738069235963888069e-06
3.991955366342507240e-06
4.150367025789308739e-06
4.434131690995456841e-06
4.687599478214266969e-06
4.929043691859695176e-06
5.040088880765155073e-06
5.212015818610503891e-06
5.525457084631876881e-06
5.641382936098591073e-06
6.134385699136015687e-06
6.394028685874188694e-06
6.787003139351402673e-06
6.901883544767941627e-06
7.344355409000209923e-06
7.894842305374555252e-06
8.089898425866778070e-06
8.549567465289656775e-06
8.969830555371545132e-06
9.204816601566838603e-06
9.636749298861063510e-06
9.750363520157057356e-06
1.026627878681751574e-05
1.083479210022509873e-05
1.138642721462114089e-05
1.155858778489671515e-05
1.159706492160069588e-05
1.198110353288198581e-05
1.299238087799626521e-05
1.378702689698041315e-05
1.418707086388707638e-05
1.510903525334875350e-05
1.539089226287468305e-05
1.617185795557891416e-05
1.653260070723221073e-05
1.699146852075124540e-05
1.764388795276613207e-05
1.834418372935193563e-05
1.997046510847449739e-05
2.025780335824166437e-05
2.090238741163382390e-05
2.137383672373285856e-05
2.204517789075024960e-05
2.291210341503637136e-05
2.316551136441527198e-05
2.440285330701846690e-05
2.481520994695322663e-05
2.555999463324143444e-05
2.618747594656762069e-05
2.701416056859359704e-05
2.830134445599015821e-05
2.929055134572815228e-05
3.099291358642874110e-05
3.155395905911109983e-05
3.195501975754393685e-05
3.282439519501061668e-05
3.370006403887972806e-05
3.485479251363731167e-05
3.670783847615746227e-05
3.744845365311295031e-05
3.852452554014380512e-05
3.972892762622851943e-05
4.007521858206502364e-05
4.091076285643274030e-05
4.132078123993093266e-05
4.374120725374982713e-05
4.420257096382064439e-05
4.576121422581214972e-05
4.621203850351885203e-05
4.848216105302143822e-05
4.929198765261630681e-05
5.175173919463593459e-05
5.245770806303536466e-05
5.434058318893875546e-05
5.546184255087600846e-05
5.870778295072635270e-05
5.895309617047151193e-05
6.048137329596926256e-05
6.133550310855699346e-05
6.364456872265619757e-05
6.556111502665143008e-05
6.617719790974469071e-05
6.881136024207377684e-05
7.298700592110535983e-05
7.425107615192915453e-05
7.536067046020662350e-05
7.930290723890485853e-05
8.180315931900264111e-05
8.207610817400735426e-05
8.402725325836747064e-05
8.514112991621480679e-05
8.816063622049627208e-05
9.222244443015760516e-05
9.574808395524366867e-05
9.767867960745315399e-05
9.941118871925658555e-05
9.994326006184890210e-05
1.049918491757931169e-04
1.075136170611379029e-04
1.082787632085040137e-04
1.104752827870848070e-04
1.158363659974286601e-04
1.202060157710279237e-04
1.230595043794650216e-04
1.290975069516452686e-04
1.325434648636190016e-04
1.374451312787822340e-04
1.399578700735300578e-04
1.478705958101899547e-04
1.508805757122057376e-04
1.522104064077272223e-04
1.554775159921945851e-04
1.606398128360345557e-04
1.672752300970014976e-04
1.716495486769051347e-04
1.756766719820452747e-04
1.814116222753121453e-04
1.885576416860209464e-04
1.907175804565415804e-04
1.922762674417378232e-04
1.983865244553126956e-04
2.085802179657449118e-04
2.094513252512288201e-04
2.138188413611922557e-04
2.257877657611549510e-04
2.279454792151448209e-04
2.365889956594775323e-04
2.478513672860125803e-04
2.620782041532111620e-04
2.731570853310947298e-04
2.760481251139448497e-04
2.849621738085389997e-04
2.943111065908599533e-04
3.007380365444535996e-04
3.108946767664228861e-04
3.195839481080408272e-04
3.266924031831114719e-04
3.338503088802308107e-04
3.511105736499129087e-04
3.551885392858492550e-04
3.678658793069261969e-04
3.860780396417555211e-04
3.934798888958072937e-04
4.003565644059962642e-04
4.013046038860811743e-04
4.221231543203652400e-04
4.361714793609067719e-04
4.587658422308957327e-04
4.833383357146318611e-04
4.917796709183526894e-04
4.954836960028492256e-04
5.010887954212146908e-04
5.263622310674614425e-04
5.587556310541832733e-04
5.602601362028879770e-04
5.846775808853277127e-04
6.216581717883508818e-04
6.252934757906620416e-04
6.383667024657261246e-04
6.791684832385188209e-04
6.893469209129353967e-04
7.079895922545733061e-04
7.245871453456436762e-04
7.385198584728826059e-04
7.935670333185234097e-04
8.145464513924645074e-04
8.439705966726779394e-04
8.643279171714426555e-04
9.078570203278010526e-04
9.386963373034285006e-04
9.685014995210457049e-04
1.004100569030465934e-03
1.044942224158818336e-03
1.105950690910492739e-03
1.121643473820900776e-03
1.145025529187067683e-03
1.196272704706565415e-03
1.259985014352933480e-03
1.291511523119174025e-03
1.346375267321937071e-03
1.441334893025937114e-03
1.499784113064579283e-03
1.524398041883518514e-03
1.576949641676212831e-03
1.650868747803832309e-03
1.699581727250073018e-03
1.729515684311377357e-03
1.864515748365232813e-03
1.927321690796759924e-03
1.980542373582107156e-03
2.041683695130981722e-03
2.150967942542736291e-03
2.341098000606313401e-03
2.391053432381030040e-03
2.441138072544517951e-03
2.475753025216496667e-03
2.728691778409480639e-03
2.944745306284178490e-03
3.026571018926406051e-03
3.183780055962989221e-03
3.530885270741750733e-03
3.695726977504771010e-03
3.933462938001956039e-03
3.998006762975674089e-03
4.176698449567526825e-03
4.437549301264127194e-03
4.926268894170460905e-03
5.540511531387324468e-03
5.740755945982117456e-03
6.078094575997275081e-03
6.904444624433812849e-03
8.003951760527204182e-03
8.685909257632504210e-03
9.090577841556866587e-03
9.406060581552945499e-03
9.895612762661373102e-03
1.142498058315652258e-02
1.271987808046105492e-02
1.498317386894268237e-02
1.590764910686318784e-02
1.836043072044478072e-02
2.083513735867143293e-02
2.229259889290296365e-02
2.782839464396472118e-02
3.176287249999981688e-02
3.574931146386206571e-02
4.642594099132287683e-02
7.703640759922925074e-02
8.514742254260856957e-02
9.701125487314526952e-02
1.181810450118968708e-01
1.919137548202980714e-01
2.196808637442114742e-01
5.203259471665382385e-01
2.309872389686463023e+00
4.685774699687531353e+00
1.338286208502315233e+01
