-1.275953521944320213e-01
-9.376131710723109580e-02
-8.030043572449360734e-02
-6.680902001642512189e-02
-6.472539409692350254e-02
-4.641111711026392472e-02
-4.573343232746919507e-02
-3.707199790781581794e-02
-3.488799641267860407e-02
-3.132689559321892581e-02
-2.806608362589719727e-02
-2.623735162395609763e-02
-2.509439672046982067e-02
-2.396702882152920711e-02
-2.079663745554142032e-02
-1.820985344106325690e-02
-1.808278245548718133e-02
-1.755050205660627083e-02
-1.537729543378732813e-02
-1.517496892093453918e-02
-1.479067896754708220e-02
-1.342300224832527339e-02
-1.181189455651571706e-02
-1.149488834923184308e-02
-1.136507233954253508e-02
-1.064179869603961055e-02
-1.001327034654842310e-02
-9.372593071165195508e-03
-8.999379494416207687e-03
-8.700859205128842755e-03
-8.178866769637560194e-03
-7.916924786097324918e-03
-7.744824458861957958e-03
-7.429305631884883590e-03
-7.110707357776649418e-03
-6.685785519958899366e-03
-6.401455635952954699e-03
-6.110461470944547439e-03
-5.847383459645387124e-03
-5.688372885396666273e-03
-5.635528135683776606e-03
-5.577826093414650285e-03
-5.277729198787830915e-03
-5.060188798660639545e-03
-4.680218363900835558e-03
-4.584355023273588813e-03
-4.392859017745517555e-03
-4.192330683269141975e-03
-4.069319924555684677e-03
-3.791299871032023996e-03
-3.772673278630925449e-03
-3.678420141606755355e-03
-3.616888521998498206e-03
-3.467398251689243673e-03
-3.314045467938057498e-03
-3.261287261088101960e-03
-3.176666096933930365e-03
-3.073951706440015974e-03
-3.007563207015058297e-03
-2.867235718084034171e-03
-2.804507837344415513e-03
-2.689706789745630044e-03
-2.663145609772434811e-03
-2.631333359636017170e-03
-2.464364733087502733e-03
-2.427338060982997103e-03
-2.377464407419895703e-03
-2.275199834184117066e-03
-2.241287453361036873e-03
-2.135145822315171870e-03
-2.101472730700231720e-03
-2.072532090628270707e-03
-2.013402308210962902e-03
-1.932800299987004131e-03
-1.896478523450856280e-03
-1.876292414702847907e-03
-1.848697749047358485e-03
-1.786669502666984270e-03
-1.717655443541755630e-03
-1.686146607696447329e-03
-1.637422976677428092e-03
-1.607478094552317657e-03
-1.550673549938711131e-03
-1.522389853426810852e-03
-1.504470988911231271e-03
-1.442829357862185488e-03
-1.388017303129177428e-03
-1.365733151188359409e-03
-1.301579809343878999e-03
-1.277287020020587615e-03
-1.232591318856914074e-03
-1.223851581084409949e-03
-1.205231620051727811e-03
-1.177184178316872509e-03
-1.159084119209169341e-03
-1.142377138426401827e-03
-1.080139483098522266e-03
-1.071494579844412378e-03
-1.047566290815269861e-03
-1.018849546993612571e-03
-9.934939011084498173e-04
-9.760768304979992394e-04
-9.613351039237635941e-04
-9.205073671871366950e-04
-9.012482514850763630e-04
-8.905914942597619550e-04
-8.752308892556555017e-04
-8.652570877703728109e-04
-8.407061128910849187e-04
-8.188876770261611752e-04
-8.014071385137134856e-04
-7.927616887151486130e-04
-7.775722401080268058e-04
-7.492747466823043885e-04
-7.344555385344529947e-04
-7.112993409202195529e-04
-6.878869322701989392e-04
-6.780631323243785759e-04
-6.603512509126779981e-04
-6.469305804842296823e-04
-6.246180849553428522e-04
-6.194821359423261647e-04
-6.030450464514591855e-04
-5.951780584396489798e-04
-5.830856711299666015e-04
-5.633225441105062150e-04
-5.570529330794205241e-04
-5.484975681358182338e-04
-5.322185065930761828e-04
-5.172136791124926775e-04
-5.077891276928607608e-04
-4.916764436727856036e-04
-4.874642372192830695e-04
-4.858889506261380498e-04
-4.707229604116972433e-04
-4.589519673535853955e-04
-4.447687856488834689e-04
-4.233675052716206187e-04
-4.193012963455176401e-04
-4.167776192326200528e-04
-4.130682208471623857e-04
-4.001019464694907635e-04
-3.920070764120576058e-04
-3.801031005996988350e-04
-3.716837926341571337e-04
-3.614361267735455188e-04
-3.591540000891149513e-04
-3.534602582319107834e-04
-3.488369982988712408e-04
-3.384585203606612215e-04
-3.221249044198621031e-04
-3.203264656825487383e-04
-3.117157741319083767e-04
-3.091484650375073921e-04
-3.065011099146843811e-04
-2.954732679527667812e-04
-2.909493148764913991e-04
-2.848682386921459883e-04
-2.753027688467334045e-04
-2.717811850730020274e-04
-2.645880183799951255e-04
-2.556446222552863812e-04
-2.518485469293793816e-04
-2.465704122026835454e-04
-2.430872941220977288e-04
-2.395970607642389672e-04
-2.347418989325020114e-04
-2.321140739713939861e-04
-2.303207604707901578e-04
-2.248557403933302916e-04
-2.188060664681564101e-04
-2.145187372989536018e-04
-2.104528193120739656e-04
-2.013347988995755700e-04
-1.985741464122113206e-04
-1.924670028846625733e-04
-1.914461494230551835e-04
-1.848334742907658385e-04
-1.845373892481051552e-04
-1.791828552151134414e-04
-1.783952055130341914e-04
-1.704545394021786625e-04
-1.667786564739570307e-04
-1.613535517923355496e-04
-1.576879502732750772e-04
-1.560690168402857300e-04
-1.499329669137794310e-04
-1.480593549812626462e-04
-1.461499809868516055e-04
-1.446458308532405862e-04
-1.423563710488681482e-04
-1.372062824222494465e-04
-1.331128827746087654e-04
-1.280798539320748906e-04
-1.277715139840667001e-04
-1.202154228692713512e-04
-1.192465382938186344e-04
-1.159282989949558747e-04
-1.149205655137599023e-04
-1.109772249016073250e-04
-1.091105723838862367e-04
-1.063381025920008641e-04
-1.043815103080214280e-04
-1.001773167473236280e-04
-9.879622164472655994e-05
-9.791900638629085136e-05
-9.502595032256175181e-05
-9.376576753271631938e-05
-9.173589008487986686e-05
-9.081142487418994327e-05
-8.819157873920610460e-05
-8.582532122809821099e-05
-8.212847605301896938e-05
-8.101115042503374451e-05
-7.827715157262482234e-05
-7.634670685030760554e-05
-7.494554065129805851e-05
-7.362991318778811932e-05
-6.898161246946968121e-05
-6.795306305974018726e-05
-6.706765919713588277e-05
-6.462087275126896077e-05
-6.315577353974617420e-05
-6.188147111228712021e-05
-6.118476003499249093e-05
-6.004040197283488846e-05
-5.843761164431781149e-05
-5.680893487264590612e-05
-5.502458429752661573e-05
-5.287700216828565406e-05
-5.264372304494489808e-05
-5.117696434528380212e-05
-5.029577061764879345e-05
-4.904592079418220336e-05
-4.745106786033154763e-05
-4.658992845891063558e-05
-4.523828060458470995e-05
-4.328038028330546169e-05
-4.236804481505608328e-05
-4.116208766877429558e-05
-4.077901080860856924e-05
-4.054694783767045992e-05
-3.908574232357024409e-05
-3.784058820554125761e-05
-3.663564540259085854e-05
-3.526362767648001000e-05
-3.428992727425440694e-05
-3.313012542734302106e-05
-3.195353778038013417e-05
-3.114391607195624392e-05
-3.006666023415822492e-05
-2.839016675776248985e-05
-2.767968084659753225e-05
-2.675922020217775640e-05
-2.542838015710049564e-05
-2.472627161207358159e-05
-2.405825425219084010e-05
-2.363266335446592801e-05
-2.263636837736787379e-05
-2.211484728409934892e-05
-2.127194921182353911e-05
-1.989924805114153404e-05
-1.955451372879937164e-05
-1.900713195485087103e-05
-1.831884977364132240e-05
-1.783577864245971083e-05
-1.692010545127735626e-05
-1.622242507178869937e-05
-1.541958901732580191e-05
-1.511829289342440343e-05
-1.486519342573519725e-05
-1.410354113625034724e-05
-1.386868484935721187e-05
-1.341745528771632981e-05
-1.179524521908221554e-05
-1.152180349394363475e-05
-1.111337785318924516e-05
-1.015415836108312713e-05
-9.750417357910241964e-06
-9.290635852597092654e-06
-9.005223116343386502e-06
-8.597014612221147683e-06
-8.007916358510967821e-06
-7.332863083496844690e-06
-6.293976885945308369e-06
-6.070335028434718209e-06
-5.621758572468469542e-06
-5.457723397674325813e-06
-5.157865013274363525e-06
-4.638029145589658230e-06
-4.361708694395848651e-06
-3.866693716556873596e-06
-3.654970538298596700e-06
-3.604651308401768434e-06
-2.753034654873824888e-06
-2.546293967149583381e-06
-2.110523116845462074e-06
-2.007216950722451233e-06
-1.747679269496823878e-06
-1.542045207860092500e-06
-1.315992575797879245e-06
-1.003624698588912817e-06
-6.754384081307133971e-07
-5.748101512396974749e-07
-4.551557917673557201e-07
-1.877254837926495412e-07
-9.996461606085608015e-09
-3.063040065642874987e-18
-1.829525042485389028e-19
1.719331075640758467e-07
4.061142745235458972e-07
4.542243669149946447e-07
6.861532150742583220e-07
7.605818266992079152e-07
8.311449061214848785e-07
8.857105865988564391e-07
1.000429027495505734e-06
1.344356968421778536e-06
1.682860455517321169e-06
1.748301580284055112e-06
2.022487690853057190e-06
2.276830223834000500e-06
2.330338608368238919e-06
2.453075919743675300e-06
2.641148289290663746e-06
2.765909364494082939e-06
3.405657915186510485e-06
3.545288021557959898e-06
3.725350578250062359e-06
3.910643953567800883e-06
4.169799842469768217e-06
4.418846049392352028e-06
4.698116785266824030e-06
5.764800824278422141e-06
5.873613051788918851e-06
6.014217007059095285e-06
6.865591106738151619e-06
7.484504909243178075e-06
8.267962843758684311e-06
9.042238876294186826e-06
9.328177429058967971e-06
9.963354651004301346e-06
1.137505024527711655e-05
1.155481037123466998e-05
1.218940627606570522e-05
1.293119265458836157e-05
1.424482610428609407e-05
1.468190727017945102e-05
1.500261027905083877e-05
1.577145384973103632e-05
1.816439305514861363e-05
1.964997947443648178e-05
2.089529363030510767e-05
2.330201121936215146e-05
2.389844075882190699e-05
2.718062228132684725e-05
2.976626615723518027e-05
2.999535651769202985e-05
3.359593159594348037e-05
3.555987611604857480e-05
3.998310109266518369e-05
4.195882553928450236e-05
4.669934923512623865e-05
4.733423074061549567e-05
4.902178600500463031e-05
5.143770428259093481e-05
5.768826147410243446e-05
6.211638242147550829e-05
6.564400664825418262e-05
6.756053004123565783e-05
7.101228824348653748e-05
7.519584393643373107e-05
8.219447503144686944e-05
8.276064708604170535e-05
8.929811730162827454e-05
9.633605641537616217e-05
9.998446074605248654e-05
1.120503333411920646e-04
1.145549161262220312e-04
1.252284176100301489e-04
1.293895732407754221e-04
1.360211346750092403e-04
1.409128159710889639e-04
1.423028289401086330e-04
1.632256497479132385e-04
1.756485410641813426e-04
1.850284467152254163e-04
2.052199652319018131e-04
2.204470631342634408e-04
2.239541620847337140e-04
2.417573948034677735e-04
2.456269953196074771e-04
2.785648923884497820e-04
2.963348073028114460e-04
3.137546608287613051e-04
3.407349012640760997e-04
3.553214319031720489e-04
3.753840513753558834e-04
3.888628908578572281e-04
4.226373981925894284e-04
4.627359740682597880e-04
4.915942529279782947e-04
5.444638160551647623e-04
5.616822674107458703e-04
6.201306640786632485e-04
6.577364105488287850e-04
6.969967228048982565e-04
7.586020387578230537e-04
8.041752575281918775e-04
8.660946755308391448e-04
9.635197722732961228e-04
1.131932066505514844e-03
1.152739023670563837e-03
1.252922319454141155e-03
1.309229143482829646e-03
1.560262100456331165e-03
1.595903474527323763e-03
1.772748113730598495e-03
1.908534770583782689e-03
2.174093868498845963e-03
2.208918360787173827e-03
2.364434196553205029e-03
2.930400980107460574e-03
2.985229519593260612e-03
3.277274132423971253e-03
3.497452592438594129e-03
3.659355997922246126e-03
3.872618982578221458e-03
5.521067537019245207e-03
6.553458611891906788e-03
7.425147041097023351e-03
9.287433263642173517e-03
1.319346581188053993e-02
1.575329555088879341e-02
2.113207336850595267e-02
4.783663140330679520e-02
6.288994248010573718e-02
1.576934630260063974e-01
4.826745243903018956e-01
1.160632561002243879e+00
2.622632656167858123e+00
