1.565876162576645514e-04
1.523221035255186795e-04
1.481836759489079584e-04
1.362509235358710469e-04
1.320203929873976149e-04
1.299338263530109389e-04
1.260094715766316999e-04
1.221681750020895069e-04
1.188913611693886372e-04
1.166177784795856568e-04
1.146677006430290191e-04
1.117979929906060286e-04
1.098725870862200463e-04
1.078703721637239062e-04
1.069931236618030981e-04
9.730324002700383368e-05
9.615522448608147419e-05
9.553740319577450079e-05
9.199594218466762216e-05
9.032766166002409751e-05
8.811840917767740314e-05
8.501732346272020732e-05
8.251369127996137495e-05
8.076788446416665462e-05
7.836582645039420346e-05
7.621023180192985468e-05
7.515374398807931787e-05
7.336945786795342627e-05
7.173299772504263634e-05
6.926292853988967341e-05
6.844582827640358579e-05
6.731626875378588567e-05
6.669937833626907165e-05
6.445914165355685920e-05
6.357497271521166647e-05
6.124259835006524923e-05
5.965292099745776630e-05
5.845864400087277937e-05
5.788198395129532297e-05
5.687073917851522687e-05
5.652569300349105723e-05
5.540225599188781241e-05
5.477724954427817979e-05
5.420310383686919328e-05
5.355078105150105704e-05
5.347312741463746961e-05
5.209749670862654690e-05
5.074660851388413670e-05
5.041809432095014298e-05
4.996138609245195971e-05
4.873302291182212738e-05
4.778237253236121212e-05
4.695086975693311742e-05
4.658711344375566398e-05
4.611247772817241854e-05
4.457934590660224519e-05
4.410528533387458888e-05
4.308607707850974690e-05
4.289352971735954634e-05
4.252529452990617791e-05
4.186116393976329242e-05
4.128605433898417638e-05
4.100099502536295380e-05
3.959881151801758259e-05
3.845082335570461249e-05
3.787378533782085146e-05
3.743453347909445143e-05
3.696950735150980789e-05
3.681195254419293366e-05
3.597297515717505517e-05
3.527406526262994384e-05
3.426164876823155656e-05
3.397504311222550609e-05
3.331372281150088351e-05
3.316663605686561827e-05
3.203047063173758451e-05
3.180641053246881895e-05
3.126855130594034527e-05
3.103710226310439169e-05
3.061280337271997647e-05
2.964429057408379272e-05
2.958503350396938321e-05
2.907739208124376679e-05
2.872922866060103207e-05
2.830103833572316497e-05
2.777931633360522114e-05
2.752766498337368004e-05
2.715643691758092709e-05
2.701744570334964013e-05
2.689876616535630255e-05
2.625127034480693834e-05
2.559198513100102861e-05
2.516547411169988520e-05
2.457314725422042755e-05
2.432297826688912162e-05
2.420397276209130838e-05
2.386849833602574064e-05
2.364843191311237974e-05
2.321836819225321980e-05
2.269031441271546207e-05
2.205132241073395392e-05
2.197134028839240797e-05
2.155981646913833927e-05
2.143475462491238143e-05
2.100721821377042825e-05
2.059370963828052238e-05
2.041220439488244194e-05
2.031054380271707697e-05
2.023198217653289738e-05
1.998316679731187170e-05
1.959241795750193271e-05
1.927119851436138464e-05
1.920795038249321411e-05
1.903913409268838449e-05
1.882529387992790376e-05
1.875811966263275774e-05
1.820081857077065398e-05
1.811408239668520478e-05
1.767893898932748086e-05
1.703279383807148248e-05
1.666612955729771339e-05
1.659419016109249057e-05
1.646936106629034535e-05
1.638384810390903349e-05
1.629565823756919652e-05
1.603837479588951227e-05
1.563903547656125085e-05
1.533467404800839388e-05
1.523846461712944840e-05
1.487227903490295053e-05
1.481110349716851195e-05
1.463469576192721734e-05
1.446771362287339183e-05
1.429753548690058670e-05
1.387827459608830099e-05
1.380978722835791986e-05
1.360618762234108116e-05
1.328076788665114784e-05
1.314107190196838300e-05
1.299563017394041304e-05
1.279394702951151880e-05
1.275801377213119360e-05
1.263744244330898092e-05
1.250411687312744878e-05
1.234030425957392128e-05
1.230810320226695802e-05
1.218759283930639041e-05
1.194748875275635661e-05
1.172845229789709650e-05
1.151111590819352532e-05
1.135048077373406970e-05
1.117596526674252202e-05
1.073257183614830135e-05
1.065152706473260930e-05
1.045415196544043334e-05
1.027406932154725318e-05
1.024222072680782969e-05
1.010694458406284106e-05
1.002804970583037155e-05
9.798292299311343875e-06
9.627781520834149839e-06
9.594922785174173893e-06
9.508986112913881159e-06
9.426975722611233730e-06
9.198812544558816962e-06
9.123757732713773686e-06
8.897512853623688864e-06
8.807446558257461022e-06
8.642871677744626177e-06
8.444745683823728981e-06
8.201202489669652773e-06
8.159153503968431565e-06
8.061533684063404255e-06
8.004241727467052925e-06
7.825266761792950193e-06
7.757046216123449498e-06
7.654609646662237460e-06
7.577678098872555167e-06
7.425323219351303028e-06
7.330453466347901761e-06
7.275121710255392505e-06
7.224613385686101765e-06
7.175372978328386169e-06
7.031779736507784744e-06
6.781161102810566599e-06
6.748116139621921257e-06
6.674574886563076342e-06
6.540627652019199315e-06
6.432453213502973497e-06
6.262916063123788075e-06
6.240820224028794164e-06
6.215564154971843708e-06
6.005366139272730439e-06
5.917839628944343988e-06
5.852206710682501504e-06
5.775169409443206268e-06
5.631818318357185933e-06
5.517308487196758628e-06
5.414620547659146535e-06
5.355771178055707543e-06
5.290148207333461235e-06
5.240109200685091622e-06
5.120168206766446007e-06
5.065373245136176706e-06
5.059736598805052311e-06
4.970313764948861591e-06
4.891082065897453550e-06
4.856478996106452181e-06
4.767314160884574070e-06
4.693278813313423086e-06
4.615396501854579808e-06
4.607253920298538931e-06
4.460773121111144208e-06
4.425926824070195474e-06
4.361198752147074124e-06
4.337930279412559090e-06
4.266195164828669855e-06
4.227677113841199086e-06
4.125551170120626434e-06
4.050846391646907514e-06
3.983351192868350047e-06
3.972681292855911120e-06
3.930594559093487411e-06
3.761047342784429237e-06
3.742533624935291404e-06
3.685535531111466513e-06
3.532166526512535985e-06
3.499523983858716054e-06
3.464718749005304312e-06
3.440797239939972357e-06
3.430698204946105605e-06
3.389328324471924550e-06
3.329873381711430577e-06
3.261518410726599369e-06
3.179930326684363590e-06
3.092494968403754343e-06
3.043639982280416977e-06
3.001299676497513753e-06
2.983756725100673422e-06
2.950960362085562390e-06
2.881152273726475199e-06
2.845183148975993874e-06
2.800634746878065656e-06
2.738391106217903077e-06
2.733498151196453968e-06
2.709914034821067966e-06
2.639386266016974150e-06
2.583835099053297951e-06
2.557883378614858414e-06
2.551326004712188611e-06
2.499705376322004647e-06
2.414920274260876846e-06
2.386232006326102574e-06
2.378426156266827636e-06
2.337284482305562353e-06
2.306071479416279233e-06
2.257012868841724843e-06
2.232661837104102231e-06
2.185935597898938240e-06
2.181589721493705312e-06
2.118960178261524943e-06
2.105718410508543852e-06
2.057509191553119909e-06
2.029472976550906440e-06
2.028938799251664916e-06
1.990959317689368133e-06
1.948086104802582800e-06
1.939393990804241715e-06
1.895971408615189629e-06
1.881095860720994120e-06
1.853432434190011760e-06
1.812683528650251513e-06
1.783815430083268673e-06
1.746414591968443695e-06
1.732453505905200540e-06
1.710585253773379573e-06
1.693690392513243375e-06
1.632001474962952003e-06
1.589852641631052103e-06
1.572513956728844105e-06
1.536755846070883076e-06
1.525581296975809030e-06
1.484253315383631466e-06
1.470688552565492891e-06
1.448570216677749756e-06
1.442971478545075308e-06
1.415380556870183857e-06
1.361897583184039778e-06
1.339981139707623779e-06
1.315224744418961446e-06
1.306759957021671377e-06
1.274647430326742897e-06
1.257815916088463887e-06
1.250558802140540333e-06
1.244504926680844218e-06
1.205519598600485885e-06
1.196724958603234019e-06
1.179471169545304159e-06
1.158182835527191479e-06
1.112809942779313111e-06
1.110585541194661266e-06
1.074965919930525424e-06
1.070720445639404123e-06
1.057680362454964023e-06
1.023372371840204018e-06
1.015314452565442304e-06
9.944126102807522072e-07
9.617044636423785959e-07
9.470891529132189769e-07
9.400092719877082458e-07
9.108436919778832495e-07
8.912151841505489452e-07
8.723412526511266444e-07
8.633515161352433736e-07
8.528096339838947475e-07
8.250963577365567329e-07
8.192133656059228140e-07
8.033366088034902885e-07
7.976862894433404621e-07
7.689345179560651635e-07
7.627936480337515776e-07
7.270698235686644677e-07
7.264783422478629618e-07
7.092213970908005878e-07
6.969654838663522860e-07
6.905241965300078838e-07
6.523641426740998849e-07
6.446917175063945902e-07
6.137904156174379062e-07
6.087807637228675431e-07
5.973333522475618421e-07
5.819465960499995409e-07
5.671293476604010797e-07
5.636994632346747755e-07
5.456602653921040307e-07
5.386835066056025270e-07
5.299122042926097678e-07
5.262241707344550114e-07
5.163613583312435124e-07
5.090562327356540143e-07
4.919926722572193471e-07
4.730488039376324016e-07
4.605985233117513472e-07
4.424259656967513024e-07
4.321109387843159120e-07
4.094646108736638837e-07
4.073313901489318393e-07
3.998917268172299114e-07
3.935150074340223151e-07
3.799004216219232467e-07
3.755604051878671392e-07
3.609208707248648141e-07
3.602152088302711843e-07
3.397380547035721733e-07
3.300217538949669051e-07
3.290116526474333025e-07
3.147146140101002843e-07
2.981355786588422324e-07
2.841000090161405196e-07
2.816059201504252311e-07
2.684337374089094755e-07
2.494783648080515671e-07
2.454635387173765538e-07
2.329964200223524241e-07
2.233085973558889382e-07
2.161017788840747573e-07
2.108014933982121562e-07
2.088894011304075091e-07
2.000102262919467416e-07
1.885891209618228860e-07
1.866958602531174938e-07
1.749166440573854593e-07
1.686330430176776264e-07
1.514726257157407348e-07
1.463401502326849669e-07
1.330942948667726745e-07
1.155800692003539362e-07
1.104947735331498355e-07
9.109518000947840514e-08
8.958816623144693655e-08
8.600178202946948864e-08
7.557128635954076404e-08
7.312606563778546170e-08
5.622155889483150302e-08
4.006382610624283112e-08
3.277089190178676940e-08
3.115385263700844267e-08
2.395870430082215437e-08
2.327277484962069257e-08
2.070005961062851901e-08
1.031417483357089360e-08
7.865799576825548878e-09
4.988442387809942019e-09
3.199011364075977920e-09
1.953525556149140529e-09
-2.540451770753238767e-22
-1.621863934770031122e-21
-6.472372902087800298e-10
-1.773546916568838971e-09
-2.042525654870799928e-09
-4.239947955988945825e-09
-9.642231595498032086e-09
-1.274961972503370924e-08
-1.482815560241398481e-08
-1.968143638514669774e-08
-2.143475585661202071e-08
-2.374012534770690206e-08
-2.560002301909639915e-08
-2.880858183316868438e-08
-3.294219258092219417e-08
-3.688050777996445119e-08
-3.843053547082573451e-08
-4.462370236619344685e-08
-5.035601721661113989e-08
-5.384294959592653743e-08
-5.658258982287828987e-08
-8.053212427479569524e-08
-8.401379536390827491e-08
-9.930636271984126781e-08
-1.225377959506086979e-07
-1.452822629145499048e-07
-1.555958671755865482e-07
-1.828680732935384144e-07
-2.406987138913029337e-07
-2.862431350853005499e-07
-2.998739420363653516e-07
-3.430307035693715544e-07
-3.752885096147484142e-07
-4.951805642166767972e-07
-5.890921815155631337e-07
-7.235717003827160473e-07
-7.822276897107071949e-07
-7.941396028511226621e-07
-3.655434072406980390e-06
-3.697112317209396111e-06
-4.250063940509524444e-06
-4.496042168639299276e-06
-4.664575343374044890e-06
-5.375594566267508061e-06
-6.682815396483092685e-06
-6.825885994025428735e-06
