1.003610906976401540e-02
9.355697701019308199e-03
7.852311350993316716e-03
3.298071101749039391e-03
2.527855671015204631e-03
2.193273564032228833e-03
1.797369745294496958e-03
1.035221493154741667e-03
1.000588515592334624e-03
9.317198906399890750e-04
9.103029336878380772e-04
7.835542661326916217e-04
6.164723331811163389e-04
5.929750234393754748e-04
5.446737026389015645e-04
5.150042014011983488e-04
5.043651392747184941e-04
4.670701897557721699e-04
4.211719145730222105e-04
3.993194297526297259e-04
3.931587141782058917e-04
3.482733599591429684e-04
3.020547461269521114e-04
2.287762825641767887e-04
7.183270485466717236e-05
7.167546162704676059e-18
3.997383644373310365e-18
3.339856239240441096e-18
3.063190275951607236e-18
2.963503963166908398e-18
2.931639009419151061e-18
2.833112165544218839e-18
2.602563142136984751e-18
2.500375725048295761e-18
2.431702203987085762e-18
2.414826405371471948e-18
2.342442551501245656e-18
2.234144551761930436e-18
2.152361122885613680e-18
2.142682101787458011e-18
2.092447496158694259e-18
2.032119405835996290e-18
2.014058825675531839e-18
1.916789378458171754e-18
1.870878064519627803e-18
1.835653282835716460e-18
1.806350072703541881e-18
1.775833711403895441e-18
1.764013781870139115e-18
1.727684664825978158e-18
1.694180865668472969e-18
1.640540527437992568e-18
1.598900884903761724e-18
1.581995534818146578e-18
1.567396870236857873e-18
1.561200078930487850e-18
1.497659281258125908e-18
1.492372156269849997e-18
1.470248179945714239e-18
1.439606241407908309e-18
1.391328659677439227e-18
1.361042271177532506e-18
1.336583220278481113e-18
1.320336102801595974e-18
1.313275078591845259e-18
1.270849567645613713e-18
1.260030397434818225e-18
1.244609139482889259e-18
1.217674382512528735e-18
1.195834063728592751e-18
1.178134923577825583e-18
1.161781689178264633e-18
1.149189349202623689e-18
1.142398880575890316e-18
1.103931952620462960e-18
1.102531514255756500e-18
1.075146116333551157e-18
1.067380377749566738e-18
1.061763216524575240e-18
1.039292921508466539e-18
1.016045875408884527e-18
1.005091977268981111e-18
9.847475000618071036e-19
9.784537414187220391e-19
9.606483367259296884e-19
9.527286316632571483e-19
9.489064639836009943e-19
9.276218037137317757e-19
9.159232497269134261e-19
9.025036169348700075e-19
8.952818543064560522e-19
8.703883870842492656e-19
8.489397533140487795e-19
8.423533348489348187e-19
8.304508109174647776e-19
8.181337780670698223e-19
8.126214820953572258e-19
7.991489511924493400e-19
7.894133715518229560e-19
7.759734361069266443e-19
7.712989245064294868e-19
7.503803681383933012e-19
7.423664069620647131e-19
7.271625266958012381e-19
7.235788194380706489e-19
7.056849479150313044e-19
6.923144192122859399e-19
6.871604866372569190e-19
6.840020074511045663e-19
6.805266934300748762e-19
6.683990020880070118e-19
6.511228434621118140e-19
6.400938456018433079e-19
6.368026149930943273e-19
6.278890184990446872e-19
6.141938091028631595e-19
6.035239218131233883e-19
5.989234349474092992e-19
5.826120856224876232e-19
5.684176229604914763e-19
5.610000586310399799e-19
5.542222953775285866e-19
5.480307456132482200e-19
5.373907687212917959e-19
5.289849084035655605e-19
5.196099502213926079e-19
5.143930555302290619e-19
5.033259553856356903e-19
4.961069011423978222e-19
4.874492509073879637e-19
4.866595091650695926e-19
4.765957766077435843e-19
4.714853237867008763e-19
4.671075572063790065e-19
4.564998747834321638e-19
4.452274756025481748e-19
4.382947774458807424e-19
4.351026184613913495e-19
4.234992074249954071e-19
4.218710392819972144e-19
4.209144290284432412e-19
4.112237138088836323e-19
4.020175627743339921e-19
3.982395278402512320e-19
3.903142808557734217e-19
3.840402532704682776e-19
3.745596290054351630e-19
3.671951376566590264e-19
3.554640819531123943e-19
3.501470438606663227e-19
3.471898236122687595e-19
3.459546763616137856e-19
3.408692883810860371e-19
3.254248612716208441e-19
3.245693330720011585e-19
3.161668344818652493e-19
3.048637506822520534e-19
3.004350545891461494e-19
2.992257414620093658e-19
2.883491376503631169e-19
2.842556903450932665e-19
2.811889247698356260e-19
2.765635996380132039e-19
2.732114377666320681e-19
2.633627508285453802e-19
2.601987345453190723e-19
2.505850565954220695e-19
2.479753732457947648e-19
2.451177540640833103e-19
2.423344043241892806e-19
2.415859731133654968e-19
2.292638445696583883e-19
2.251613312590504334e-19
2.148026676734658636e-19
2.114290520936399244e-19
2.068247880873390038e-19
2.047123310304632171e-19
1.991511741470096334e-19
1.920007154137561953e-19
1.895180499008823256e-19
1.847771898631078190e-19
1.814056679015747903e-19
1.767523510220504874e-19
1.726759410214983149e-19
1.676160217980874199e-19
1.586264159409134866e-19
1.531546919724370590e-19
1.515324356477490846e-19
1.479014805666570725e-19
1.447705216179447738e-19
1.432289318230884913e-19
1.389763710281257810e-19
1.320156028305978087e-19
1.281361081593589028e-19
1.218572331777648931e-19
1.213460717786258347e-19
1.136556840211420025e-19
1.127756124624279161e-19
1.096880514903544108e-19
1.057512577405840623e-19
1.014028097654604311e-19
9.695888752577008293e-20
9.107427484404240829e-20
8.780559796737147146e-20
8.452169808358601232e-20
8.124417112284435185e-20
7.387402708257575597e-20
7.114244955771282722e-20
6.954465187671475943e-20
6.467526271861266337e-20
6.283709327218865871e-20
5.910741034890677834e-20
5.593058260098381236e-20
5.383847919671336376e-20
5.188461912796785693e-20
4.905145987574047337e-20
4.270002678688726173e-20
4.087649128712594799e-20
3.964711790823856959e-20
3.584059798822441875e-20
3.164691416301057573e-20
3.075311874257274649e-20
2.623163280069782388e-20
2.435123242839051034e-20
2.037615636733420999e-20
1.931832018238857199e-20
1.413510973204375522e-20
1.356512746061052388e-20
8.775649275042463719e-21
7.892904547774344714e-21
6.186448645455864975e-21
3.918008522695401792e-21
1.290750605839560738e-21
-4.098970270144577923e-22
-1.700391027213545553e-21
-4.340587049914272477e-21
-5.142410416722084189e-21
-9.341926938638862524e-21
-1.030776432951238449e-20
-1.348459567896479702e-20
-1.787855676953982376e-20
-1.857083454372692564e-20
-1.890558301889431677e-20
-2.413693922740564705e-20
-2.715497211273346328e-20
-3.249579401401123174e-20
-3.454823896578048437e-20
-3.522765379836946285e-20
-4.034344804257517557e-20
-4.156249599462898551e-20
-4.441445335146483322e-20
-4.678385249587808417e-20
-4.877833630500968615e-20
-5.099594516086260521e-20
-5.476970243766421366e-20
-5.948103751501344923e-20
-6.313833335695892860e-20
-6.389688143354814276e-20
-6.957305869603894545e-20
-7.414031936540486007e-20
-7.817119812585491159e-20
-8.403396598229705374e-20
-8.503651778821020047e-20
-8.857123062222901437e-20
-8.972413392787594960e-20
-9.515554005543614677e-20
-9.877887661053198014e-20
-1.007305650202825683e-19
-1.051981939477870444e-19
-1.080449918037194236e-19
-1.127875196900574860e-19
-1.145398867714164512e-19
-1.176683438544746277e-19
-1.207575644774562778e-19
-1.280608543759879709e-19
-1.319250438363650647e-19
-1.347553604989770281e-19
-1.417833707433421290e-19
-1.466379122971779714e-19
-1.501774215108481507e-19
-1.557357316114955706e-19
-1.599711952593206748e-19
-1.700990979258136540e-19
-1.714503879714986811e-19
-1.752351326378535346e-19
-1.839179375226057434e-19
-1.855381762327946008e-19
-1.895305417007517100e-19
-2.041222172604080669e-19
-2.049530252720818788e-19
-2.107974958823377862e-19
-2.114993961625462506e-19
-2.127258907514021112e-19
-2.236851888672834586e-19
-2.278262002507137379e-19
-2.299728161928025946e-19
-2.352070385142341138e-19
-2.396352598662100499e-19
-2.439903161584215295e-19
-2.515150615718686333e-19
-2.583265373676464649e-19
-2.645647034762318836e-19
-2.699106825862495899e-19
-2.751411958932716972e-19
-2.857236722073251568e-19
-2.880909806027064668e-19
-2.941018674097124775e-19
-2.958644382276699989e-19
-2.980820101430278248e-19
-3.121076885323453583e-19
-3.162160470505485535e-19
-3.184676790036414240e-19
-3.273847371335183196e-19
-3.325446069270887028e-19
-3.418720399659415308e-19
-3.442669351097217315e-19
-3.553109179484098758e-19
-3.573161167338314420e-19
-3.587271998950676680e-19
-3.724351696256084674e-19
-3.783502742377289400e-19
-3.808103036632553952e-19
-3.950636773816176576e-19
-3.982265111028731669e-19
-4.079286391448936284e-19
-4.121490849132272461e-19
-4.170435937862362999e-19
-4.214261411568654876e-19
-4.277186314196189413e-19
-4.322623435294930042e-19
-4.447592189436503867e-19
-4.581864732484602511e-19
-4.650841907149944825e-19
-4.771355119537590864e-19
-4.838366763715823310e-19
-4.895530450175638833e-19
-4.951376257843984231e-19
-5.055842864767946122e-19
-5.141269288538527575e-19
-5.224772195563097459e-19
-5.261712798206622804e-19
-5.374375609138930600e-19
-5.496662583028931083e-19
-5.541399861430682139e-19
-5.724524254992796151e-19
-5.744100898612564678e-19
-5.826947847242944040e-19
-5.870759775804786135e-19
-5.951599916007900358e-19
-6.097210583651245528e-19
-6.133202161189674035e-19
-6.209831440367682186e-19
-6.275892301632298044e-19
-6.395245485857052286e-19
-6.578010233715611140e-19
-6.669073560049892317e-19
-6.723267705917104687e-19
-6.734919102531505179e-19
-6.808347096935637663e-19
-6.869492453658544390e-19
-7.076513612461909050e-19
-7.145089608389918385e-19
-7.235375900089707672e-19
-7.364786927983844577e-19
-7.530477049187628097e-19
-7.668252566941856595e-19
-7.831312237770628416e-19
-7.932946535879866678e-19
-8.004152012685288257e-19
-8.129796261359951955e-19
-8.216224396737377605e-19
-8.269612739168849854e-19
-8.476635998855966388e-19
-8.603923909901006045e-19
-8.819271814389307355e-19
-8.949153456616155878e-19
-9.043352354900430330e-19
-9.139215144100621690e-19
-9.246233641408853513e-19
-9.410395234029874228e-19
-9.583873070749438243e-19
-9.609555904024853042e-19
-9.835450578408484997e-19
-1.006814839216076772e-18
-1.010612077051792430e-18
-1.028899698177991197e-18
-1.044290752344981477e-18
-1.069050152058549238e-18
-1.070782600570171383e-18
-1.091056699559449906e-18
-1.108687775385178130e-18
-1.124017505816576018e-18
-1.150959981176654596e-18
-1.173457304522897256e-18
-1.187451517062131373e-18
-1.207777609367556728e-18
-1.222879063471941321e-18
-1.232221073392356321e-18
-1.246737825042775735e-18
-1.275886243225150896e-18
-1.281802900012037485e-18
-1.297119206490008783e-18
-1.328037694203164481e-18
-1.334985303605326715e-18
-1.339882937592776323e-18
-1.379633740642161442e-18
-1.403544995715368699e-18
-1.432672113597829150e-18
-1.435677435211850332e-18
-1.488090900494536376e-18
-1.496272378897863315e-18
-1.521091280615127217e-18
-1.560696163376073590e-18
-1.579000843462182632e-18
-1.646514561118608624e-18
-1.670546254977095477e-18
-1.708764325645875779e-18
-1.737517922399140571e-18
-1.794333191821404337e-18
-1.826604837822839148e-18
-1.855979296159962161e-18
-1.880694871720700531e-18
-1.919670271670485313e-18
-2.018427513814631205e-18
-2.044269601050749117e-18
-2.106369315324335313e-18
-2.163006930714763869e-18
-2.168430583354858986e-18
-2.264102319404361284e-18
-2.354111061697222467e-18
-2.379524170757349392e-18
-2.423825140436424436e-18
-2.575710623831539948e-18
-2.621262615765346969e-18
-2.705650175340273184e-18
-2.787153403319567934e-18
-2.920816629475373222e-18
-3.038014927169813926e-18
-3.408936397908915675e-18
-3.495243292203684576e-18
-6.364976658957168321e-18
