3.532066494426043014e-03
2.417400943364524189e-03
5.692859770024095252e-04
3.743000983939305808e-04
3.546396588334200747e-04
2.116809341107684782e-04
1.970763992685766917e-04
1.945160973048660070e-04
1.745553827150387899e-04
1.621671562173300951e-04
1.440039263052901456e-04
1.267988992642831976e-04
1.226402918529966631e-04
1.175687109912882473e-04
1.064483795855714114e-04
1.008800082562937028e-04
9.714376644151104842e-05
8.875399369361614281e-05
7.510273120970414114e-05
6.534046688721166637e-05
6.444657536557643054e-05
5.516339970611933830e-05
5.138802898783197457e-05
4.869825775761870259e-05
3.617331200706001376e-05
3.460297317722669581e-05
3.078631932547375741e-05
3.040333386299222472e-05
2.776880986012597135e-05
2.205624587278843458e-05
2.142303720304035951e-05
2.033071606849828943e-05
1.942924382130483771e-05
1.638289294785734242e-05
1.556627631578818543e-05
1.494150746272670787e-05
1.446974439821055803e-05
1.187224234795151023e-05
1.096283939414507033e-05
1.034908490880785475e-05
7.891693204515547969e-06
7.033429687424365286e-06
5.777476309487459508e-06
5.540328379162774166e-06
4.849057933967415445e-06
3.673905590155113588e-06
3.616408738533376167e-06
3.201186517610524042e-06
2.933333634617680324e-06
2.670081115334732451e-06
2.420891536927466965e-06
2.194444726546965536e-06
1.773899875176229379e-06
1.619273354865458042e-06
1.437119104357184926e-06
1.296046338046215936e-06
1.235003446617871612e-06
9.872393908759616656e-07
8.395533864695068399e-07
7.758660822009854074e-07
6.831534678885520170e-07
6.295880319963199293e-07
5.771690251632382139e-07
5.749980014267803581e-07
4.465210636276444743e-07
4.126053347646785296e-07
3.523090444158161856e-07
2.853233571353346540e-07
2.014457307570360037e-07
1.477194163692630615e-07
9.662295383439302460e-08
5.960129418194590627e-08
3.864371782300831116e-08
2.811479263317696022e-09
6.014781705118890434e-20
5.521638186817040776e-21
-9.206792308967516593e-08
-1.542384547443177222e-07
-2.067423784926392399e-07
-3.067855731178183567e-07
-3.573121905503914920e-07
-4.426800518501938795e-07
-4.713548415596323721e-07
-5.684497854016551875e-07
-6.480999133054875033e-07
-7.813977745566965434e-07
-9.603923479010033748e-07
-1.074751132817746190e-06
-1.127390526807126831e-06
-1.230960545311570135e-06
-1.400338186934131005e-06
-1.463376907324897296e-06
-1.618715301211709936e-06
-1.707895886545084647e-06
-1.793360423118472763e-06
-1.950176793690034090e-06
-2.045706780692676213e-06
-2.217836887540619887e-06
-2.423386510030580367e-06
-2.543008120706771347e-06
-2.830552192624808621e-06
-3.039935129582195981e-06
-3.203230122739253818e-06
-3.283065561249136392e-06
-3.504387887387373221e-06
-3.861028088345677743e-06
-3.936377798476548625e-06
-4.018585569938794999e-06
-4.091385391268032949e-06
-4.268827144470192965e-06
-4.480199921245179544e-06
-4.574110459889619963e-06
-4.740664650023679309e-06
-4.860372430447795216e-06
-4.928975544322986326e-06
-5.173466569839613638e-06
-5.241452358127803611e-06
-5.382528575217511843e-06
-5.613327198668973796e-06
-5.714916440697000159e-06
-5.842331678738700699e-06
-6.139679721968375795e-06
-6.247764831252811102e-06
-6.388008557945936847e-06
-6.781984884916435697e-06
-6.851762427600168114e-06
-6.947084019968694508e-06
-7.097286470392903062e-06
-7.259472324742658683e-06
-7.429370769270497137e-06
-7.616400992322008720e-06
-7.870267708861647675e-06
-8.063814806750972965e-06
-8.180219229519713396e-06
-8.348877880564480576e-06
-8.813220117688221663e-06
-9.007878732250918381e-06
-9.281830032480439102e-06
-9.335210425979656302e-06
-9.521176896422368365e-06
-9.882778270732114090e-06
-9.989656733390355034e-06
-1.037276759843041176e-05
-1.044609082544429069e-05
-1.083560371840487349e-05
-1.104299799366617257e-05
-1.118823925959831791e-05
-1.150200674712166799e-05
-1.191605774955460676e-05
-1.201898489670189627e-05
-1.211248296305668662e-05
-1.244883001819346865e-05
-1.264231754847796776e-05
-1.294078211656070592e-05
-1.307922793139788002e-05
-1.331756547850077743e-05
-1.339844993856010308e-05
-1.369096649810507369e-05
-1.395738453432207538e-05
-1.461039788755282323e-05
-1.520015758710836786e-05
-1.548386209799992847e-05
-1.571855782001737819e-05
-1.613530299108676313e-05
-1.646967469022821051e-05
-1.693974613036294688e-05
-1.706535273416123609e-05
-1.759096781541099949e-05
-1.809843072390268298e-05
-1.834655421804750285e-05
-1.857795384905761902e-05
-1.902785940094402719e-05
-1.947053443360090470e-05
-1.980766162074149540e-05
-2.031110531578854969e-05
-2.050852963597187402e-05
-2.102368467259601163e-05
-2.113477892389053101e-05
-2.129530461985987310e-05
-2.186456178963175109e-05
-2.250130151619421113e-05
-2.296438277153655235e-05
-2.402625758639763276e-05
-2.442352164816130196e-05
-2.501602143821070613e-05
-2.556340297627072921e-05
-2.566592351533589943e-05
-2.643196583033605892e-05
-2.706536762574258094e-05
-2.714871307721188328e-05
-2.790064237473780797e-05
-2.819758035931198048e-05
-2.872410709539886188e-05
-2.962079660743769272e-05
-3.031322661348012328e-05
-3.049569324349434986e-05
-3.078807846390327292e-05
-3.146639773675126255e-05
-3.156182901554590664e-05
-3.213683510925002774e-05
-3.322152858406036448e-05
-3.343085287710465052e-05
-3.389068768534713263e-05
-3.441796809103117355e-05
-3.506892031977796367e-05
-3.560511212650479266e-05
-3.672709059521449938e-05
-3.689756397876608216e-05
-3.746059035825581503e-05
-3.790157044537444451e-05
-3.840603836257463691e-05
-3.913735205570278845e-05
-4.079221647084855542e-05
-4.120122907808362433e-05
-4.249484750153157623e-05
-4.266790192576850314e-05
-4.344133904652895667e-05
-4.363052307123152507e-05
-4.460788603256500020e-05
-4.485869720520826293e-05
-4.644902103119185894e-05
-4.707505622288076088e-05
-4.746752832631203213e-05
-4.776612196136438457e-05
-4.850101863407086441e-05
-4.987776813514955269e-05
-5.079720937309645126e-05
-5.149915445938395232e-05
-5.205652748531375376e-05
-5.283452631084174697e-05
-5.318061810130899578e-05
-5.410323963082555197e-05
-5.506849481128388778e-05
-5.531243679651286753e-05
-5.750488973669887145e-05
-5.802284057925623283e-05
-5.868483551816176678e-05
-6.099439299864640833e-05
-6.176129474843730725e-05
-6.285421634573008635e-05
-6.382567960785899531e-05
-6.509530002790181414e-05
-6.537861025178043361e-05
-6.700670026161552784e-05
-6.817334204682276317e-05
-6.966419817254726303e-05
-6.978375393417413054e-05
-7.195490139725513247e-05
-7.284123203189799770e-05
-7.365004412443446774e-05
-7.535493766170119686e-05
-7.589626363535865398e-05
-7.678664484449990678e-05
-7.738261123550926781e-05
-7.780830765077865671e-05
-8.062274948672248258e-05
-8.131248304077713304e-05
-8.338556884007157900e-05
-8.360695228435515694e-05
-8.439351531206511713e-05
-8.572608662972132604e-05
-8.678229932335127157e-05
-8.904852519514763070e-05
-8.946907889006554824e-05
-9.117348166213586514e-05
-9.318518344195690639e-05
-9.473789597621362971e-05
-9.676695257851728816e-05
-9.798520826509393657e-05
-1.001234421533580518e-04
-1.005708585299543845e-04
-1.033636283028491806e-04
-1.041218010922522413e-04
-1.081771231388800109e-04
-1.092427603055441313e-04
-1.107495184681917932e-04
-1.130002007633521596e-04
-1.147814210153971440e-04
-1.161876340010882866e-04
-1.182763069240139588e-04
-1.192304911090194948e-04
-1.216563907212329850e-04
-1.226578574183409185e-04
-1.250269376374288865e-04
-1.262466155343003934e-04
-1.291976196105401251e-04
-1.301473710266078739e-04
-1.326031753563248561e-04
-1.363150220001052137e-04
-1.383977483735887224e-04
-1.400661440172790021e-04
-1.438724846119187576e-04
-1.464718018338904775e-04
-1.471869333806473997e-04
-1.499202228638386316e-04
-1.517923832539982661e-04
-1.527816167056841054e-04
-1.555171509184292923e-04
-1.570598648234184736e-04
-1.594879899304565767e-04
-1.612013574400086391e-04
-1.653835686490601707e-04
-1.665420635538777017e-04
-1.685071474615038685e-04
-1.717015572488047594e-04
-1.740289887200407711e-04
-1.775621278163393591e-04
-1.805760231992428473e-04
-1.825793348648948342e-04
-1.870450921419966920e-04
-1.894087652141224676e-04
-1.958470607492968118e-04
-1.974999461951890004e-04
-1.998176032993238024e-04
-2.028908414065204164e-04
-2.065312867298110420e-04
-2.099336519570241580e-04
-2.114103866074836674e-04
-2.167749621448729781e-04
-2.196796451526270358e-04
-2.237426418160290344e-04
-2.271181437703222292e-04
-2.326348788222971703e-04
-2.360593686342307501e-04
-2.401172208450504499e-04
-2.419785085091591306e-04
-2.473456115590850547e-04
-2.488267478851844522e-04
-2.501401344178806759e-04
-2.577317253543844424e-04
-2.587838244918136952e-04
-2.615630066006960396e-04
-2.648910796635045887e-04
-2.685789857170239035e-04
-2.739092167891234056e-04
-2.764662797062814709e-04
-2.798314214161930907e-04
-2.857811323896159057e-04
-2.863289640454411600e-04
-2.925900086865332794e-04
-3.006052787474356824e-04
-3.031539068328691208e-04
-3.114325076485868998e-04
-3.187126980365208046e-04
-3.219476396763910116e-04
-3.239826458519424589e-04
-3.303451133303509182e-04
-3.388011800500720849e-04
-3.429866522328246467e-04
-3.469212697289905342e-04
-3.530573475994993595e-04
-3.558153093197680898e-04
-3.620201693434901922e-04
-3.691340331983074046e-04
-3.695655691360908248e-04
-3.764291810592603144e-04
-3.833887923329427688e-04
-3.943882772642919488e-04
-3.961226233265828403e-04
-4.043769777479208410e-04
-4.085696948388196849e-04
-4.125761508845320839e-04
-4.196595597290700202e-04
-4.302821093173788097e-04
-4.384578524439026364e-04
-4.407968884617985156e-04
-4.546120958290674635e-04
-4.613963492720064841e-04
-4.715398475455384033e-04
-4.883085346575117463e-04
-4.915132847695503427e-04
-4.988901200564249683e-04
-5.035076763214462641e-04
-5.097469781830927344e-04
-5.136191512035997607e-04
-5.325160096779531227e-04
-5.398694160880266680e-04
-5.467959960709239692e-04
-5.621341560662760544e-04
-5.703807838306156454e-04
-5.727788140299311598e-04
-5.889427145514801194e-04
-6.033832281942737861e-04
-6.078233179393163245e-04
-6.323167046803162238e-04
-6.365614816141489584e-04
-6.494363281637088609e-04
-6.662496336335856474e-04
-6.710903541316200248e-04
-6.884656961291432372e-04
-7.061985774088386280e-04
-7.181848036657577155e-04
-7.293575454250821911e-04
-7.393318444190602554e-04
-7.495465841070797844e-04
-7.644449138324212753e-04
-7.755583719651427997e-04
-7.918952209989702428e-04
-8.133103741549415440e-04
-8.293841181040133986e-04
-8.353028068303464636e-04
-8.557748874249895138e-04
-8.695380029002534915e-04
-8.779302935020683171e-04
-8.972993530057059948e-04
-9.159472835802830257e-04
-9.226823254688972485e-04
-9.435001798033180705e-04
-9.636097675485953565e-04
-9.737299453838483545e-04
-1.003508206485237073e-03
-1.013682823230119398e-03
-1.040469237130509702e-03
-1.061764428895688693e-03
-1.075525955614640723e-03
-1.119712950577515277e-03
-1.166308117306102997e-03
-1.198087798244820311e-03
-1.210963793911025259e-03
-1.264535086150442690e-03
-1.287673425577666453e-03
-1.315541308277597826e-03
-1.348377943966641828e-03
-1.390501573994263945e-03
-1.415448262811682062e-03
-1.441751225825262583e-03
-1.508180930219750211e-03
-1.583852140767056608e-03
-1.645566628548217596e-03
-1.701937581265963468e-03
-1.767034813166379077e-03
-1.877059935356498351e-03
-2.022505366888431057e-03
-2.359197597950001522e-03
-2.455201805787709732e-03
-2.524336378000912543e-03
-2.584548011674203151e-03
-2.764936827306334940e-03
-2.815234690853457566e-03
-3.099616791903864015e-03
-3.181333758480648678e-03
