-1.327646235887152582e+00
-2.106241059977122521e-01
-1.750871064621298545e-01
-6.865044021987085077e-02
-5.809651268551813130e-02
-4.112147654188486740e-02
-3.753652820504513321e-02
-2.321781066551025646e-02
-2.029815808835971902e-02
-1.809267092968771043e-02
-1.574785330223201635e-02
-1.319566534544176425e-02
-1.217736990090811412e-02
-1.118043662639167310e-02
-9.498983090329780887e-03
-8.365030604446644508e-03
-8.224367114800996623e-03
-7.897658624529041438e-03
-7.340230263228358053e-03
-6.592412779084365348e-03
-5.279366829857650226e-03
-4.917190683989782450e-03
-4.797416131310593135e-03
-4.257560780088499516e-03
-4.111721024374109107e-03
-3.906936758473309942e-03
-3.782178501696981891e-03
-3.536430609238835725e-03
-3.379510329784498820e-03
-3.115310439757092761e-03
-2.894919097126274609e-03
-2.871959751802802187e-03
-2.691173732498683066e-03
-2.480639116143636570e-03
-2.339609329048919495e-03
-2.310420945941811955e-03
-2.171674628595110599e-03
-2.134290730503400450e-03
-2.060737668059468841e-03
-1.943374444098338932e-03
-1.845193199188743588e-03
-1.777737356285783799e-03
-1.681394825120063104e-03
-1.628818807793387712e-03
-1.586047370744194393e-03
-1.505578564269825347e-03
-1.443329971748486939e-03
-1.402158100052959544e-03
-1.326384248033831651e-03
-1.284641644152313732e-03
-1.190732755177425920e-03
-1.183843735831399463e-03
-1.140296958046759174e-03
-1.085361687850046851e-03
-1.069428405826725178e-03
-1.022529927573846177e-03
-9.922919372260881506e-04
-9.639290906631129557e-04
-9.306539349142497856e-04
-9.223526083903512080e-04
-8.651900274219000934e-04
-8.261211823790628886e-04
-7.837282648878372794e-04
-7.707844104868835774e-04
-7.290194347512170357e-04
-7.255752354578463674e-04
-6.969135796335768811e-04
-6.791659453718351972e-04
-6.362955031852327850e-04
-6.252219644654854721e-04
-6.144907049078227393e-04
-5.931115544208962441e-04
-5.775112581211762960e-04
-5.676055772140915171e-04
-5.328032276158730773e-04
-5.004626254048197493e-04
-4.862139239430438064e-04
-4.813778718059327929e-04
-4.768370403292113537e-04
-4.572996792658702635e-04
-4.477338545185848701e-04
-4.358176489694328987e-04
-4.304446363968225425e-04
-4.151916172102015435e-04
-3.940913575643066190e-04
-3.910483020657496518e-04
-3.775410159571399157e-04
-3.693403067859228487e-04
-3.598268439504033163e-04
-3.450509275182960661e-04
-3.300479899919170909e-04
-3.201693619998666912e-04
-3.145531360870108231e-04
-3.068051026612362837e-04
-2.965931020632582875e-04
-2.928082080893370273e-04
-2.842078771713564631e-04
-2.838336383118780630e-04
-2.701028265270610232e-04
-2.544368161510052054e-04
-2.504674451881083687e-04
-2.497164236750881012e-04
-2.391721025041723117e-04
-2.284190155170692338e-04
-2.214852471140505742e-04
-2.184940509272073692e-04
-2.086059038444537618e-04
-1.996630003119079862e-04
-1.927152389279582429e-04
-1.911486937375574244e-04
-1.855343922220286756e-04
-1.814990681354021376e-04
-1.779518824502466416e-04
-1.726072889446387192e-04
-1.681210180601007496e-04
-1.627214246075132150e-04
-1.568784295503911313e-04
-1.531603467709536444e-04
-1.501424671366310265e-04
-1.443752249937168804e-04
-1.371542326018191347e-04
-1.331975398451264116e-04
-1.275879587872752376e-04
-1.258889508642435694e-04
-1.227574940725175757e-04
-1.178005956765627941e-04
-1.140984988977827635e-04
-1.104476841381114724e-04
-1.094855758125757748e-04
-1.074539429221947812e-04
-1.060143918431847221e-04
-1.000416884304259740e-04
-9.651096768125444502e-05
-9.543783593670185947e-05
-9.387276324460385596e-05
-9.144149531907519186e-05
-8.807858897803257038e-05
-8.535147832548913797e-05
-8.380257734659839425e-05
-8.343795472284539860e-05
-8.201647000549167489e-05
-7.766364077875402355e-05
-7.692555645731148954e-05
-7.476110601391461807e-05
-7.109086988346473811e-05
-6.800597586942735051e-05
-6.461835772573980134e-05
-6.311298865774505544e-05
-6.205427942532350900e-05
-6.123704076593355352e-05
-5.928492724544133480e-05
-5.889280320611289219e-05
-5.751066613488542130e-05
-5.448408501454803614e-05
-5.221929147978900446e-05
-5.151380158797910531e-05
-5.066067488978171401e-05
-4.936417722110860763e-05
-4.852724320630191768e-05
-4.588096118823660279e-05
-4.476696414537382021e-05
-4.281510114479582235e-05
-4.162065360313148813e-05
-4.127057855647843108e-05
-4.093503151852473566e-05
-3.880836543208281283e-05
-3.796769322515718663e-05
-3.726703458639729811e-05
-3.620433228511927502e-05
-3.538213789322398065e-05
-3.398930004989098258e-05
-3.303098926126507568e-05
-3.277761096893634006e-05
-3.130539084713218509e-05
-3.048842312572747605e-05
-2.860963004493553158e-05
-2.786104969460660751e-05
-2.684163202932161909e-05
-2.641075510698002562e-05
-2.558579133756965350e-05
-2.455576003628243625e-05
-2.372708257630664426e-05
-2.288198870840772413e-05
-2.205433473637521412e-05
-2.136021529940018726e-05
-2.092422452746620784e-05
-2.045669999018603588e-05
-1.983340230140683618e-05
-1.883447230478115428e-05
-1.845281504092296870e-05
-1.736899068918522202e-05
-1.712016303211399512e-05
-1.654538089642810164e-05
-1.561204116073500607e-05
-1.466994392979095718e-05
-1.450647394293709252e-05
-1.407413653307664624e-05
-1.380113200647468758e-05
-1.258754116751185959e-05
-1.237273470155581680e-05
-1.187477218439417875e-05
-1.151927614802298451e-05
-1.094359729588481883e-05
-1.074555784811483021e-05
-1.025391073150259404e-05
-1.000344807475688780e-05
-9.429454696893090445e-06
-9.103341437891002440e-06
-8.824347860906279429e-06
-8.438450758366323185e-06
-7.949991891692417701e-06
-7.409144642693649549e-06
-7.250753007733635983e-06
-6.801755148857458410e-06
-6.538533541092424601e-06
-6.243686901630166104e-06
-5.839037000121582987e-06
-5.404548144859158047e-06
-4.929191459447110365e-06
-4.799251457962905713e-06
-4.674671504094987412e-06
-4.405239276413753088e-06
-4.267030097406825043e-06
-4.161282930124617172e-06
-3.916442442989402993e-06
-3.505734304408122585e-06
-3.122496140144302798e-06
-2.988762081700116844e-06
-2.555304219656334567e-06
-2.469523626934683253e-06
-2.219305821752733530e-06
-1.933035036059815769e-06
-1.864360671996179831e-06
-1.710870539597800877e-06
-1.319483083218232924e-06
-1.215268164833733007e-06
-8.246783992602287569e-07
-5.836659234785679692e-07
-4.316383001548017760e-07
-4.164186230992643208e-07
-2.414314418946445085e-07
-1.791086917867734717e-07
-3.791277751932567572e-08
-3.327048583441496070e-08
-1.553164365955101392e-08
-9.760156787049592237e-09
-3.208700823945895361e-09
-2.062650974593271991e-09
-3.531610248641717886e-10
-1.398385558728667588e-10
-5.303883088384956411e-12
2.919166830783441947e-20
2.935960476274980004e-19
5.272696287404311805e-10
6.627878368567579653e-10
1.878357962609620132e-09
3.636231392773793592e-09
7.763211156262162628e-09
8.387425647857016689e-09
9.541782880629012245e-09
1.043255127310906545e-08
1.560957631274797597e-08
1.733644791546136821e-08
2.098975513228368574e-08
2.343472198609173403e-08
2.871680937837960027e-08
3.154754640188837392e-08
4.859602557525008315e-08
5.112446682947955068e-08
5.933085412531594719e-08
8.880508109007013134e-08
9.289877067619961324e-08
1.237086926730729806e-07
1.405108467011649573e-07
1.885813311360302580e-07
2.286644494855004152e-07
2.415049105668642090e-07
2.525576968315837411e-07
2.760705101546050132e-07
3.785126216138788146e-07
4.332728085728987638e-07
4.932299679997320926e-07
5.291061840935460331e-07
6.105289687210372896e-07
6.319390357952604667e-07
7.634825671598943556e-07
8.105399021757627437e-07
1.049521268492506603e-06
1.168244533333318016e-06
1.491044883019245933e-06
1.630479780248710495e-06
1.816079946556635705e-06
1.847668872179884663e-06
2.130217089328844450e-06
2.144730529073524235e-06
2.338597517035511998e-06
2.801761798573296172e-06
2.939193764361501796e-06
3.233387491717856057e-06
3.428359192762197366e-06
3.855996557528613056e-06
4.505108202959961254e-06
4.901032637851968479e-06
5.079567667197655307e-06
5.605392003205904017e-06
5.743043797773005083e-06
6.274083398933503908e-06
7.134072057197754010e-06
7.651117283354764095e-06
8.150327607080821773e-06
8.760138353645537248e-06
9.225511311964050621e-06
9.663421619969918218e-06
1.007019691996832478e-05
1.043584030709451267e-05
1.152356927305625560e-05
1.246220205732237484e-05
1.313204634357472359e-05
1.330271595679722274e-05
1.443138486129579285e-05
1.494298102087242201e-05
1.603141035517653852e-05
1.766430798049097942e-05
1.844749987846565527e-05
1.981369882400888844e-05
2.030595789865768171e-05
2.168648203525170597e-05
2.348441491541403223e-05
2.521069917272483049e-05
2.545535939594545778e-05
2.606672671089787984e-05
2.836134225838531743e-05
3.009476571574592313e-05
3.086562511128775559e-05
3.247295729392620742e-05
3.534768244068394545e-05
3.577336901511540520e-05
3.872550208749476222e-05
4.114512935670510953e-05
4.256044867279833567e-05
4.457621888544613311e-05
4.703444594355547673e-05
4.849744344938358438e-05
5.073800248632793743e-05
5.240062026283070747e-05
5.477822202670275801e-05
5.942435103286207882e-05
6.004088525452846281e-05
6.636233444112548177e-05
6.969813507026098836e-05
7.105568878795483038e-05
7.436954845060042465e-05
8.011853330268239122e-05
8.152400007057763196e-05
8.631339938984336653e-05
9.062380139990969317e-05
9.453660350330820412e-05
9.666646422739046877e-05
1.040271406301458869e-04
1.114815879586225156e-04
1.126481763398365685e-04
1.132071434693446152e-04
1.204854858530171835e-04
1.219441165112360534e-04
1.339891393971044762e-04
1.393566533417583649e-04
1.419892953776876127e-04
1.476974436648386920e-04
1.499701081986929275e-04
1.540388627293889099e-04
1.636769142570550955e-04
1.788849266528492923e-04
1.855000047065962334e-04
1.956854965865543691e-04
2.047984922447172772e-04
2.228607909442529276e-04
2.379530208924818670e-04
2.420600272194629811e-04
2.546095988583942310e-04
2.649564235591052178e-04
2.779191594962782791e-04
3.006505061574732103e-04
3.089767315005169292e-04
3.189441027252382425e-04
3.370910009754834492e-04
3.544982398477501337e-04
3.828323213424623473e-04
3.996577954617893053e-04
4.175059414760909165e-04
4.358891322253184361e-04
4.557099333194738946e-04
4.593950399296166625e-04
4.646702708344897987e-04
5.313598887917369510e-04
5.459503971184146657e-04
5.739221420552724235e-04
5.932772338920341230e-04
6.373929243527766929e-04
6.790644549399593504e-04
7.053635285037637313e-04
7.191060568920444162e-04
7.773371755338772705e-04
8.262087730992877547e-04
8.705969568083916964e-04
9.284838431404311915e-04
1.045613330775866474e-03
1.068361223473249114e-03
1.128052500255253719e-03
1.164238667866270048e-03
1.179016061103927435e-03
1.212129817932556261e-03
1.312933716630270819e-03
1.362101353083808178e-03
1.422004635729071965e-03
1.557658599561484621e-03
1.579696170678731573e-03
1.722336383349305951e-03
1.823516290350180166e-03
2.033445122653423053e-03
2.186128951163900103e-03
2.350326636920053395e-03
2.394978041397090914e-03
2.406737139440268732e-03
3.036225984410060013e-03
3.136847210220837165e-03
3.760548432857495349e-03
4.091705967134826386e-03
4.615265754806947320e-03
4.857465858020883556e-03
5.285047917782349433e-03
6.799258241347602358e-03
7.283096922530676171e-03
8.977713859768296500e-03
1.001834238907916078e-02
1.198318741263476421e-02
1.553578926933090604e-02
1.795939233531679974e-02
2.542678273298885905e-02
3.686514651750481819e-02
6.014290069074255951e-02
2.043048092012096362e-01
