-1.268967581126180022e+00
-2.034587949897040948e-01
-1.719535805801889194e-01
-6.767655098006958303e-02
-5.757661985965315671e-02
-4.074006270114841760e-02
-3.716649644637463196e-02
-2.307197861346167722e-02
-2.007953320364063918e-02
-1.807307783132950513e-02
-1.560207955184475699e-02
-1.307355909329923141e-02
-1.211603259080487431e-02
-1.112461715110538672e-02
-9.420291812313776048e-03
-8.315969668744678869e-03
-8.156996855768277113e-03
-7.824402522246304628e-03
-7.283453059353656167e-03
-6.554498777605591645e-03
-5.229312790604984974e-03
-4.876686864915056110e-03
-4.789850911875832666e-03
-4.226679330754149443e-03
-4.092112257434546083e-03
-3.894208613117168278e-03
-3.733598745608547858e-03
-3.503289594193785030e-03
-3.353592382430113043e-03
-3.094616352626961605e-03
-2.879014665945561335e-03
-2.858682446677167453e-03
-2.681977831768385823e-03
-2.452571562979594111e-03
-2.319222007848529242e-03
-2.271207644589738270e-03
-2.131574259901966497e-03
-2.097522232163039763e-03
-2.039735732189959690e-03
-1.928919790797172396e-03
-1.836983201895354099e-03
-1.750687512200183212e-03
-1.669581880818822670e-03
-1.617438696729376355e-03
-1.563112373291031514e-03
-1.491421731809616531e-03
-1.429625689074015635e-03
-1.396274744298219061e-03
-1.320928545682901502e-03
-1.277997625150642524e-03
-1.175594224398768305e-03
-1.168414119029172584e-03
-1.137318695401718857e-03
-1.072981056648298010e-03
-1.056949725763122730e-03
-1.011535141955663408e-03
-9.831772415615784751e-04
-9.576973768540283189e-04
-9.223879897390599046e-04
-9.098002808518197704e-04
-8.520230680312340047e-04
-8.158767410872990507e-04
-7.760667970549989941e-04
-7.584390739085760573e-04
-7.244656533983329268e-04
-7.188158723153769769e-04
-6.840944315283322731e-04
-6.684217653176563511e-04
-6.351039938205950810e-04
-6.200593135422630695e-04
-6.059840684972118670e-04
-5.868519730230872290e-04
-5.673751572629372186e-04
-5.596201874226413566e-04
-5.282891434245273916e-04
-4.963152144762462189e-04
-4.812416329066460195e-04
-4.765600498774241354e-04
-4.720707981356804289e-04
-4.472324805716872522e-04
-4.400204736373497234e-04
-4.307121515521936247e-04
-4.242331313777770270e-04
-4.101459956327583103e-04
-3.889345530919688853e-04
-3.855582670177494205e-04
-3.772908954818977412e-04
-3.693985257851683363e-04
-3.607076470149229628e-04
-3.416198987712941882e-04
-3.296130541855864411e-04
-3.258406216949959774e-04
-3.117588768860824421e-04
-3.062451522845929417e-04
-2.988052157944196289e-04
-2.942726180974564545e-04
-2.860984184195274711e-04
-2.798740713363874781e-04
-2.760895014602854380e-04
-2.667488863888843034e-04
-2.613084773154031575e-04
-2.475121824536516586e-04
-2.451600537528508209e-04
-2.331752064740691681e-04
-2.300855483799445797e-04
-2.217409377391127347e-04
-2.154294780059945685e-04
-2.031920405743173862e-04
-1.995692684660374050e-04
-1.882194764334896601e-04
-1.877041977521742724e-04
-1.789865924586831164e-04
-1.779040249737983889e-04
-1.757874766417822797e-04
-1.715465668046147049e-04
-1.667325700894246442e-04
-1.599556679955022379e-04
-1.543735453738882151e-04
-1.507037535054825070e-04
-1.463933589187183470e-04
-1.422303560840545479e-04
-1.374173789784489128e-04
-1.319613053682219394e-04
-1.249485587713835980e-04
-1.236077519784133192e-04
-1.210561016721567381e-04
-1.149688553927914037e-04
-1.138365418114690346e-04
-1.104282900169278929e-04
-1.070791689917762704e-04
-1.067717319764559133e-04
-1.037950408407317752e-04
-9.946657832550049813e-05
-9.492654839710103752e-05
-9.452563937212888387e-05
-9.171533520260373678e-05
-8.776472644832077768e-05
-8.686653832768034345e-05
-8.421708292419764319e-05
-8.219798100739581339e-05
-8.076083453006037806e-05
-7.966408507956274066e-05
-7.791902505772248212e-05
-7.510712272621648897e-05
-7.392274753551192693e-05
-7.181877379964874211e-05
-6.866290006072721689e-05
-6.715174778051704034e-05
-6.363931700272252537e-05
-6.034117678697059167e-05
-5.962491227965344864e-05
-5.812478528445352681e-05
-5.675939974334973261e-05
-5.648573718402129067e-05
-5.455848034911974176e-05
-5.256853499129844306e-05
-5.017764940184474894e-05
-4.923926866825027954e-05
-4.797524544181413776e-05
-4.655282653003814820e-05
-4.372321295131245537e-05
-4.319652688894384948e-05
-4.190644558682530565e-05
-4.069523970330496420e-05
-3.998590351365518658e-05
-3.992129467842349410e-05
-3.845810256621591343e-05
-3.765933772235575706e-05
-3.639467615244367730e-05
-3.529430710019735456e-05
-3.456038257833441075e-05
-3.387592054857033094e-05
-3.195540731923631779e-05
-3.157816393611101208e-05
-3.045834565319560590e-05
-2.910706901581419973e-05
-2.842329444329549899e-05
-2.809049169896782745e-05
-2.721067355561394483e-05
-2.621671191423793313e-05
-2.501024543220684831e-05
-2.462381025646234571e-05
-2.421081452845013078e-05
-2.315849538480119115e-05
-2.285148882153363042e-05
-2.175190738424309989e-05
-2.099310888028173400e-05
-2.041956874622032178e-05
-1.980466278680980563e-05
-1.922499102548941871e-05
-1.875611730233069200e-05
-1.801314898246048817e-05
-1.725399800578682983e-05
-1.612611736336289184e-05
-1.596731001870586487e-05
-1.563794896647039613e-05
-1.451298449074247781e-05
-1.372650243072778375e-05
-1.337154486239432444e-05
-1.306639676137880198e-05
-1.281805401763603164e-05
-1.167447450695371870e-05
-1.163598519159928706e-05
-1.108305417930773018e-05
-1.032570111351955836e-05
-1.005145795680656656e-05
-9.701597143363489695e-06
-9.254620003134949409e-06
-8.917151922103296326e-06
-8.718621600564266510e-06
-8.534561649415518469e-06
-8.077981978163326638e-06
-7.740014878882562149e-06
-7.418637747667540130e-06
-7.164575344419028371e-06
-6.886434155533438647e-06
-6.171162767145137855e-06
-6.021369438735316030e-06
-5.704477410743778128e-06
-5.455821673551880592e-06
-5.362340406854760141e-06
-5.116131049608115764e-06
-4.780696416614502441e-06
-4.703738004613008508e-06
-4.570874877928211701e-06
-4.179832672602654756e-06
-3.798125447787222030e-06
-3.723710082200683668e-06
-3.418543624740804244e-06
-3.246233589237634797e-06
-2.954347793313141592e-06
-2.648375618542520991e-06
-2.471597317249435624e-06
-2.347769037036310621e-06
-2.235226837782069384e-06
-1.911692769998879459e-06
-1.786006817670396281e-06
-1.586612118472803730e-06
-1.357686115507213777e-06
-1.118392905005568131e-06
-1.104229740715111634e-06
-7.294585536516594648e-07
-5.491887163771829349e-07
-5.059379966919881977e-07
-4.568605876939030368e-07
-3.207772353797173196e-07
-2.066235225147130677e-07
-8.449667174397868690e-08
-2.770315211818502362e-08
-1.144726562731401442e-18
3.778136395014770219e-19
4.601683129807228723e-09
2.672799672941656301e-07
5.057176907613983295e-07
5.795816094663596309e-07
6.044077105174896986e-07
7.836116066373158111e-07
9.575595287204759427e-07
1.195464722381079027e-06
1.264597510500383657e-06
1.381267187049324945e-06
1.609462012187081474e-06
1.826624475843975332e-06
1.838625918720933097e-06
2.183262739766494897e-06
2.384024230252776205e-06
2.433288443229886611e-06
2.806638703865831412e-06
3.309700742256995079e-06
3.382925169334107034e-06
3.581785568467745474e-06
4.028336308758466368e-06
4.290427342299227000e-06
4.543197226226884413e-06
4.985823538602647236e-06
5.084451364347406701e-06
5.550916676283745460e-06
5.920419952630960404e-06
6.508925894694620982e-06
6.810257678031948221e-06
7.011651092824297068e-06
7.252632374995708130e-06
7.727735652764861310e-06
8.641427134862214671e-06
9.057900492614351948e-06
9.089713938906971469e-06
9.896002013931921943e-06
1.005603389575283756e-05
1.106481447482616472e-05
1.151478560756123836e-05
1.220510531450763769e-05
1.259021010151840055e-05
1.300725348457294092e-05
1.408004615105721463e-05
1.473332097690808528e-05
1.594204972703069104e-05
1.629057505633392630e-05
1.640565144487602259e-05
1.683266932074447959e-05
1.898804002287299435e-05
1.952393726820854337e-05
2.108925512582759650e-05
2.141896625509833409e-05
2.295774640922129637e-05
2.405515277068588162e-05
2.465534410078093342e-05
2.529099172910691053e-05
2.747593808298370223e-05
2.928757676562669603e-05
3.027426223741548671e-05
3.070783974069254588e-05
3.124048644082574286e-05
3.409017695323453653e-05
3.675222041252918740e-05
3.698122527121315919e-05
3.942169018742821998e-05
4.027120488990257817e-05
4.347923806627412038e-05
4.366888841338721161e-05
4.615956464630698172e-05
4.810883903160179223e-05
5.041501892199866332e-05
5.168909390961297503e-05
5.352199075000828386e-05
5.666201315546588014e-05
5.768613868064100274e-05
5.918216448786798456e-05
6.162347131587517885e-05
6.407100772149847958e-05
6.618161202689129324e-05
6.861148613297158954e-05
7.170173305463761824e-05
7.444218432053617280e-05
7.577504890737821381e-05
7.965378645277655049e-05
8.302142501260834908e-05
8.730183839505116115e-05
9.075111106100124201e-05
9.115441090208796439e-05
9.585068900834369150e-05
9.773617637306057984e-05
1.034217002083019827e-04
1.086330825482113643e-04
1.127855777122852487e-04
1.174639436245534244e-04
1.259072814523623377e-04
1.307851919768649764e-04
1.314807453648878476e-04
1.337042196273952423e-04
1.354549774878413960e-04
1.408899391084282278e-04
1.441982039731648057e-04
1.497382435493106647e-04
1.662053756679915048e-04
1.694211286162340398e-04
1.716389196704045544e-04
1.800660748358605650e-04
1.891005612596165166e-04
1.963967270822339871e-04
2.106255425735497385e-04
2.170374963201019628e-04
2.243507458128184368e-04
2.353816453137187227e-04
2.473858809636569271e-04
2.519509847770706247e-04
2.614382641137605518e-04
2.814105084414910622e-04
2.847900657882131907e-04
3.010241642383654171e-04
3.047120300981919026e-04
3.146592772124875677e-04
3.544588685445686097e-04
3.604447835023277618e-04
3.742466678245915876e-04
3.909189599101243421e-04
3.974625562097390844e-04
4.105555105228071364e-04
4.300860018439365043e-04
4.426171792492490913e-04
4.540282006338481691e-04
4.928348869515616123e-04
5.006285357685294002e-04
5.220544621340902046e-04
5.509829596418413513e-04
5.812979411927298064e-04
5.927754319077575265e-04
6.060346021766263580e-04
6.303785208451287599e-04
6.560127742842010792e-04
7.142754251014856977e-04
7.181176733118413901e-04
7.447440089086858383e-04
7.860476031038168918e-04
8.227784807713509280e-04
8.642186135856807843e-04
9.518716819566531160e-04
9.779999080041876930e-04
9.965013554610860271e-04
1.039541303059113341e-03
1.085546700293750673e-03
1.136732841235214625e-03
1.178528062661874688e-03
1.196659296137878633e-03
1.281453722341244651e-03
1.335021036735119758e-03
1.366377552657150945e-03
1.387445482663121881e-03
1.462285668551564386e-03
1.516885427567356889e-03
1.628355160390461062e-03
1.706745315672986412e-03
1.915302719406686803e-03
1.927527114294168590e-03
2.035076931934141214e-03
2.168876836754828324e-03
2.178329998790138819e-03
2.506329044670851502e-03
2.538064521924175785e-03
2.748792387767027157e-03
2.932046464684240523e-03
3.060542024655704425e-03
3.374824605592498684e-03
3.725188624234714637e-03
4.094014100886072920e-03
4.659034951582854446e-03
4.874298061918345450e-03
5.011394638529054896e-03
5.759953923701780810e-03
6.080140962147021280e-03
7.016014836513259807e-03
7.499114284514553710e-03
9.111650569602468275e-03
1.028812999343271806e-02
1.120904411046618789e-02
1.287692862673921537e-02
1.748076802290477599e-02
1.925731935578867474e-02
2.773579788478154617e-02
3.957549389961152048e-02
6.094142870883681451e-02
1.983613584059124857e-01
