-1.977938286547811786e-01
-1.092637479102007286e-01
-9.634839953889999531e-02
-7.191809661970968715e-02
-6.028151392532735131e-02
-5.039551565602316124e-02
-4.457003948675117982e-02
-3.959425561272848781e-02
-3.433365205461642866e-02
-3.015684957421455384e-02
-2.974075933377251166e-02
-2.607299270720165457e-02
-2.434975073743106400e-02
-2.304042858791701537e-02
-2.076761994931195301e-02
-2.004280553847076832e-02
-1.956125728746517869e-02
-1.677093434270991723e-02
-1.486121794018521389e-02
-1.462243284706535480e-02
-1.358549639041806492e-02
-1.302187272438203904e-02
-1.109895157716437979e-02
-1.071174658518732857e-02
-1.049522331084346699e-02
-9.804221941441060642e-03
-9.774642802217254484e-03
-9.136898895070312207e-03
-8.792255319980679662e-03
-8.404580656809790620e-03
-7.826520861730135170e-03
-7.534063486457203210e-03
-7.046825520143732390e-03
-6.886610460282728205e-03
-6.653868095271550480e-03
-6.572585864876015135e-03
-6.129731454811370231e-03
-5.866866437271913218e-03
-5.762219415654691937e-03
-5.562491233472234738e-03
-5.376151279549679432e-03
-5.203063350019588792e-03
-4.944923701920165594e-03
-4.798036576828660672e-03
-4.632068144089966123e-03
-4.568951702133675769e-03
-4.470494624199701679e-03
-4.353719395549864382e-03
-4.167333454993091442e-03
-4.009706951660839576e-03
-3.913405189672154727e-03
-3.804580866498268651e-03
-3.769319859512584078e-03
-3.463005300637050313e-03
-3.401446358959566742e-03
-3.270673718479930048e-03
-3.222854922861552191e-03
-3.191684937831869642e-03
-3.072258048738784730e-03
-2.991167482197663180e-03
-2.850129307536161758e-03
-2.817178021007347381e-03
-2.711898423992381915e-03
-2.552466891716526770e-03
-2.522172862168452559e-03
-2.393640577766436087e-03
-2.338988522421440487e-03
-2.299189629968677144e-03
-2.294623791695934480e-03
-2.253842110477400924e-03
-2.201680089819758965e-03
-2.152619037225085574e-03
-2.066160121995507058e-03
-2.023816233905183313e-03
-1.979750296424648455e-03
-1.946575581265469869e-03
-1.909926337088412246e-03
-1.885522708710747793e-03
-1.862507372235823987e-03
-1.831988301813042329e-03
-1.773851112567525297e-03
-1.736584784760492701e-03
-1.731920456384516841e-03
-1.674066474703960264e-03
-1.621265378622195651e-03
-1.613393301571594595e-03
-1.589579550694028174e-03
-1.557090847934101746e-03
-1.518079351451475214e-03
-1.443054769440139679e-03
-1.422130972513502420e-03
-1.380100589181709487e-03
-1.353803775818375899e-03
-1.334589548052427617e-03
-1.310966033055399561e-03
-1.283479179385750308e-03
-1.253432660007865055e-03
-1.188713052403205569e-03
-1.177731913793885182e-03
-1.140616596893075660e-03
-1.134653979660558195e-03
-1.091881026616309475e-03
-1.079962721217643399e-03
-1.043626655526248923e-03
-1.024002622473051821e-03
-1.015384181762601316e-03
-9.863331521277288617e-04
-9.784976090940575733e-04
-9.711371408083273012e-04
-9.639813791359961833e-04
-9.536372266856187529e-04
-9.415778134045021475e-04
-9.123229696853026732e-04
-8.907986706595726273e-04
-8.633651640582640967e-04
-8.450236651204972834e-04
-8.213099150123849730e-04
-8.070821095655697063e-04
-7.833751210328293753e-04
-7.777599696229363499e-04
-7.649730874376532101e-04
-7.555197826376598268e-04
-7.455754030072789728e-04
-7.373665278235477143e-04
-6.916504110216774477e-04
-6.897787532731373831e-04
-6.763411591904898998e-04
-6.683297107396931778e-04
-6.541891387532482649e-04
-6.380600276868520241e-04
-6.293961722450640804e-04
-6.129982720435752904e-04
-6.051590183100494106e-04
-5.957081427189975589e-04
-5.855750274829428590e-04
-5.776036566920400399e-04
-5.510420858790281325e-04
-5.360949497291480617e-04
-5.323258866385445357e-04
-5.243603507238717935e-04
-5.221092030062301917e-04
-5.051987298516839690e-04
-4.948647964430787213e-04
-4.910266602714440575e-04
-4.836860955893078893e-04
-4.694807034516328115e-04
-4.681711427266880806e-04
-4.527512811165271267e-04
-4.430835714246752501e-04
-4.392213222476759734e-04
-4.337365410476535610e-04
-4.205668461576226322e-04
-4.187760519406473567e-04
-4.028904066186250960e-04
-3.937255276159612179e-04
-3.922135366116814479e-04
-3.827262749937882739e-04
-3.700959514083749613e-04
-3.678962690695418100e-04
-3.662679745380361881e-04
-3.581704399553370757e-04
-3.458500364658921317e-04
-3.414311437146376883e-04
-3.385927827163512870e-04
-3.355925187454641815e-04
-3.282916178719216273e-04
-3.131801864003682647e-04
-3.117774361836855856e-04
-3.085048964517577959e-04
-3.031888675392560074e-04
-2.976006535529386252e-04
-2.907711323466318615e-04
-2.881855912524372478e-04
-2.849801662737523069e-04
-2.808488722543091374e-04
-2.729111013071332855e-04
-2.660932027333280788e-04
-2.613739564540756280e-04
-2.575364577655832473e-04
-2.541268369972134265e-04
-2.513596254913423047e-04
-2.467818049218814340e-04
-2.435667404163856925e-04
-2.386222946499950428e-04
-2.294592949371763524e-04
-2.245850638567675219e-04
-2.223645171180784613e-04
-2.180927656139197810e-04
-2.147933955775184836e-04
-2.099314824508727154e-04
-2.066203647141590441e-04
-2.053846221219072913e-04
-2.015185833606523774e-04
-1.993691358831173343e-04
-1.932752430240929780e-04
-1.914346726335404295e-04
-1.900642988311759113e-04
-1.873009049581234921e-04
-1.822274031342808966e-04
-1.798431476473471538e-04
-1.748683631873880213e-04
-1.746241591074685609e-04
-1.702783835211532561e-04
-1.651588805228701863e-04
-1.629388002392350701e-04
-1.591890308539131845e-04
-1.549628814208305809e-04
-1.544192996988181577e-04
-1.489002666218988355e-04
-1.438303182595583932e-04
-1.420683132642713170e-04
-1.394491550890413129e-04
-1.375029902320486338e-04
-1.344336776554918254e-04
-1.304689333017869401e-04
-1.292388794989597970e-04
-1.289395642754731963e-04
-1.263854705899677272e-04
-1.245189203540845047e-04
-1.231252572480023573e-04
-1.182500401573739280e-04
-1.154297565930795645e-04
-1.146121800664934472e-04
-1.139655351303033211e-04
-1.135365085721080160e-04
-1.088094708549337049e-04
-1.082424743465269535e-04
-1.049844217247998670e-04
-1.037501571138771530e-04
-1.025698852051875254e-04
-9.852418137894270215e-05
-9.726971027223744852e-05
-9.573430794955050532e-05
-9.222000873897653731e-05
-9.108216587339202752e-05
-8.911946990025637226e-05
-8.792183787592131451e-05
-8.762690998408808653e-05
-8.702553940980996489e-05
-8.375305031219857635e-05
-8.309990627615818917e-05
-8.117591599114722524e-05
-7.780887663398458512e-05
-7.752331043307327289e-05
-7.639343875013988286e-05
-7.510624090358527009e-05
-7.379694393267037273e-05
-7.294150861077879685e-05
-7.178597574000550807e-05
-7.043611042327054482e-05
-7.027683414516194924e-05
-6.897570757429796404e-05
-6.711241903440598705e-05
-6.570321282083757672e-05
-6.286524170594131526e-05
-6.208026087154145235e-05
-6.116674863169746295e-05
-6.038372746845165593e-05
-5.829894145729978366e-05
-5.696860636119251961e-05
-5.616394986858755741e-05
-5.419205761012312565e-05
-5.283846513265442953e-05
-5.188066773102015966e-05
-5.091176071523087330e-05
-4.941184732877886276e-05
-4.911138730422803409e-05
-4.730311569125334814e-05
-4.669623151593251838e-05
-4.567059614028213253e-05
-4.493340578848556861e-05
-4.438631837063579486e-05
-4.254275473292002096e-05
-4.194802967080485406e-05
-4.129981924791937354e-05
-4.073682482988749437e-05
-4.035568714770691485e-05
-3.822127164922711182e-05
-3.713994988870639971e-05
-3.659831823331980691e-05
-3.599085049245363696e-05
-3.554727063696979506e-05
-3.425025009833153604e-05
-3.343611546743493302e-05
-3.248314360781666535e-05
-3.201618091738500221e-05
-3.087050647573048986e-05
-3.036686390685666614e-05
-2.936091820284270814e-05
-2.930004194819428476e-05
-2.862893869253469695e-05
-2.792276501829043709e-05
-2.760094835974001210e-05
-2.707086398476202989e-05
-2.678715597766548564e-05
-2.613140741416699616e-05
-2.506282020736934715e-05
-2.436625780310785471e-05
-2.365239519925110118e-05
-2.307066574653100758e-05
-2.245521729524567123e-05
-2.185211391320134093e-05
-2.154520141304591081e-05
-2.123374100056867267e-05
-2.070471173413792465e-05
-1.968175384704373162e-05
-1.960393799109833534e-05
-1.866790509013781571e-05
-1.796572824466306434e-05
-1.761341914791815142e-05
-1.721498879516432994e-05
-1.714152151481972632e-05
-1.638057385098771679e-05
-1.627606407815455073e-05
-1.540043084242624121e-05
-1.517713643883175519e-05
-1.494607370668911387e-05
-1.449507569820036403e-05
-1.414746426800289944e-05
-1.352334277380158012e-05
-1.313824811096678147e-05
-1.285462806560789625e-05
-1.253483548225810153e-05
-1.197832436800862325e-05
-1.153963177709881909e-05
-1.148302070827685796e-05
-1.106859865418106747e-05
-1.095210891343195141e-05
-1.049283323448334390e-05
-9.962126904552176605e-06
-9.617956095163175545e-06
-9.396983999919234951e-06
-8.708908273616462536e-06
-8.443579291353234216e-06
-8.237149811057110178e-06
-7.641704527020455045e-06
-7.505026582725411093e-06
-7.284399337430408473e-06
-6.643218219624229721e-06
-6.138198532915519924e-06
-5.836619498896466161e-06
-5.446389079270937830e-06
-5.014050664460800914e-06
-4.723232824267097867e-06
-4.452981504914117326e-06
-4.265590565183027568e-06
-3.946637074046924840e-06
-3.725127342076947436e-06
-3.612938691584794956e-06
-3.131666629302086662e-06
-2.852323542675381560e-06
-2.599005251813570178e-06
-2.409268060888905734e-06
-2.232150686294621816e-06
-2.068610630160398607e-06
-1.765290407479281411e-06
-1.411957276007205091e-06
-1.123282100896493085e-06
-1.009827211298847178e-06
-9.157321610252659991e-07
-7.393899271893222981e-07
-6.190179263525420353e-07
-4.452123572450660352e-07
-3.273539369666077021e-07
-1.734914146471710180e-07
-1.807819538108415591e-20
7.367509093097093407e-19
5.582740853838750379e-09
7.714292961924614568e-08
1.196035417191962660e-07
2.043005149100352394e-07
2.978080125355784357e-07
4.117161843856343657e-07
5.987172930150834642e-07
7.011686272835354584e-07
8.574998342020526973e-07
9.030583650013323162e-07
1.165815356340193136e-06
1.183689820432847934e-06
1.317248481581196807e-06
1.371787934348084590e-06
1.564864088441942409e-06
1.617409896075235235e-06
2.150259963972554029e-06
2.828950298137100600e-06
2.890818128648600689e-06
3.201719267219860842e-06
3.715085382874212044e-06
4.196750953730740040e-06
4.852010178407507292e-06
5.653911146055310163e-06
6.474054597175222244e-06
7.189353753480239300e-06
7.545270704824689937e-06
8.936168977526507740e-06
9.458878255092984501e-06
1.278008946040456171e-05
1.449303322974331136e-05
1.572590692580453571e-05
1.992250996112303267e-05
2.179724027424585094e-05
2.957538863808781727e-05
3.350077374604070309e-05
3.495816172125510059e-05
4.748490369612851000e-05
5.163190994275855371e-05
5.377303977040914914e-05
5.696449361397097871e-05
7.029853566163688330e-05
8.270298524047818632e-05
8.500716143813299768e-05
1.041993468668533246e-04
1.169975839412130562e-04
1.280686538402935201e-04
1.397521010307103408e-04
1.859896822807112146e-04
1.927792878586183356e-04
2.283512006084996568e-04
2.954530566114381852e-04
3.353560344490269973e-04
3.851037469434883190e-04
4.186455082844245737e-04
4.801655869176069710e-04
6.416316392909605926e-04
6.952009616672182816e-04
7.641318658902423533e-04
8.989360767707506999e-04
9.520161690215158323e-04
9.796171308414543255e-04
1.150918271458210851e-03
1.230688739206623394e-03
1.496706976054968177e-03
1.552356201225823075e-03
2.539695655606953508e-03
2.878046348551658445e-03
4.077399065379022289e-03
7.838394096019246637e-03
2.249550807897529592e-02
6.764485462180341857e-02
4.169001960075784385e-01
1.133189559284926151e+00
