-5.333630798533128825e-02
-4.499343244627519722e-02
-3.160288470243310943e-02
-2.401452135511048663e-02
-2.232060202654873038e-02
-2.010107363072630854e-02
-1.618332621415700251e-02
-1.323311577603947936e-02
-1.271088263494123821e-02
-1.256681700319913116e-02
-1.082692559794576695e-02
-9.478577402676267513e-03
-8.173972919687976652e-03
-7.672645967915173865e-03
-7.325916618445383471e-03
-7.061735224112426941e-03
-6.573014855200978897e-03
-6.098068857390090240e-03
-5.654536909132420325e-03
-5.333985896222895665e-03
-4.766257610228812232e-03
-4.406303692441878445e-03
-4.198446691741946485e-03
-4.024608906464112804e-03
-3.772926808100073633e-03
-3.695586005424557775e-03
-3.398551371302158813e-03
-3.286058080341998800e-03
-3.078180724126009394e-03
-2.951840133786496918e-03
-2.642907046186155923e-03
-2.556282974800954365e-03
-2.485408655658062713e-03
-2.432770156477553902e-03
-2.311757682909995268e-03
-2.223271748333485644e-03
-2.104749008955761422e-03
-1.988237942973801811e-03
-1.863940208572576005e-03
-1.755530265983438554e-03
-1.686269327166199086e-03
-1.613794575192643507e-03
-1.559567358858570665e-03
-1.492705882708744627e-03
-1.472047092944719394e-03
-1.378235672943090798e-03
-1.342429154731554844e-03
-1.318937233715670359e-03
-1.198523461704647554e-03
-1.183354698088602509e-03
-1.111931882147615402e-03
-1.069794128652737765e-03
-1.047011984837719874e-03
-1.020288346578004848e-03
-9.762259646993069273e-04
-9.534604750949277497e-04
-9.247980364694009629e-04
-8.553675049755416317e-04
-8.460907583728033291e-04
-8.341735333152872339e-04
-8.213849240477978956e-04
-7.981612765226904103e-04
-7.696051549331464191e-04
-7.380464947481649770e-04
-7.226976946980376033e-04
-6.867586886875430693e-04
-6.758109603167331393e-04
-6.618495237108683446e-04
-6.208525202926040015e-04
-6.159934228288970132e-04
-5.994079316839726361e-04
-5.785955716979714059e-04
-5.421759703667805184e-04
-5.354815458244451898e-04
-4.998407782082679935e-04
-4.940383987979075952e-04
-4.912821909841322667e-04
-4.778071605485721728e-04
-4.578727841494263911e-04
-4.377118982915246853e-04
-4.294225894876555708e-04
-4.155006633997557729e-04
-3.830782237269692633e-04
-3.713525744821133878e-04
-3.666786270011115141e-04
-3.640623794784978991e-04
-3.318241775388459697e-04
-3.307240269176916678e-04
-3.269242244423003325e-04
-3.182846265049296989e-04
-3.114736097272719178e-04
-2.950080137057767261e-04
-2.880687652361962892e-04
-2.797159949758264890e-04
-2.656293208652138753e-04
-2.603819733461607369e-04
-2.501532989133000112e-04
-2.393362905751739080e-04
-2.312511027520455049e-04
-2.232011220739095404e-04
-2.182964015188841253e-04
-2.068176173865293331e-04
-2.043181500311171594e-04
-1.985755091096129356e-04
-1.939573263417383817e-04
-1.871085679411734317e-04
-1.785662878613235478e-04
-1.728863904269765538e-04
-1.680648754644232818e-04
-1.652068617414454441e-04
-1.593629109432906040e-04
-1.545368393077245972e-04
-1.514074739109184248e-04
-1.478120070187713474e-04
-1.396621937008897519e-04
-1.391955917355024467e-04
-1.356028205501618551e-04
-1.319665687367002486e-04
-1.269716388609105722e-04
-1.231752820903456560e-04
-1.185597840180290207e-04
-1.163892168059677912e-04
-1.106606907521203391e-04
-1.088644581270704388e-04
-1.052781267376460303e-04
-1.027711703101377196e-04
-1.018410831214270213e-04
-9.848843749895627557e-05
-9.018913383679479610e-05
-8.733864294814925276e-05
-8.473335244402635958e-05
-8.402715964956020090e-05
-8.101007048137008777e-05
-7.777482194908127131e-05
-7.607410081852094815e-05
-7.310351836562491406e-05
-7.016925208307088729e-05
-6.938244137060524646e-05
-6.847962248059946146e-05
-6.656234999036157968e-05
-6.314350945397474919e-05
-6.240557979933799941e-05
-6.141067258140307089e-05
-5.727713791053289522e-05
-5.530497562546179800e-05
-5.424014922114542525e-05
-5.143595716606798795e-05
-5.030762122025845304e-05
-4.805159846243449375e-05
-4.710630635630148498e-05
-4.460951549627541939e-05
-4.328710866406852096e-05
-4.278976230716763249e-05
-4.143116233793347764e-05
-4.066660478557212023e-05
-3.944160206668580356e-05
-3.751443455434860753e-05
-3.660054854210902222e-05
-3.554227432991419899e-05
-3.375047589799870941e-05
-3.264186841583411767e-05
-3.107126823396441265e-05
-2.935260229288311510e-05
-2.836263603625352543e-05
-2.779241232228658141e-05
-2.716137722793304001e-05
-2.627554399275813235e-05
-2.555162591905479284e-05
-2.444057549569247229e-05
-2.396852606831160844e-05
-2.319946037913987302e-05
-2.277492671613067196e-05
-2.095955502097754879e-05
-2.027053587443346789e-05
-1.952868384710743031e-05
-1.824010984168758967e-05
-1.740797034963740747e-05
-1.697802170643225413e-05
-1.656475601298805153e-05
-1.560741389811607917e-05
-1.522288975665663527e-05
-1.474737476909388417e-05
-1.395526427241758642e-05
-1.337392458451556291e-05
-1.315514754013514551e-05
-1.235483962381533964e-05
-1.160266091095027077e-05
-1.121620504891583062e-05
-1.086867709618855350e-05
-1.000321736115536276e-05
-9.241610281104136859e-06
-8.808087715909354253e-06
-8.437697211352058086e-06
-7.795667249503964968e-06
-7.552158270304208403e-06
-6.945262521453096679e-06
-6.801356686957247616e-06
-6.140578816719864018e-06
-6.013842754545319601e-06
-5.763127742317161301e-06
-5.276684341183221349e-06
-5.079150450354605308e-06
-4.680894014905870434e-06
-4.450483878655208953e-06
-4.072790490494328653e-06
-3.949461105758729645e-06
-3.409298142649814400e-06
-3.289914821710213325e-06
-2.892377888186375496e-06
-2.849023143341995002e-06
-2.582651374738435134e-06
-2.340469688572273696e-06
-2.109906942310269753e-06
-1.940233843256822634e-06
-1.786248595956168837e-06
-1.701807182256137640e-06
-1.407250492434926262e-06
-1.242169040541351538e-06
-1.109813323565200198e-06
-8.782436049255301428e-07
-7.935632899025084566e-07
-7.263363784787081557e-07
-4.727951902621342182e-07
-2.693703689641856978e-07
-1.694636749675197543e-07
-1.406367287832089087e-08
1.410425125732999774e-18
2.330576376569776890e-18
7.644864569615339813e-08
1.685470020543542509e-07
2.956399566730020524e-07
4.925000629591679957e-07
5.597596700638362658e-07
8.084329515111162550e-07
1.043131296830407213e-06
1.331794717741665755e-06
1.481067358495795342e-06
1.557927625490479393e-06
1.673517303672432276e-06
1.894498187145283003e-06
1.980067004795373314e-06
2.102986869502321598e-06
2.459102139744999061e-06
2.626158436655523400e-06
2.861416165413861483e-06
2.978388811743605888e-06
3.248520755714768660e-06
3.280322176736123022e-06
3.867516551538586145e-06
4.115342086571402285e-06
4.370397645886948891e-06
4.636915515415281701e-06
4.931460104534653379e-06
5.107136705729781818e-06
5.671462622261606946e-06
5.749747798378166480e-06
6.147972980914976078e-06
6.672531694334500138e-06
6.925637386869260054e-06
7.697079980701512872e-06
7.845946346464127371e-06
8.203415727159171967e-06
8.568796021212883823e-06
8.813055116803375787e-06
9.103269380900824663e-06
9.399407522790301356e-06
1.057983092729788960e-05
1.111687831413764892e-05
1.171395484613791379e-05
1.253362468143449128e-05
1.302951510428648188e-05
1.327935728902529816e-05
1.466908704273803599e-05
1.520321691730655206e-05
1.541088840406586866e-05
1.595201064924066058e-05
1.668868945619177065e-05
1.738361551759431067e-05
1.798003447528935368e-05
1.891644676299749381e-05
1.924076411230450233e-05
2.074910289856633663e-05
2.170900048949274912e-05
2.251745450082226707e-05
2.326932930759200894e-05
2.546800915357387880e-05
2.588266934690992339e-05
2.666897237906652409e-05
2.746116512820183641e-05
2.896632059665793171e-05
2.964654469202917579e-05
3.017186793253007242e-05
3.160498528522412035e-05
3.327233807558500591e-05
3.532002534029208049e-05
3.616060629383742729e-05
3.743230225049098964e-05
3.946233493333182465e-05
3.984047868238131511e-05
4.018544154640349387e-05
4.370786657575887797e-05
4.504497592500289059e-05
4.855084403111249909e-05
5.194982184868382735e-05
5.272871705738528482e-05
5.378397879420665858e-05
5.565932188520929984e-05
5.869588154080953337e-05
5.877941604940392726e-05
6.157325008533254403e-05
6.242281480933813088e-05
6.603348397750486505e-05
6.730178630999119726e-05
7.037424748860068597e-05
7.227111581545837891e-05
7.368626278115063884e-05
7.798239780798941665e-05
7.975503842364119265e-05
8.248714478576621943e-05
8.608179833152162206e-05
8.890537449662373802e-05
9.542340792881550738e-05
9.885439570335971310e-05
1.015276398008028920e-04
1.043952992907290196e-04
1.066124083500679542e-04
1.096524085244471536e-04
1.147722030181082839e-04
1.196577010749656555e-04
1.225329821297534041e-04
1.256729370246654999e-04
1.312948132202646000e-04
1.373040471968441556e-04
1.416322918011215300e-04
1.441561771612564428e-04
1.490647985822901340e-04
1.543474076448108560e-04
1.626636295994743190e-04
1.652243218520126002e-04
1.779877146520287461e-04
1.824381442137921843e-04
1.848024954765704138e-04
1.936360079437569404e-04
1.977162714846567655e-04
2.073144775526116054e-04
2.118920998933566176e-04
2.180854792717159521e-04
2.358140005681552665e-04
2.418788565744218566e-04
2.446091868928838343e-04
2.594106917934730500e-04
2.732292796637257669e-04
2.815325111148352707e-04
2.913497222865274548e-04
2.983051852617049681e-04
3.141286435251328113e-04
3.243314079644161237e-04
3.330965283861965693e-04
3.381215992763997552e-04
3.550602751705055006e-04
3.679762155283714106e-04
3.918358953784975194e-04
4.045578572504461893e-04
4.093019639851405082e-04
4.271628583345655063e-04
4.429506707916399592e-04
4.506292349248155202e-04
4.786326444863453619e-04
4.965343910730844789e-04
5.059601278333674410e-04
5.273503213567944711e-04
5.464970658258934107e-04
6.016771218384742116e-04
6.087047223718878436e-04
6.332858043119141958e-04
6.791093499394064512e-04
6.868554174730589395e-04
7.171190436189414695e-04
7.418826622820446585e-04
8.101779041050092070e-04
8.326191103102320232e-04
8.450094455935404456e-04
8.585499475754339261e-04
9.044872336230789329e-04
9.635423354390531192e-04
1.027683535509584314e-03
1.071817796277714637e-03
1.084625819077952684e-03
1.154628662102600385e-03
1.177069502528178347e-03
1.278658150616588003e-03
1.343756343560227346e-03
1.366421780240892336e-03
1.390962805962090397e-03
1.481136481106468117e-03
1.526255066062136463e-03
1.644478708697531214e-03
1.777533679142218569e-03
1.930274519486602225e-03
2.035204249302176652e-03
2.101764874921326250e-03
2.204482667661095477e-03
2.265501117508772304e-03
2.322697597635830016e-03
2.722457927265837206e-03
2.932983309444031714e-03
3.023877947479246438e-03
3.143808229480450373e-03
3.303824722887215709e-03
3.382826058290479884e-03
3.670074228996230131e-03
4.169950293022871117e-03
4.530783484293726682e-03
4.813680663419825020e-03
5.611018755925793050e-03
5.672122609694237733e-03
6.529059871543868576e-03
7.335029020755392051e-03
7.661934201576638646e-03
8.214030131529321058e-03
8.440446199224023449e-03
9.716976463949315163e-03
1.111174020427468587e-02
1.241541429883621754e-02
1.466058269469687828e-02
1.587418691250796002e-02
1.799263988162880940e-02
2.243420663458630185e-02
2.610760745425684190e-02
3.064496677576520473e-02
3.467111721975980193e-02
4.552769901123999985e-02
5.162924154435870328e-02
8.114005497494615471e-02
9.480889213980389640e-02
1.558439439621812639e-01
1.720194363261838832e-01
4.181132671560200409e-01
1.561173256741444471e+00
3.147786812668137202e+00
7.224221632389324910e+00
