1.535858058847129962e-02
1.369213612054050004e-02
9.740869949073586304e-03
4.898932382154420027e-03
3.946425651487260773e-03
2.900449404339740765e-03
2.214329810597276058e-03
1.441295995163710542e-03
1.427886717118922143e-03
1.322826875950334873e-03
1.269124955727196115e-03
1.065760105619664505e-03
9.509295048034040361e-04
9.101666146528797135e-04
8.548156152492505065e-04
7.405949797207496410e-04
6.911583974966110239e-04
6.809864880278386967e-04
6.655303694894092355e-04
5.950549278101678044e-04
5.229043215961272579e-04
4.775111098073730629e-04
4.000817538048408064e-04
3.199637223057523591e-04
1.090462926501118389e-04
8.704063304339456638e-18
4.774308139871954159e-18
4.422842299608726597e-18
4.204761222053628107e-18
3.980945601420199905e-18
3.785715899724562039e-18
3.612360814700118525e-18
3.454327394001752253e-18
3.349615158563614482e-18
3.207192930951936456e-18
3.054166591627506542e-18
2.999817897928186699e-18
2.956041034198803813e-18
2.903798765488840275e-18
2.803228495787175185e-18
2.723825741569972604e-18
2.621708204756466568e-18
2.545135381048424886e-18
2.533078933262197814e-18
2.502674517941546115e-18
2.479918543755441620e-18
2.412749123546810333e-18
2.397941839154169650e-18
2.333859315973199227e-18
2.311420024396154953e-18
2.289047955878934053e-18
2.191457578926047595e-18
2.141441165245184466e-18
2.120205576984688937e-18
2.068726425301857414e-18
2.044271148611916540e-18
1.993173986342935226e-18
1.934166386866642897e-18
1.911116505749031673e-18
1.901086085999374621e-18
1.828873877175510623e-18
1.814092753512784433e-18
1.792284686162487251e-18
1.761740274962239963e-18
1.719507304475295851e-18
1.704997634076946137e-18
1.661673042559797598e-18
1.658474401226105911e-18
1.639666450851438410e-18
1.612533574753457691e-18
1.574472207514950942e-18
1.533355288605444798e-18
1.518456874312396895e-18
1.497212521122480740e-18
1.484753354782134239e-18
1.458389252199604712e-18
1.451261450001724705e-18
1.425242489234113613e-18
1.407810591222516923e-18
1.368819083350721573e-18
1.347468819888862265e-18
1.336623567906595950e-18
1.316774845645566021e-18
1.306146528686588580e-18
1.279021233470059640e-18
1.269004038614289796e-18
1.234225402793945214e-18
1.224807690207793587e-18
1.204496090040711076e-18
1.192716206286507053e-18
1.163207873936222522e-18
1.152299187612769685e-18
1.141249873078438890e-18
1.113087251877208671e-18
1.097812441296529309e-18
1.095833724152225244e-18
1.073972489463076620e-18
1.059879053229449309e-18
1.053932253891975741e-18
1.033039448082599587e-18
1.029658601458539552e-18
1.010662482640639454e-18
9.977277833918764388e-19
9.865923794250752636e-19
9.723587454932180378e-19
9.583005555057143820e-19
9.390593851535062012e-19
9.162111564006352427e-19
9.140079081840355589e-19
9.029477694350756217e-19
8.838657107916088256e-19
8.798333984866459633e-19
8.557149044237262343e-19
8.470485800926637844e-19
8.306094583700022748e-19
8.239347424355227294e-19
8.104199613585731954e-19
7.949822145224634703e-19
7.903377590694848192e-19
7.810472855506573258e-19
7.723796659863941883e-19
7.569464752691428476e-19
7.459776776665568738e-19
7.281643238844821652e-19
7.231573856223683292e-19
7.219875186152602155e-19
7.030875304016063951e-19
6.899974777111498283e-19
6.794985908326150793e-19
6.716291660098932591e-19
6.553606340390162696e-19
6.487444409274580520e-19
6.446759056319262195e-19
6.375928835510594202e-19
6.255563216421465046e-19
6.207732613575599434e-19
6.138250228856488118e-19
6.084137344605677061e-19
5.874566844838265475e-19
5.792576372296808134e-19
5.717600624366577620e-19
5.686737180572220827e-19
5.461844743908633917e-19
5.319746279058569712e-19
5.305708979647996900e-19
5.160390091909060452e-19
5.147221210070627839e-19
5.053677314492539122e-19
5.002203189143975468e-19
4.883586216842365904e-19
4.650579705038924892e-19
4.571785667680956525e-19
4.507344133723911559e-19
4.497320943045362663e-19
4.352905849480183108e-19
4.320734588552776515e-19
4.258280541125914168e-19
4.220004104381788645e-19
4.074448508361213362e-19
4.011396331276909517e-19
3.956705714735164121e-19
3.823322021161658078e-19
3.760156241307488925e-19
3.642858525996168806e-19
3.582695008053472166e-19
3.545397114648107369e-19
3.485900224332780098e-19
3.369147177854548047e-19
3.264007715030659654e-19
3.227457770116441677e-19
3.215046119300820224e-19
3.079161034634126096e-19
2.989481099459239627e-19
2.926083087688168333e-19
2.899016467322392528e-19
2.798691604437389220e-19
2.686069917781960262e-19
2.673247864798080211e-19
2.608961873453123182e-19
2.569800719865613773e-19
2.431021325642487491e-19
2.348200784485605068e-19
2.289875201864453755e-19
2.245312302347267381e-19
2.164959187594996906e-19
2.149726220958910218e-19
2.124251245479402440e-19
2.110178188927170139e-19
1.999112862942155369e-19
1.922941767890554008e-19
1.849656664142566878e-19
1.810171360711968819e-19
1.798232403096672459e-19
1.779266275457332824e-19
1.647619233104321664e-19
1.613639396495184428e-19
1.578940635095951341e-19
1.449643259076497795e-19
1.373956029472299358e-19
1.324470177504535461e-19
1.249352547749363821e-19
1.184477415254544707e-19
1.118546292226893085e-19
1.054687570840888003e-19
1.042541531545818852e-19
9.979240178669079554e-20
9.730675091306685477e-20
9.377423887157124120e-20
9.174348824840280304e-20
8.410044559077426995e-20
8.132614114965802005e-20
7.663454799084777241e-20
7.187543665279360664e-20
6.849511521254435275e-20
6.695279255569459955e-20
5.976207222315596273e-20
5.405497692469001498e-20
4.886482973472313869e-20
4.598328221862805402e-20
3.946262803325746451e-20
3.850844622827584467e-20
3.528041674375311731e-20
3.042096476615351295e-20
2.884297619463855647e-20
2.351812739068672452e-20
1.864558225951794412e-20
1.624580995009013627e-20
1.167474835392844153e-20
9.389249003114131239e-21
5.093924929104715002e-21
2.817002789497269275e-21
-7.145845618580308789e-22
-3.312553746990699277e-21
-4.934923298141054704e-21
-9.964176211926094688e-21
-1.396085338569970201e-20
-1.546788447028988730e-20
-1.741604860376432488e-20
-2.346655997884634727e-20
-2.762315504451705980e-20
-3.085331009982183468e-20
-3.263556322541759016e-20
-3.614509465014334842e-20
-3.846480200697933567e-20
-4.127099181743135603e-20
-4.823858597192028008e-20
-4.920119013404916806e-20
-5.323127908077824385e-20
-5.927612345286561454e-20
-6.154783761052475073e-20
-6.546978166839127487e-20
-6.747715898083937877e-20
-7.160994336232894252e-20
-7.395592055370720059e-20
-7.700445714573114096e-20
-8.361142692505828532e-20
-8.886909635439932159e-20
-9.598385358140396808e-20
-9.707684477056716493e-20
-1.004709596813225928e-19
-1.085188819671341688e-19
-1.165737624095171450e-19
-1.221104530098569878e-19
-1.232152646112274148e-19
-1.313554607146822046e-19
-1.383692826757900790e-19
-1.452569866303884681e-19
-1.490016417709777458e-19
-1.524018744129903025e-19
-1.594020712853614914e-19
-1.664853531024023999e-19
-1.689234720606335631e-19
-1.704179415437592651e-19
-1.814190691743265104e-19
-1.852625677327714648e-19
-1.892392745835933448e-19
-1.957208807889840494e-19
-1.973957455371151328e-19
-2.087682125221173394e-19
-2.144241233604166801e-19
-2.166119899769250728e-19
-2.273145125153667915e-19
-2.305567439508143553e-19
-2.434591440174211479e-19
-2.447805926628036174e-19
-2.490243978435129222e-19
-2.553206456749034484e-19
-2.605153642692706449e-19
-2.774006422798698584e-19
-2.799800305966509695e-19
-2.838018582902164114e-19
-2.881358925599284300e-19
-2.969150976207135714e-19
-2.991251574569363926e-19
-3.121068592176812859e-19
-3.226584418022538650e-19
-3.309428928280733708e-19
-3.358094939002917569e-19
-3.400996116948990383e-19
-3.461994024246482605e-19
-3.576779884435164800e-19
-3.672975250331660902e-19
-3.743707331259103230e-19
-3.776730204682877714e-19
-3.853513813569096851e-19
-3.900650618426130496e-19
-3.962354067448558634e-19
-4.123541286639608904e-19
-4.128514334857779614e-19
-4.216560941248136493e-19
-4.265750210295574154e-19
-4.332761279698206069e-19
-4.403739176497588000e-19
-4.515817834862529706e-19
-4.679009882528897049e-19
-4.715196829267063733e-19
-4.842313868574099497e-19
-4.878048428217482886e-19
-4.972946447482196490e-19
-5.059509489614101825e-19
-5.187343377692926671e-19
-5.266352951598300919e-19
-5.307123029320926584e-19
-5.468435082996704853e-19
-5.481597728888928655e-19
-5.533741965702481202e-19
-5.567297017631128813e-19
-5.666913093399797348e-19
-5.733357601468748101e-19
-5.887897482835100210e-19
-5.972843520390494450e-19
-6.089322341641000059e-19
-6.147625203242596495e-19
-6.235485875237189660e-19
-6.308098287737478540e-19
-6.454211640435532142e-19
-6.535929868015857989e-19
-6.654556850367437936e-19
-6.921192781266642647e-19
-6.933669409434961670e-19
-6.996418200695266805e-19
-7.052870341133980495e-19
-7.375587876428351514e-19
-7.455741783489124670e-19
-7.502717690481890065e-19
-7.573257384270485929e-19
-7.603381850172250170e-19
-7.718727173623434889e-19
-7.826979287412004560e-19
-7.985359429461267939e-19
-8.191396040606158093e-19
-8.338022438129244426e-19
-8.427827620619609600e-19
-8.514991839711835310e-19
-8.715894294260432080e-19
-8.810031375990442612e-19
-8.941705607606748049e-19
-9.063226033992967494e-19
-9.356699358917576872e-19
-9.569147614851736483e-19
-9.639536072363959931e-19
-9.786340766133659798e-19
-9.901042998971352083e-19
-1.004128708151655959e-18
-1.022455948922411999e-18
-1.029730044550993760e-18
-1.046976233352921129e-18
-1.065779325670262509e-18
-1.070840913917295461e-18
-1.093439182819253112e-18
-1.106573988283697753e-18
-1.134462201091377251e-18
-1.146830232924129645e-18
-1.158922721451060591e-18
-1.182235215030859267e-18
-1.197642797329832011e-18
-1.215436655638085417e-18
-1.231443709464964856e-18
-1.240182664079660186e-18
-1.247494508746713779e-18
-1.272124018838955784e-18
-1.313575276614118362e-18
-1.316503535608156003e-18
-1.331634099407383362e-18
-1.337433268227861161e-18
-1.374637625384264156e-18
-1.395244222578959071e-18
-1.413789302509154114e-18
-1.428512262404525287e-18
-1.444610940106677960e-18
-1.463360394463457588e-18
-1.495018528382914116e-18
-1.520472789219105959e-18
-1.534944271212063737e-18
-1.547787273806750554e-18
-1.575870895361918212e-18
-1.606430060072080690e-18
-1.629377693357907926e-18
-1.647383173135404918e-18
-1.682281495741689039e-18
-1.729538777074509070e-18
-1.742003844461567612e-18
-1.758402675251023112e-18
-1.773814951372744250e-18
-1.808633958680095288e-18
-1.822972029630859021e-18
-1.856879822699763937e-18
-1.896767311137946966e-18
-1.940591076905420317e-18
-1.972573659934779697e-18
-2.022461485613554209e-18
-2.033899018709940373e-18
-2.082046057260392534e-18
-2.102964691137201613e-18
-2.139584650818356776e-18
-2.228987483356699462e-18
-2.297580579643291733e-18
-2.331839128724209784e-18
-2.383808752629184365e-18
-2.388503935417343602e-18
-2.455206888081497193e-18
-2.512215194726782300e-18
-2.548917069945447778e-18
-2.601053355889164918e-18
-2.657439701815676084e-18
-2.716297845969666025e-18
-2.823476657087382710e-18
-2.849316739854491710e-18
-2.972451490799470545e-18
-3.078895652629646997e-18
-3.099398546246006650e-18
-3.223251875223652677e-18
-3.324474274904944448e-18
-3.523190120330927462e-18
-3.676896167129006310e-18
-3.831985906176202698e-18
-3.835644972564898580e-18
-4.128453342079267743e-18
-4.615176235372486909e-18
-4.912919053504681406e-18
-9.153389687189214693e-18
