-3.259749723934321312e-16
-2.049495342311117880e-16
-1.729778772171288416e-16
-1.266256821751983670e-16
-9.962953510769229674e-17
-9.057243905862474807e-17
-7.998556204294431263e-17
-6.704997126310665785e-17
-6.511066826830495517e-17
-6.188261882492205567e-17
-5.823964173640486842e-17
-5.472645456016519233e-17
-5.390661169657125307e-17
-5.238029626339062649e-17
-4.918287027032290420e-17
-4.704291624714745550e-17
-4.657277118955823370e-17
-4.546774712273718935e-17
-4.422267776991698538e-17
-4.315993721035260445e-17
-4.247730017961938306e-17
-4.093291499088594409e-17
-3.970890561529011641e-17
-3.905220217626020398e-17
-3.747685379306731294e-17
-3.655504569762993154e-17
-3.594882131187934655e-17
-3.500211809844279674e-17
-3.417919887629839752e-17
-3.341170586368380569e-17
-3.200802160696210519e-17
-3.182978169153034226e-17
-3.093566309766188501e-17
-3.013353635253637499e-17
-2.990418055486175633e-17
-2.900628020207905916e-17
-2.802305848989272217e-17
-2.774760754908883002e-17
-2.728937567195675158e-17
-2.670446562252683011e-17
-2.626566500958034951e-17
-2.526342035175164186e-17
-2.488195958610542613e-17
-2.448260905621573154e-17
-2.387845778253990366e-17
-2.309662258770999879e-17
-2.243754467207825836e-17
-2.237649365633960695e-17
-2.206247713507050364e-17
-2.140137289094019564e-17
-2.129218292551575839e-17
-2.069752663811939986e-17
-2.034987404497889229e-17
-2.006153327243194725e-17
-1.950825463751101390e-17
-1.929645370136696977e-17
-1.883960247712454581e-17
-1.875317632467836283e-17
-1.839878603596427208e-17
-1.800232298492739613e-17
-1.785252768997557322e-17
-1.763979745323806464e-17
-1.716741210302249512e-17
-1.684876678004132059e-17
-1.672321785751661294e-17
-1.643647190177673326e-17
-1.602306820812739679e-17
-1.583964795207462128e-17
-1.563644074276318650e-17
-1.540059889325100645e-17
-1.515662376230219055e-17
-1.479621182871325288e-17
-1.470459396318208139e-17
-1.459148715726146749e-17
-1.454744403626062033e-17
-1.404577533086485851e-17
-1.388965954707309116e-17
-1.367737415395260407e-17
-1.344714204138375805e-17
-1.317487528505239264e-17
-1.304677232812988631e-17
-1.289990885729260057e-17
-1.256785537943004485e-17
-1.246424402921130245e-17
-1.204450203671447237e-17
-1.199176352910161932e-17
-1.182489946573160842e-17
-1.179615657204726825e-17
-1.154346230934792316e-17
-1.151911088195008692e-17
-1.136375804939051661e-17
-1.108163386705385866e-17
-1.084312788633208992e-17
-1.080158440553947816e-17
-1.054538192454701564e-17
-1.043581498304228387e-17
-1.033757006420281795e-17
-9.934246417737312381e-18
-9.869933677820191917e-18
-9.759495643414066155e-18
-9.654934880648025166e-18
-9.467977744206023576e-18
-9.447051676181409841e-18
-9.385133626861839809e-18
-9.179080324749995686e-18
-8.970170281966050313e-18
-8.746078117792807404e-18
-8.667673036657654250e-18
-8.556283512466714818e-18
-8.371974055429997329e-18
-8.308963759075830679e-18
-8.217663423435595592e-18
-8.184170635174478968e-18
-8.103068228969860497e-18
-7.938738965086919355e-18
-7.678978833412011737e-18
-7.574810295074559116e-18
-7.368276643447974845e-18
-7.167448206041178294e-18
-7.126084575677448118e-18
-7.067131994544136012e-18
-6.848953275919161739e-18
-6.758780026743099924e-18
-6.620536321363396565e-18
-6.513850203913959063e-18
-6.484287615828554738e-18
-6.433503157531706898e-18
-6.133937454786615511e-18
-6.092108964079971679e-18
-6.013109984917909839e-18
-5.861139874267128904e-18
-5.825136867540549983e-18
-5.655262761539249655e-18
-5.574946531604406307e-18
-5.522607733680634791e-18
-5.294199942166417558e-18
-5.248336591576330204e-18
-5.156568944025163913e-18
-5.082020313918630561e-18
-4.970385907642876973e-18
-4.917929067771422799e-18
-4.784897234549022151e-18
-4.667838892811491633e-18
-4.610481365403808964e-18
-4.529956047500470234e-18
-4.398332274310332659e-18
-4.331983215767090428e-18
-4.281904351714799287e-18
-4.250212646751959044e-18
-4.051725196265719640e-18
-3.965249480695015189e-18
-3.846747831320385761e-18
-3.785407309815990414e-18
-3.637345544009835793e-18
-3.602886539460425577e-18
-3.520064039273753808e-18
-3.499256279922402900e-18
-3.464224430432904394e-18
-3.371426711380480135e-18
-3.318397968338422588e-18
-3.213844553814083397e-18
-3.144978481271390091e-18
-3.094192572261200695e-18
-2.924905644348768021e-18
-2.893016686863338958e-18
-2.802789466094404642e-18
-2.654797970270359048e-18
-2.603116726474172493e-18
-2.513306122959534847e-18
-2.485583928537993665e-18
-2.428561035307150472e-18
-2.322101281369374293e-18
-2.166943221326055563e-18
-2.162861040058245483e-18
-2.131265025724143714e-18
-2.102309005913310795e-18
-2.066500345128439596e-18
-1.950443765422379628e-18
-1.892820960060525695e-18
-1.858476341120173585e-18
-1.762338890692125075e-18
-1.691188663867393342e-18
-1.618241868082988282e-18
-1.552616642493185185e-18
-1.477343055056144888e-18
-1.404219349973073457e-18
-1.368604205044424226e-18
-1.326375619305228036e-18
-1.277739190809156309e-18
-1.251463118933957907e-18
-1.114457942507905064e-18
-1.072996173373445244e-18
-1.033718463172666659e-18
-1.006782686378097453e-18
-9.498629424594347905e-19
-8.143460298573188290e-19
-7.915300526201764520e-19
-7.116035008468506149e-19
-6.745268727844110858e-19
-6.117501256524029680e-19
-5.476686177143666680e-19
-5.157972571917233158e-19
-4.608800791456244392e-19
-3.279735179822820237e-19
-3.219283430648079825e-19
-2.781697666594648263e-19
-1.831979363831661639e-19
-1.630284568801452910e-19
-7.174428252658865032e-20
-1.605655426402074213e-20
3.045775483934867003e-21
5.902638015919300383e-20
6.919399926313819449e-20
1.805542704460941836e-19
2.213589451029545931e-19
2.870342378723013027e-19
3.571774022530015669e-19
4.586219242740727410e-19
4.657048091612803740e-19
5.676764994793738398e-19
6.012965226090549553e-19
6.508770167330365279e-19
6.870104509899015542e-19
7.562054645568836667e-19
8.592497689706357663e-19
9.060250578288614805e-19
9.878882010709492635e-19
1.055134430282059954e-18
1.109174895356068761e-18
1.147977020442897638e-18
1.251855691339933783e-18
1.306381095368181912e-18
1.439569456143385722e-18
1.486776976900550626e-18
1.516781801908727112e-18
1.649840343855201393e-18
1.752323105152439108e-18
1.763950740821439067e-18
1.804788620897901131e-18
1.893420927000683861e-18
1.964237358093877226e-18
2.016956714061424302e-18
2.054036654374476531e-18
2.134026112355355603e-18
2.157121259364082752e-18
2.206367269953835876e-18
2.332803156570147789e-18
2.470306340606860179e-18
2.557102683758229533e-18
2.671595287209690396e-18
2.700183113444797087e-18
2.793424074101713009e-18
2.855736551403712748e-18
2.928541390269324072e-18
2.982058308851692937e-18
3.069018630886716155e-18
3.156177215414284625e-18
3.241172340314033232e-18
3.319074510484786548e-18
3.418248099903512195e-18
3.456941349095360267e-18
3.661968776139193913e-18
3.700143580771714995e-18
3.774819343498628276e-18
3.870421636192109949e-18
4.058872318118274073e-18
4.074870430839133411e-18
4.148685265988639762e-18
4.206485307686605972e-18
4.357779975821918399e-18
4.453115028052760663e-18
4.501745418544934469e-18
4.609916822382998872e-18
4.719806131929175086e-18
4.825898993463534339e-18
4.949962691717945529e-18
5.050473251199852597e-18
5.131499380141401837e-18
5.257129644607703171e-18
5.353032838871426897e-18
5.483566387377370016e-18
5.576982508896223759e-18
5.650881177201727055e-18
5.819919613516107286e-18
5.881891238257575383e-18
5.925227542177144257e-18
6.071230042012532103e-18
6.161942797695060205e-18
6.263019008559618144e-18
6.409572351352718366e-18
6.471087949340955686e-18
6.631565266588960441e-18
6.718058054431089106e-18
6.794519598132302935e-18
6.886991956370552037e-18
6.961821126230073827e-18
7.101985986434957737e-18
7.165946311028688477e-18
7.177129345832702567e-18
7.361274572146718152e-18
7.627164927833992782e-18
7.761237073131618697e-18
7.985473021741805118e-18
8.041429681585923921e-18
8.148287086376455971e-18
8.457264973577500532e-18
8.622957549192613606e-18
8.706950625954935769e-18
8.795508859634379336e-18
8.847376846297675691e-18
9.131823519597013088e-18
9.192100443957961912e-18
9.357288443390089314e-18
9.609302213529543862e-18
9.729370866191661735e-18
9.815636451245330248e-18
9.964970344848857357e-18
1.026584984487915268e-17
1.032306938236377572e-17
1.057182273640793616e-17
1.067104944992842317e-17
1.076077128452791753e-17
1.089594326871387300e-17
1.101530357586769537e-17
1.142930052606662235e-17
1.156547717408942940e-17
1.175656849714926341e-17
1.186019461947970315e-17
1.205863083811759190e-17
1.210914298717791373e-17
1.224329512833310262e-17
1.248161098818111405e-17
1.282729030163360562e-17
1.292723307434524318e-17
1.319652963306356228e-17
1.336452983118629698e-17
1.361361182177685116e-17
1.381588245785078037e-17
1.407275726595693743e-17
1.417279841079477429e-17
1.427344000104531657e-17
1.473458888117605674e-17
1.494608149292154795e-17
1.519834766482193607e-17
1.523581651468761542e-17
1.543079072778318153e-17
1.613568480105641255e-17
1.617438485445477357e-17
1.629450112558628030e-17
1.651024798498349788e-17
1.670524438869363385e-17
1.712463889412044822e-17
1.720752528047049887e-17
1.742896462247146736e-17
1.756187792960567095e-17
1.815481153358451240e-17
1.828286561886564197e-17
1.899385792317818051e-17
1.952033111936079746e-17
1.963617822460139419e-17
1.998229595050190638e-17
2.033292194704701138e-17
2.076352184434808347e-17
2.134051990455416067e-17
2.141537504468169099e-17
2.196788089830048665e-17
2.245888178609231312e-17
2.304426905855767005e-17
2.327100233957822775e-17
2.376241351912731734e-17
2.422836299725178504e-17
2.424179868003003774e-17
2.493120858822719432e-17
2.591755320012429699e-17
2.618800606259457495e-17
2.665221758557728012e-17
2.735366523164210502e-17
2.815622855863892808e-17
2.852208560288650904e-17
2.959661460468592661e-17
3.017609594978018997e-17
3.044792748450500693e-17
3.079755501522093456e-17
3.098150157282594357e-17
3.263088716884570162e-17
3.282542187644410247e-17
3.398251708709827295e-17
3.461784376309343535e-17
3.588264973437171830e-17
3.626920301022765678e-17
3.673465404263128826e-17
3.985836031614272692e-17
4.021662308972905009e-17
4.181538157800665153e-17
4.252521495110646544e-17
4.509490202285159107e-17
4.619501647161322857e-17
4.803177810314994706e-17
4.833334580697159501e-17
5.071800074896293765e-17
5.383910107372460430e-17
5.515571515299523417e-17
5.723038884419468739e-17
5.870415882014227045e-17
6.186681720511951762e-17
6.542539913805923015e-17
6.599528822782963164e-17
6.816581342507578169e-17
7.139708454813533980e-17
7.486837405809334275e-17
8.074406011301163663e-17
9.019140992214656270e-17
9.788728468751977810e-17
1.286647828858947123e-16
1.620061062603230631e-16
2.640636701459409688e-16
6.558742523725016697e-04
1.589753524544298361e-03
3.540875143287525260e-03
3.986592739393532252e-03
4.155573228343347782e-03
4.212983493436309179e-03
4.526529260212894257e-03
5.480186760922884336e-03
5.559327523356067009e-03
8.905708009037749742e-03
1.002100420122082648e-02
1.030810138296602008e-02
1.489337379913372762e-02
2.021389640161997889e-02
3.164054170899494728e-02
3.493945481653919910e-02
3.924800760737624794e-02
5.045739439726770748e-02
5.534722542648017052e-02
8.707962920450965094e-02
9.837742283867806359e-02
2.603475667700635432e-01
7.855261965496682652e-01
1.402283179610579467e+00
2.603800822005178262e+00
