-8.970234320580981691e-16
-5.024852981962663498e-16
-4.515491114021644383e-16
-3.713685156522355497e-16
-2.924012902084900138e-16
-2.713968637148596535e-16
-2.616648861305904735e-16
-2.058647304713735222e-16
-1.977169385531549172e-16
-1.799330382488096161e-16
-1.668011976257993034e-16
-1.599343647031837337e-16
-1.543464608405994618e-16
-1.466160018720548461e-16
-1.397965464894635145e-16
-1.366109667274525544e-16
-1.284555843802677440e-16
-1.255682319446840380e-16
-1.251959885354731230e-16
-1.196989181082366565e-16
-1.186631194927675357e-16
-1.151200315658043207e-16
-1.116071658848854385e-16
-1.068028478646292203e-16
-1.021401571053423953e-16
-1.010404092911285908e-16
-9.948564008280590244e-17
-9.526827122373323294e-17
-9.350733098544476170e-17
-9.152739803570780405e-17
-8.983979860766440515e-17
-8.846962128851351323e-17
-8.755221698454605259e-17
-8.470379372617268619e-17
-8.357190080894413115e-17
-8.149672412349532044e-17
-8.014949090110735534e-17
-7.925239448703185025e-17
-7.772564853032434066e-17
-7.714035473269984884e-17
-7.575083415163033288e-17
-7.447047334660495048e-17
-7.291100486865277536e-17
-7.044872288475260761e-17
-6.971538390137090243e-17
-6.890920743918242511e-17
-6.646050830267882113e-17
-6.566894165248023184e-17
-6.386763739980867152e-17
-6.190136230654336929e-17
-6.179942471287641625e-17
-6.014326998689761693e-17
-5.923724904310831193e-17
-5.889777860570442152e-17
-5.826054464913490566e-17
-5.641951540760481310e-17
-5.523718748806828140e-17
-5.461440992062892885e-17
-5.405819859823585261e-17
-5.316002972972811705e-17
-5.237413584364041944e-17
-5.100032683516879153e-17
-5.034052353455737202e-17
-5.007934923663942259e-17
-4.877804071970010390e-17
-4.854437254864675080e-17
-4.670552368901431936e-17
-4.600635965931068723e-17
-4.480848679044409738e-17
-4.409667605892397752e-17
-4.317248103142519136e-17
-4.295745965857379022e-17
-4.287369698680308743e-17
-4.234984998662419431e-17
-4.128239876089412155e-17
-4.121103774372052408e-17
-4.033693515149994466e-17
-3.968562759951920567e-17
-3.848825233405794212e-17
-3.756146271238582483e-17
-3.684221440669312784e-17
-3.679748971071064555e-17
-3.578254662773160753e-17
-3.538088639583062846e-17
-3.461092015264490327e-17
-3.430323565652067612e-17
-3.423818065180564509e-17
-3.343533218569110799e-17
-3.295259651883153114e-17
-3.239240850089195516e-17
-3.182614797716897734e-17
-3.148889937742694499e-17
-3.086801414740422709e-17
-3.045178797429726281e-17
-2.979214901192198661e-17
-2.946083820954330069e-17
-2.936418015268185600e-17
-2.837623210436904782e-17
-2.820086868868119333e-17
-2.739782573149134029e-17
-2.732657159022910753e-17
-2.675538359275565474e-17
-2.639474891021329641e-17
-2.610241006966133482e-17
-2.573612169284396702e-17
-2.506219937568357794e-17
-2.484562160976490823e-17
-2.461833278981674038e-17
-2.405536603143105991e-17
-2.365173659031999780e-17
-2.340493707043960563e-17
-2.300686189140084460e-17
-2.257525791344298526e-17
-2.217398789394272854e-17
-2.160039398123630329e-17
-2.115505119921128172e-17
-2.074493758325060894e-17
-2.021601550111023108e-17
-2.005338720651201690e-17
-1.980301429942519839e-17
-1.964029837004628093e-17
-1.918964795007609908e-17
-1.900978434494731004e-17
-1.859779104886018124e-17
-1.786952216519647495e-17
-1.756847610627709098e-17
-1.721207548829486022e-17
-1.710800309646443703e-17
-1.683469622538408172e-17
-1.670385072543283293e-17
-1.658637349952294218e-17
-1.572210117424055686e-17
-1.537952149112585870e-17
-1.474488798995493692e-17
-1.458150918012936733e-17
-1.444399656185476589e-17
-1.417247654110842674e-17
-1.376411562592369226e-17
-1.327639288628866649e-17
-1.321757066505219722e-17
-1.296447382637662918e-17
-1.253577762058203487e-17
-1.204111491640302494e-17
-1.175670230922122034e-17
-1.122291285229988292e-17
-1.118974683557902656e-17
-1.073760003219200277e-17
-1.047131652155551439e-17
-1.019644579602668532e-17
-9.880133139498961949e-18
-9.474407702957130306e-18
-9.158193730829552844e-18
-9.061163396088318082e-18
-8.913220242396441878e-18
-8.650889080886167142e-18
-8.314913607080526919e-18
-8.131739281196887446e-18
-8.079876279273502765e-18
-7.835840485911986355e-18
-7.436599585741027190e-18
-7.011750441692126020e-18
-6.910023895377899502e-18
-6.778396646813943433e-18
-6.247113944740848803e-18
-6.101652009022570397e-18
-5.812013612496455329e-18
-5.624331493150414961e-18
-5.411540504321698516e-18
-5.113205811088726519e-18
-4.999192710530012153e-18
-4.644122018008364659e-18
-4.337131357820901064e-18
-3.881744781755658171e-18
-3.760051256085562723e-18
-3.635888300971766681e-18
-3.405470100226939394e-18
-3.106710016896266922e-18
-2.849380849531638316e-18
-2.773766045426417583e-18
-2.631974777621955677e-18
-2.383795944710395460e-18
-2.154891726379438525e-18
-1.956483742487337661e-18
-1.812134011485499442e-18
-1.723354276346499201e-18
-1.617433874522813864e-18
-1.580033615820804321e-18
-1.411251887161453106e-18
-1.236449189162780109e-18
-1.101225549198150672e-18
-1.063893320324848703e-18
-8.578695749686809701e-19
-6.479281236597418634e-19
-6.012488421873462936e-19
-5.009646011689349928e-19
-3.946327691396870132e-19
-3.449464623717211300e-19
-2.570610234826607563e-19
-2.307614901216398979e-19
-1.262789082968035927e-19
-9.154112936501777676e-20
-7.123735615604870887e-20
-5.874367014994291996e-20
-3.326496211805426745e-20
-2.800972861657318872e-20
-1.504435466717593412e-20
-1.146878982564181912e-20
-2.811940872200574666e-22
6.128242893772228202e-21
1.937332714266591415e-20
2.964575794244087827e-20
4.273596076661222746e-20
6.549764048273945535e-20
1.013923230579797383e-19
1.024793416557795941e-19
1.483232874963678276e-19
1.768050128729953953e-19
1.883488090059306087e-19
2.923954251003572142e-19
3.338878252363340829e-19
3.618819250418488492e-19
4.542222976909711902e-19
6.504374064689345242e-19
6.911214312302148545e-19
8.084520002487092070e-19
9.172179850396925206e-19
1.097347538263966728e-18
1.203709528813065196e-18
1.279849747347320294e-18
1.443915341784583724e-18
1.708261536995069386e-18
1.775493376130545017e-18
1.911747197993401551e-18
2.200358415916782223e-18
2.277568419130082312e-18
2.481535730064146138e-18
2.567489427408481913e-18
2.792035699060231230e-18
3.025577973440731826e-18
3.145531524252312855e-18
3.598268515671014930e-18
3.766916620601846359e-18
3.911164268301045065e-18
4.112281733321726443e-18
4.346293985537242542e-18
4.581986512369529666e-18
4.709308717814733155e-18
5.106820007804472794e-18
5.455279678340797537e-18
5.626674333963068471e-18
5.771587898911644110e-18
6.009049085699479189e-18
6.204506513677361568e-18
6.785687011196384702e-18
6.831528229133838549e-18
7.074732170858899256e-18
7.235650909250462964e-18
7.388495352954902362e-18
7.588143067758026758e-18
8.025560581495609947e-18
8.347202731719630303e-18
8.388430707384149240e-18
8.791462489861877417e-18
9.155847326622897008e-18
9.387864242744901784e-18
9.665709437062164126e-18
1.001156451193870062e-17
1.015351518216559481e-17
1.029464380882871394e-17
1.096318265663884101e-17
1.133176350660350549e-17
1.162159170562266409e-17
1.174423420648694564e-17
1.207872644599180184e-17
1.225122192426272790e-17
1.256750344614735892e-17
1.260515297148710443e-17
1.309617620126505547e-17
1.350296550690944508e-17
1.384239107605726398e-17
1.407963688371717771e-17
1.438234509158170873e-17
1.478103758871285489e-17
1.491832996335457540e-17
1.546539747759234573e-17
1.556481311250637818e-17
1.600502880046436752e-17
1.692612893694435500e-17
1.703782736485793186e-17
1.728998127826804165e-17
1.744016879814122290e-17
1.813553887669278341e-17
1.831341679158361379e-17
1.842073345066678135e-17
1.869349462126845341e-17
1.976741246485678529e-17
2.005490886743166576e-17
2.038133733171035917e-17
2.096666580399837067e-17
2.146100998484972735e-17
2.181010352127349073e-17
2.220854413910483255e-17
2.291977276468005526e-17
2.318042423249887086e-17
2.395007136109564715e-17
2.419349900239596669e-17
2.472231700766979487e-17
2.491218266349334459e-17
2.520732994191077345e-17
2.536750438882007193e-17
2.569395813158252080e-17
2.597031418357733784e-17
2.625898774429022137e-17
2.732809974631633075e-17
2.800771396115001959e-17
2.827385297654329036e-17
2.877533182170207833e-17
2.899311653270542342e-17
2.916182677249180835e-17
2.982016388592873179e-17
3.044855980207490459e-17
3.096224247900737444e-17
3.137218455117700840e-17
3.163467650799447357e-17
3.213703088203304034e-17
3.288999595035608218e-17
3.379687467359104252e-17
3.416026204480911905e-17
3.482107155374336281e-17
3.527012592304669384e-17
3.570374488311459383e-17
3.617303009922916239e-17
3.668352734386399524e-17
3.720647970359025160e-17
3.807634015550523542e-17
3.864941905605516958e-17
3.906528258093058815e-17
3.941160034259424603e-17
4.039867574890404543e-17
4.104649402680900433e-17
4.135126702929791691e-17
4.158283581325838565e-17
4.229784995193594095e-17
4.241823640146748544e-17
4.322715152205417394e-17
4.425268798814766531e-17
4.528276824054065447e-17
4.623629987702533733e-17
4.685213602108738429e-17
4.734765495810328763e-17
4.805583795462965691e-17
4.894244451217193261e-17
4.939336922168820215e-17
5.070049728341459580e-17
5.091450453063735754e-17
5.176882469154001870e-17
5.280461992362659445e-17
5.429904740789193013e-17
5.482336778870810322e-17
5.548063032695068801e-17
5.668260903808405452e-17
5.816920928416625206e-17
5.958663178577300347e-17
6.081204998791493125e-17
6.155751888912570225e-17
6.232882225846835197e-17
6.378903903812886723e-17
6.442370446476345265e-17
6.524309958302007928e-17
6.721499383079811656e-17
6.809583755335592345e-17
6.865417862538798479e-17
6.971270498353731980e-17
7.080180635895005482e-17
7.304347958845979700e-17
7.505546870915047316e-17
7.544850762778123839e-17
7.703222913329279363e-17
7.994235894907355348e-17
8.086691808302558227e-17
8.268766049532856864e-17
8.351563565537498677e-17
8.556990653808627862e-17
8.858389455682147166e-17
9.019165824932271800e-17
9.285837421399097823e-17
9.458325942483603422e-17
9.639692739315522162e-17
1.000760764609501157e-16
1.014065396065792764e-16
1.038967478718769844e-16
1.066611782019770486e-16
1.096009586036799430e-16
1.123563372280159299e-16
1.137361492906638454e-16
1.173175643905231023e-16
1.190956065989914037e-16
1.215528444120186328e-16
1.284665943635733171e-16
1.338617610618293334e-16
1.394296963633935142e-16
1.416339592147185244e-16
1.463326931442039427e-16
1.526694332984066916e-16
1.759884630661316067e-16
1.852389838890239294e-16
1.991008263055238467e-16
2.062625289238850952e-16
2.159526411778615608e-16
2.214459938017597630e-16
2.688332804001953723e-16
3.245307278058435788e-16
4.142900175516455104e-16
4.487776524263264025e-16
6.980485771604612825e-16
1.922296529949345201e-15
6.783973526902354863e-04
1.124572709890342371e-03
2.492197968817543800e-03
4.278554598694300250e-03
4.979513504815548386e-03
5.408667388424300351e-03
6.587749712035835190e-03
7.057104026340249234e-03
9.196589904195159523e-03
1.081912479137689398e-02
1.406512175288809896e-02
1.533599164737669066e-02
1.891100385851529619e-02
2.703783521489003944e-02
4.847037638553955419e-02
5.277748398916422973e-02
6.348011126980548924e-02
8.649320433973121947e-02
1.077634228733812399e-01
1.374952634585467626e-01
1.819473807878701221e-01
4.702280756943049145e-01
2.291565372489857033e+00
4.595109986394041002e+00
1.276753953160893218e+01
