-1.100805405270049331e+00
-1.757643699794774195e-01
-1.573661318748459659e-01
-6.245923640269039623e-02
-5.392520125578144363e-02
-3.811884243063415334e-02
-3.478961849000949957e-02
-2.194743418635876353e-02
-1.858988479195627236e-02
-1.756678149119548366e-02
-1.443573754814350685e-02
-1.215278882949602166e-02
-1.167039431588216998e-02
-1.070560291358292615e-02
-8.859232706810661953e-03
-7.989932684853423908e-03
-7.676737666966580373e-03
-7.215120900138762353e-03
-6.795187316347536984e-03
-6.253808167894338646e-03
-4.885501460215799924e-03
-4.654454857631754386e-03
-4.577561202833664751e-03
-4.013528966656762162e-03
-3.893444196078207301e-03
-3.756554037838225665e-03
-3.476249053819441357e-03
-3.235565760271888990e-03
-3.120605537333021647e-03
-2.907999557924490549e-03
-2.756017041944448277e-03
-2.715568093380634190e-03
-2.577858603618094022e-03
-2.297479355949095560e-03
-2.201751147276065097e-03
-2.106766242844241611e-03
-2.011477557732825432e-03
-1.864976248009349562e-03
-1.809724358526206521e-03
-1.770699188236980835e-03
-1.735787419515641980e-03
-1.635706186352540179e-03
-1.582253057608132936e-03
-1.504140430639775740e-03
-1.426076950874283038e-03
-1.413800461789243993e-03
-1.336219899116866065e-03
-1.316606047690218424e-03
-1.256946768615332726e-03
-1.198693442163976898e-03
-1.091858404956996993e-03
-1.075863843177544531e-03
-1.051437534416055581e-03
-9.838569616516343753e-04
-9.801080212982035862e-04
-9.436720959473553130e-04
-9.297187201391253659e-04
-8.822490464731202629e-04
-8.732735943464045971e-04
-8.375294408069225904e-04
-7.916446110781136594e-04
-7.504277458095011963e-04
-7.306583834553397700e-04
-6.968153022068184236e-04
-6.887399059818337778e-04
-6.523002327142210207e-04
-6.239921615378943602e-04
-6.168195887276942038e-04
-5.956297973055029501e-04
-5.870558604131174453e-04
-5.604682519746752301e-04
-5.419512503204992893e-04
-5.388704115841240917e-04
-5.140649009528226038e-04
-4.850946155016915939e-04
-4.700980466633265342e-04
-4.527724602189477977e-04
-4.429870861903464105e-04
-4.416010610676980065e-04
-4.233799267150661623e-04
-4.013596858363116288e-04
-3.949932796519602302e-04
-3.826222090919745799e-04
-3.773261433133312938e-04
-3.600930695509591993e-04
-3.524335559357904364e-04
-3.455769515901895125e-04
-3.345477775842311966e-04
-3.290285239521846799e-04
-3.124867777856793439e-04
-3.060164445805589367e-04
-2.950436949470557806e-04
-2.812603337959697337e-04
-2.732023384298567885e-04
-2.665593351254815445e-04
-2.548274217941784740e-04
-2.514402084730042860e-04
-2.475623587235478815e-04
-2.397947760888432167e-04
-2.368631047015505424e-04
-2.219994351917483472e-04
-2.186099586201849753e-04
-2.165105228866149732e-04
-2.062895185480793567e-04
-2.034616347292143065e-04
-1.932300548464403690e-04
-1.898443832659982235e-04
-1.782726199428605459e-04
-1.710620029752267371e-04
-1.689300764034914950e-04
-1.637308945691231567e-04
-1.561233589498469603e-04
-1.510764094321349123e-04
-1.478209460047664428e-04
-1.471933247980380184e-04
-1.421528426206896301e-04
-1.396299162607073628e-04
-1.355283621451751699e-04
-1.311601827982528101e-04
-1.271901673455808133e-04
-1.224986661892484788e-04
-1.184126305549303902e-04
-1.148330964409323917e-04
-1.110663604285717373e-04
-1.096868950107306553e-04
-1.068570249592595232e-04
-9.934203791137396274e-05
-9.923523927465550335e-05
-9.513094533419024651e-05
-9.393393571575026828e-05
-9.080167581749422497e-05
-8.879955928026690248e-05
-8.476117930058220461e-05
-8.087826179372846708e-05
-7.896970362572685209e-05
-7.659601012038588970e-05
-7.566657823857086626e-05
-7.416940871954227476e-05
-7.136801870054835107e-05
-6.900988371079772477e-05
-6.670766299967418754e-05
-6.578474783981271890e-05
-6.498845296284279339e-05
-6.287120731643175073e-05
-6.203018877665563086e-05
-5.875368161329632739e-05
-5.689337354688765513e-05
-5.462788759566897142e-05
-5.361350800830379546e-05
-5.191963602231181875e-05
-5.082719221474630981e-05
-4.944322771834891862e-05
-4.805123243247412404e-05
-4.646734727007813238e-05
-4.454951674068160600e-05
-4.352447107382180849e-05
-4.240068501091261795e-05
-4.145685743113768491e-05
-4.085371422634805050e-05
-3.869576628259786214e-05
-3.765130319403073647e-05
-3.679062267331241216e-05
-3.527901625529872808e-05
-3.381730302201446133e-05
-3.355507246173015842e-05
-3.270453454896764831e-05
-3.161152029935900275e-05
-3.059602513409414996e-05
-2.978022509509957550e-05
-2.911325118478579792e-05
-2.757268572841499552e-05
-2.619368713658701115e-05
-2.551991165186976248e-05
-2.484713083435254223e-05
-2.443544853553594851e-05
-2.327413059993272494e-05
-2.260777620323508802e-05
-2.182354685780833240e-05
-2.160524827009981206e-05
-2.114246735547068082e-05
-1.958681328682736775e-05
-1.883402863137153809e-05
-1.853425963871947578e-05
-1.726121044402111927e-05
-1.662930099608017504e-05
-1.639600133411600136e-05
-1.617030249344194584e-05
-1.549953287542985602e-05
-1.518167040206709755e-05
-1.389454256938176650e-05
-1.335906994965176207e-05
-1.245577493805829849e-05
-1.196281280255343747e-05
-1.176335686960125536e-05
-1.127143933709125431e-05
-1.085382787556277690e-05
-1.022972668053339600e-05
-1.017668356948669700e-05
-9.856419094899158720e-06
-9.588663475813111767e-06
-8.641924673314050422e-06
-8.554956557257083923e-06
-8.341136446781301420e-06
-7.812707574105905712e-06
-7.511498064363848680e-06
-7.399074834827152236e-06
-7.129346554699032334e-06
-6.919508140612281024e-06
-6.677373525220789519e-06
-6.062384326659160903e-06
-5.858521452470797217e-06
-5.432916761107152450e-06
-5.283703601502456296e-06
-4.840099636878781005e-06
-4.544169390507251368e-06
-4.530886088690138344e-06
-4.071120863749779856e-06
-3.839094585130634037e-06
-3.647148681157162382e-06
-3.491596169035716551e-06
-3.386100996052072071e-06
-3.086535709929340675e-06
-2.828824886861531806e-06
-2.541963288246745987e-06
-2.434408896892045990e-06
-2.268381780588936647e-06
-2.098412489169947404e-06
-1.850224900626666520e-06
-1.667870751151170648e-06
-1.456823962182612538e-06
-1.255823168951281827e-06
-1.183739521239786868e-06
-9.368713392965977823e-07
-8.292863745564096551e-07
-6.254148168687377825e-07
-4.949251291411696985e-07
-2.787019442670701617e-07
-1.844797464580342573e-07
-8.874381881326971633e-08
-9.025049650901124209e-19
3.572534483623694201e-19
1.956686549897571640e-08
1.452869064387467339e-07
2.498909618506707039e-07
3.818942309315266862e-07
6.329781498147960939e-07
6.599882920835979372e-07
8.300929810401617009e-07
9.362114569814445603e-07
1.172736001159623627e-06
1.205746155301999415e-06
1.583087487052570424e-06
1.715809046191250659e-06
1.758127341244505719e-06
1.931303090563700878e-06
2.255390113849374213e-06
2.580924242361703173e-06
2.740686213916685459e-06
2.764054246789420071e-06
3.103507903488231900e-06
3.331640833957782291e-06
3.582755247385006755e-06
4.075435615610987839e-06
4.186796122970669685e-06
4.595092679952358607e-06
5.255345307282359732e-06
5.763625764001945676e-06
5.872469122368603017e-06
6.252974294830714249e-06
6.559603364396785571e-06
6.857094459062415610e-06
7.073369854178174256e-06
7.387166523719236831e-06
8.096333377681673633e-06
8.315383690370305820e-06
8.928042891673611161e-06
9.572075442980415938e-06
9.959991781531121925e-06
1.039081041371239545e-05
1.097797848533095987e-05
1.155381746087886407e-05
1.209969139006444297e-05
1.228613347739389084e-05
1.318763811021162200e-05
1.353866213826774304e-05
1.443880659414837193e-05
1.629304870478540470e-05
1.663227837156039401e-05
1.694226586541404636e-05
1.783962261418258169e-05
1.900257345683400921e-05
1.981623160657428642e-05
2.016425258534554842e-05
2.145294983759237195e-05
2.265809078507827250e-05
2.326016818020373923e-05
2.443785415146407968e-05
2.476902582895860373e-05
2.708630238498760859e-05
2.754003331646040042e-05
2.884603865160309525e-05
2.959315234668440049e-05
3.175788752630648396e-05
3.310852775659182127e-05
3.345328918909854383e-05
3.562716693580139399e-05
3.725788861621344184e-05
4.018016075845659357e-05
4.136100352626659890e-05
4.358236106923374701e-05
4.444244942505945657e-05
4.718680054787130533e-05
4.892390459586183225e-05
5.011080889045141222e-05
5.137253698263321341e-05
5.328641248522131079e-05
5.876199843267382002e-05
5.980005496207466950e-05
6.222548221420443396e-05
6.446165650608931053e-05
6.520802459833605297e-05
6.724806270426853926e-05
7.404031231832102877e-05
7.498195978425171483e-05
7.762540473492813816e-05
7.935534463738051162e-05
8.246956641317118011e-05
8.406322457637165719e-05
8.806817904008807795e-05
9.197888111710372382e-05
9.340676785230737867e-05
9.599365254608140672e-05
9.917186513383463705e-05
1.006318575825505655e-04
1.049600133923852212e-04
1.122992822776645438e-04
1.142089951424232606e-04
1.178804557031153013e-04
1.220923919548704115e-04
1.253748204244689037e-04
1.317431548033416429e-04
1.380534709522891984e-04
1.483556695521960470e-04
1.519564666372786969e-04
1.559784506238242284e-04
1.654938052137502869e-04
1.714197387323399685e-04
1.722271916385709277e-04
1.817013620722604799e-04
1.857255439048149600e-04
1.868442842577662532e-04
2.003302394025108105e-04
2.049425385407956752e-04
2.183274001053000049e-04
2.257402071342451844e-04
2.334617965921586028e-04
2.398771091642752423e-04
2.551674779685814804e-04
2.684866979419248665e-04
2.783735907092089773e-04
2.899853584637652722e-04
3.006601543045437632e-04
3.095486069244617359e-04
3.205927202761580763e-04
3.301523219632979881e-04
3.380795553934980917e-04
3.654282889707335166e-04
3.714186728981489177e-04
3.756809554170047693e-04
3.946556468130050068e-04
4.399911824145846134e-04
4.475202840989682797e-04
4.662231072126670601e-04
4.866549051541766476e-04
4.970434945918602698e-04
5.029653636417203257e-04
5.390605163125494152e-04
5.509509923358769110e-04
5.820941902962071916e-04
6.062709011757711668e-04
6.138155737037205746e-04
6.555735517845161968e-04
6.812983488368469899e-04
6.907002517975281784e-04
7.345893848948731450e-04
7.861196120959400681e-04
8.064750155483174816e-04
8.226754285722754668e-04
8.735594907468860427e-04
9.033550914222630976e-04
9.435080296500230170e-04
9.710896679628772425e-04
1.050077019626262159e-03
1.079043150640083756e-03
1.117992745945040707e-03
1.161375987564960228e-03
1.203585466489356980e-03
1.268943627255448344e-03
1.303230745164498088e-03
1.361241338233763927e-03
1.395780609295878185e-03
1.407004009230751473e-03
1.503307152981881454e-03
1.548497685351639180e-03
1.636164845856286337e-03
1.725730934226654125e-03
1.800487522171415836e-03
2.001653682274571848e-03
2.053306808035863015e-03
2.225183822053379730e-03
2.281033386219569366e-03
2.382950038902802853e-03
2.625030743104132466e-03
2.694536040349380067e-03
2.845750506601429832e-03
2.975932478509368557e-03
3.202096522673209163e-03
3.463601698600811060e-03
3.797303926605172502e-03
4.057055270752214435e-03
4.435383493600390803e-03
4.472228814517956522e-03
5.148357222164150898e-03
5.364633054581258512e-03
5.910351028552900815e-03
6.766592882369915941e-03
7.390584915259165721e-03
8.289152735008444017e-03
8.885777454150978194e-03
1.023610396255392359e-02
1.161916835179332107e-02
1.339663159034299583e-02
1.430722278384502673e-02
1.725320945317242866e-02
1.944751808030759782e-02
2.180550960255429882e-02
3.040741368376790460e-02
3.575298970111441543e-02
5.293473510833812679e-02
6.896781688287607903e-02
2.133647941528695191e-01
