-1.068426802374659145e-15
-7.595646725481902382e-16
-3.058834312185686518e-16
-2.589496959665685409e-16
-2.490066467623577029e-16
-2.125185292475425539e-16
-1.899347223869515973e-16
-1.741507949720255473e-16
-1.497075539233756207e-16
-1.473480630868879325e-16
-1.382595091222177980e-16
-1.333859366662130973e-16
-1.330163916251944481e-16
-1.226844292132818824e-16
-1.195772441678343935e-16
-1.125275153325584451e-16
-1.106588704547640028e-16
-1.056766058194379239e-16
-1.018591971377431177e-16
-1.007697421847738625e-16
-9.606389370229534121e-17
-9.443932845947620777e-17
-9.393705740762007763e-17
-8.968666011466344097e-17
-8.817801558828451273e-17
-8.551557157188428028e-17
-8.352878140920744789e-17
-8.095406575498057107e-17
-8.024556434413550380e-17
-7.831310408955782325e-17
-7.702211292519784623e-17
-7.548360062250154282e-17
-7.526801510667221292e-17
-7.081265856208331179e-17
-7.003908195671006989e-17
-6.915297550410559328e-17
-6.785652055194121762e-17
-6.637238194941609334e-17
-6.513658449332602527e-17
-6.382606258520267261e-17
-6.293244883680257783e-17
-6.203724150034038313e-17
-6.009206859879756695e-17
-5.822136007396865367e-17
-5.797439236998738434e-17
-5.696103645906288510e-17
-5.483590553014691339e-17
-5.428930777165039555e-17
-5.332273212481518745e-17
-5.235164331503001879e-17
-5.130643123883879273e-17
-5.009778951556677387e-17
-4.916003746389344169e-17
-4.862999840347903107e-17
-4.812460779856769548e-17
-4.748003711994372344e-17
-4.600571416643699323e-17
-4.584493356846534580e-17
-4.551407989147110290e-17
-4.464609161447411617e-17
-4.444166799023332886e-17
-4.272842038068543350e-17
-4.214835993832030099e-17
-4.154721825136248244e-17
-4.099048289103250907e-17
-3.974594009234677797e-17
-3.933518154560089256e-17
-3.895933901636151426e-17
-3.867952871839985220e-17
-3.833875450776630746e-17
-3.744750833185698219e-17
-3.680291170093509973e-17
-3.624411755659272988e-17
-3.562726003351921082e-17
-3.552779200257425098e-17
-3.487985247564824716e-17
-3.428054269391499623e-17
-3.394902888802331136e-17
-3.347124064099783097e-17
-3.302287873662940326e-17
-3.248543409486467777e-17
-3.218122768164418505e-17
-3.181749120608537106e-17
-3.139417273696712682e-17
-3.097413477863567888e-17
-3.084007865060480521e-17
-3.016746518527910065e-17
-2.980347770088982164e-17
-2.876382007538548990e-17
-2.789927164294284245e-17
-2.774769759253104182e-17
-2.759038487019515399e-17
-2.668014775989031863e-17
-2.650342037520751140e-17
-2.632238954312787846e-17
-2.601760632400285179e-17
-2.533406862222760534e-17
-2.515373131203727211e-17
-2.450430045083438931e-17
-2.418307648266249082e-17
-2.381882303280906505e-17
-2.353068127835343376e-17
-2.303545174554945371e-17
-2.274603220430203714e-17
-2.233772883465038228e-17
-2.206127613889932254e-17
-2.166003096589167803e-17
-2.150805165427743957e-17
-2.100612943885845858e-17
-2.073984230368481126e-17
-2.038954826423181566e-17
-2.027061984734487931e-17
-1.992199322503874905e-17
-1.927498146280967192e-17
-1.897985334805649551e-17
-1.882415620611124334e-17
-1.859456961218239930e-17
-1.813147840143464779e-17
-1.776767787695135881e-17
-1.754156985094587668e-17
-1.702443284309767771e-17
-1.678649712773069909e-17
-1.664051764823053255e-17
-1.647863529957692156e-17
-1.637053008739222826e-17
-1.554646949429119690e-17
-1.550708018783072766e-17
-1.525335554733691616e-17
-1.514531739979358357e-17
-1.502899888296669577e-17
-1.475688261967705766e-17
-1.439304405004665825e-17
-1.418072148243745550e-17
-1.394246109317336621e-17
-1.381499843742076527e-17
-1.352433449690705728e-17
-1.313226703711948296e-17
-1.300067318822575702e-17
-1.280743966882935171e-17
-1.260219671098104942e-17
-1.224231369845754693e-17
-1.215929608494656692e-17
-1.189443198979450361e-17
-1.178723509423818175e-17
-1.144583146381374428e-17
-1.110767525904232581e-17
-1.105938017746389837e-17
-1.070211644970051064e-17
-1.064237070490696010e-17
-1.031427885525037804e-17
-1.016176660803758352e-17
-9.852571422137356653e-18
-9.595854181042370606e-18
-9.399523622571398646e-18
-9.250367697545112853e-18
-9.116448551242665379e-18
-8.949004164504232459e-18
-8.617320894034921665e-18
-8.259340650944887178e-18
-8.200772881452645188e-18
-7.801097304404237056e-18
-7.700938385650215338e-18
-7.530444265236181215e-18
-7.296420426815200551e-18
-7.161548151057019203e-18
-6.845990674428368564e-18
-6.628596116670883855e-18
-6.554111971807472460e-18
-6.331701377638567823e-18
-6.202645858543485771e-18
-5.928763209088225370e-18
-5.638445898200650867e-18
-5.552950576840172764e-18
-5.480911488315781714e-18
-5.205159279549403800e-18
-5.078428031422175742e-18
-4.764415750883108468e-18
-4.659844088491825333e-18
-4.439740266107250419e-18
-4.037328978933201996e-18
-3.976979127347549219e-18
-3.898884482946026669e-18
-3.693292416035452566e-18
-3.436380277606939338e-18
-3.391762953240112579e-18
-3.189076665242316484e-18
-2.992136701343965535e-18
-2.826558102722454671e-18
-2.709965207401177780e-18
-2.562656412261844631e-18
-2.214550337117055354e-18
-2.146315253120666488e-18
-1.992198819119410416e-18
-1.801549637375618919e-18
-1.723711284060246345e-18
-1.676254380850885442e-18
-1.520826615901309838e-18
-1.395130872645840248e-18
-1.352194852096194388e-18
-1.170005710423572169e-18
-9.798615928244588337e-19
-9.103608983993399092e-19
-8.264812474494835585e-19
-4.125529954074709820e-19
-2.843886363547764530e-19
-2.625461075172349262e-19
-3.417696749805282556e-20
1.390782377007397919e-19
3.137869779261110103e-19
3.840979161535214889e-19
4.366887929546090811e-19
5.080140568340483253e-19
8.492412877631627502e-19
1.020239016611125162e-18
1.095334060336390744e-18
1.152790915719547360e-18
1.265894048132079641e-18
1.405216416345285248e-18
1.704080295333889358e-18
1.924895855703907928e-18
2.098836970463696473e-18
2.330207331527647555e-18
2.390956789961226876e-18
2.495733605332467821e-18
2.551709252489543115e-18
2.735518135980874867e-18
2.964788911956078875e-18
3.016216251726634274e-18
3.171083044156860720e-18
3.334520167828052270e-18
3.453762385451912552e-18
3.786390959133857270e-18
3.912869417880410667e-18
4.007894057620857148e-18
4.114424550974831046e-18
4.156481834714866119e-18
4.348242544367128662e-18
4.594593148898577987e-18
4.731694979993268866e-18
5.092941167208084610e-18
5.233710271100324508e-18
5.353671335771605965e-18
5.453772897166019388e-18
5.722661003562409718e-18
5.939279615874619388e-18
6.205543120115148102e-18
6.263004191145913931e-18
6.313807977011713657e-18
6.454468912190469310e-18
6.663417739142907860e-18
6.985266159325521111e-18
7.295788538116664576e-18
7.341868229010574423e-18
7.638927995587571672e-18
7.710722893278573087e-18
7.778973859753413555e-18
7.917699522151998564e-18
8.062975388760598864e-18
8.315243184318041587e-18
8.736120225260965142e-18
8.964406721327837379e-18
9.210056236447479225e-18
9.408824762291087896e-18
9.499341853391361994e-18
9.812036392693911694e-18
1.001275481430347565e-17
1.022926084722475255e-17
1.068397742577027858e-17
1.075897791708747200e-17
1.085722743835164110e-17
1.094087024702503870e-17
1.141844819362997416e-17
1.160146314203051465e-17
1.172219969463854945e-17
1.220719069059676040e-17
1.227931851328363036e-17
1.273043606665128218e-17
1.281513314366106930e-17
1.313691607089671342e-17
1.326698354949394973e-17
1.330476492552689485e-17
1.342621586408881878e-17
1.385514671761530102e-17
1.424635885055241995e-17
1.463322204777561825e-17
1.471046242091691867e-17
1.510374559443427947e-17
1.531314592739386290e-17
1.564213018086979583e-17
1.585268050265227969e-17
1.620794691397133638e-17
1.654579935448840575e-17
1.661159250683693428e-17
1.699529201214162788e-17
1.723554863156116726e-17
1.755108303316283075e-17
1.783903700713037894e-17
1.822248463094280804e-17
1.841404269769525362e-17
1.872244715103249399e-17
1.884322959845687471e-17
1.933713849660955192e-17
1.965255157443387464e-17
2.008397936744248088e-17
2.036686341926534100e-17
2.074875280421158111e-17
2.109341029184290707e-17
2.126277121212789997e-17
2.142783268493080352e-17
2.186300674088973284e-17
2.213240708567853021e-17
2.241462743436936016e-17
2.269952112965910335e-17
2.323558346943092598e-17
2.364339353075246452e-17
2.384710235208097472e-17
2.423530695577014411e-17
2.461005826613704853e-17
2.474709629921418510e-17
2.557917098935757356e-17
2.572432501466463732e-17
2.618669159027538364e-17
2.684136873669810626e-17
2.690491139181755275e-17
2.725192518858049111e-17
2.767738045775575728e-17
2.833829811977702590e-17
2.841865228127275607e-17
2.927755376846587906e-17
2.945970254809087134e-17
3.024664573747197761e-17
3.073964533714621222e-17
3.146284408154383875e-17
3.156242648912282324e-17
3.191585004244335246e-17
3.251329163656209761e-17
3.293439214630962557e-17
3.329162648045773626e-17
3.399750015988461298e-17
3.434896405783960225e-17
3.457295658733944052e-17
3.598915782059710040e-17
3.599770962906141726e-17
3.702265921873166270e-17
3.753303124649927516e-17
3.779847364240638877e-17
3.846698293796745216e-17
3.894194358931676719e-17
3.931540972689796094e-17
4.020358033221568752e-17
4.101830154667452857e-17
4.188919508792436404e-17
4.251311293336222353e-17
4.329271564888979689e-17
4.364315797988589067e-17
4.378874710268242375e-17
4.501108254124426671e-17
4.554969935244483402e-17
4.587538549740672635e-17
4.749706853576588156e-17
4.878642783161813868e-17
4.896740439858549537e-17
4.974760836239860548e-17
5.055587985724041333e-17
5.090482457175820385e-17
5.151661507268848744e-17
5.317746995228167593e-17
5.453096643787110767e-17
5.552640846044587357e-17
5.635373154375226429e-17
5.667921623332067914e-17
5.836389743428738279e-17
5.950650843260408729e-17
6.105164565828509899e-17
6.178087103048635654e-17
6.371804409325991538e-17
6.401469470122613946e-17
6.593591789830226872e-17
6.663883132951784242e-17
6.815413308120350592e-17
6.831683137448120057e-17
7.068305943331983407e-17
7.190104733747763491e-17
7.370751648836042104e-17
7.453972798995838886e-17
7.979186558764152728e-17
8.097583091378468184e-17
8.267492289989352050e-17
8.371309482315649604e-17
8.475247513000885719e-17
8.619850480908565072e-17
9.207398042389355301e-17
9.411428572033919709e-17
9.724293469001546056e-17
9.870937048102002443e-17
1.030438423158391569e-16
1.062095280940239003e-16
1.063438707739432859e-16
1.087174485932941843e-16
1.157468529196546568e-16
1.186109542986102295e-16
1.208190898002660889e-16
1.306775696278476983e-16
1.326361294239501784e-16
1.353685208365537483e-16
1.398078780779118920e-16
1.489932546840400925e-16
1.610518394862194905e-16
1.676232883088524894e-16
2.051202086434820151e-16
2.174539411134062629e-16
2.464320764998855104e-16
3.054021637289087166e-16
3.947512115585612508e-16
4.238008548535212972e-16
9.832481040920576803e-16
1.094959285353172681e-03
2.521064740505036140e-03
4.838168644536645739e-03
5.319694659930870179e-03
6.361759789005668776e-03
7.100299380861029366e-03
7.429882817484052306e-03
8.835038825246648714e-03
1.023438866936608391e-02
1.384339553073109241e-02
1.625873696847988589e-02
1.727495244476837111e-02
2.483715402343765477e-02
3.334215137873812462e-02
4.762971235091395528e-02
5.420418217356225143e-02
6.341958223695239039e-02
8.624516593435394007e-02
1.017023033879877747e-01
1.405052448308392599e-01
1.754908329360664043e-01
4.649983062626920072e-01
1.981143091640291898e+00
3.976744229551631982e+00
9.453086299968990858e+00
