1.755942227580244500e-02
1.532896007520109273e-02
1.168698761069327657e-02
5.452589495600771233e-03
3.984098365564875399e-03
3.769831814629039102e-03
3.351180336600958522e-03
2.030639621111451215e-03
1.916046923407521479e-03
1.879956160081634915e-03
1.702251716139077187e-03
1.609655400610834420e-03
1.476261078091465348e-03
1.439972376735087654e-03
1.395920762832569178e-03
1.347627925567250343e-03
1.250179028924862422e-03
1.217725735329833713e-03
1.148091934300298541e-03
1.086293642766940912e-03
9.464440689164062802e-04
9.302255322747102206e-04
9.164842396716247393e-04
8.690777054073290124e-04
8.552471359497934751e-04
7.654523362896862183e-04
7.531735391346178025e-04
7.174302608319080678e-04
7.141431843633568120e-04
6.860762039450416091e-04
6.709381446449803931e-04
6.528346790340994882e-04
6.105773403395359103e-04
5.848690758558190358e-04
5.621189933999614806e-04
5.389343284102172341e-04
5.203382488975869663e-04
4.940329687173302450e-04
4.912524555598429604e-04
4.770003677524626987e-04
4.633984078572443537e-04
4.502408405933396984e-04
4.362988616674662768e-04
4.249247885989471292e-04
4.140043458670034288e-04
4.046150844392650296e-04
3.972215721197463372e-04
3.910724057474018896e-04
3.662012739961737580e-04
3.558001899917887694e-04
3.456925132622766300e-04
3.410680425072669473e-04
3.323902598476086612e-04
3.314588595189150500e-04
3.163655902424084812e-04
3.114188974336596586e-04
2.982877081444499788e-04
2.973593526438730026e-04
2.898901080438082254e-04
2.776551047728602795e-04
2.705604583457625872e-04
2.655408716461193593e-04
2.599175306181988193e-04
2.494611471347073337e-04
2.417886722976037332e-04
2.370120091682202332e-04
2.363875929729548214e-04
2.192856925290794911e-04
2.155712264626678321e-04
2.089146843703857054e-04
2.078361365959944509e-04
2.042916340460443998e-04
1.995208099981996041e-04
1.944537828564279884e-04
1.872869848278239685e-04
1.849249741629265616e-04
1.820978983241743673e-04
1.798032156021108982e-04
1.762487943429624435e-04
1.748900210282740937e-04
1.625612577110736770e-04
1.598896878330653530e-04
1.566140118115256228e-04
1.529612772667713521e-04
1.501097699302681907e-04
1.455947921482942818e-04
1.423173092007934545e-04
1.369976915100292272e-04
1.347344121938561835e-04
1.337546795461958514e-04
1.280207576280969345e-04
1.247883651510031287e-04
1.211490111338121221e-04
1.210521528372353729e-04
1.180462438258235598e-04
1.149309104215431393e-04
1.099615363512111520e-04
1.087928288408040122e-04
1.054251328423521234e-04
1.035192846744847596e-04
1.004004857635830590e-04
9.769686614703633075e-05
9.628498122620067566e-05
9.403119274673715831e-05
9.124756468137774999e-05
8.924001648997662668e-05
8.737498609613808824e-05
8.671438822027019108e-05
8.564839590177801250e-05
8.027346589995015228e-05
7.938586015676798264e-05
7.750433842764950640e-05
7.670065571358298021e-05
7.508534006301937356e-05
7.340880182865032347e-05
7.206419238353161088e-05
7.113390649445672622e-05
6.953997789506808952e-05
6.682434542813858974e-05
6.460575684946197718e-05
6.406841216738339115e-05
6.308220674482627264e-05
5.929433586980450803e-05
5.802491043619309560e-05
5.717050780844083535e-05
5.674047104726911810e-05
5.511663667272156806e-05
5.330660104773294076e-05
5.246643139797822135e-05
5.194181981149865128e-05
4.948144623316153571e-05
4.918414795592634844e-05
4.747338545924524914e-05
4.609359006753732630e-05
4.533576782463801642e-05
4.485907674859941093e-05
4.369857171796713813e-05
4.153260217467010120e-05
4.027068713383585922e-05
3.962882164553282820e-05
3.794156932197962349e-05
3.725929559989387031e-05
3.677806589642472289e-05
3.614165180744559450e-05
3.481634038914455776e-05
3.374645604724168971e-05
3.356996582483221003e-05
3.260174790410337619e-05
3.200091524281539935e-05
3.098651383316681574e-05
3.015212544067780897e-05
2.939563034557534003e-05
2.878196849804306629e-05
2.820628908193114007e-05
2.776795684615065613e-05
2.646365856016308859e-05
2.626092147042775223e-05
2.573201893336010869e-05
2.507454689034891899e-05
2.426244934734708060e-05
2.409328968468590150e-05
2.364113966688474985e-05
2.305589662762662939e-05
2.242931057347972626e-05
2.181074936992654739e-05
2.100744063687973038e-05
2.079199061443655759e-05
1.984658267478599353e-05
1.976597311419875695e-05
1.951721789394731370e-05
1.874587894816149089e-05
1.858258221163033622e-05
1.807347022515993817e-05
1.773569967301458618e-05
1.706135623721057937e-05
1.653348080634803929e-05
1.611515854584198989e-05
1.559524645874974270e-05
1.546447746155274681e-05
1.484147802743256292e-05
1.447914275950393526e-05
1.422619519314998591e-05
1.365005556984005853e-05
1.310599827607652907e-05
1.294927737125481548e-05
1.254309573649919295e-05
1.209042198780221276e-05
1.187023729467009735e-05
1.152633925676313705e-05
1.147360408251860092e-05
1.122154902761909481e-05
1.100859007213800404e-05
1.071492994613960426e-05
1.006551076845325465e-05
9.877489598192791943e-06
9.623557960217744676e-06
9.222310356828867129e-06
9.177961882676562115e-06
8.741703321981820628e-06
8.512767411558169823e-06
8.043304717211150693e-06
7.771520360284108614e-06
7.571438574825145196e-06
7.273071392323736274e-06
7.134419999663349676e-06
6.746284489992130599e-06
6.571976739200979253e-06
6.290016200659616980e-06
6.109066650520802046e-06
5.754358725036292403e-06
5.375522318598741643e-06
5.220503436166912506e-06
5.084309591423949654e-06
5.038306959312179971e-06
4.931110676525923894e-06
4.827478673061641106e-06
4.506038119450092590e-06
4.307505438272843161e-06
4.245876581891184479e-06
4.042615127155535978e-06
3.924052565043196169e-06
3.737717023360224731e-06
3.579159119327218578e-06
3.321233011397577425e-06
3.255082306374656598e-06
3.211620969211109862e-06
3.071876437532715691e-06
2.912446741154178519e-06
2.804610854266187720e-06
2.675071297316191024e-06
2.647477861304809157e-06
2.524023597298083431e-06
2.496914612890605841e-06
2.309428180539770915e-06
2.227523094879833852e-06
2.079081277183403259e-06
2.012971011888050537e-06
1.784998001651986575e-06
1.742488047121522749e-06
1.613310040782662121e-06
1.490602507823634571e-06
1.426934110241298418e-06
1.329191171882074242e-06
1.236364237563812981e-06
1.150643077118949396e-06
1.047449715956140900e-06
9.314980018674401393e-07
7.788837204567111571e-07
6.901411342928008622e-07
6.237860158562905404e-07
5.613825575516793078e-07
5.043566568701795956e-07
4.332247107437992683e-07
4.064219104004511336e-07
2.473057853183791629e-07
2.185162114545881241e-07
1.421570588435980887e-07
1.099738546339839934e-07
4.178703866789410253e-08
2.143693335510592428e-08
6.906327200517948583e-20
-3.238622890125710215e-20
-2.539930014932748253e-08
-8.094438538295669175e-08
-1.578898250491757883e-07
-2.284863677413842283e-07
-2.666205798223626069e-07
-3.750028163706418255e-07
-4.070945472345334221e-07
-5.064354662678305916e-07
-5.603071842101013030e-07
-6.607387364806317928e-07
-7.705715292328928058e-07
-8.012662502831972372e-07
-1.006136420691055819e-06
-1.044160119183816693e-06
-1.119516492686143210e-06
-1.217620029318810833e-06
-1.322750315681520314e-06
-1.478067304652167791e-06
-1.695305327332490760e-06
-1.753788096162087230e-06
-1.973344237946049065e-06
-2.143508406840110249e-06
-2.310837064517120975e-06
-2.420817283637393019e-06
-2.495784414405869703e-06
-2.653750322264046752e-06
-2.868576154336979829e-06
-3.008903058278222350e-06
-3.185798242862187036e-06
-3.392990035926560359e-06
-3.600608998076107304e-06
-3.916062374975632630e-06
-4.178599021725492876e-06
-4.370017837331577711e-06
-4.851102613333105948e-06
-4.892474708465534714e-06
-5.134735674768489875e-06
-5.366977487090561159e-06
-5.546532606086701525e-06
-5.654131125521972974e-06
-5.925069931183256966e-06
-6.206019517408369754e-06
-6.448347262705159457e-06
-6.831400733340756642e-06
-7.232442984685683820e-06
-7.465509778709574356e-06
-7.610660518913252253e-06
-7.958653058747916859e-06
-8.643069266094799497e-06
-8.956956695025458526e-06
-9.039740686678976979e-06
-9.908992026610886087e-06
-1.005757426149392331e-05
-1.059545756283917802e-05
-1.073396665699691227e-05
-1.144458661003032886e-05
-1.190119026691907705e-05
-1.234264428321207758e-05
-1.261779116396727430e-05
-1.304713888108743232e-05
-1.380800553730028064e-05
-1.441702720865665447e-05
-1.459844098633771551e-05
-1.594633361481141465e-05
-1.622490088114815918e-05
-1.654257366205162685e-05
-1.776798632512371871e-05
-1.800253763899345991e-05
-1.870284774865418206e-05
-1.871717633622215117e-05
-1.953238207149767531e-05
-2.058601842472264007e-05
-2.141192927941345874e-05
-2.159247421160982570e-05
-2.297153008457515958e-05
-2.362692193280081316e-05
-2.504477763221253547e-05
-2.587507186715770773e-05
-2.598495233897732179e-05
-2.660655506523663843e-05
-2.744254308516052773e-05
-2.956883608578877662e-05
-3.011711685529159689e-05
-3.037427963134735486e-05
-3.150817595844759123e-05
-3.204829395552237416e-05
-3.489035552179618602e-05
-3.601607503380535656e-05
-3.658723463708665009e-05
-3.781489107927991027e-05
-3.992280190341017892e-05
-4.142748397329614683e-05
-4.230402011711508658e-05
-4.363309477029817017e-05
-4.545917526697888794e-05
-4.683459208307890094e-05
-4.795963559749527556e-05
-4.969219094598484489e-05
-5.128245452059034220e-05
-5.395934963479157395e-05
-5.528373197420269152e-05
-5.702833549614053630e-05
-6.078593397024318695e-05
-6.129912411826529098e-05
-6.381629327928876698e-05
-6.621706687823957936e-05
-6.662856529556045648e-05
-6.767155342552803030e-05
-6.984394288879005078e-05
-7.189404900106405685e-05
-7.439644566220068964e-05
-7.754066012806887275e-05
-8.096409364802645986e-05
-8.262554784736182527e-05
-8.366403056587063932e-05
-8.956005692452698489e-05
-9.494228245429214667e-05
-9.837732317925550272e-05
-1.007393456546722691e-04
-1.057963816813508061e-04
-1.098354867696522903e-04
-1.114114045115439114e-04
-1.145789213672216940e-04
-1.180283680920282414e-04
-1.196557380972471725e-04
-1.268654528194588084e-04
-1.281661987141952239e-04
-1.315950402625835805e-04
-1.336357311608473114e-04
-1.454609407092383503e-04
-1.486615479934573524e-04
-1.512895775845073294e-04
-1.537421468702381997e-04
-1.595859642549014683e-04
-1.646352893736255916e-04
-1.661523615119651703e-04
-1.706207412929470189e-04
-1.738178966106298368e-04
-1.763497017420949495e-04
-1.845822721313286770e-04
-1.880266388524280360e-04
-2.008344968750359026e-04
-2.070129439204759238e-04
-2.154147844823953118e-04
-2.289706559857081073e-04
-2.387107101295893243e-04
-2.464689403051925545e-04
-2.482619351895165387e-04
-2.545092673467678644e-04
-2.645519516960052279e-04
-2.802976584482345652e-04
-2.897873052471426755e-04
-3.065157296665864720e-04
-3.089639856044530761e-04
-3.215993745613830983e-04
-3.360261797615557498e-04
-3.653239638622750676e-04
-3.784056627054393595e-04
-3.870479436749410963e-04
-4.046533341079013284e-04
-4.136108826138991412e-04
-4.282464482493890693e-04
-4.609162805615681893e-04
-4.945378450739594577e-04
-5.002096010220459825e-04
-5.539549731094736999e-04
-5.652935539874739740e-04
-5.934320989998713089e-04
-6.118118880263465498e-04
-6.244610031030370162e-04
-7.094566882420100598e-04
-7.291817470541307657e-04
-8.625270830269046642e-04
-9.173111836686892798e-04
-9.752568233578493223e-04
-1.042849713804242049e-03
-1.181056321975556232e-03
-1.564424419337053168e-03
-1.802660153397259504e-03
