-2.096771707945531754e-17
-1.601871547354744184e-17
-1.433199354412117511e-17
-1.317635134655716776e-17
-1.075917796074796122e-17
-1.041558267238558621e-17
-9.599763371472532498e-18
-9.273934673910312759e-18
-8.795571620278582556e-18
-7.372478036737771409e-18
-7.102443488292712133e-18
-6.706592708246706515e-18
-6.590647592562327178e-18
-6.264040605128111113e-18
-6.132496973343922623e-18
-5.746963520844110629e-18
-5.574002779181006779e-18
-5.493412637364839040e-18
-5.258278036417185843e-18
-5.240375221216736246e-18
-5.038613786539327744e-18
-4.878968391883700134e-18
-4.811972965174034722e-18
-4.646428845162583245e-18
-4.465381008862235370e-18
-4.353205682605473504e-18
-4.249554311831043799e-18
-4.192911579852818778e-18
-3.880749142220852608e-18
-3.821421698596193418e-18
-3.759204695542544703e-18
-3.743468184654498772e-18
-3.701572862590111284e-18
-3.608882342236403390e-18
-3.517795433592238152e-18
-3.419680140967776034e-18
-3.408543458433358085e-18
-3.260958512944607392e-18
-3.213923843761445570e-18
-3.199516032950007118e-18
-3.085378291521186450e-18
-3.052086910383134260e-18
-3.016875359586883564e-18
-2.990889261760763485e-18
-2.940328772282782090e-18
-2.847835415519973519e-18
-2.778502387842799676e-18
-2.737810066028237389e-18
-2.702440808919361288e-18
-2.620701700806406074e-18
-2.579325163858837603e-18
-2.527447645039637133e-18
-2.518274138184742328e-18
-2.492614334511077176e-18
-2.424458295463605544e-18
-2.390801581808221270e-18
-2.318329112286817469e-18
-2.312766457712536397e-18
-2.266173258751191751e-18
-2.237709428082284577e-18
-2.204236404597154385e-18
-2.169698315643424522e-18
-2.118990407913156221e-18
-2.070525837393969275e-18
-2.062986759569922434e-18
-2.048065421816516645e-18
-2.003648964992026497e-18
-1.992791922511936975e-18
-1.975492487965940186e-18
-1.931016992918445874e-18
-1.894347790581530819e-18
-1.867581243786007343e-18
-1.844762147491049757e-18
-1.804713658883015905e-18
-1.772487444372902753e-18
-1.740327893239036866e-18
-1.700791375617160020e-18
-1.682721623321976092e-18
-1.676419279759600881e-18
-1.655726175850498126e-18
-1.624177964923393591e-18
-1.603841326404072166e-18
-1.574493281755692616e-18
-1.538607939890069545e-18
-1.534723054374804914e-18
-1.495292659422698819e-18
-1.480192568353091479e-18
-1.462861781868549146e-18
-1.411914601780743766e-18
-1.402680590810856845e-18
-1.377941483877476102e-18
-1.358893491788078388e-18
-1.336956210583411500e-18
-1.326236679191749129e-18
-1.317148458295591275e-18
-1.285485677654092201e-18
-1.255659917877613072e-18
-1.252146118965590480e-18
-1.232304600901470733e-18
-1.209221007581830791e-18
-1.199116390660617237e-18
-1.181443275428030909e-18
-1.151513144331261762e-18
-1.147844532105447472e-18
-1.136658225642808341e-18
-1.111569665853887477e-18
-1.095292416194965822e-18
-1.070661592759303401e-18
-1.049407343468842351e-18
-1.036742532263196044e-18
-1.030017758520432432e-18
-1.016660609336683426e-18
-9.918733823190455015e-19
-9.736873022166856102e-19
-9.505413038469285164e-19
-9.366007931232438442e-19
-9.261244327934784013e-19
-9.180797002283908343e-19
-8.890658731679693972e-19
-8.707566785560883026e-19
-8.620646077275985614e-19
-8.476241500985286473e-19
-8.389063795507853435e-19
-8.125120070805550290e-19
-7.897005664636645894e-19
-7.850518820463823264e-19
-7.743188875276991849e-19
-7.591166262320926326e-19
-7.539390101232158955e-19
-7.284866547760094787e-19
-7.253939673099263433e-19
-7.009130186110713611e-19
-6.938584145558354456e-19
-6.740355087876861503e-19
-6.662200244651322138e-19
-6.377385875374417553e-19
-6.226240340330423697e-19
-6.186853854610804617e-19
-6.043078637638245872e-19
-5.986374670725960914e-19
-5.754495828099750310e-19
-5.740846472490935281e-19
-5.593413081627399345e-19
-5.422401772156598778e-19
-5.365137754765954697e-19
-5.317281195770028353e-19
-5.168809417348105315e-19
-4.887155398430005226e-19
-4.839371460605474387e-19
-4.660880241415155326e-19
-4.622395979222337237e-19
-4.485820511839708309e-19
-4.393604806295716762e-19
-4.343601740957066593e-19
-4.209954192619577238e-19
-4.118152550425772620e-19
-4.015305748773275079e-19
-3.899914882727298461e-19
-3.797418915562490254e-19
-3.686218374656400196e-19
-3.591139900908535296e-19
-3.475649279456705177e-19
-3.389884921454009609e-19
-3.282299943023388245e-19
-3.217335010135047029e-19
-3.133224284296801773e-19
-3.019477578035625379e-19
-2.984001998143160825e-19
-2.901748693106454918e-19
-2.756086052905643407e-19
-2.649812248552552270e-19
-2.637253115007023674e-19
-2.420096752073533002e-19
-2.378272722156987184e-19
-2.334615567693455556e-19
-2.271498619181182953e-19
-2.204548105511051322e-19
-2.105821783631516380e-19
-2.006204378810962568e-19
-1.957074597146205279e-19
-1.812514432279487111e-19
-1.804610803408153630e-19
-1.723856450095041242e-19
-1.572102904657858967e-19
-1.400882850198345766e-19
-1.388622410257654729e-19
-1.317448525383518890e-19
-1.235286254486131171e-19
-1.164003512730455821e-19
-1.141580264978430589e-19
-1.052716865717697484e-19
-9.748768433681195313e-20
-8.909143342963531833e-20
-8.522143366525184869e-20
-8.180707670447954339e-20
-7.324042928483757109e-20
-6.704828542477567102e-20
-5.710453105173169571e-20
-5.022650514722883403e-20
-3.544038273397571727e-20
-3.272769288806108418e-20
-2.453202960777745022e-20
-1.881269364284489219e-20
-1.501555626550791352e-20
-4.855667692594043924e-21
1.800366375539312844e-21
8.130858084828218224e-21
9.932077244764327221e-21
1.541777604322443635e-20
1.929427413304882883e-20
2.158514329146878554e-20
2.890307142588532712e-20
3.439275061176822125e-20
4.024587348246089196e-20
5.227292650306835455e-20
5.956965533088588913e-20
6.647990013756187188e-20
7.206615261274330061e-20
8.144623125578567753e-20
8.539259748931578800e-20
9.718528522293262039e-20
1.019254709113472321e-19
1.112508145881931277e-19
1.163032644074148872e-19
1.247573044728931785e-19
1.270905464940614802e-19
1.331473465686884982e-19
1.429258436414848490e-19
1.503934705616370725e-19
1.699293893154551301e-19
1.780214666041729140e-19
1.811309283435267426e-19
1.861595086483281589e-19
1.956427301076178641e-19
2.022407374842354287e-19
2.130574276132771724e-19
2.179899710803626187e-19
2.275742155969890372e-19
2.374823887621818554e-19
2.450623901277887727e-19
2.581420849270527168e-19
2.649129418794553714e-19
2.674372618361796993e-19
2.817137116932741009e-19
2.896602809860383235e-19
2.953190944589966834e-19
3.010009458998755167e-19
3.175843110263225123e-19
3.278644139878690181e-19
3.396505361471872934e-19
3.463431825264938169e-19
3.576783044142804692e-19
3.653592093305378670e-19
3.862451399244071645e-19
3.938324679148620464e-19
3.975516287619265018e-19
4.025844169592452414e-19
4.194170193912292467e-19
4.327950460307984189e-19
4.367171161165646166e-19
4.413937899130385018e-19
4.512971360749539454e-19
4.612026475653254303e-19
4.702245260857434842e-19
4.952202914206712150e-19
5.045555699845840249e-19
5.118807031533606235e-19
5.433745961655993309e-19
5.507836602255539183e-19
5.604176284677031979e-19
5.708794294894571509e-19
5.748084761392067244e-19
5.977632051510706830e-19
6.018757056188374705e-19
6.121119825359141860e-19
6.262098342704035701e-19
6.324381261558003194e-19
6.466020741875324891e-19
6.609939049033175863e-19
6.803586487412196411e-19
6.882131575199357735e-19
7.104517440749338755e-19
7.194530957351408637e-19
7.246296112485499887e-19
7.337653384210366972e-19
7.495671352008382774e-19
7.757800933423949221e-19
7.971993505253796223e-19
8.137920927975636182e-19
8.217756095054392592e-19
8.347803091962126459e-19
8.435568815148463481e-19
8.649900368394499893e-19
8.765119285923713655e-19
8.939702079245294634e-19
8.961806191128894897e-19
9.201965687511053805e-19
9.326745778347763851e-19
9.532731225529900541e-19
9.570775936637364466e-19
9.815712702442371729e-19
1.003931147108623173e-18
1.024606990260831283e-18
1.027108792021559689e-18
1.050679946317397043e-18
1.065381657074139203e-18
1.099421391533590560e-18
1.109101848548062675e-18
1.121146466432768605e-18
1.125991816062920582e-18
1.143555486067269641e-18
1.162068154295475346e-18
1.179278470994877830e-18
1.195385490836436073e-18
1.230946151606600801e-18
1.247312743537308491e-18
1.251885893555185445e-18
1.282375208823443644e-18
1.303774751710110570e-18
1.306811162350708625e-18
1.324248401451054393e-18
1.347505844609306359e-18
1.379457452157424594e-18
1.407298791638044422e-18
1.419674811624916668e-18
1.440737766445376386e-18
1.480467200031218292e-18
1.490815630981839100e-18
1.505051253779462547e-18
1.526813777626943573e-18
1.545063021671703812e-18
1.573977593649953883e-18
1.588343534999608451e-18
1.596909929399280785e-18
1.613214628795974794e-18
1.643917764756871565e-18
1.677200645800693308e-18
1.686628478812495988e-18
1.711993492943311328e-18
1.755732230720695418e-18
1.760320566858633167e-18
1.797904992924002562e-18
1.807974397500329774e-18
1.842106545013209359e-18
1.852632239071651148e-18
1.869547787546250537e-18
1.915437042587184708e-18
1.958197264031638308e-18
1.971462505636603450e-18
1.998984222223417413e-18
2.028498855781668939e-18
2.058701528976958494e-18
2.120423544095961415e-18
2.165870594702049404e-18
2.186701923629393417e-18
2.193515905508218746e-18
2.251675129144231208e-18
2.266143451792845830e-18
2.288964648374204044e-18
2.303484667802482713e-18
2.353669817899740807e-18
2.414282893271122906e-18
2.441356235581647715e-18
2.512690918271028385e-18
2.566067154151665492e-18
2.606121976377003590e-18
2.661451003583299834e-18
2.705154060022170032e-18
2.714626268680147731e-18
2.781589072750946959e-18
2.823682758351080097e-18
2.888281650744084474e-18
2.940034224214460056e-18
3.024908599009601409e-18
3.068158337577244924e-18
3.091192445235869616e-18
3.140026040337321044e-18
3.207504842664872108e-18
3.364778080700373491e-18
3.440329091296997440e-18
3.568172255784008352e-18
3.612120983890548174e-18
3.672830133470748673e-18
3.708575033833851649e-18
3.764161289647900664e-18
3.970760221657894994e-18
4.044669221505372402e-18
4.164065489801984417e-18
4.262249130822047349e-18
4.431470917074787737e-18
4.651967821268310673e-18
4.767369558462930057e-18
4.899935349080310846e-18
5.059890472714701394e-18
5.118268442716157318e-18
5.308672331766532322e-18
5.487632500726932536e-18
5.569019030037197222e-18
5.610629640891453871e-18
6.021823195698701436e-18
6.435648771647142450e-18
6.735628941781305129e-18
6.924125996290207125e-18
7.271833371833583750e-18
7.819293157649075615e-18
7.905258088613481499e-18
9.448749960913965036e-18
9.962468004868459095e-18
1.069343236897416102e-17
1.104980450558189777e-17
1.243829981618952450e-17
1.516405056242278642e-17
1.938035857861051148e-17
2.526769095109496853e-17
3.595419691981355472e-17
8.427396832683608965e-17
5.048672519317179354e-05
1.016068366240880169e-04
1.571061127839786182e-04
1.673575569969527692e-04
2.211317370175784039e-04
3.391456184990510807e-04
4.060983622283910813e-04
4.093050421893124264e-04
4.233731103600544827e-04
5.253493760946526415e-04
7.419909572498094644e-04
8.645395013490998195e-04
1.004517653797159333e-03
1.290511189088557357e-03
1.945555846321571488e-03
2.901827798690802349e-03
3.362198488835758600e-03
4.083740925277986808e-03
4.586933906962172534e-03
9.171610673000200886e-03
9.364020854456350101e-03
2.688645718855096900e-02
1.195534960223429699e-01
1.577896537714254810e-01
4.610229581366955820e-01
