1.902101016724554172e-02
1.493292061367730919e-02
1.032447223912901814e-02
5.662405909441392549e-03
4.676792036257284430e-03
3.155932045240768778e-03
2.346903815145625488e-03
1.714085840277977798e-03
1.667489532005552539e-03
1.453338893656084662e-03
1.408068968136496051e-03
1.349853581434747388e-03
1.073161451052616908e-03
1.014059563385798831e-03
9.588998324940900845e-04
8.595874755406210767e-04
8.021005382766937608e-04
7.630773629229292568e-04
7.208480130848079299e-04
7.048015569691045345e-04
5.645268849408741421e-04
5.019534349909798377e-04
4.421819324860238221e-04
3.490901955704650214e-04
1.248696366248409787e-04
8.717935832456015375e-18
4.944327769770934947e-18
4.708898901126077866e-18
4.442977925463888154e-18
4.248824707406217250e-18
4.059909812398695495e-18
3.991475191321776462e-18
3.907891451282269440e-18
3.791569537900149825e-18
3.691124031206656576e-18
3.572203279270020310e-18
3.419197180109530802e-18
3.318939425940521118e-18
3.290792891952974897e-18
3.134506037319483240e-18
3.084967941281717431e-18
2.995010057524918171e-18
2.956573355954663115e-18
2.846384669512494741e-18
2.797433808301467711e-18
2.788464914893907617e-18
2.697374831664514089e-18
2.641648679897910664e-18
2.578937380845729571e-18
2.564019807448555432e-18
2.445634666491142485e-18
2.421601952467301393e-18
2.354204702345924745e-18
2.335479282450888164e-18
2.279886748479924369e-18
2.256423165343133112e-18
2.242302715275456725e-18
2.214548267487464678e-18
2.163231219355934633e-18
2.144659006925707465e-18
2.064417328646501778e-18
2.034811269714814275e-18
2.005679432810248852e-18
1.979900599278110931e-18
1.938078115325012929e-18
1.930731782471296309e-18
1.889314319089540104e-18
1.862117089757716687e-18
1.797885652661082322e-18
1.763622597069326098e-18
1.757918308683029602e-18
1.714590718507910572e-18
1.712394684146965623e-18
1.686602753616418950e-18
1.659471072253943733e-18
1.637675005564902769e-18
1.587791329931161907e-18
1.576370561690333629e-18
1.546944984441170040e-18
1.530233163022191561e-18
1.526882641147578234e-18
1.513405310454154705e-18
1.483053607655271500e-18
1.461438143460428376e-18
1.453171126369874812e-18
1.412104847404823076e-18
1.386941137954217594e-18
1.377240226786444627e-18
1.342250720759303171e-18
1.319190623031455804e-18
1.287948246335207457e-18
1.276579976035947357e-18
1.269387275997696358e-18
1.265638703118279308e-18
1.215497321419811904e-18
1.202510925214029420e-18
1.198564884802212205e-18
1.191456935958928547e-18
1.168003164650956988e-18
1.157775731395800627e-18
1.144654661693331299e-18
1.135001606242623037e-18
1.109304334650369945e-18
1.104863348041882808e-18
1.072190511848518599e-18
1.055968920188801857e-18
1.031815745888905497e-18
1.026687503977170744e-18
1.011799389881893716e-18
9.864454728725559911e-19
9.840833760261495861e-19
9.728651220084822149e-19
9.660197099746266028e-19
9.535980816789420940e-19
9.338903588636381148e-19
9.241942117500866129e-19
9.057215969489643664e-19
8.772676831154514096e-19
8.697373306542490537e-19
8.659350043265440420e-19
8.561556295504187667e-19
8.349538808033259018e-19
8.109059904299137190e-19
8.060200711340814668e-19
7.992428077436485363e-19
7.804120154287992931e-19
7.658262836014437765e-19
7.579413591676539347e-19
7.484055051311478883e-19
7.336256840083408835e-19
7.240276018511381374e-19
7.130874029697877215e-19
7.047903606954119461e-19
6.867755362317339731e-19
6.813535664165800260e-19
6.602060765319170720e-19
6.591129038077983693e-19
6.404930122462385877e-19
6.334292316724648924e-19
6.211330471937296897e-19
6.162080353199791794e-19
5.986829694062702813e-19
5.936584728175177936e-19
5.921012763226987240e-19
5.787312080031311955e-19
5.728935524535185773e-19
5.565295087331188649e-19
5.502031793000542147e-19
5.392908198553625282e-19
5.295785602561791652e-19
5.164977734012255161e-19
5.094396384672351694e-19
4.920222644965690440e-19
4.904644012416565469e-19
4.858561489295065086e-19
4.776189164537496303e-19
4.720252671289502080e-19
4.569951265187253052e-19
4.544347138503016346e-19
4.447813025733674588e-19
4.394546821722347283e-19
4.232746930091984159e-19
4.230152109671478702e-19
4.069706653147102947e-19
3.995520825645592368e-19
3.967675363442854233e-19
3.838319521289003248e-19
3.719101092031475578e-19
3.652967149138364470e-19
3.552973690821614327e-19
3.501803137739671766e-19
3.390440570897428398e-19
3.370550603324329210e-19
3.290709409397062865e-19
3.162025418128680489e-19
3.114972393903516427e-19
3.104838332667716700e-19
2.978927663766165136e-19
2.853008805883769746e-19
2.829428564281023323e-19
2.788718185506369591e-19
2.716861237875819859e-19
2.658339583585685182e-19
2.577165633661615099e-19
2.519758456206775988e-19
2.480150746616449883e-19
2.402477640845291319e-19
2.367905292740882869e-19
2.232311751186602320e-19
2.130135281912274776e-19
2.106478307227234994e-19
2.050791726378418852e-19
1.973930022413042266e-19
1.937539641210552010e-19
1.921637440867552320e-19
1.816077297509157639e-19
1.795902814905946737e-19
1.681335107271633251e-19
1.591780180533538695e-19
1.561064323760053334e-19
1.463423627784276546e-19
1.446355527344014650e-19
1.372549793354107412e-19
1.318693241192610500e-19
1.268652608105798577e-19
1.206913888216372009e-19
1.183669348349345847e-19
1.098514866263936252e-19
1.061461313033044814e-19
1.013375432355454429e-19
9.528072690872907854e-20
9.321859346018468889e-20
8.848225328750481735e-20
8.413072024342510954e-20
7.622963781345128478e-20
7.321867856600781343e-20
7.202041375240969859e-20
6.039733731130642585e-20
5.722416220297846403e-20
5.575261780513956549e-20
5.204443138025140052e-20
4.917389692569066586e-20
4.371251928144945651e-20
3.623037476879235587e-20
3.238400044543772946e-20
2.931305349067616578e-20
2.432234101663401429e-20
2.328200267828818828e-20
1.748799517555232577e-20
1.467998535482839758e-20
1.133893836626576865e-20
8.977674632933907383e-21
4.306309626433120844e-21
1.548540322887103255e-21
-3.575073807916211411e-21
-5.080800595016593046e-21
-9.705453577122405877e-21
-1.489399771748098999e-20
-1.730309443377351267e-20
-2.028895268066134809e-20
-2.682015433361097631e-20
-3.374434903197896974e-20
-3.803477745992507737e-20
-3.933559764032266943e-20
-4.140684520756829076e-20
-4.849998403573183297e-20
-4.977122783033776027e-20
-5.742890612489503279e-20
-6.078514693470866097e-20
-6.394990144246726559e-20
-7.016396149609304077e-20
-7.470446298470589857e-20
-8.519186289555204453e-20
-8.723118961561983553e-20
-8.974283823926483416e-20
-1.005985030578307058e-19
-1.039100791915889324e-19
-1.088825062623358731e-19
-1.118706223889222110e-19
-1.153754653688460225e-19
-1.307463276088566673e-19
-1.353780504556700037e-19
-1.415757688311900140e-19
-1.460676456077969035e-19
-1.489286430855254746e-19
-1.531207366532507972e-19
-1.558140189244909180e-19
-1.590418551635769930e-19
-1.664614051981135237e-19
-1.695789995493224438e-19
-1.793676503277125608e-19
-1.841341192633265048e-19
-1.891842986061667480e-19
-1.948159078915051933e-19
-2.009320569597016162e-19
-2.107365858973738788e-19
-2.171625577188436852e-19
-2.281401378684398116e-19
-2.437651311379351556e-19
-2.463478370221186264e-19
-2.466137075019095866e-19
-2.536792113872979273e-19
-2.580738753305071451e-19
-2.617734758632201481e-19
-2.663910588171331597e-19
-2.727343244721608227e-19
-2.820875115220070118e-19
-2.969936616320526418e-19
-2.987285011966861514e-19
-3.081181591234430525e-19
-3.146804832121399834e-19
-3.174290677641600696e-19
-3.214026050440710871e-19
-3.279211345761733828e-19
-3.471080258881877739e-19
-3.601076835263229400e-19
-3.696883158140516751e-19
-3.745494409405782690e-19
-3.792750764195257536e-19
-3.905870340190946018e-19
-3.968891173436813991e-19
-4.021237034866537928e-19
-4.090972602318157909e-19
-4.181048870662247206e-19
-4.301633743137641963e-19
-4.374802894999983751e-19
-4.506324983203552399e-19
-4.567521140494651105e-19
-4.630136967054802364e-19
-4.725545268425163458e-19
-4.769047085955971521e-19
-4.796302635932501384e-19
-4.919053115168179294e-19
-5.108482535601827564e-19
-5.186790022712062622e-19
-5.267655114472935343e-19
-5.428581636293229550e-19
-5.474862144974350860e-19
-5.628999111462969969e-19
-5.657231910808004128e-19
-5.817831111519956586e-19
-5.960150181254866151e-19
-5.981588787830366585e-19
-6.091622815387405921e-19
-6.140351037609756907e-19
-6.303363204481750031e-19
-6.472982019834798971e-19
-6.536276962821191125e-19
-6.615124013072320163e-19
-6.806827643571986714e-19
-6.941753725359464668e-19
-6.975290645277462648e-19
-7.033854448366190719e-19
-7.249071401688804661e-19
-7.311677002266090990e-19
-7.478691978927948442e-19
-7.590311144014388881e-19
-7.677636023394843064e-19
-7.799827648788181378e-19
-7.938223896593182527e-19
-8.021440133248625053e-19
-8.071198160459494904e-19
-8.388165494927781986e-19
-8.423611918278026471e-19
-8.465584544856666879e-19
-8.571292787463626720e-19
-8.698616130681723391e-19
-8.874054408248545200e-19
-8.945969196166252502e-19
-9.075439831231048623e-19
-9.329213281764925041e-19
-9.600538395663603026e-19
-9.719644264165505405e-19
-9.873231665752203593e-19
-9.971333394079972191e-19
-1.015461390627908546e-18
-1.025888936257317946e-18
-1.044071768453247319e-18
-1.056058499198453907e-18
-1.065974343276377336e-18
-1.079046030938438954e-18
-1.094212394128739351e-18
-1.105654888829639836e-18
-1.122874499541461444e-18
-1.131175406831810259e-18
-1.151403367455365101e-18
-1.165951393001327310e-18
-1.194196101861953851e-18
-1.223927900880524644e-18
-1.233237117828440563e-18
-1.244536822255790469e-18
-1.256397270914899224e-18
-1.275219108691500510e-18
-1.292454704880174730e-18
-1.305846165995585569e-18
-1.320264542109112600e-18
-1.360351152468054942e-18
-1.371704396908992485e-18
-1.378902837874306621e-18
-1.413765577499576991e-18
-1.441786476684482118e-18
-1.450193834452061152e-18
-1.462990388959536127e-18
-1.477269261146517941e-18
-1.525259834979672478e-18
-1.543806008175042964e-18
-1.565012430635848886e-18
-1.589436544400033690e-18
-1.632236678110224053e-18
-1.650114942019199153e-18
-1.662475002816935903e-18
-1.693905698689556018e-18
-1.716334246279024100e-18
-1.752050457083328614e-18
-1.788549223766244542e-18
-1.793599617140505831e-18
-1.822503726600355841e-18
-1.865931325059960271e-18
-1.881890167426722878e-18
-1.897862442385905034e-18
-1.906426494559596007e-18
-1.933644048847034497e-18
-1.987810415918674361e-18
-2.008128728561208022e-18
-2.047236999731266731e-18
-2.070451680199145740e-18
-2.107241947855054782e-18
-2.150760438544392620e-18
-2.175152438022975300e-18
-2.189592370878154345e-18
-2.243793194100333430e-18
-2.303450640199595259e-18
-2.330734871613124666e-18
-2.348647253271677357e-18
-2.436613374249527905e-18
-2.492897936794767775e-18
-2.501807469196246838e-18
-2.572715205740937786e-18
-2.650151619498446576e-18
-2.719487588943662994e-18
-2.767257930496028662e-18
-2.883612224958880907e-18
-2.924110855713799930e-18
-2.989444259050407055e-18
-3.009990922677193295e-18
-3.069464504570616671e-18
-3.115156407697358256e-18
-3.208642537719566057e-18
-3.296342393064316396e-18
-3.389755595677650496e-18
-3.469398884265380272e-18
-3.594436504839421885e-18
-3.695046303586613450e-18
-4.072265379400900187e-18
-4.120027332877889847e-18
-4.306439909861690145e-18
-4.411011799321578200e-18
-4.762430914309101001e-18
-4.894524500704003675e-18
-5.485484334056479215e-18
-9.553380531413715280e-18
