-2.124930026035383482e-15
-1.119655674315795619e-15
-7.949656346790812026e-16
-5.292772470931548454e-16
-4.023520412656986254e-16
-2.881238060641522997e-16
-2.456067604976596596e-16
-2.132175227517793240e-16
-1.968871563951054166e-16
-1.877134021154749050e-16
-1.672999821538753020e-16
-1.536453443135682873e-16
-1.515158665914086703e-16
-1.470435222080562617e-16
-1.412866771900965909e-16
-1.351370011968374906e-16
-1.291795692409191257e-16
-1.273106013026470308e-16
-1.234967275720280372e-16
-1.198815399307144022e-16
-1.184147500603545330e-16
-1.132668467829383943e-16
-1.078637978546276602e-16
-1.048619274437751864e-16
-1.033405602070359694e-16
-1.016067561899052228e-16
-9.844290124871081487e-17
-9.571554194529322031e-17
-9.470223346082520713e-17
-9.367069389725581459e-17
-8.962226879835098645e-17
-8.758413971856143943e-17
-8.702158219936004852e-17
-8.477994193542104304e-17
-8.346372842394749150e-17
-8.134628405938686794e-17
-7.966246744470857515e-17
-7.817132616004083313e-17
-7.630069488578527963e-17
-7.561079670687292450e-17
-7.362622604806969227e-17
-7.193647515604700150e-17
-7.114332188275939786e-17
-6.851284315355734049e-17
-6.815325308898855052e-17
-6.718880219471676522e-17
-6.637354683981872312e-17
-6.597401048391391115e-17
-6.394246927354592652e-17
-6.326910442449714321e-17
-6.201994077519196075e-17
-6.022344096998518567e-17
-5.960665972145955595e-17
-5.768055026761552240e-17
-5.733526983666351413e-17
-5.607419126735346249e-17
-5.517996992437054598e-17
-5.400712845558383587e-17
-5.365474877967551330e-17
-5.241064994662488005e-17
-5.211433259044373520e-17
-5.162586838435959765e-17
-5.119068897828368603e-17
-5.049619600513846415e-17
-4.920888079052373222e-17
-4.819689055401444216e-17
-4.766707664254987218e-17
-4.634763525468947295e-17
-4.579299514319212467e-17
-4.510472860007090931e-17
-4.470933849896535375e-17
-4.386682909110855461e-17
-4.312796932843314608e-17
-4.269081483844572215e-17
-4.197539716054516193e-17
-4.131613975462855382e-17
-4.072749674901779075e-17
-3.990169959470719858e-17
-3.975815735867936212e-17
-3.920766457063378362e-17
-3.871325980132906320e-17
-3.751419511942883370e-17
-3.741103735501433451e-17
-3.634810747829816857e-17
-3.607979599110476751e-17
-3.556468587423316377e-17
-3.474983701502174687e-17
-3.449399932577081635e-17
-3.413257545322114162e-17
-3.366992980525114177e-17
-3.329142187570110380e-17
-3.311357844948936072e-17
-3.274795505694051071e-17
-3.244967877312554830e-17
-3.109113879180998090e-17
-3.090661087191891111e-17
-3.044471370324360102e-17
-2.965513861102499786e-17
-2.943935359481147685e-17
-2.876497004974623723e-17
-2.841879773750358743e-17
-2.803326806890720687e-17
-2.726565226379222400e-17
-2.695123461400200688e-17
-2.598352804221194306e-17
-2.548547996554681065e-17
-2.510530082847259568e-17
-2.482482370982079284e-17
-2.430708625786612193e-17
-2.407367628626892442e-17
-2.376741916433994452e-17
-2.355852349926159533e-17
-2.279873830333030101e-17
-2.263611127003992080e-17
-2.224380684561549264e-17
-2.184232135348130572e-17
-2.130685032085849121e-17
-2.113882860717981284e-17
-2.058817861953258167e-17
-2.019476887498436933e-17
-2.004999690579783944e-17
-1.955714109061815522e-17
-1.934784996233155113e-17
-1.881064271831308543e-17
-1.807773521953039761e-17
-1.787140154966323166e-17
-1.768268612290273233e-17
-1.725707717053319033e-17
-1.694149526509429717e-17
-1.672550378636107221e-17
-1.619492948688457140e-17
-1.585104379564317889e-17
-1.575596574227424233e-17
-1.546924618554729248e-17
-1.456340862089923263e-17
-1.441265316199574252e-17
-1.383419878735654222e-17
-1.367626579586318314e-17
-1.355421772220249697e-17
-1.327595022020787222e-17
-1.301926458163578628e-17
-1.291025534996740334e-17
-1.262045710434640616e-17
-1.227941494854365540e-17
-1.204165099639512336e-17
-1.172606879099308972e-17
-1.141593164944138029e-17
-1.086011428813374654e-17
-1.069660478776685388e-17
-1.016933860076447207e-17
-9.794767040806232726e-18
-9.464707709445900256e-18
-9.294223449810824455e-18
-8.831556803784437130e-18
-8.785933503105053787e-18
-8.666317571200477368e-18
-8.186445186167221053e-18
-8.024604297802928877e-18
-7.710154796340950696e-18
-7.485988514368143339e-18
-7.165221904745918778e-18
-6.999270676223245451e-18
-6.723354477898728854e-18
-6.447426386950226688e-18
-6.218932915097914623e-18
-5.796865277061669938e-18
-5.506332390563428241e-18
-5.279358498350704511e-18
-5.068616151319459871e-18
-4.674539178200279876e-18
-4.619469693010170332e-18
-4.322618357368144199e-18
-4.250891504360107944e-18
-3.844464531687379526e-18
-3.608335609094283881e-18
-3.285075669507272762e-18
-3.192831734469833230e-18
-3.085066093809784136e-18
-3.011980555460271332e-18
-2.779557627761724518e-18
-2.422388412582415901e-18
-2.206391837093002876e-18
-2.137632554803262185e-18
-1.895407726260751014e-18
-1.680098364470618636e-18
-1.527343252696546926e-18
-1.379793211787218555e-18
-1.233675159888686095e-18
-1.032647814543397283e-18
-8.390783401302280127e-19
-8.192197912424201617e-19
-6.212880972452498902e-19
-2.515969192461215719e-19
-7.815845733722688427e-20
-3.646858809818011570e-20
-3.190753958551656198e-21
-2.217229569699569724e-21
-1.273227490063545895e-21
-1.233652222525113939e-21
-9.344692038697332651e-22
-7.335995875046647204e-22
-5.622709152956732857e-22
-4.457020640368405161e-22
-2.657151974109907487e-22
-2.475120499265111876e-22
-2.106577964796191543e-22
4.839981288527731904e-23
5.954615068209309290e-23
1.006001575810134265e-22
2.131470396740605853e-22
3.529971109243485837e-22
4.225143415589266342e-22
4.454486642654488878e-22
6.362774628139500213e-22
7.063852032208503227e-22
1.184931914732420590e-21
1.331958370001887813e-21
2.482700618484800177e-21
3.010880065152564700e-21
8.314300750525425225e-20
1.223889948324700514e-19
2.947565012548114558e-19
4.030742274162469539e-19
5.761174634057168276e-19
6.202205525239253207e-19
6.913594087227690222e-19
7.645094490092149936e-19
9.290561261931744341e-19
1.159991643045612709e-18
1.460369487886057044e-18
1.528807174682826019e-18
1.861766011696065491e-18
1.991016734835519537e-18
2.034481598457793153e-18
2.269141818784617392e-18
2.455324823883166822e-18
2.837102168576369055e-18
3.069067293969160424e-18
3.214218564918225080e-18
3.591151604986552351e-18
3.758453357924874507e-18
4.038259404508952924e-18
4.196013169744796634e-18
4.481383306318491005e-18
4.730226826198401464e-18
5.065767351897931807e-18
5.385870327534780513e-18
5.516574351006615659e-18
5.584544541271166142e-18
5.809298435595322176e-18
6.160098753788475511e-18
6.413168862889858311e-18
6.722410635156989528e-18
6.836110502368123119e-18
7.068357417420598328e-18
7.210093868278244463e-18
7.446662499773602728e-18
7.906536165273807234e-18
8.272306790976874030e-18
8.620166959297150523e-18
8.849706719858058690e-18
8.962127558373328772e-18
9.053954110626330293e-18
9.472145855058351653e-18
9.912591722489523359e-18
1.042829000670783573e-17
1.086540791282222478e-17
1.121553008692642216e-17
1.140661698669050830e-17
1.144527577779312523e-17
1.170282568151591103e-17
1.204851532107827282e-17
1.211158219816505245e-17
1.224320859722357303e-17
1.272861614701701025e-17
1.293639780666517836e-17
1.352356812512117853e-17
1.377743215556831644e-17
1.401366589309151097e-17
1.408769358452719659e-17
1.447404994985947281e-17
1.453214405654373159e-17
1.502266294396489624e-17
1.589133479622103284e-17
1.617891134858007443e-17
1.646621594139077261e-17
1.668439317003020045e-17
1.712148821547931516e-17
1.717387716813262529e-17
1.751001878689234339e-17
1.817629069843314755e-17
1.856632141733329114e-17
1.873599951588350379e-17
1.909096298858252868e-17
1.970159569163087522e-17
1.990218485192625819e-17
2.014751631592694726e-17
2.077055794390217967e-17
2.133460918680945217e-17
2.142753116069374251e-17
2.168262057957077451e-17
2.221834667886767547e-17
2.269131669683373579e-17
2.315679582894726429e-17
2.370634106810886540e-17
2.383236304037616059e-17
2.481255804987278992e-17
2.546125773740558805e-17
2.598337563633023172e-17
2.660960786605166143e-17
2.677484973729594230e-17
2.736293230701465024e-17
2.753562251113567057e-17
2.780576122479985189e-17
2.825806241991961075e-17
2.895231831041574323e-17
2.905793763510681386e-17
2.947558892330933839e-17
2.979806428450061550e-17
3.054808386889216509e-17
3.146336583499341876e-17
3.160310707158423591e-17
3.223140683483145661e-17
3.254599392587158414e-17
3.304007778322462116e-17
3.330654316864910895e-17
3.399174721187809298e-17
3.471771309412149328e-17
3.491904659147687760e-17
3.611652937827326556e-17
3.622536138208780895e-17
3.702053877840107289e-17
3.794555003004607166e-17
3.856687678767626440e-17
3.914483526571732940e-17
3.970800901704302125e-17
3.996165768126808003e-17
4.033897635908916996e-17
4.108325421513060118e-17
4.155564098784788223e-17
4.191815608067715530e-17
4.288977216454950636e-17
4.321664315091817603e-17
4.350535542407346193e-17
4.419006330451867651e-17
4.474547916808513753e-17
4.521117654560890087e-17
4.560995420687919542e-17
4.762067684562534586e-17
4.828590624337040232e-17
4.852724713827592935e-17
4.983120136642148528e-17
5.051214292207813176e-17
5.164294956347771512e-17
5.303401477391582368e-17
5.331556038255161359e-17
5.384961920216226124e-17
5.395228252339576165e-17
5.534756848482500058e-17
5.624937084243196065e-17
5.705270671777050929e-17
5.830749600212681295e-17
5.888363271626934208e-17
6.114103903601510819e-17
6.152381274776433923e-17
6.240580702887914315e-17
6.324005778004443325e-17
6.452245734616280508e-17
6.520523468811517459e-17
6.744998719103814601e-17
6.834612615270482815e-17
6.912853203580984451e-17
6.941183080404235453e-17
7.214018781876574023e-17
7.351155588733007470e-17
7.612936026870299310e-17
7.690919054357131135e-17
7.858205833598272129e-17
7.903772741973791509e-17
8.107315093331894217e-17
8.364357229159457173e-17
8.397553342980741195e-17
8.532876851787640704e-17
8.825425575754521270e-17
8.959747664234988354e-17
9.040614394620035965e-17
9.184947493016817089e-17
9.445129837494329260e-17
9.893128602334040719e-17
1.002237556806484978e-16
1.033548174533669939e-16
1.045967565075777593e-16
1.068025575676591582e-16
1.097629407670203749e-16
1.135138462357930265e-16
1.191473988904385634e-16
1.214134270578151710e-16
1.236088713562866387e-16
1.245069147016276253e-16
1.363919697680704800e-16
1.392090132725535759e-16
1.450985097024230821e-16
1.520252338096898482e-16
1.591207098790680477e-16
1.651774313270687502e-16
1.713320281957996204e-16
1.798350024556527465e-16
2.017939791625942903e-16
2.144704215088588737e-16
2.462449571627716054e-16
2.659855433190151854e-16
2.866653260628545194e-16
3.485790918559563081e-16
3.871150203310456037e-16
5.084947298555773587e-16
7.561637048262778089e-16
4.843091446351866815e-04
1.123412883562202418e-03
2.488339306254523046e-03
4.203939960934775615e-03
4.973145260105066821e-03
5.408130198528527527e-03
6.586130136044619082e-03
7.055243180567353709e-03
9.206107232924313349e-03
1.083972851548922062e-02
1.406697111892779399e-02
1.535619176567146194e-02
1.894470088487614293e-02
2.711016528214182583e-02
4.847722244861579766e-02
5.326165825026244610e-02
6.380320823147274389e-02
8.675792364400371215e-02
1.077827878898844904e-01
1.380978981705208442e-01
1.824463743342749911e-01
4.752862339879450060e-01
2.316944462383758285e+00
4.607180192861569878e+00
1.290514599593502965e+01
