1.902307897616224708e-02
1.493308210946417761e-02
1.032454860669069184e-02
5.662632792384578867e-03
4.677032149668062036e-03
3.155982500668516946e-03
2.346922523869268695e-03
1.714198018511228251e-03
1.667559364781105377e-03
1.453421579482948485e-03
1.408095541680044402e-03
1.349853472685980885e-03
1.073205519990874180e-03
1.014084413932933668e-03
9.589379265974003544e-04
8.596231906169575542e-04
8.021425584531806634e-04
7.630768994119968215e-04
7.208693219390971928e-04
7.048062662245423984e-04
5.645345819815123520e-04
5.019571513062423074e-04
4.422003078740785139e-04
3.490990646995154522e-04
1.248734995121787261e-04
9.995138069169912629e-18
6.007570916330017180e-18
5.075708496532012974e-18
4.737452561136123601e-18
4.346467218014812751e-18
4.197229435783967214e-18
4.087912022362401627e-18
3.964095128998769662e-18
3.820254218733329306e-18
3.587350087839449579e-18
3.481173988109882444e-18
3.396586325346236163e-18
3.286382153904548580e-18
3.227231813991530694e-18
3.080117393216268244e-18
3.006586480856819008e-18
2.877799151533947889e-18
2.865605739097350908e-18
2.797610560452423689e-18
2.785739202036406315e-18
2.761065088477151186e-18
2.654389662954576214e-18
2.632816263714196351e-18
2.612776497783083985e-18
2.539563172706832829e-18
2.512379793236758320e-18
2.451565339408463214e-18
2.425660755827193810e-18
2.321986551037875855e-18
2.300556960303577577e-18
2.244960880562616109e-18
2.223388064896772247e-18
2.187262141199786111e-18
2.140022664586247113e-18
2.080672999500262123e-18
2.047555900750959053e-18
2.023609823874942929e-18
1.994128297565664165e-18
1.984398859872629159e-18
1.932918830572765685e-18
1.878031505471069671e-18
1.868284388656230774e-18
1.826136974152769732e-18
1.814940358075921812e-18
1.794510911151066930e-18
1.771390526409904933e-18
1.749094870496894409e-18
1.717142546892398756e-18
1.710915611232369769e-18
1.678500970011370507e-18
1.647794344304567892e-18
1.621105951648216557e-18
1.605342997298963797e-18
1.598126694338721819e-18
1.556562002100954921e-18
1.522744180094268667e-18
1.517516206345193025e-18
1.486127033090172404e-18
1.447154651329559384e-18
1.434359428689139474e-18
1.427831908873844294e-18
1.409116949553108222e-18
1.388077474540144988e-18
1.359586525217785721e-18
1.352435043592402662e-18
1.334865093087619696e-18
1.313056466247315077e-18
1.293522104861682706e-18
1.281644264005719959e-18
1.238915705927456941e-18
1.231731226149475121e-18
1.206954626302786080e-18
1.169625584551758100e-18
1.163728551968520136e-18
1.149276514766661318e-18
1.135749069718148234e-18
1.121544193242726989e-18
1.091632152237834735e-18
1.088971695584553739e-18
1.074555627107782358e-18
1.060617169895605502e-18
1.044070406786235276e-18
1.022984889014018200e-18
1.005680984481729920e-18
9.861493543803893347e-19
9.822045899633741335e-19
9.581405356120100654e-19
9.437592728730180909e-19
9.366986012903795934e-19
9.215812291515555517e-19
9.192561335854219031e-19
8.941160576548878495e-19
8.833126516860999147e-19
8.754780721552933865e-19
8.549718465439426219e-19
8.449287244045758822e-19
8.329923598319843352e-19
8.304743014107656398e-19
8.207819137395705420e-19
8.053557795636532687e-19
7.887240033643526342e-19
7.771989777843104621e-19
7.708836666780204955e-19
7.557286241679193397e-19
7.500044479727200720e-19
7.367363648148826696e-19
7.257825002054319111e-19
7.138126777992099654e-19
7.005376096654070836e-19
6.843633588798727285e-19
6.836591751095249463e-19
6.683033065536176875e-19
6.530390652394989018e-19
6.298740942348029809e-19
6.242852327279519174e-19
6.135391066598614217e-19
6.033059155686607177e-19
6.006658846272037995e-19
5.909917597407880678e-19
5.812255844109927620e-19
5.781445550499198401e-19
5.692077389667291582e-19
5.568632587726271031e-19
5.384255173313602089e-19
5.315510445065006172e-19
5.270745389811837631e-19
5.236154269712151737e-19
5.007301436270483140e-19
4.905953925759964762e-19
4.830669735165334678e-19
4.729008447500422293e-19
4.660390114707854904e-19
4.528149085715619876e-19
4.458242925795595662e-19
4.336729664749633843e-19
4.271471567995738042e-19
4.215334998338922474e-19
4.119080596082971378e-19
4.036715639253882477e-19
3.977390992576608167e-19
3.952922846369863729e-19
3.794543159924337859e-19
3.718058215669581087e-19
3.630969251653212164e-19
3.578699084086327842e-19
3.549865670989854595e-19
3.401538184644212979e-19
3.297632939415494182e-19
3.211864404998817322e-19
3.181901697643157186e-19
3.100828669531891132e-19
3.075038601281590937e-19
3.022937217600226751e-19
2.974310895360517898e-19
2.847990142383579734e-19
2.783499758652439018e-19
2.761522897339512297e-19
2.668705825571075696e-19
2.626699818988497318e-19
2.525109467822799066e-19
2.423894403610134323e-19
2.382977775467768747e-19
2.318325431704429043e-19
2.210638218301464959e-19
2.137023265861077894e-19
2.075015375856673900e-19
2.006997399735493868e-19
1.944154009793354148e-19
1.826540176303276447e-19
1.818440339425550448e-19
1.771101977573424930e-19
1.726972637200427008e-19
1.636477068175404215e-19
1.558274849300714628e-19
1.491052186705072843e-19
1.477507983064793916e-19
1.421078246397657738e-19
1.366291806563467657e-19
1.323380407722026733e-19
1.215905071259390448e-19
1.172653673203389129e-19
1.122435154083526529e-19
1.073802732191525105e-19
1.000802198689262175e-19
9.846289339002323983e-20
9.332840552190549757e-20
9.113456818443887112e-20
8.306531802016107357e-20
7.549528410049805578e-20
7.009643138189366105e-20
6.592643722464796040e-20
6.420751147702830099e-20
5.937937610945862239e-20
5.572886494285758504e-20
4.886879135667018356e-20
4.374964823284353311e-20
4.029025008025032394e-20
3.457925679739796969e-20
3.074941685328739606e-20
2.690844997592128091e-20
2.418231328945516413e-20
2.191787087417446038e-20
1.684567697454010119e-20
1.032025020562329776e-20
8.771414510761822709e-21
6.206408570022465107e-21
2.634424805810137300e-21
-7.594107468017734240e-22
-2.175700692225587674e-21
-7.556846124471126210e-21
-9.999666277570832546e-21
-1.211079286933424122e-20
-1.731038024765510583e-20
-1.900095157739669748e-20
-2.132482345313572453e-20
-2.718879633078634504e-20
-3.310299206636959831e-20
-3.594791485935683970e-20
-3.746692456586011657e-20
-4.030776641933607360e-20
-4.371565125331135043e-20
-4.749937116250524773e-20
-5.172878406029763487e-20
-5.715547844847683466e-20
-6.123661813401653975e-20
-6.883583697481997957e-20
-7.174745996312631065e-20
-7.775439058663083352e-20
-7.910165094948425503e-20
-8.518910890527093076e-20
-8.893225446903076237e-20
-9.271348551135380623e-20
-9.643630163018280406e-20
-1.032358627222277881e-19
-1.071943159716573558e-19
-1.097470897470670916e-19
-1.229582499196179734e-19
-1.301171168689957675e-19
-1.376758534851734636e-19
-1.386629044354628698e-19
-1.475514081954843192e-19
-1.562116483014101713e-19
-1.598257382585351651e-19
-1.692569404734591712e-19
-1.714485580242702437e-19
-1.789855299382016947e-19
-1.864646085334983703e-19
-1.929750948889592962e-19
-1.962232111017282923e-19
-1.984597579875356220e-19
-2.057622678712186421e-19
-2.125399313867342872e-19
-2.215551427967600304e-19
-2.259893718008640368e-19
-2.287623211995112569e-19
-2.350097307185196292e-19
-2.413306441173693297e-19
-2.418877923243217762e-19
-2.564709021273711091e-19
-2.604252678934811823e-19
-2.678780816324187046e-19
-2.754194809944587826e-19
-2.811546208265560788e-19
-2.930308988558561590e-19
-2.977184217577805838e-19
-3.021047492140657443e-19
-3.139718804670433317e-19
-3.203794998833638899e-19
-3.284563984693076640e-19
-3.426420770795760038e-19
-3.465423865358854078e-19
-3.477105512119917856e-19
-3.606311916121456812e-19
-3.765443601517875064e-19
-3.886288030318268311e-19
-3.914891453872885996e-19
-3.969831068407151763e-19
-4.099928783298623334e-19
-4.169981171988694075e-19
-4.309324031649357585e-19
-4.341427625759829882e-19
-4.468480073383057406e-19
-4.524256083264749045e-19
-4.606110425590899426e-19
-4.754044052925552296e-19
-4.761675505318254356e-19
-4.896299588503460081e-19
-5.027995160515281977e-19
-5.098460063844446256e-19
-5.169185861708194648e-19
-5.336021870507927164e-19
-5.453980291688487210e-19
-5.551444128065109813e-19
-5.643564551388002661e-19
-5.680749562774306072e-19
-5.760275589751032002e-19
-5.892608784057179771e-19
-6.066752219425842446e-19
-6.086299965575088200e-19
-6.153222368238285091e-19
-6.292948256439905079e-19
-6.399384827220067083e-19
-6.531712683931166825e-19
-6.546443276365445103e-19
-6.740220201515457923e-19
-6.828063800172157420e-19
-6.930356868274857730e-19
-7.092754759566584818e-19
-7.204186956655504225e-19
-7.247114772105411234e-19
-7.440406768534674735e-19
-7.532624988702235723e-19
-7.667879202323117896e-19
-7.682972209054112829e-19
-7.774295723057908577e-19
-7.895211202514924257e-19
-8.089416806273365696e-19
-8.119316887977684654e-19
-8.246418416649352446e-19
-8.406846359624392512e-19
-8.487986208938888152e-19
-8.689347598599124016e-19
-8.832277295940634772e-19
-8.996338063586255732e-19
-9.097899251022527364e-19
-9.225335255446154582e-19
-9.487148202942804667e-19
-9.577167116793574599e-19
-9.633822093046996924e-19
-9.778621455030116669e-19
-9.888839115014027503e-19
-1.012829918211254087e-18
-1.014420654169236602e-18
-1.030986637211286324e-18
-1.054425872018811855e-18
-1.074080745062100597e-18
-1.080146689750267685e-18
-1.097249474194165896e-18
-1.116337275890293479e-18
-1.128943035392046160e-18
-1.149882148123040976e-18
-1.181854295835329658e-18
-1.195655483583715470e-18
-1.218503001753059615e-18
-1.231660601984672749e-18
-1.249558525499222059e-18
-1.256843521236344796e-18
-1.265543009844249478e-18
-1.277710851560801868e-18
-1.292552965953818537e-18
-1.342075898228511443e-18
-1.356545435511772702e-18
-1.361266992277100810e-18
-1.368183380911415664e-18
-1.398907466780890600e-18
-1.416851191487351942e-18
-1.441081788820235756e-18
-1.468978548405454380e-18
-1.478301210512528956e-18
-1.502817125676200095e-18
-1.525491916500247948e-18
-1.547856962950012503e-18
-1.560744099062636633e-18
-1.595654273325528147e-18
-1.610043182508752743e-18
-1.666281345796036860e-18
-1.681125234898880425e-18
-1.703516800281311294e-18
-1.728765707219272465e-18
-1.756599993251572634e-18
-1.775899994403474382e-18
-1.794369317160608638e-18
-1.830039357144646214e-18
-1.867875914727032418e-18
-1.900826879835110781e-18
-1.918360541993153077e-18
-1.947785864531212500e-18
-1.965002741529655091e-18
-2.016096615484991946e-18
-2.034373756488894247e-18
-2.079950688883351766e-18
-2.101322899072956752e-18
-2.121725220995270901e-18
-2.189138386736000122e-18
-2.221515345223251913e-18
-2.274253374872881442e-18
-2.327900933798682330e-18
-2.373644007139850555e-18
-2.397181207467821413e-18
-2.506051611872926230e-18
-2.561753482101484164e-18
-2.588805725626358086e-18
-2.651099144272137248e-18
-2.662527160693368606e-18
-2.724110019882816704e-18
-2.763328622650376110e-18
-2.857206649834903747e-18
-2.868819122789531436e-18
-2.929242650818164392e-18
-2.978774503427933068e-18
-3.061003392450604144e-18
-3.154209067207524028e-18
-3.223704357292122269e-18
-3.306145480122292741e-18
-3.434833198695391369e-18
-3.568744418576510612e-18
-3.703630515101365199e-18
-3.765339477871659166e-18
-3.816934757282408416e-18
-4.014276764188032078e-18
-4.284477767292298162e-18
-4.397241200297305867e-18
-4.724720645991343830e-18
-5.021005704971860726e-18
-6.121341978825220934e-18
-8.975238913936610335e-18
