-2.292480281243070017e-01
-5.271342130439150148e-02
-4.730306445420100897e-02
-3.071645349583556478e-02
-1.397752995265321568e-02
-1.259188090246543025e-02
-1.031683339552061374e-02
-7.999233582272641252e-03
-7.587031417063106430e-03
-7.208615449363944307e-03
-6.132981424172258104e-03
-5.647548896453941959e-03
-4.949272840555823082e-03
-4.415421779762909726e-03
-3.598468254647595611e-03
-3.430532368932977944e-03
-3.192351959085099923e-03
-2.890672739670857930e-03
-2.390058273702069715e-03
-2.322314619022908689e-03
-2.226690845387168608e-03
-2.193678914614994972e-03
-2.050096572090925363e-03
-1.815836343388582902e-03
-1.664058774209222933e-03
-1.596610459556385827e-03
-1.585625944154252622e-03
-1.512229732285740860e-03
-1.438688737361503052e-03
-1.380502832604677292e-03
-1.370163196070704357e-03
-1.179383427515483295e-03
-1.129006332018733577e-03
-1.096250773238490817e-03
-1.084776714587665702e-03
-1.023757405913741560e-03
-9.419578414291756782e-04
-9.352419488956545011e-04
-9.221399614267315097e-04
-8.435509015820653921e-04
-8.326206820913169748e-04
-7.603242048253637487e-04
-7.511192897865389111e-04
-7.254696646517994887e-04
-7.089380209060003411e-04
-6.942036123390282320e-04
-6.625958537943877095e-04
-6.529370877657559528e-04
-6.006012456391310837e-04
-5.892560442604389799e-04
-5.825112202674304551e-04
-5.539216367061172708e-04
-5.332348571690442374e-04
-5.156866096831640980e-04
-5.043588740506179053e-04
-4.908180425269564190e-04
-4.870209813303659897e-04
-4.799845419742252957e-04
-4.791008935421440205e-04
-4.574264478102058897e-04
-4.455456222403618200e-04
-4.074373361672641329e-04
-4.025880239321386078e-04
-3.870135253769706771e-04
-3.823401307489467191e-04
-3.707339531185552066e-04
-3.698060933065538654e-04
-3.663501732066457906e-04
-3.590480044691689537e-04
-3.477389743223467037e-04
-3.457939075245461814e-04
-3.174284763634925674e-04
-3.133028470527013127e-04
-3.051811212902998159e-04
-3.043208682435296036e-04
-2.868282593817981976e-04
-2.836014780085175041e-04
-2.802296975802662867e-04
-2.748946313987670658e-04
-2.704905216924034903e-04
-2.680749129126425438e-04
-2.648906402895560689e-04
-2.603376857528785521e-04
-2.536059079853397020e-04
-2.428343619516548050e-04
-2.408744489985785496e-04
-2.378680961649828982e-04
-2.296009460917099361e-04
-2.288274306297249363e-04
-2.222703812548308450e-04
-2.091096746608844706e-04
-2.068983141909565737e-04
-2.052271283791864238e-04
-2.011731995785089586e-04
-1.983869493593146257e-04
-1.951569709124268857e-04
-1.890955397966499155e-04
-1.887294212183340586e-04
-1.857692912519473809e-04
-1.788682641557700888e-04
-1.731502510713975665e-04
-1.712038524117866169e-04
-1.669794186805422366e-04
-1.608394862933348879e-04
-1.583917499640182371e-04
-1.576707717519963746e-04
-1.547061873158680090e-04
-1.493001228304478498e-04
-1.488717055340354014e-04
-1.482620302395924305e-04
-1.464933336834695358e-04
-1.418988188515896186e-04
-1.396179022460162090e-04
-1.357590588059593415e-04
-1.320984956214611434e-04
-1.291955119675876264e-04
-1.265924992999245091e-04
-1.256265396244985615e-04
-1.231146257601291392e-04
-1.214253076379339096e-04
-1.176661030917038286e-04
-1.134893526411414098e-04
-1.120972792623578209e-04
-1.108674768213888448e-04
-1.084344563813645427e-04
-1.069683648650465789e-04
-1.055620276939851158e-04
-1.037459740599090696e-04
-1.008711746521611996e-04
-1.004693791895246721e-04
-9.804508263845556812e-05
-9.597013750846384846e-05
-9.489564200027513136e-05
-9.197566308194327490e-05
-9.014979519779799718e-05
-8.928480423652703228e-05
-8.682417926787789361e-05
-8.573484796858272378e-05
-8.448223806534737852e-05
-8.338540682782585108e-05
-8.265290106222944943e-05
-8.156997845646636678e-05
-8.024290512882990042e-05
-7.937621678169997925e-05
-7.831751512328227554e-05
-7.724983367494954109e-05
-7.262786782115500590e-05
-7.193632218384527356e-05
-7.136314592217575157e-05
-6.878378323057095765e-05
-6.723099616515275910e-05
-6.619148421207775898e-05
-6.558653662828398297e-05
-6.463366657049379109e-05
-6.353123983225091368e-05
-6.253720800545667781e-05
-6.183654082705095827e-05
-6.097426817910320149e-05
-5.990305386682499410e-05
-5.892296016955859668e-05
-5.805908149580928134e-05
-5.526215788375188982e-05
-5.500006093701702422e-05
-5.470656402356900737e-05
-5.408009327751277262e-05
-5.118224993597726144e-05
-5.033759954720683270e-05
-4.974289834898756478e-05
-4.857370515191553441e-05
-4.824807598382765153e-05
-4.810165484887691232e-05
-4.705948897507921552e-05
-4.649202630811789669e-05
-4.576195991727878662e-05
-4.519172246246112732e-05
-4.499133281288171543e-05
-4.416269751996919444e-05
-4.266934390415256579e-05
-4.222363315518032247e-05
-4.131366439456529276e-05
-4.048753937981418977e-05
-3.974992686083188796e-05
-3.918584526191905011e-05
-3.875966211272211833e-05
-3.812956276555889892e-05
-3.776902608378145338e-05
-3.755703946588803617e-05
-3.609809511297963858e-05
-3.597046690012236107e-05
-3.436995048772956141e-05
-3.418309841593626322e-05
-3.346084339401846400e-05
-3.312359182770315176e-05
-3.259203046818910415e-05
-3.185825597120676078e-05
-3.158608318286091417e-05
-3.090473119559421954e-05
-3.013064337856472661e-05
-2.957695708445790312e-05
-2.934767078367524348e-05
-2.912295691275903307e-05
-2.859523292160792457e-05
-2.837439203060571142e-05
-2.814711870653132951e-05
-2.682611566934767959e-05
-2.659525111823385146e-05
-2.603532026604578724e-05
-2.592059879521243886e-05
-2.548516871451244410e-05
-2.472938488075665975e-05
-2.453166549376797870e-05
-2.436046502018502472e-05
-2.388717939598899024e-05
-2.346902312322952583e-05
-2.275847477586611444e-05
-2.219835880809354082e-05
-2.177504098283176317e-05
-2.170795222894526195e-05
-2.151118530761172819e-05
-2.119528843676916875e-05
-2.084277303753047394e-05
-2.080782324734988751e-05
-1.991892833720329445e-05
-1.971820390696555820e-05
-1.933396121129116069e-05
-1.905827942070211452e-05
-1.864908197011640807e-05
-1.809185871199266014e-05
-1.798886777147099767e-05
-1.759540705121650456e-05
-1.719569179592999342e-05
-1.678930109170124181e-05
-1.669100806490673731e-05
-1.624474536321591378e-05
-1.594800264742049807e-05
-1.591197665181956491e-05
-1.576590124337239344e-05
-1.567461293575532198e-05
-1.514674089494829793e-05
-1.490378597922395847e-05
-1.410456470437706127e-05
-1.402939598394964445e-05
-1.368926669144388755e-05
-1.359500439963452576e-05
-1.353198838419175004e-05
-1.311267464624397469e-05
-1.289144010416204475e-05
-1.262217839402814713e-05
-1.258779764402073402e-05
-1.241365044079285677e-05
-1.226278183428168980e-05
-1.215337927482821565e-05
-1.199107699473499213e-05
-1.180068445937567605e-05
-1.163341916699980269e-05
-1.151512327284441880e-05
-1.142067445930234457e-05
-1.109141273265126610e-05
-1.063363066577933965e-05
-1.054051299423354778e-05
-1.020317708082955852e-05
-1.014947470306778234e-05
-9.718338492924769460e-06
-9.701338892568625737e-06
-9.544286225777841095e-06
-9.489846608033593171e-06
-9.315985889378678141e-06
-9.223040513362145061e-06
-9.015231093172109176e-06
-8.912412520516349690e-06
-8.601921485870547086e-06
-8.582453678194092823e-06
-8.310334537588193339e-06
-8.294129123046414657e-06
-8.215635201406657826e-06
-8.024118394763338032e-06
-7.973271290637129078e-06
-7.898975168283308608e-06
-7.766338010135683773e-06
-7.331739889019773772e-06
-7.288051992243451737e-06
-7.223578118180618127e-06
-7.028546633155142333e-06
-6.991642231976181428e-06
-6.835474406959989599e-06
-6.647231450301662332e-06
-6.600600030096797510e-06
-6.431206587150861447e-06
-6.373767553696547593e-06
-6.187815593868542070e-06
-6.098166450279398441e-06
-6.053007224511347283e-06
-6.020334478410869963e-06
-5.885672939983060954e-06
-5.783330138015233911e-06
-5.649008309188117552e-06
-5.615403347267804735e-06
-5.499015333329534596e-06
-5.408819268950854418e-06
-5.283582161595482471e-06
-5.250317761479911819e-06
-5.070748902179651606e-06
-4.988611904838364371e-06
-4.908965468867201247e-06
-4.861308990720355088e-06
-4.838383954394795434e-06
-4.793560503374998131e-06
-4.537421125196123107e-06
-4.474195931965090744e-06
-4.263423267891580457e-06
-4.182045884369743376e-06
-4.150426894190338088e-06
-4.019505078797912882e-06
-3.903634665173246246e-06
-3.861121962627295677e-06
-3.773987081196701624e-06
-3.638516171348796607e-06
-3.602528243693091365e-06
-3.556848241057065412e-06
-3.523822590358444051e-06
-3.453352399240221571e-06
-3.274685107765188007e-06
-3.211756533345849142e-06
-3.180019988868182645e-06
-3.153745006656714778e-06
-3.055742062986132837e-06
-2.936678595542213048e-06
-2.882825239748554701e-06
-2.822357778340615045e-06
-2.676113660299568542e-06
-2.644901797763910991e-06
-2.638249464200138921e-06
-2.605343151403115477e-06
-2.553082860146916423e-06
-2.393140916814399085e-06
-2.385622914659930972e-06
-2.374884742871884726e-06
-2.304403378455921505e-06
-2.186570798336265841e-06
-2.164544123964368033e-06
-1.995290001668149567e-06
-1.986671528621263540e-06
-1.976666841783333059e-06
-1.921228623040938466e-06
-1.897652204832032103e-06
-1.842461459985995261e-06
-1.715715495892965351e-06
-1.634698765488451992e-06
-1.612497632851416666e-06
-1.568522794640055566e-06
-1.536369210578049514e-06
-1.495678663782799399e-06
-1.464993749270955290e-06
-1.398895729398626971e-06
-1.373700824842028144e-06
-1.343372262584622237e-06
-1.253375442611825662e-06
-1.202396634220068675e-06
-1.153203579461867362e-06
-1.142302751760785702e-06
-1.093361832202199278e-06
-1.050209457008729542e-06
-1.021759760385700094e-06
-1.000425087596866039e-06
-9.715507821845381107e-07
-9.710028841435239946e-07
-9.388349944443597380e-07
-8.877809407330199779e-07
-8.584585847627639927e-07
-8.454187878716104053e-07
-7.843297636768678630e-07
-7.745092580089386063e-07
-7.520950690815755970e-07
-7.068501283151947183e-07
-6.588051294978139887e-07
-5.469153195167638855e-07
-5.326594773269538328e-07
-5.189698835175076369e-07
-5.102599239389232137e-07
-4.740018038281922462e-07
-4.159447963398782015e-07
-3.749794959791326136e-07
-3.530849795393302212e-07
-2.940496057510732852e-07
-1.880000557287086950e-07
-1.665408963961571262e-07
-1.485885240538097020e-07
-1.176378379370235427e-07
-1.037152776387248724e-07
-7.114656662667149842e-08
-5.912185886621394813e-08
-3.694538681114399741e-08
-3.275889728716635011e-08
-2.281241327749535743e-08
-1.256164629729807078e-08
-1.092439306151046420e-08
-5.969376679945223287e-09
-6.103324506464718957e-20
1.224289645237766772e-19
4.163274585701676521e-09
7.912894138192716030e-09
2.362928720145922097e-08
2.650751492508204259e-08
5.062632846801249558e-08
5.196074254251569731e-08
6.874488483263165394e-08
7.287890006098176136e-08
7.837922608506012308e-08
1.035008738245352202e-07
1.068661701493083572e-07
1.184212010577811466e-07
1.218558186315561607e-07
1.320935438731439569e-07
1.483204554212405789e-07
2.110136325863835200e-07
2.298421526907844024e-07
2.433213524526271615e-07
2.628921988195786236e-07
3.351774573877703608e-07
4.021887434585919722e-07
5.004809775035090369e-07
5.334472110723303635e-07
7.431008777358052742e-07
9.855552255649843517e-07
1.140587471631346710e-06
1.321320207517478354e-06
1.487236731687803745e-06
1.682045340472410909e-06
2.939758071429381593e-06
3.239004192996813140e-06
5.646093200069403269e-06
6.033767804547010739e-06
8.201320767367259289e-06
3.949514292899532696e-05
4.249832647861034640e-05
4.991040259477071421e-05
5.140670424345801244e-05
5.525533174827153900e-05
6.689258033589771436e-05
7.640022178524113301e-05
9.014737491205341798e-05
