1.061835266526324028e-04
7.383978134515166067e-05
4.074390881044103233e-05
2.478879752080744098e-05
2.106206790767449155e-05
1.375917812869712398e-05
1.118642798790233842e-05
9.728610765697304094e-06
8.069405702931649758e-06
6.904577453368672132e-06
6.044905939195097921e-06
6.016957132551869156e-06
5.323281953676780592e-06
4.627653687568299812e-06
4.178389130167222776e-06
3.511552664933421199e-06
3.270263764246877604e-06
3.203927275960312895e-06
3.023158312371291908e-06
2.152601079724439475e-06
1.840278576460388646e-06
1.577517263883698229e-06
1.452515537745225512e-06
8.943917347068372888e-07
5.763365830098903046e-07
1.706468123955399663e-19
1.032373782171120878e-19
8.282222525497070408e-20
7.601034587161290191e-20
7.148444016161007823e-20
6.974542710293888085e-20
6.627798204216816835e-20
6.351850820187964721e-20
6.307024054252471495e-20
5.978369791404671293e-20
5.916017151781730442e-20
5.567098290709563475e-20
5.497260075806147394e-20
5.258404627188060647e-20
5.052727192324720655e-20
5.001540677615561756e-20
4.872112123590507029e-20
4.684877338577237394e-20
4.585674450924496016e-20
4.484878720243337867e-20
4.361078782485099887e-20
4.217923080186674238e-20
4.087798647152271839e-20
4.045811494861604340e-20
3.946329716312832221e-20
3.897126586208065746e-20
3.788823761504987028e-20
3.744257105810956957e-20
3.675599271880918058e-20
3.643363645916966144e-20
3.509900771873171368e-20
3.400178819401218580e-20
3.383645705046960870e-20
3.277937964752320208e-20
3.223758157362107809e-20
3.149889161752617766e-20
3.090035902072963015e-20
3.021755758724784864e-20
2.964292222119662461e-20
2.899718594005894112e-20
2.880583128537773371e-20
2.768977228852177027e-20
2.748594593061763852e-20
2.678915720477957078e-20
2.656678682699150293e-20
2.623942440365383313e-20
2.557978799971202410e-20
2.524852080752023226e-20
2.472465085898840484e-20
2.466173690955323225e-20
2.416723217231809195e-20
2.364521165856661186e-20
2.295883462796018096e-20
2.288399984858347893e-20
2.260198022457968090e-20
2.232076087937107922e-20
2.189263749145811613e-20
2.147455735879803755e-20
2.133156028530967837e-20
2.106183460617327105e-20
2.072554237061981592e-20
1.995801649782060455e-20
1.961494126291872242e-20
1.948487131227269948e-20
1.920738673663407554e-20
1.894217176515073376e-20
1.850606838965519770e-20
1.802008821054738524e-20
1.798368768492673680e-20
1.776459771932397292e-20
1.735179500010948286e-20
1.715176782129294921e-20
1.690697467678407060e-20
1.662537328317204199e-20
1.602758907904742326e-20
1.567491670942759001e-20
1.529285717421407880e-20
1.525089690723982453e-20
1.518213279056195848e-20
1.504195380535023091e-20
1.473141109743564617e-20
1.445301399903270011e-20
1.432361325052897987e-20
1.399920674160570356e-20
1.380441082466862942e-20
1.350561318747669909e-20
1.322762552760329334e-20
1.312549209259581455e-20
1.281186890681695636e-20
1.257765584715633399e-20
1.229993865791668713e-20
1.200766659485445151e-20
1.190355698183895621e-20
1.168513415888148573e-20
1.155932193476464866e-20
1.143528919860252717e-20
1.129124536330059336e-20
1.119789428372842616e-20
1.091836282628303334e-20
1.067393118692500453e-20
1.054721068809139618e-20
1.025669923944938728e-20
1.016192224929180334e-20
1.003359428102991209e-20
9.750190775474066431e-21
9.417074028849629456e-21
9.360217620612337928e-21
9.094690264147477012e-21
8.996197983615589895e-21
8.819658780563247037e-21
8.592723986164682419e-21
8.477962999177464865e-21
8.288356402894926614e-21
8.213363026138077231e-21
7.980484831178874458e-21
7.971247778975372161e-21
7.737526710878807866e-21
7.510494397944630811e-21
7.407638472745269695e-21
7.242178784813220036e-21
7.148754764313897041e-21
7.103503190153333772e-21
6.881029853082161760e-21
6.795698484232099244e-21
6.653079077684428869e-21
6.486693177134847030e-21
6.365814751428235573e-21
6.232942868806637801e-21
6.209248720091695120e-21
6.064241323420966415e-21
5.979006196120040439e-21
5.843723722887576930e-21
5.735926616632966080e-21
5.622014192533855580e-21
5.589939037689058092e-21
5.500081081336108225e-21
5.378869935378667382e-21
5.178818358833301030e-21
5.047698950484944437e-21
5.016761063964847212e-21
4.846239059290928520e-21
4.754056096822727473e-21
4.617077976559660263e-21
4.454418349198653714e-21
4.400702499522702090e-21
4.358926363015221861e-21
4.208694508332054710e-21
4.094145512988836953e-21
3.922281774501131220e-21
3.906354734473926096e-21
3.868151419884343131e-21
3.776571561043535678e-21
3.659929552005221799e-21
3.591565322826442855e-21
3.477007173404036588e-21
3.303469638643851121e-21
3.253999841835231114e-21
3.177281106726413497e-21
3.129991347569089988e-21
2.994513062933570448e-21
2.924544744487196426e-21
2.885021417733553224e-21
2.767239382705103863e-21
2.713295234390758903e-21
2.578700206767956897e-21
2.518562800409335030e-21
2.468642342514184288e-21
2.425830951208465769e-21
2.320551355273261385e-21
2.235380283380196212e-21
2.188671962628144644e-21
2.150158263668186698e-21
2.030428258002597313e-21
1.984494778546659370e-21
1.859473467480620780e-21
1.773598205568228810e-21
1.750387140894656187e-21
1.684728445506562177e-21
1.589867036166602199e-21
1.573842482909543711e-21
1.486909348223742648e-21
1.422178630346772202e-21
1.338400979177389600e-21
1.300151398730922967e-21
1.218240093516503550e-21
1.156693476338614265e-21
1.069210356047685649e-21
1.036048934379364502e-21
9.630255965634894135e-22
9.148908223210341139e-22
8.429969288010830149e-22
7.844987457090281620e-22
7.220201405764013089e-22
7.056403051614524557e-22
6.433155647765519541e-22
5.424051988191760887e-22
5.039084237305676854e-22
3.943708652816411571e-22
3.704324535203365356e-22
3.407711583647301107e-22
3.102432843906578526e-22
2.608533780202955649e-22
2.340976821325009134e-22
1.903579475291790709e-22
1.471215697889109410e-22
9.336855469706711367e-23
1.569131098396839986e-23
9.685159223166865769e-25
-4.977393396599133125e-23
-7.176123910651084024e-23
-1.099868065423681208e-22
-1.200330679052288089e-22
-1.651195931330854553e-22
-2.405944086860523444e-22
-2.530278205460668148e-22
-2.667667132672084012e-22
-2.863348385462981580e-22
-3.434789056041847095e-22
-4.060906508837993796e-22
-4.271949163939570648e-22
-5.085160310137892827e-22
-5.916465817883061565e-22
-6.186793258611890934e-22
-6.900280875172583740e-22
-7.166482297199326058e-22
-7.743971428433163685e-22
-8.592299947091924502e-22
-8.751696067775961069e-22
-9.561236619286115105e-22
-9.960555086270788489e-22
-1.103450275449336375e-21
-1.186211991720755835e-21
-1.214872164084401153e-21
-1.275042173544237916e-21
-1.358895864085246953e-21
-1.425226968850991571e-21
-1.498152539965267427e-21
-1.546705411180210376e-21
-1.606401425132862194e-21
-1.712379791438903543e-21
-1.743864092540043060e-21
-1.933888548111033564e-21
-1.955171628374085858e-21
-1.979862591270875563e-21
-2.080611179442844010e-21
-2.157572366179675371e-21
-2.195869730525689458e-21
-2.250575829577194399e-21
-2.272261144190035029e-21
-2.369189909580639877e-21
-2.402488978468469787e-21
-2.501700918224749502e-21
-2.644036779457565189e-21
-2.754153576053092112e-21
-2.803252600593265445e-21
-2.832768931167259009e-21
-2.887107284194683746e-21
-3.035688082565523862e-21
-3.160240976483529220e-21
-3.302255829017442928e-21
-3.380855972911790037e-21
-3.537823662758786578e-21
-3.623883548785571794e-21
-3.635459192257601657e-21
-3.698015794698195252e-21
-3.821830303553636584e-21
-3.987543609443969563e-21
-4.142095690089414906e-21
-4.190676009263601074e-21
-4.250538009910992168e-21
-4.378683943919232208e-21
-4.641508750660667591e-21
-4.696127594595095712e-21
-4.889451766048578972e-21
-4.929506458950133032e-21
-5.035372320471891912e-21
-5.036026021719932433e-21
-5.204430822933589085e-21
-5.293796825460822350e-21
-5.480188880269404619e-21
-5.599415149507738264e-21
-5.663246004657326164e-21
-5.776541546590919378e-21
-5.882813838370723633e-21
-5.998546496745453845e-21
-6.093782884811058383e-21
-6.295387279275791659e-21
-6.321757377485129095e-21
-6.667406323981137596e-21
-6.711402199325698737e-21
-6.788734828959880788e-21
-6.991308826378011042e-21
-7.032081263792414932e-21
-7.156739815061473574e-21
-7.317919303912822707e-21
-7.376119772779066777e-21
-7.454770509229822758e-21
-7.516673569515775662e-21
-7.705198716661131730e-21
-8.007934788150802433e-21
-8.090722262995971336e-21
-8.279612719981955055e-21
-8.352111254239477031e-21
-8.457368177443012306e-21
-8.571616867246236312e-21
-8.879297694287996319e-21
-8.909403090999963551e-21
-9.277362049369576563e-21
-9.461129180003281176e-21
-9.574385470536096308e-21
-9.743485777191666322e-21
-9.963678658731355164e-21
-1.011132537137711444e-20
-1.020229951240282385e-20
-1.037336065436915250e-20
-1.061476952588345005e-20
-1.079630283489036547e-20
-1.089862925947088475e-20
-1.098751259830041043e-20
-1.128026905417819595e-20
-1.144497604159290268e-20
-1.166024104283187003e-20
-1.192847225386533240e-20
-1.196500799021450139e-20
-1.233434518384127674e-20
-1.265338011642262402e-20
-1.296180694511660807e-20
-1.309778658439838337e-20
-1.327289006374121688e-20
-1.347267550300152018e-20
-1.374787195346888032e-20
-1.378345651855699157e-20
-1.413723377840137411e-20
-1.428821028261092331e-20
-1.456461196660468837e-20
-1.474125623186469677e-20
-1.494506474207250011e-20
-1.509690097160458526e-20
-1.554350539967732164e-20
-1.583901744835564631e-20
-1.591509367558019146e-20
-1.608497539199641631e-20
-1.622702881913263308e-20
-1.668002695617213365e-20
-1.697381270874265102e-20
-1.740244271886830557e-20
-1.756966211320100983e-20
-1.806202423590839770e-20
-1.816627671985157148e-20
-1.843019854113364248e-20
-1.873523293113590366e-20
-1.897781550159562760e-20
-1.934231597803922958e-20
-1.946049359419440883e-20
-1.969649362723014987e-20
-2.029146271938079729e-20
-2.058502737045860163e-20
-2.079887769362641415e-20
-2.129198233625615529e-20
-2.154621202996505365e-20
-2.207478524505506421e-20
-2.233653938489217547e-20
-2.248803914002131826e-20
-2.342216463859576415e-20
-2.374318819514293085e-20
-2.433640430414764923e-20
-2.489199835628089023e-20
-2.545348413300410535e-20
-2.558527560012085893e-20
-2.618221508993527013e-20
-2.670148212046508910e-20
-2.710770829412121243e-20
-2.725930489274317978e-20
-2.804474076728762685e-20
-2.860508319377097693e-20
-2.897335852090953818e-20
-2.940105106262933948e-20
-2.955345196016227032e-20
-3.017593474412207353e-20
-3.089266214512931254e-20
-3.139690982496678692e-20
-3.283886315367294913e-20
-3.371887717447591531e-20
-3.445854317554799205e-20
-3.512940792218033455e-20
-3.606392855119902138e-20
-3.678198149829693805e-20
-3.718894290300407374e-20
-3.806764747682979943e-20
-3.860338063007842217e-20
-3.904399336378281280e-20
-3.982761566651382503e-20
-4.074835735953386049e-20
-4.128575839352586079e-20
-4.257371479567729650e-20
-4.378004028492479611e-20
-4.389837700496562525e-20
-4.572323828552252581e-20
-4.613620530509458021e-20
-4.746663925803797520e-20
-4.941737943264409390e-20
-5.127047344072324597e-20
-5.399830536465133132e-20
-5.623111846053710490e-20
-5.742618259789512615e-20
-5.762814666871272520e-20
-6.006152388784942236e-20
-6.186656295718041413e-20
-6.431466335968476489e-20
-6.957110231291147122e-20
-7.059165172934009117e-20
-7.486376729139115728e-20
-7.779375911073399538e-20
-8.655297254307699561e-20
-1.210105672534968638e-19
-1.860662049407300381e-19
