-1.162253274683077059e-16
-7.697402711904750567e-17
-7.209880160226955670e-17
-5.923911787376904001e-17
-5.580372384483270134e-17
-5.345080044247226882e-17
-4.825904039838849520e-17
-4.023295137704339362e-17
-3.342280347405409794e-17
-2.983947000004120393e-17
-2.937016189689301504e-17
-2.905447366435168965e-17
-2.812914408348294877e-17
-2.758085754593292311e-17
-2.624102846692842094e-17
-2.587313352836723138e-17
-2.425477675969178788e-17
-2.359326583790663334e-17
-2.260601941187841311e-17
-2.231974712021810649e-17
-2.169683426782075671e-17
-2.106718430516769497e-17
-2.083426058173072465e-17
-2.032834733191521351e-17
-1.965384055803120166e-17
-1.925909856251008482e-17
-1.864008040137415156e-17
-1.831413584892098135e-17
-1.777426082418517879e-17
-1.748309741694048042e-17
-1.709694746445200575e-17
-1.645495667327132985e-17
-1.632530766601473818e-17
-1.598704127125182807e-17
-1.565180936019067728e-17
-1.543972368693507724e-17
-1.518735051359619033e-17
-1.480600875802511703e-17
-1.434477066405580394e-17
-1.425719962887868453e-17
-1.388869364233105928e-17
-1.356061069024204293e-17
-1.338021885559730939e-17
-1.316482604700949464e-17
-1.295537873301783115e-17
-1.267759531186080112e-17
-1.221416757308609756e-17
-1.208649584823216749e-17
-1.203417085228392096e-17
-1.194242708048939294e-17
-1.174609229492000538e-17
-1.148867801614112287e-17
-1.139745126983473720e-17
-1.107310824745637758e-17
-1.091139444267823502e-17
-1.074296490062240073e-17
-1.062774781700952023e-17
-1.037301665746100068e-17
-1.032252395821124852e-17
-1.003559546533994229e-17
-9.944421664570402832e-18
-9.908863427699927182e-18
-9.837072093718798322e-18
-9.694674897419005009e-18
-9.574616952124932284e-18
-9.501251075842812765e-18
-9.310864890689476871e-18
-9.139683897997313723e-18
-8.910485658829543387e-18
-8.836331397431053014e-18
-8.772561971865603121e-18
-8.721148774063882440e-18
-8.510713959404433389e-18
-8.425487680019195159e-18
-8.280131759254893659e-18
-8.240650270059615409e-18
-8.014735520449699605e-18
-7.883741087148860673e-18
-7.835500511217176990e-18
-7.686925959795804036e-18
-7.596640816303506237e-18
-7.535679737472162513e-18
-7.425975670856239600e-18
-7.259342304498827862e-18
-7.194437480174611400e-18
-7.138545053899536666e-18
-7.010486759380480320e-18
-6.952802332734327883e-18
-6.924941832179131115e-18
-6.709256458976051149e-18
-6.614425218319968147e-18
-6.550469241799424880e-18
-6.449578679412179929e-18
-6.340798761535912482e-18
-6.279324915003788396e-18
-6.224287193804997819e-18
-6.063750416553102778e-18
-5.919576872467977589e-18
-5.878322086520717753e-18
-5.832179035663074085e-18
-5.698590179267626252e-18
-5.634121627192835686e-18
-5.481023356290972930e-18
-5.430695861038709087e-18
-5.388957745245013591e-18
-5.265190647562926875e-18
-5.219166698616706374e-18
-5.211287975052088058e-18
-5.129738363911910638e-18
-5.001946898046830550e-18
-4.966148580560303267e-18
-4.882860935427437971e-18
-4.799820120540634849e-18
-4.720038582816678576e-18
-4.664726222082104139e-18
-4.629059095291602702e-18
-4.598748572448793953e-18
-4.464795123399849380e-18
-4.374804577298810068e-18
-4.314919023846960118e-18
-4.306855498230571063e-18
-4.231174090025632967e-18
-4.161700881504260746e-18
-4.089224931888562202e-18
-4.016157229738426514e-18
-3.949765703643253476e-18
-3.864184077404939391e-18
-3.724823483805727637e-18
-3.664598483221308046e-18
-3.660724948513682065e-18
-3.632634287111979840e-18
-3.468053472986916263e-18
-3.462624379634313431e-18
-3.394646968744374710e-18
-3.303422636923521275e-18
-3.291227414611635567e-18
-3.212929297489390704e-18
-3.145858348445993655e-18
-3.103931538766893373e-18
-3.070026954987305690e-18
-2.949020150516103744e-18
-2.922202210263596897e-18
-2.858434727504564057e-18
-2.800283082315182843e-18
-2.736576414740505063e-18
-2.697416755290995920e-18
-2.618410838407872006e-18
-2.567375109883655049e-18
-2.533805690520215767e-18
-2.457686769314881344e-18
-2.411847523723558895e-18
-2.371962621273444696e-18
-2.298028834953054352e-18
-2.272341800438891397e-18
-2.198245605562322707e-18
-2.119431224217165825e-18
-2.088900023400587809e-18
-2.034140137832016394e-18
-2.014040234308147417e-18
-1.971306140854698992e-18
-1.952133109893927655e-18
-1.906323132109254243e-18
-1.838537848292897271e-18
-1.786971145893091088e-18
-1.709799442208258467e-18
-1.688056341734648915e-18
-1.612964819895300726e-18
-1.577066386234748738e-18
-1.548451653920461047e-18
-1.499545012543536450e-18
-1.450630767383323133e-18
-1.368752419038697689e-18
-1.296856765662774278e-18
-1.267607785435149774e-18
-1.216910624828037823e-18
-1.156387125329882519e-18
-1.128427787821016693e-18
-1.072941106723200658e-18
-1.064173222954460698e-18
-9.975058582433195131e-19
-9.400647096747081676e-19
-9.203421857432086313e-19
-8.900858114731500809e-19
-8.513050132529690502e-19
-8.241406510983604686e-19
-7.667002918966284961e-19
-7.341065579589630101e-19
-6.684282730157341462e-19
-6.551752347709458878e-19
-6.318313777664595776e-19
-5.783101574906434693e-19
-5.557665800646539570e-19
-4.996447259520167628e-19
-4.536868052721142705e-19
-4.448008670829525609e-19
-3.927768897881155330e-19
-3.322699746599980681e-19
-3.097079651678132871e-19
-2.735825821305354141e-19
-2.402175486995045610e-19
-1.974980826297670717e-19
-1.674943796124387787e-19
-1.528174784281422658e-19
-1.264981183669954491e-19
-9.573779522585363310e-20
-5.791069883555191092e-20
-1.514732381140852898e-20
3.383346551140059602e-20
4.169651727978793716e-20
6.425707374120991401e-20
8.312177586918675659e-20
1.370097772404019125e-19
1.597117030208943118e-19
1.900192309970220823e-19
2.150415562072944673e-19
2.629918108037955740e-19
2.893335712743551714e-19
3.232799547023218753e-19
3.776614751218844812e-19
4.185956250536530368e-19
4.269951249590845254e-19
4.681636974854528088e-19
4.982928194326764421e-19
5.301854142981763221e-19
5.807339196777131680e-19
5.918970406414713720e-19
6.184233936385417629e-19
6.501565207267499862e-19
6.618921008082396158e-19
7.069252261021216553e-19
7.697969571841897216e-19
8.162778300512487886e-19
8.631820922531702190e-19
9.223168996956632482e-19
9.962851590971093839e-19
1.030531130814742888e-18
1.045041482817154046e-18
1.084501372837789835e-18
1.128981327571233908e-18
1.162000072991018738e-18
1.234410991694830769e-18
1.289028407431258044e-18
1.297903118656559207e-18
1.404528099974425339e-18
1.432542269344861833e-18
1.481215635584027494e-18
1.512509307810635629e-18
1.555381733927727573e-18
1.593294754577885105e-18
1.679802606696453671e-18
1.744082532474771394e-18
1.801037514113076040e-18
1.814666227740050060e-18
1.875046564676457737e-18
1.896390610166395056e-18
1.931491505859463511e-18
1.951508250321506458e-18
1.988257734450072699e-18
2.072755250812252620e-18
2.148768968120425018e-18
2.162877781752397487e-18
2.268094932942029827e-18
2.308340737997829553e-18
2.338469102929574855e-18
2.393935777208519345e-18
2.442783196556849496e-18
2.452979433754475990e-18
2.512249322604282356e-18
2.583433262612447594e-18
2.621783929915520157e-18
2.665658410287084598e-18
2.718786750861738524e-18
2.762880857977093532e-18
2.797193651122105691e-18
2.891137579452409989e-18
2.936708885621141223e-18
3.005409510430120319e-18
3.095797053725440558e-18
3.138285454864334383e-18
3.224674922077641493e-18
3.284552690856521223e-18
3.347346447394333985e-18
3.406432144518269370e-18
3.429757919689774930e-18
3.542171234300164307e-18
3.623116522324495566e-18
3.685295771711631593e-18
3.713936452607681811e-18
3.842847998318189133e-18
3.867913759200280466e-18
3.922310142214407297e-18
3.969464191643731492e-18
4.067131937779436083e-18
4.141276840128656359e-18
4.217740790456329432e-18
4.282725101887191884e-18
4.383759539306352249e-18
4.402280074988236928e-18
4.506906002761078294e-18
4.565578796610487312e-18
4.644216738556121395e-18
4.695293884397763589e-18
4.774223221640120161e-18
4.797056486507370965e-18
4.951438691691330447e-18
5.064404732365358997e-18
5.153217038562236449e-18
5.204735491435467471e-18
5.340678459745910315e-18
5.443349269270007986e-18
5.482403652907692639e-18
5.531224942111645359e-18
5.593008485079174288e-18
5.641690375958793093e-18
5.652445525004454197e-18
5.807268070853653913e-18
5.917646577599243867e-18
6.010116062889395735e-18
6.031812979987981991e-18
6.166108003529695543e-18
6.269615443594495737e-18
6.312169308526581447e-18
6.393941809472431991e-18
6.569127347693218738e-18
6.604949937448271046e-18
6.717596695840112093e-18
6.819004978009366301e-18
6.850049390732766984e-18
6.903162709781117422e-18
7.125737888236561705e-18
7.207437090642554997e-18
7.364611701420065876e-18
7.390984513992958852e-18
7.457146873999227689e-18
7.593909002079583266e-18
7.599352792706505181e-18
7.680546574938366802e-18
7.706861281722122533e-18
8.044708817742203803e-18
8.130808015983909530e-18
8.171786047622288519e-18
8.311868549192144641e-18
8.393844801096505390e-18
8.517973641028534651e-18
8.653776117209457411e-18
8.794885514026525684e-18
8.886367539082007765e-18
9.110782657325298429e-18
9.215364339614087709e-18
9.282036495694046165e-18
9.450522338525532653e-18
9.629754130361562127e-18
9.767892815087839696e-18
9.868265424949348881e-18
9.958555235390426423e-18
1.025686389609238051e-17
1.034676119933824828e-17
1.051424990709206801e-17
1.056552900819528127e-17
1.078554875769898258e-17
1.087630403591990697e-17
1.103916953403196253e-17
1.123480616943908396e-17
1.134686031606430034e-17
1.153696754472766684e-17
1.162648787733249613e-17
1.172404980231309537e-17
1.194612747398048576e-17
1.232646667167291171e-17
1.281145421533391848e-17
1.291144775266180303e-17
1.306865666781542893e-17
1.320193142809611567e-17
1.329487790895194228e-17
1.373114288069571954e-17
1.394468341729906192e-17
1.413489576001887896e-17
1.437679947904786195e-17
1.479120213967775577e-17
1.541496923271833171e-17
1.558347530578697102e-17
1.568558789951697986e-17
1.603740856254414697e-17
1.678253394821083498e-17
1.721289405889125392e-17
1.730604514941362178e-17
1.797530631546814490e-17
1.836528793472881527e-17
1.859534096962655171e-17
1.914944866257558223e-17
1.956399980154407581e-17
1.995292102935250829e-17
2.069360443786039181e-17
2.116474838101551624e-17
2.139988521049870029e-17
2.193241723084176735e-17
2.223433253209155721e-17
2.339605789823999732e-17
2.371522341391053556e-17
2.460940680879546763e-17
2.513958307279706010e-17
2.615166394524921510e-17
2.661506926472951166e-17
2.777488368900167087e-17
2.870366847738437167e-17
3.035662037907242181e-17
3.095872964329975604e-17
3.313004029743219029e-17
3.655505882244361010e-17
3.794035167535599862e-17
4.315672147822553966e-17
6.985903956563617872e-17
7.038688741088365482e-17
8.879798235269026093e-17
1.075370542457135182e-16
1.341110433022131734e-16
2.801369422729184399e-04
6.540374189228242725e-04
1.260459951705490038e-03
1.396466041097898158e-03
1.742747815443698462e-03
2.010029044060647474e-03
2.129302003209542025e-03
2.284575811790859855e-03
2.481265882812089350e-03
3.392423186409391708e-03
4.451826596457077179e-03
4.904273151455851125e-03
6.493335287162488485e-03
7.742121873285610738e-03
1.450651476450551085e-02
1.752947480868187816e-02
1.949979739131693993e-02
2.378580142701657366e-02
2.454895803002550905e-02
4.401504627530062469e-02
4.689346511421514652e-02
1.422941101510998285e-01
5.437192275314156609e-01
7.657023038007779725e-01
1.483834631349349564e+00
