2.274535297029937377e-03
2.041478071874612815e-03
1.545436970162773326e-03
1.351592081825564754e-03
1.239696612324874166e-03
1.110755419030045200e-03
1.049945553894234560e-03
9.965316242563503242e-04
9.509700200898371127e-04
8.989602639253885686e-04
8.330624832112593905e-04
7.586680560950721580e-04
7.443001080413589937e-04
6.787662261078095853e-04
6.471563453548086296e-04
5.997327393680027593e-04
5.813466338518406438e-04
5.509569314740149059e-04
5.292087235175666924e-04
5.014888268352603274e-04
4.972535538204485035e-04
4.695253377568349125e-04
4.503279742514316314e-04
4.286984035611989246e-04
4.215675920500127727e-04
4.142845753860801509e-04
3.901647023554278594e-04
3.767940976325767307e-04
3.673110691052413799e-04
3.515803513982625303e-04
3.300739312197404338e-04
3.257365374577225053e-04
3.122981880485575443e-04
3.020597537711966940e-04
2.861349672678986525e-04
2.776061397006763859e-04
2.641188383373885306e-04
2.506667102837040607e-04
2.501283534665159456e-04
2.407625295937225506e-04
2.307842638780208252e-04
2.217029408017467550e-04
2.108386874124946596e-04
2.079965735890955782e-04
2.059202545642026239e-04
1.963160661544790663e-04
1.928514053746402824e-04
1.860888559931564543e-04
1.837382881891340099e-04
1.755512807637065820e-04
1.723559624883106898e-04
1.715613253123518512e-04
1.688778019327154397e-04
1.658049958993060291e-04
1.623581603009603919e-04
1.526764387357555978e-04
1.497662999817721589e-04
1.395554269608634485e-04
1.349758366662082534e-04
1.316327735504843176e-04
1.262395604619603656e-04
1.214429458242399806e-04
1.193846854230303119e-04
1.182646323241579641e-04
1.097610566583280892e-04
1.075113959750400780e-04
1.045546600785754595e-04
9.835724814659705479e-05
9.748065710770468346e-05
9.521679130974958270e-05
9.402079001136171921e-05
9.052591674105527877e-05
8.722223598357489781e-05
8.494320115775783953e-05
8.336358449747434103e-05
8.116757930334497642e-05
7.671060307266304521e-05
7.418114566271110039e-05
7.193621271254221157e-05
7.146249978896947522e-05
6.801906120247676216e-05
6.625774059316455250e-05
6.549591344489694698e-05
6.239680719926080554e-05
5.977257822761507044e-05
5.831491546389533452e-05
5.398596724252272846e-05
5.267212598975522920e-05
5.048841517815999427e-05
4.928915578686080332e-05
4.712452647981416303e-05
4.549094909064861473e-05
4.409276690050196242e-05
4.304151721676313528e-05
4.152938392147418982e-05
4.101874356659680992e-05
3.844956498061337033e-05
3.778635676112166250e-05
3.520720330211946650e-05
3.477095093966864407e-05
3.360639884119698360e-05
3.323157492707116159e-05
3.205935225366128409e-05
3.085065019813752263e-05
3.027973077959721489e-05
2.939871155602406870e-05
2.802176353361353700e-05
2.772667612282072030e-05
2.628798037671564849e-05
2.588134555293606281e-05
2.530434030597670703e-05
2.449162171838562918e-05
2.389194339816466404e-05
2.301640605929250466e-05
2.285868732704580042e-05
2.133734509400866613e-05
2.082326673180697071e-05
2.003039407521191526e-05
1.877399862714153873e-05
1.816949925250032510e-05
1.750323047302117951e-05
1.742784738070234083e-05
1.681011946608426230e-05
1.603371150836290548e-05
1.577380160882341383e-05
1.469987289448404777e-05
1.380544012509941516e-05
1.354710846396080574e-05
1.291317014278656812e-05
1.253530613432556102e-05
1.198329389702411364e-05
1.155932835751482056e-05
1.145983397182011132e-05
1.069012794486774637e-05
1.035798149362153951e-05
1.015405328079760163e-05
9.782360760732885616e-06
9.404259545850355859e-06
9.008647210927188067e-06
8.648684290463708467e-06
7.958582007991048851e-06
7.806859571315573712e-06
7.349845606792483148e-06
6.959530794688624794e-06
6.662294061182753384e-06
6.391700849932021000e-06
6.067485864002128067e-06
6.006393873654002510e-06
5.604892095695304068e-06
5.132101089035291194e-06
5.026906087690955109e-06
4.866763311837323552e-06
4.422707658710450218e-06
4.290030751875920013e-06
4.175421462451174646e-06
4.029830809734865665e-06
3.737363028633435936e-06
3.556056826125221131e-06
3.261688114011669911e-06
2.993113338920081999e-06
2.822906626761531119e-06
2.654435849492652436e-06
2.516535451473995319e-06
2.403182041973535302e-06
2.371503351830733128e-06
2.157099936860195249e-06
2.132109134641528124e-06
1.941004956948477327e-06
1.815746162942483599e-06
1.610642009514137045e-06
1.473044614852289391e-06
1.282116901497691549e-06
1.189351186941927696e-06
1.067621444538022647e-06
1.001330411839393282e-06
9.127759429117310659e-07
8.807575105151820884e-07
7.682706942721254407e-07
6.386159193730005435e-07
6.003590525547518536e-07
4.771855583501334370e-07
4.372403968148577889e-07
3.442826847657374299e-07
2.350170398071806048e-07
2.055474065318458975e-07
1.531199517680503723e-07
1.383525893119803261e-07
4.458723695264497560e-08
2.263027789526627121e-21
4.034341515468267679e-22
-7.386585126210347758e-10
-5.581185563394726474e-08
-9.715408072340492510e-08
-2.272441474553819296e-07
-2.358310927620975180e-07
-3.059884218617509308e-07
-3.749658832231907164e-07
-4.191792560845302616e-07
-4.926686610445959575e-07
-5.209128229056103479e-07
-6.324978722054761003e-07
-7.480817162994646242e-07
-8.883602033927132640e-07
-1.014087548621197337e-06
-1.127763680919859136e-06
-1.153265571805379868e-06
-1.265142986165085071e-06
-1.290635624831352491e-06
-1.365973039837695740e-06
-1.529880154607926096e-06
-1.595232363882022787e-06
-1.629202691132784403e-06
-1.960746153099175011e-06
-1.961685478847755301e-06
-2.064131579359417419e-06
-2.153045618966513362e-06
-2.319013258671218736e-06
-2.387708393821836978e-06
-2.460767841663027674e-06
-2.666174660014435950e-06
-2.789337177817274766e-06
-2.877220265499747202e-06
-2.962343668285961718e-06
-3.094918773538333085e-06
-3.168999631505017665e-06
-3.406991171802602260e-06
-3.430441630512990088e-06
-3.645388120921693360e-06
-3.849345889864219727e-06
-3.900891041964487833e-06
-4.254802718029610812e-06
-4.273059587463001602e-06
-4.612056063795595845e-06
-4.717939022202006835e-06
-4.897785601078113910e-06
-4.993658202239546779e-06
-5.104831565040321168e-06
-5.284628205682639007e-06
-5.699474423376735153e-06
-5.793549693669052100e-06
-6.046083010224495501e-06
-6.276616822567226205e-06
-6.402075586380083410e-06
-6.488741492512840730e-06
-6.866999608190259609e-06
-6.958145916064161517e-06
-7.392309713545641170e-06
-7.861934279432455637e-06
-8.238368505629449845e-06
-8.388803336274161987e-06
-8.816776754355593932e-06
-9.066796688812031013e-06
-9.350348611690472794e-06
-9.604929276336578747e-06
-9.734493321918561863e-06
-1.027082036494818367e-05
-1.049817081685705815e-05
-1.098362696015059625e-05
-1.129679208285348296e-05
-1.152267576161532822e-05
-1.172758160426028299e-05
-1.193274046473412975e-05
-1.212231030880105651e-05
-1.256227464456205455e-05
-1.275397086887209070e-05
-1.301881042943160671e-05
-1.329615381384910979e-05
-1.399315272564808656e-05
-1.453870261650379189e-05
-1.465410900112132302e-05
-1.476203790391055050e-05
-1.556204462256932612e-05
-1.581991177343166681e-05
-1.641200897811846509e-05
-1.656893224299677879e-05
-1.741775199048213119e-05
-1.748038365006775771e-05
-1.807264737198408243e-05
-1.850923751431073498e-05
-1.873978771004938056e-05
-1.910402775629477918e-05
-1.969738303815773549e-05
-2.043334021911252153e-05
-2.066053682234531984e-05
-2.191537790495890202e-05
-2.212750408150018078e-05
-2.272807911919763680e-05
-2.318130635074640357e-05
-2.371391397232206177e-05
-2.440320863429704362e-05
-2.475601609888354639e-05
-2.503471135022306452e-05
-2.617733893089943257e-05
-2.675527590092636660e-05
-2.716054432038299450e-05
-2.778737138613933722e-05
-2.850655569526220313e-05
-2.951991031785420149e-05
-3.060873377514440803e-05
-3.064611863674966631e-05
-3.182415573432055274e-05
-3.232884675315733641e-05
-3.254638956472173184e-05
-3.303083316149349165e-05
-3.480404497191479026e-05
-3.521438463324976203e-05
-3.642640358670432569e-05
-3.765922736331214397e-05
-3.798495354765240580e-05
-3.956738993138571254e-05
-4.062868576326439585e-05
-4.106611553500851762e-05
-4.271450930548865678e-05
-4.375087787948673537e-05
-4.436243376714497141e-05
-4.583571433101259895e-05
-4.683708452254274526e-05
-4.840814813357677005e-05
-4.928646629265687315e-05
-5.085803816127767920e-05
-5.188250850937575005e-05
-5.366281376690650983e-05
-5.402466012034124566e-05
-5.586497744536374883e-05
-5.660585249127633955e-05
-5.830475895903203080e-05
-5.918763788352049421e-05
-6.029718688634301890e-05
-6.111988273641201118e-05
-6.364612849534796799e-05
-6.524060818950669686e-05
-6.614584594164650978e-05
-6.817917615200651379e-05
-6.893492989203471230e-05
-7.135156686336745929e-05
-7.183703240669485097e-05
-7.511323044664796743e-05
-7.538629034951320354e-05
-7.645366906535060246e-05
-7.981009921398458571e-05
-8.015286165774254017e-05
-8.288645717983132450e-05
-8.530071002496902226e-05
-8.730399661665766355e-05
-8.747114448561377068e-05
-9.156916707150011153e-05
-9.327673770095610032e-05
-9.471976178744780539e-05
-9.734951264403104542e-05
-9.913061909758013473e-05
-1.012832114373680742e-04
-1.041466260331995930e-04
-1.053411448318474088e-04
-1.074938398204397896e-04
-1.108816087108900405e-04
-1.124537320566679590e-04
-1.147004960302867063e-04
-1.180188536510775948e-04
-1.218107490620462101e-04
-1.240785245910341731e-04
-1.264084035201293115e-04
-1.275375249184472460e-04
-1.276764002253795189e-04
-1.322140299181721521e-04
-1.371834288128264247e-04
-1.424018755134329997e-04
-1.439211858573552017e-04
-1.456642188735781903e-04
-1.512110037037309250e-04
-1.573539787305169293e-04
-1.607179352530990323e-04
-1.627077890856326093e-04
-1.679709260500987793e-04
-1.700030038869417177e-04
-1.728716777695517781e-04
-1.802232681799010824e-04
-1.853727326874222623e-04
-1.875558039777654683e-04
-1.904747951804216101e-04
-1.949185506914607004e-04
-1.977849756411946807e-04
-2.006474903103870502e-04
-2.061178142738771043e-04
-2.135083710929782080e-04
-2.168058389228808252e-04
-2.288625086215783451e-04
-2.319553984685071568e-04
-2.366166543564682202e-04
-2.486867176556065693e-04
-2.555311746715195750e-04
-2.607971636087768122e-04
-2.633612108603197526e-04
-2.667746929163551575e-04
-2.762718352200740088e-04
-2.859053014951006759e-04
-2.905090779113495654e-04
-2.977362145911073587e-04
-3.029415122634089770e-04
-3.125977147245896951e-04
-3.185187291841018280e-04
-3.290100381084335324e-04
-3.311717958726367872e-04
-3.503114679021420677e-04
-3.573098386932320957e-04
-3.661343588244729032e-04
-3.834944603673784533e-04
-3.908564217944525822e-04
-3.951179152551736302e-04
-4.134417961561362041e-04
-4.285005582388655681e-04
-4.320750357835434182e-04
-4.550175817386690070e-04
-4.702356751027318010e-04
-4.735039473590353046e-04
-5.043522780450708119e-04
-5.115450740669744189e-04
-5.370943285586122877e-04
-5.465323078191217186e-04
-5.763810426847118269e-04
-5.937931393223338464e-04
-6.290961029779957008e-04
-6.655445667262723658e-04
-6.862514343850225533e-04
-6.897935920583899046e-04
-7.091298121583793600e-04
-7.574130461572306733e-04
-7.995468777034259351e-04
-8.231599151042545909e-04
-8.610450561330312272e-04
-8.724214464735679294e-04
-8.812833967539201487e-04
-9.070593575775153308e-04
-1.025588813382513490e-03
-1.056331868795778572e-03
-1.198872251047174067e-03
-1.244158680202289225e-03
-1.294972002493921222e-03
-1.358277496559288878e-03
-1.622717039812970061e-03
-1.699929807731828668e-03
-1.728857565272685524e-03
