-4.419732288337654413e-01
-8.330040627887669302e-02
-5.488912636650726540e-02
-3.396421235556595225e-02
-2.898093331929259275e-02
-1.691639287815796880e-02
-1.428180719540380478e-02
-1.353693556904127585e-02
-1.057850960106404385e-02
-8.338781555388993447e-03
-7.434997265446325991e-03
-6.852230186505995496e-03
-6.068980303619387305e-03
-5.474988458407075397e-03
-5.178948858521631449e-03
-4.399111260245294752e-03
-4.350222756415040790e-03
-3.771898668416988950e-03
-3.064617144342827136e-03
-2.959624979200031064e-03
-2.722067639331990450e-03
-2.644315323502924482e-03
-2.443398800720967233e-03
-2.415945950161246195e-03
-1.985466538900062562e-03
-1.788136762222197100e-03
-1.742836017299712438e-03
-1.656872941539774087e-03
-1.597568523852361828e-03
-1.432639766712158697e-03
-1.404345996853777244e-03
-1.328579970967968225e-03
-1.282971074644128273e-03
-1.204529494929966124e-03
-1.123756162753648943e-03
-1.062312348806122809e-03
-1.031659548014929534e-03
-9.985536958976985213e-04
-9.543557047682152969e-04
-9.250353491537522928e-04
-8.874107214981882775e-04
-8.326080419769065237e-04
-7.941281379737550987e-04
-7.608016520160142820e-04
-6.847806221511727699e-04
-6.567623750541180501e-04
-6.073639326898941544e-04
-5.863677961535141737e-04
-5.724065891739138880e-04
-5.466802707218783091e-04
-5.440321241546926690e-04
-5.317437302565209377e-04
-4.940068294751909662e-04
-4.778924404733788517e-04
-4.600991842345135505e-04
-4.313423657290678306e-04
-3.953469545777162759e-04
-3.926023836131213910e-04
-3.732556853846446718e-04
-3.506891936179771228e-04
-3.410862069721824958e-04
-3.262415726246652506e-04
-3.046678990093016292e-04
-2.829383660949078005e-04
-2.781135073127426216e-04
-2.765617948024951239e-04
-2.541430892617804987e-04
-2.465465565539613855e-04
-2.335301905818450326e-04
-2.179668592239840017e-04
-2.135360717963808623e-04
-2.048904014211260741e-04
-1.995033084224537994e-04
-1.950072178748556335e-04
-1.818727316230561069e-04
-1.710196102928902904e-04
-1.673695406074608726e-04
-1.663974636241236972e-04
-1.619760533697941346e-04
-1.535195272835268641e-04
-1.440227225495599765e-04
-1.364494888661278032e-04
-1.293511694290592855e-04
-1.260726262141089913e-04
-1.211963334097828244e-04
-1.169256438347407527e-04
-1.105481491694650147e-04
-1.042535125750903565e-04
-1.034948345543026808e-04
-9.368378191953200202e-05
-8.973266223770316600e-05
-8.838480047218716417e-05
-8.388527404358379251e-05
-8.010593122760612808e-05
-7.644328142169406711e-05
-7.351413781220664820e-05
-7.248944438593141735e-05
-7.114306700392656994e-05
-6.512624877239490907e-05
-6.350667586768935467e-05
-5.867719312511790182e-05
-5.654103196541658034e-05
-5.468674595885149710e-05
-5.344031681787345285e-05
-5.107377929146500754e-05
-4.962126844990265908e-05
-4.664326012305710755e-05
-4.474567169424977398e-05
-4.372549615662722289e-05
-4.156259561585179141e-05
-3.971932164982662988e-05
-3.744142548748583709e-05
-3.564687879935680910e-05
-3.427872020357605677e-05
-3.340466644885129940e-05
-3.106161278945247458e-05
-2.975561715985480221e-05
-2.907767496846205236e-05
-2.710769534675961612e-05
-2.566383321568638947e-05
-2.493868809744937480e-05
-2.256530856561709677e-05
-2.235205800768170193e-05
-2.035793471614620432e-05
-1.989798260077840496e-05
-1.947144525214724892e-05
-1.778664539718412328e-05
-1.719309842552882160e-05
-1.700512126749084479e-05
-1.617749464758530344e-05
-1.512420088642669624e-05
-1.471875590579075950e-05
-1.355608075362820247e-05
-1.297370362046699804e-05
-1.185009656931301509e-05
-1.127520028473271042e-05
-1.052885666670518906e-05
-1.022096139067857077e-05
-9.818159863733119785e-06
-9.404278301247856093e-06
-8.755166510284971006e-06
-8.122571737945198376e-06
-7.753095720668391237e-06
-7.394712124080654525e-06
-6.920576703222558912e-06
-6.641705922902511452e-06
-5.627572666406798448e-06
-5.520276173091157021e-06
-5.274777177434585068e-06
-4.746595607539068131e-06
-4.543996815583972485e-06
-4.486179759022373826e-06
-4.103843199916090799e-06
-3.772303067234058581e-06
-3.585353122661948204e-06
-3.373258689390778995e-06
-3.029923997948126021e-06
-2.936175591814976581e-06
-2.574392116198565763e-06
-2.285080452075999366e-06
-2.205255391861060605e-06
-1.990189779043604728e-06
-1.752669183153714971e-06
-1.581409483603459942e-06
-1.490701666890714102e-06
-1.237673245022559727e-06
-1.064325459668356476e-06
-8.873664285170147734e-07
-7.771097722550475713e-07
-6.491063242135923012e-07
-5.897912181136106899e-07
-3.867197278375976093e-07
-2.490717242241200473e-07
-1.534268392208490043e-07
-6.933165675632575984e-19
3.930963271104717572e-19
1.203961403292930578e-08
1.167267129549124773e-07
2.670578480031087559e-07
4.491620729603767870e-07
7.235751863566186904e-07
9.516950813854322600e-07
1.153426251109582643e-06
1.284034364866890409e-06
1.487182895321719021e-06
1.919065737037148839e-06
2.088506242253728698e-06
2.629410068256964246e-06
2.738107007012651914e-06
2.783195428290460117e-06
3.024216048994138399e-06
3.209664296994815238e-06
3.541323145542615529e-06
3.797863846482843956e-06
4.262339931662843036e-06
4.560637709949448867e-06
4.780705164829642850e-06
4.979471615022431532e-06
5.593127581581136457e-06
5.859730473112402004e-06
6.164575463064746201e-06
6.220095506891671122e-06
6.343452571450803981e-06
6.665890934989298413e-06
7.397029121970070138e-06
8.135776665969632969e-06
8.417321171517396208e-06
8.679192463984631046e-06
9.226263470942931390e-06
9.412482349013736663e-06
1.011441918113244727e-05
1.030989931573209515e-05
1.072780698159569353e-05
1.141609640900756300e-05
1.171229809303940592e-05
1.294625119535375921e-05
1.320486561169748448e-05
1.355697260874179389e-05
1.392158738656513575e-05
1.499769313919581558e-05
1.560026000356907254e-05
1.651535464698548504e-05
1.724186792777104504e-05
1.777622105769452614e-05
1.817895898349180671e-05
1.876163441367792141e-05
1.964585899080334544e-05
1.991699824624218519e-05
2.127100125503356636e-05
2.198221578780975416e-05
2.254485239862395437e-05
2.423023002843986568e-05
2.458917835775471073e-05
2.522200734452457560e-05
2.565363553129917684e-05
2.681699624403101876e-05
2.809939712816604516e-05
2.879314150820475146e-05
2.998856486633232632e-05
3.252704434933537028e-05
3.444223341488087509e-05
3.474656030512077062e-05
3.579620762319026119e-05
3.690316852977230667e-05
3.783746634378997706e-05
3.875296089870317376e-05
4.012232517952862853e-05
4.043776491916958919e-05
4.167860517658670958e-05
4.252512795141793784e-05
4.349509103575559688e-05
4.573689967420367018e-05
4.790287185722511758e-05
4.845071856458652048e-05
5.233268986598490742e-05
5.333971404799443030e-05
5.463677413773313472e-05
5.546601230618740781e-05
5.633340687604445739e-05
5.933445180013217576e-05
6.147587093888882872e-05
6.315993642565549270e-05
6.372410822800435976e-05
6.541585017752334856e-05
6.622968881535947936e-05
6.963284804110855515e-05
7.057675986598305239e-05
7.152878508853560138e-05
7.360938826247398980e-05
7.644403628422895996e-05
7.742858195643209131e-05
7.946894325967477377e-05
8.031038477260949403e-05
8.421771444800991871e-05
8.669209102642656567e-05
8.866958658949719151e-05
9.247866859356871077e-05
9.308514631590309937e-05
9.648863576729770964e-05
9.686076171359690550e-05
1.006900224602468513e-04
1.053635591645329277e-04
1.073917448479690584e-04
1.094651144881833614e-04
1.116493254538441734e-04
1.161251441532947599e-04
1.180577865800193105e-04
1.199685084659439917e-04
1.250937866884189737e-04
1.259767312765005642e-04
1.325058333569254247e-04
1.377501706781252932e-04
1.390357638409403409e-04
1.437460718679498396e-04
1.451075706861345302e-04
1.477937612305481188e-04
1.540629580528571840e-04
1.571875001605580824e-04
1.588571005495092981e-04
1.621803904017229351e-04
1.686828973919525998e-04
1.752927805823216412e-04
1.838268763214227601e-04
1.878508002784375519e-04
1.906749843301892410e-04
1.978964566689855084e-04
2.029478954578426211e-04
2.102971820416577042e-04
2.180134705842623954e-04
2.246342512682547696e-04
2.312511069684068958e-04
2.342923116722580559e-04
2.389764401963709014e-04
2.445897522666529134e-04
2.534152931407928342e-04
2.544147188835933402e-04
2.584932190593578860e-04
2.735172728994477538e-04
2.759961593981688499e-04
2.812131840772354348e-04
2.963012615148137184e-04
3.019898095637803368e-04
3.063357222435929761e-04
3.144754563966246355e-04
3.236745104650024939e-04
3.461892112283349553e-04
3.516701061593580503e-04
3.658780896471119275e-04
3.704165382640376564e-04
3.781711864153246999e-04
3.825939762754083625e-04
3.863425737657835506e-04
3.998596505422086114e-04
4.100388652051421162e-04
4.295988366575263567e-04
4.409827622036156802e-04
4.534522167212516434e-04
4.833963311585534107e-04
4.950391721061774691e-04
4.975080663787150460e-04
5.109772881515434488e-04
5.251924301301860894e-04
5.529033703266879232e-04
5.649217251682713730e-04
5.800871578937895866e-04
5.946040053485748692e-04
5.984205870675186282e-04
6.132335575592454385e-04
6.361503985967617569e-04
6.567438883036892834e-04
6.811334717823885453e-04
7.003742326713606123e-04
7.105132799562423980e-04
7.208278463260697202e-04
7.564514120347516938e-04
7.683877058411670230e-04
7.784985285351963755e-04
8.265194226331595406e-04
8.504481142064121901e-04
8.888623496113560616e-04
9.036964901403069786e-04
9.631038968088584959e-04
9.893793107551601858e-04
1.024364128853753452e-03
1.039654262847142154e-03
1.083088854711459874e-03
1.099899766432634474e-03
1.122773578619804934e-03
1.181133777483911462e-03
1.197658044060659951e-03
1.233832104233137774e-03
1.237076397093041973e-03
1.254179740988174696e-03
1.264757675929655597e-03
1.397424327648818859e-03
1.424172468873961600e-03
1.475997996802867838e-03
1.520294211996519674e-03
1.557549978641357925e-03
1.618493685817098352e-03
1.662546857070677222e-03
1.744115475387030597e-03
1.775054103962458519e-03
1.783762275103395944e-03
1.879675112876532913e-03
1.993107725598634600e-03
2.036084818363856352e-03
2.140219582867694276e-03
2.216214306954763028e-03
2.246790548460758825e-03
2.396746857442860149e-03
2.476222662401654506e-03
2.553542949439178544e-03
2.712694829867836211e-03
2.796746717716735130e-03
2.897662296095272066e-03
2.991122035969090692e-03
3.050781485009230066e-03
3.212225605768461410e-03
3.519059936995299221e-03
3.583893548640316225e-03
3.715173732983910546e-03
3.948186881359295672e-03
4.096523227650377200e-03
4.236852455640966950e-03
4.534639886015118942e-03
4.735307337379383343e-03
4.882358634359170932e-03
5.157900340251945527e-03
5.307172960395825125e-03
5.676128543640648026e-03
6.100395240908399776e-03
6.554446536524692092e-03
7.065040581232085760e-03
7.286179709314347108e-03
7.325634887914590082e-03
7.992174515710872770e-03
8.723027066850023298e-03
9.386780724314907481e-03
1.007504768469278701e-02
1.121204465561861582e-02
1.168073423454566925e-02
1.255140245461190684e-02
1.426002599323312331e-02
1.565228176646744213e-02
1.699282015577867691e-02
1.760000337526528014e-02
1.854415637762307084e-02
2.384331348484951263e-02
2.514926379957644828e-02
2.752838419313390073e-02
3.151485477247202571e-02
3.518080041468861496e-02
3.799365771839673112e-02
5.628705197109572234e-02
5.769170230984713155e-02
8.084800900505186017e-02
9.051197497377694301e-02
1.512473354217719057e-01
1.633556969774929979e-01
3.119797557379101471e-01
