3.001720037849095208e-03
2.667767851393553023e-03
2.053677507643255837e-03
1.839825669098349003e-03
1.734883913948486985e-03
1.498563916141251251e-03
1.441027478276843583e-03
1.360079113303756283e-03
1.284892183240911095e-03
1.213098219573310182e-03
1.143070053247344404e-03
1.056145305107874816e-03
1.031820354663716714e-03
9.360471019135510216e-04
9.227692675106241539e-04
8.482279012307247139e-04
8.113101976462229383e-04
7.856417949763470215e-04
7.449643912986244482e-04
7.281141275408951376e-04
6.739876490880145890e-04
6.506579384858294287e-04
6.380793817029306028e-04
6.241550089970920694e-04
6.042814798920774890e-04
5.951137414885812344e-04
5.478577445730913433e-04
5.329685822773487167e-04
5.149339405958878232e-04
4.987147201988889524e-04
4.765978124165033648e-04
4.685084522620150773e-04
4.497896469071149253e-04
4.296169801064364004e-04
4.134754679843752182e-04
3.923394606774004275e-04
3.823399292265022625e-04
3.667725737572406840e-04
3.507060430675031765e-04
3.372660883541163065e-04
3.293142730171158441e-04
3.177168917492695388e-04
3.078475485223581046e-04
2.962069330518002407e-04
2.856261756269716577e-04
2.718780115716234623e-04
2.580711953106740088e-04
2.470341592739224812e-04
2.438460637971095590e-04
2.416479053011348372e-04
2.378444912520569048e-04
2.341059663556491698e-04
2.226233638670593938e-04
2.133051090042218864e-04
2.099905969539279536e-04
2.059159109812267157e-04
2.010184776818894241e-04
1.925775319241517078e-04
1.917063615162078224e-04
1.878493015341723023e-04
1.870449216301178785e-04
1.836147964318114180e-04
1.771647820972753159e-04
1.721766413274333925e-04
1.651318035266775158e-04
1.623737418777901830e-04
1.566353989515067524e-04
1.521395553029882182e-04
1.458421379824340221e-04
1.443605371394875722e-04
1.376155815789614247e-04
1.329256168474227692e-04
1.252818278192984977e-04
1.238172129143116668e-04
1.199973814936388132e-04
1.142363875601924163e-04
1.113073819463371848e-04
1.083523111034411673e-04
1.068131340237614987e-04
1.057644989305721355e-04
1.020339993089639647e-04
9.953643779617441162e-05
9.685722702429822983e-05
9.330430262487702110e-05
9.126800669969217328e-05
8.855362807745029586e-05
8.385606955209757955e-05
8.206118851412012546e-05
7.916952657041823722e-05
7.700735903433554965e-05
7.594654104023917517e-05
7.356457410557009290e-05
7.066982492155761430e-05
6.690547785152137022e-05
6.562864545976686834e-05
6.475078312873564889e-05
6.148890459903633469e-05
6.126138950597437131e-05
5.856739673963112797e-05
5.662642300667791295e-05
5.421028760591464719e-05
5.281991442921892021e-05
5.101676033322884629e-05
4.958415189682631913e-05
4.665492967758166714e-05
4.486570964632692274e-05
4.425489570720275110e-05
4.257818352924413427e-05
4.177623404816665180e-05
3.974336710703059471e-05
3.939731039862306002e-05
3.836970950860585703e-05
3.772249507742447946e-05
3.568023725224835535e-05
3.488847740559777644e-05
3.397000626865820166e-05
3.326105750377101049e-05
3.205454951005477055e-05
3.125998474187963963e-05
3.000898989647715392e-05
2.906244956414788560e-05
2.851799926469167465e-05
2.736003669134972889e-05
2.655722234286369787e-05
2.639468704781082654e-05
2.594868627496408551e-05
2.507939369568091249e-05
2.391902344499719405e-05
2.313387792968388720e-05
2.268253674807876389e-05
2.190671012421791588e-05
2.108912745942731796e-05
2.002904896943668791e-05
1.882285832532644665e-05
1.795369571403858665e-05
1.761369723705693465e-05
1.749048033214490181e-05
1.728670529482457806e-05
1.648677862516079070e-05
1.568865832093025968e-05
1.478673302795721910e-05
1.452703344874164362e-05
1.377518430530612192e-05
1.326176707468343914e-05
1.273922484405017384e-05
1.253700017958203054e-05
1.228484022879209896e-05
1.137687653870619391e-05
1.118553658240283428e-05
1.089983883050068610e-05
1.034680654073538997e-05
1.014066137539067820e-05
9.342436613373734071e-06
9.054505581324218911e-06
8.667184845844192611e-06
8.201998818603268874e-06
7.759863578572492456e-06
7.430620360331667408e-06
7.200884948556459975e-06
6.914976876519884518e-06
6.745359451178985062e-06
6.547292268097930019e-06
6.143816856979324773e-06
5.843833709346673697e-06
5.554623266312657278e-06
5.277072498680616199e-06
5.034834449009001822e-06
4.907168290270583151e-06
4.474379205171102928e-06
4.308757234367469808e-06
4.080093852862055340e-06
3.969067233683293722e-06
3.855780403453832372e-06
3.646758378013528352e-06
3.432314610826445813e-06
3.230695444926093555e-06
2.941390568342979733e-06
2.682064726664057592e-06
2.626736687070221547e-06
2.579273259500414469e-06
2.130456982520748859e-06
2.080015557362430141e-06
2.003144322483205599e-06
1.890600124730717935e-06
1.806969374517467349e-06
1.549767245396652240e-06
1.400895135542140300e-06
1.350879418205259102e-06
1.229841042339940660e-06
1.132495912654238882e-06
1.044865837671790723e-06
9.500468426629312821e-07
8.094386100819347817e-07
7.509299335390032055e-07
6.790536701604213245e-07
6.430289629820591591e-07
5.934046466548838658e-07
3.815104330805898003e-07
3.362598435973697025e-07
2.931224898097669349e-07
2.298688511325458802e-07
1.435222125035465629e-07
4.131218480590254144e-08
3.159328617136093361e-20
-3.452456865037476890e-20
-3.026524541378721699e-08
-8.952602023032194010e-08
-1.171442761811942063e-07
-2.099506022027844362e-07
-2.294305582180057099e-07
-3.053312772827159025e-07
-3.558659741186194238e-07
-4.096748315995431448e-07
-5.100294066622092308e-07
-5.412974625937524288e-07
-6.714921854146590216e-07
-7.280940817569792472e-07
-8.250101319060878189e-07
-8.596716050908899373e-07
-9.385041405490802961e-07
-1.080111531398312634e-06
-1.123137890817236134e-06
-1.211443595003179145e-06
-1.402418898103392925e-06
-1.506252832769089274e-06
-1.622552161351424796e-06
-1.742441758181636794e-06
-1.806679589762657633e-06
-1.844089553465754153e-06
-2.019890880393636837e-06
-2.044690576918695957e-06
-2.133451842924681722e-06
-2.259115828182800221e-06
-2.449034155560836705e-06
-2.572575200184739980e-06
-2.725306529795902067e-06
-2.841884064202128802e-06
-2.915786391847436105e-06
-2.975306064824839514e-06
-3.233134762911244513e-06
-3.481115148776125604e-06
-3.523367673779414261e-06
-3.685240496082673204e-06
-3.965906136359079958e-06
-4.033001103816616470e-06
-4.187142102321861243e-06
-4.423543577362647921e-06
-4.544733749477929241e-06
-4.656968030658050491e-06
-4.922225636471145450e-06
-5.016007698737403692e-06
-5.181148360365099493e-06
-5.348879852655199376e-06
-5.749597113830337065e-06
-6.092408023986839428e-06
-6.439047448828309129e-06
-6.543533383435540722e-06
-6.730841901566896552e-06
-7.061308713093689681e-06
-7.292567689103246819e-06
-7.620505189315071912e-06
-8.095715565949705914e-06
-8.415084867091302069e-06
-8.649063832390580447e-06
-8.894379552392971900e-06
-9.402319193011186995e-06
-9.444655041442780795e-06
-9.548712601508221485e-06
-1.002295479123130057e-05
-1.012672627601805449e-05
-1.023597488992543240e-05
-1.073148084872489806e-05
-1.118577330232463601e-05
-1.157386165572214787e-05
-1.169243241567359153e-05
-1.196144206660385092e-05
-1.259819916713994422e-05
-1.281834140435830214e-05
-1.314385558265573614e-05
-1.353019570305240915e-05
-1.395747540033872965e-05
-1.469881630262608762e-05
-1.504677207433153696e-05
-1.533792315018268939e-05
-1.588505551603901239e-05
-1.608464631528859820e-05
-1.640848580083457717e-05
-1.696349759643500017e-05
-1.718970964250062693e-05
-1.793048692316364401e-05
-1.822455905425231405e-05
-1.853723544996045436e-05
-1.903419268824586694e-05
-2.008615120043040801e-05
-2.021559821221907482e-05
-2.130136738926268700e-05
-2.162012410125979260e-05
-2.189686005673219761e-05
-2.320062625656747291e-05
-2.377953602753906051e-05
-2.418943248926185306e-05
-2.477115200113274017e-05
-2.566179811666445334e-05
-2.657566166968350319e-05
-2.749485255041709511e-05
-2.871822196009073396e-05
-2.900780029660748581e-05
-3.013417989864951500e-05
-3.027993403443147009e-05
-3.061646881493005278e-05
-3.176059289400078890e-05
-3.208965261975273083e-05
-3.304953048974647241e-05
-3.426652162710027880e-05
-3.482419765640827348e-05
-3.575270223831597863e-05
-3.609117367695415630e-05
-3.638462868694193858e-05
-3.804293696921150686e-05
-3.981922544871172774e-05
-4.058342371012370992e-05
-4.083300787794318462e-05
-4.155671806590391750e-05
-4.460481613075569749e-05
-4.556351132873958732e-05
-4.661192652546481487e-05
-4.765678743258008388e-05
-4.948751186067164157e-05
-4.990981362333465958e-05
-5.195048546189385836e-05
-5.325849122279870189e-05
-5.460124766864522361e-05
-5.638996509293021887e-05
-5.751284938771955010e-05
-5.927908780015334376e-05
-6.007896797044846827e-05
-6.204272536493612544e-05
-6.245215064875650837e-05
-6.483852067632688801e-05
-6.606521787835470654e-05
-6.810831224926486174e-05
-7.055600425650078477e-05
-7.385804273567091497e-05
-7.465191094781075548e-05
-7.570864028389860136e-05
-7.814119612548423022e-05
-8.120966265381836106e-05
-8.190304037556838583e-05
-8.430610391408439788e-05
-8.616477384313410025e-05
-8.968410678749490705e-05
-9.184401168042937986e-05
-9.434421537533065115e-05
-9.507281239887522303e-05
-9.813012354633028156e-05
-9.880211551370316988e-05
-1.001475384404532906e-04
-1.056453840568958869e-04
-1.081373405189936022e-04
-1.128583417961225287e-04
-1.151220677150257253e-04
-1.167521649758413067e-04
-1.184144055238004476e-04
-1.200515799757880236e-04
-1.241113466750921890e-04
-1.285644211168678963e-04
-1.307880684450707192e-04
-1.319021246226553606e-04
-1.385166195795743454e-04
-1.437308221452369885e-04
-1.458452288549741936e-04
-1.496818509036629925e-04
-1.537184563991089161e-04
-1.563593236819251333e-04
-1.568523070742830700e-04
-1.641053169157268715e-04
-1.661925013970967852e-04
-1.687684467522471696e-04
-1.747430106509744504e-04
-1.783157433605532505e-04
-1.793571317977118475e-04
-1.861952728740364925e-04
-1.883286465723795974e-04
-1.941292889069195712e-04
-1.984473462981722457e-04
-2.127102049582331531e-04
-2.134607369805973504e-04
-2.219347281902920481e-04
-2.281886918194905747e-04
-2.322085579761968188e-04
-2.354178154512164792e-04
-2.462113398128912365e-04
-2.480732557779078275e-04
-2.575762820147303365e-04
-2.655066938356661016e-04
-2.729468503493527663e-04
-2.759914931571784045e-04
-2.807177038058288185e-04
-2.870004413069006735e-04
-3.002432714896171423e-04
-3.090433251079073942e-04
-3.148691319362836860e-04
-3.259314267265841429e-04
-3.360802237132413939e-04
-3.423124734216137586e-04
-3.566513969503254584e-04
-3.678035830225198448e-04
-3.766562140783872941e-04
-3.903715207826912023e-04
-4.043707225016969042e-04
-4.213290187189392853e-04
-4.340059041009607663e-04
-4.487623386508263592e-04
-4.528924790837710133e-04
-4.759518722576132625e-04
-4.904361320671171351e-04
-5.139290123699227861e-04
-5.247200259834330742e-04
-5.510708095221132641e-04
-5.717712358558485215e-04
-5.918199889880392970e-04
-6.224282155691383432e-04
-6.549526486432856627e-04
-6.564422767056267557e-04
-6.937057363514742342e-04
-7.365945372827368848e-04
-7.702324949543159572e-04
-7.911614347128153018e-04
-8.232831645175388725e-04
-8.365564429120487437e-04
-8.452905805992093954e-04
-8.602390462313649292e-04
-9.875334738872342151e-04
-1.010949449583338359e-03
-1.160364070576027544e-03
-1.200843425897596970e-03
-1.241984128920270956e-03
-1.302952804484632573e-03
-1.581830107971590000e-03
-1.658267250700929145e-03
-1.695809586572319524e-03
