1.883974380099850271e-02
1.490011714937017513e-02
1.031031085525295835e-02
5.634287198576428714e-03
4.646751570228751550e-03
3.148060648234701428e-03
2.343589850837117863e-03
1.701948919854935063e-03
1.656680381545080254e-03
1.444545650843926917e-03
1.403125950892217689e-03
1.348153668783838360e-03
1.067475132208498510e-03
1.011416286132579227e-03
9.546882283646031383e-04
8.552056313159928048e-04
7.974002686431739791e-04
7.620304120841954552e-04
7.182665536248166284e-04
7.037029928943317001e-04
5.634076162351061645e-04
5.013295336055834496e-04
4.405295464123111732e-04
3.481668260569708326e-04
1.243820500324382917e-04
1.063927470873947283e-17
5.721015205301940578e-18
5.088108056398406186e-18
4.927562862349697194e-18
4.483719387944689620e-18
4.361750178553924179e-18
4.291266323778737269e-18
4.103054072576309026e-18
3.761218485512745011e-18
3.659509569202926566e-18
3.475706380409542485e-18
3.395264736543226861e-18
3.323299773773691555e-18
3.240344227518392859e-18
3.116242088619076724e-18
3.071234632152937059e-18
3.059108860508559170e-18
2.969044107173661368e-18
2.896761193576895460e-18
2.857337470596323323e-18
2.799636251777683159e-18
2.659077043469564685e-18
2.621265486338972878e-18
2.562285533433962012e-18
2.518333171840211421e-18
2.498125610071370731e-18
2.420051875671039569e-18
2.391535155347114963e-18
2.323179776872442694e-18
2.299696961041034247e-18
2.276465019340995779e-18
2.247384024756841230e-18
2.200655321786556591e-18
2.167117946355726922e-18
2.157001685329109491e-18
2.093367047310746320e-18
2.071954107337711025e-18
1.994455513918777578e-18
1.993444496822687407e-18
1.943101991852031618e-18
1.920151909055062681e-18
1.901828082081317662e-18
1.889890156366266940e-18
1.816768735345482415e-18
1.791726625264733486e-18
1.770067860834670097e-18
1.736617382123314076e-18
1.717222968526361116e-18
1.680370199372410496e-18
1.632485994132139312e-18
1.618467718787503260e-18
1.612777242846520847e-18
1.602876223855557049e-18
1.577255333769407579e-18
1.556569371943813597e-18
1.527137243627403133e-18
1.486989296683602492e-18
1.470874125517083808e-18
1.460562621565932576e-18
1.420271245024495227e-18
1.415306940975508597e-18
1.403469301791913039e-18
1.389540103677317242e-18
1.363213990163337170e-18
1.344304262731659465e-18
1.319872331134627860e-18
1.297876202529221211e-18
1.281611683150335905e-18
1.261514386969331916e-18
1.243880030732962686e-18
1.228926104930338974e-18
1.192851692731465539e-18
1.172477729305144347e-18
1.168448944604085698e-18
1.150875509934127110e-18
1.125898024653418926e-18
1.122025398277206287e-18
1.113667245154599169e-18
1.097152582059466001e-18
1.077452188159594014e-18
1.076831533964590347e-18
1.055519872036705651e-18
1.039775808524409135e-18
1.026058774264694482e-18
1.017701151052823203e-18
1.005091424509017612e-18
9.793325559702370337e-19
9.676401079042600333e-19
9.556317838487983306e-19
9.341782543129666450e-19
9.281194456443992629e-19
9.075294297762973142e-19
8.927007595320502320e-19
8.732625196800933907e-19
8.515580776849450723e-19
8.474726188710094220e-19
8.411504181186443860e-19
8.078082262823631765e-19
7.987314140194453751e-19
7.938093194433000857e-19
7.816974671498645845e-19
7.701402399208140040e-19
7.527390435075757493e-19
7.442611644418128272e-19
7.370799200834724874e-19
7.292580317071664350e-19
7.125438330867017372e-19
7.026618683883039299e-19
6.930570695873536919e-19
6.846789479357309277e-19
6.701327118736951290e-19
6.567636489649388908e-19
6.510676334843085818e-19
6.421485293314266094e-19
6.340273577133622070e-19
6.244171586854812013e-19
6.183776729984465645e-19
6.073502970957990208e-19
5.998585794907556995e-19
5.806031841746573874e-19
5.756091009825428301e-19
5.644648662061480873e-19
5.481130639537300296e-19
5.426342041490676910e-19
5.396700118445158760e-19
5.265377221401440678e-19
5.147695322047779826e-19
5.074743737754053284e-19
5.044572761185348258e-19
5.030033592114642930e-19
4.773175778315749126e-19
4.649681082915224392e-19
4.601411624544526944e-19
4.547696504746430132e-19
4.490200482399774170e-19
4.353351765693731103e-19
4.294044430696645542e-19
4.216449053245857684e-19
4.178573439434912790e-19
4.076187831608130124e-19
3.857755003795356194e-19
3.779366725902171107e-19
3.733968276426460361e-19
3.663507884434703341e-19
3.563080481656909170e-19
3.458585073044566984e-19
3.353645212274607082e-19
3.298183400937075311e-19
3.258287302408404675e-19
3.146518805415688890e-19
3.082948431210710064e-19
2.994663977427175923e-19
2.904293479845343543e-19
2.861855949098959987e-19
2.812811835975319059e-19
2.761421343005772547e-19
2.670632414571560500e-19
2.619080892900300670e-19
2.592625884209816504e-19
2.554750075054302986e-19
2.437681075147924605e-19
2.302704783762710252e-19
2.273542746662466833e-19
2.209581776091490303e-19
2.114070056854193818e-19
2.041981681853135636e-19
2.019268402910680270e-19
1.961454603381299224e-19
1.891648558567252972e-19
1.867185493454234018e-19
1.756429145969050527e-19
1.676664528722309522e-19
1.633077122546906819e-19
1.509960262306215348e-19
1.489316996758998120e-19
1.442791490836201819e-19
1.368354456111720448e-19
1.366675261409411659e-19
1.239209023749836662e-19
1.220690891829677439e-19
1.173522434437947400e-19
1.160918969395616885e-19
1.046227946463071986e-19
9.902610992535317652e-20
9.467949406132070689e-20
8.964254014826205895e-20
8.883103120109147085e-20
8.109503501873551482e-20
7.935980401987091022e-20
7.501629807118778063e-20
6.619921511468074766e-20
6.508899163006973030e-20
5.651632988987032852e-20
5.490680647626586895e-20
5.124540021260751129e-20
4.831323599068455536e-20
4.270696049043264156e-20
4.055288366697837260e-20
3.873744378628140276e-20
3.521921172199146294e-20
3.275689741068861499e-20
2.963395938534069989e-20
2.173472265318811555e-20
1.673384469392467143e-20
1.297965993241871564e-20
8.357349570397634957e-21
5.883835315867861530e-21
2.596263744865768025e-21
1.464022303858959242e-21
8.028063990036417827e-22
-3.552286559980191279e-21
-5.983917628821381445e-21
-9.605174087889061046e-21
-1.263696561289428839e-20
-1.743513925750966331e-20
-2.255317073199766780e-20
-2.628472400856362562e-20
-2.705391756577653082e-20
-3.441499282083099812e-20
-4.127860010619221089e-20
-4.172475711327988382e-20
-4.712411479017287347e-20
-5.031226213919617217e-20
-5.658024151479015332e-20
-6.450063656693915670e-20
-7.139294035372971505e-20
-7.328058910047471159e-20
-8.253948516774140312e-20
-8.350169145157079314e-20
-8.689138071985982815e-20
-9.373344707176219349e-20
-1.040214021870976305e-19
-1.065200301091235214e-19
-1.080713060097772591e-19
-1.160997758423386705e-19
-1.172285431081826468e-19
-1.207791512106080546e-19
-1.260024691882400309e-19
-1.307156119837791359e-19
-1.438477893403231873e-19
-1.448235830060026195e-19
-1.522865078532943769e-19
-1.567648348737965610e-19
-1.635468750468893621e-19
-1.681733950890532552e-19
-1.770361888978205799e-19
-1.822484832807194440e-19
-1.888687381013952912e-19
-1.922837697724236518e-19
-2.010774786792498207e-19
-2.031092003180277983e-19
-2.090252366497297598e-19
-2.179603280425637491e-19
-2.209395639619257141e-19
-2.271631553297178349e-19
-2.324284995298975579e-19
-2.377366010560646853e-19
-2.474314119736375047e-19
-2.593636884563206119e-19
-2.683001371359822343e-19
-2.730932474555209043e-19
-2.809485628029165347e-19
-2.847489726685631140e-19
-2.887513155793703405e-19
-2.936853794161993858e-19
-3.043345832682184842e-19
-3.051666488131556855e-19
-3.206757895471455299e-19
-3.267286821139256545e-19
-3.431922413491200675e-19
-3.441180889573688236e-19
-3.540138266247705987e-19
-3.588392325153542606e-19
-3.637671704228244199e-19
-3.721217923597114147e-19
-3.796679624960214638e-19
-3.852602505797938285e-19
-3.977971734998033564e-19
-3.997829608280116131e-19
-4.144909277310538646e-19
-4.248042103596531733e-19
-4.367771972887791285e-19
-4.380699934563216694e-19
-4.476315749040477466e-19
-4.612533562326445399e-19
-4.689112802559720849e-19
-4.753501990775656418e-19
-4.772749287902444852e-19
-4.905959245900232666e-19
-5.037010768171062163e-19
-5.043753894500342350e-19
-5.119919795233347854e-19
-5.227935277775683906e-19
-5.367872720211384216e-19
-5.488571000450909810e-19
-5.667397003745780342e-19
-5.744672352529814756e-19
-5.807985245044904754e-19
-5.856489305375719855e-19
-5.966965695641506191e-19
-5.982380318028450199e-19
-6.073071259496411232e-19
-6.230175009511699085e-19
-6.435060687523460114e-19
-6.460914838135176253e-19
-6.652456216955555590e-19
-6.757959049796289938e-19
-6.818394595174930614e-19
-6.944959752814156922e-19
-6.991315091474308869e-19
-7.078121370538358986e-19
-7.165468491512431834e-19
-7.380423645728106119e-19
-7.496472795396010894e-19
-7.552400555399505534e-19
-7.634285644841688501e-19
-7.858122580380685148e-19
-7.965086300581425035e-19
-8.171137078900187208e-19
-8.268726760028405810e-19
-8.545009119092536107e-19
-8.642795271585337446e-19
-8.737800734816414989e-19
-8.875281079817427201e-19
-8.951879845233027956e-19
-9.085607032800148950e-19
-9.184940241674084612e-19
-9.271415286334661058e-19
-9.591992650682384639e-19
-9.800251959518258054e-19
-9.848890913556903766e-19
-9.930910373232345483e-19
-1.013201312141966315e-18
-1.021562509269088510e-18
-1.037413660893886725e-18
-1.040522823043748175e-18
-1.063305297778284877e-18
-1.080285568619993266e-18
-1.093939395788578771e-18
-1.121035893024195234e-18
-1.129732347708308154e-18
-1.146524592998953869e-18
-1.148937109787342149e-18
-1.179645762338269384e-18
-1.196465297486151802e-18
-1.202332247487046800e-18
-1.229461937679228661e-18
-1.256962685806620463e-18
-1.271298556983664744e-18
-1.278609224958799238e-18
-1.318436117357778571e-18
-1.332944601221442220e-18
-1.351271944751335408e-18
-1.372218777029089596e-18
-1.380492074537988925e-18
-1.411310381951123838e-18
-1.418780149573690106e-18
-1.442062882441014494e-18
-1.492784618911337396e-18
-1.508131662859376235e-18
-1.518435642904773929e-18
-1.535861916152835192e-18
-1.538557232753807638e-18
-1.580036126176351419e-18
-1.600851042704435185e-18
-1.632157980555549125e-18
-1.655806345176547689e-18
-1.669767654327111111e-18
-1.737089098391713095e-18
-1.738683776178216326e-18
-1.783371636019280849e-18
-1.789518024298886941e-18
-1.821142898337764197e-18
-1.838175430409766258e-18
-1.865417409088832423e-18
-1.910353448167335543e-18
-1.914536145494988024e-18
-1.943309127043764759e-18
-1.962288429507883105e-18
-1.989198536398443277e-18
-2.039146584283551391e-18
-2.140477850524473866e-18
-2.172820297735171534e-18
-2.201654544788778778e-18
-2.241445751327793378e-18
-2.315688739783056079e-18
-2.324572871598704768e-18
-2.396039070704983198e-18
-2.407223967432936423e-18
-2.437477527090668065e-18
-2.480772163578556414e-18
-2.522743054442865854e-18
-2.586018903672968238e-18
-2.613668283758670639e-18
-2.682323003972205387e-18
-2.777154851123740363e-18
-2.952123742136794957e-18
-2.969536376626868105e-18
-2.977254964616665565e-18
-3.137447512659407038e-18
-3.248144710309051915e-18
-3.312073411133932056e-18
-3.318669917945691856e-18
-3.455043710656630790e-18
-3.539638345772136824e-18
-3.741451098245560401e-18
-3.750188038389512248e-18
-3.826676499870710528e-18
-3.839590655525474356e-18
-4.033783347630013572e-18
-4.093463026965632495e-18
-4.221304663622251938e-18
-4.816613657463640716e-18
-5.273414027227200668e-18
-6.241988710614342918e-18
-9.384679092004530057e-18
