-1.375751423793952826e-15
-1.101987041535799302e-15
-5.541159288226523761e-16
-4.787783260248259333e-16
-2.834760354367726084e-16
-2.302242998750080825e-16
-2.286583135528395107e-16
-2.053141025225363787e-16
-1.905495438995021019e-16
-1.820020153935934280e-16
-1.615099900053109935e-16
-1.565935460481389736e-16
-1.507725411030075722e-16
-1.431156950949589170e-16
-1.409378195627898439e-16
-1.311510834622685791e-16
-1.274626864644115696e-16
-1.205291451986009485e-16
-1.190284753451887559e-16
-1.160733965175325476e-16
-1.133801175188787815e-16
-1.082763070509800084e-16
-1.071213803167252018e-16
-1.048254059373483250e-16
-1.016131067209938125e-16
-9.826163039168529860e-17
-9.367364772707516276e-17
-9.217934896915747366e-17
-9.038524772933878202e-17
-8.752792960911889622e-17
-8.685506042941161166e-17
-8.544221446195100717e-17
-8.485507810329821319e-17
-8.315228211959176047e-17
-8.087341757753042976e-17
-7.975338776378578868e-17
-7.587226950997986834e-17
-7.470073796074960810e-17
-7.245067602655625834e-17
-7.201604407615496740e-17
-7.101100263137388626e-17
-7.085232671883444036e-17
-6.926959993995821880e-17
-6.871241044736736670e-17
-6.750894029560133473e-17
-6.717984853623330504e-17
-6.480726994016292616e-17
-6.374052326452784320e-17
-6.137513150155826394e-17
-6.031721847594679516e-17
-5.949897645470397400e-17
-5.942110620578344419e-17
-5.859440289657025277e-17
-5.824254271840400212e-17
-5.636008103604969643e-17
-5.571193105244315444e-17
-5.523764283337169211e-17
-5.483177629978417600e-17
-5.380819817909242988e-17
-5.249724453807897730e-17
-5.113059383609442651e-17
-4.981176260085234694e-17
-4.939601347889727750e-17
-4.864720825870796946e-17
-4.814525013398719470e-17
-4.716335699588327460e-17
-4.656732113577592949e-17
-4.495953442310680743e-17
-4.483018508933648540e-17
-4.382755018926881381e-17
-4.340811191657401774e-17
-4.323872106001855130e-17
-4.277130022431127626e-17
-4.123153030377239005e-17
-4.075963114513329991e-17
-4.038595637117737592e-17
-3.963545390989978258e-17
-3.903423914262044577e-17
-3.897214413552871568e-17
-3.770463019635147872e-17
-3.653751106013476582e-17
-3.649602011589301933e-17
-3.604651728571826712e-17
-3.513916763914173150e-17
-3.481470290954331082e-17
-3.410637294077328917e-17
-3.397143195455957569e-17
-3.390572799844975426e-17
-3.313663127369512933e-17
-3.264916327560386445e-17
-3.242697155275395075e-17
-3.167327083337603801e-17
-3.072301202803244274e-17
-3.008735952026798404e-17
-2.983654091000326884e-17
-2.893909587615006969e-17
-2.850533059331121349e-17
-2.821871562481635199e-17
-2.776836167599597461e-17
-2.735324561628924810e-17
-2.683210514467509609e-17
-2.624368316034173121e-17
-2.588317572103984246e-17
-2.560700361470543543e-17
-2.530411867832779029e-17
-2.494060765805149617e-17
-2.449220259021525717e-17
-2.385273195305782340e-17
-2.359290049683665313e-17
-2.335462383546206824e-17
-2.296271154278328734e-17
-2.258496620814708127e-17
-2.208643053810591481e-17
-2.153847907348629378e-17
-2.117874907774719915e-17
-2.095443037374865898e-17
-2.023382996721435081e-17
-1.989677832983523864e-17
-1.958023957613538954e-17
-1.933405823753837063e-17
-1.875564130691608712e-17
-1.860669055049275301e-17
-1.831745096494440094e-17
-1.822027985632457745e-17
-1.777567887833866602e-17
-1.744413299817616778e-17
-1.711200282934705736e-17
-1.696794812469327896e-17
-1.621135817580366661e-17
-1.593756399425785652e-17
-1.566949105135150562e-17
-1.557112772181977633e-17
-1.511477343749465751e-17
-1.501699532490373184e-17
-1.471159637566175994e-17
-1.427164198599969254e-17
-1.410434325156682317e-17
-1.382758201472136613e-17
-1.332453659784786013e-17
-1.308802000756090770e-17
-1.266930625370308690e-17
-1.245830461071334117e-17
-1.214201765644161201e-17
-1.194770529645048525e-17
-1.182806659641535141e-17
-1.149242229673514538e-17
-1.119134592717697325e-17
-1.080159347650188636e-17
-1.067450095089478992e-17
-1.048650373205168079e-17
-1.032389953059582120e-17
-9.711641887634048215e-18
-9.522032542774490556e-18
-9.403198226650220120e-18
-9.160171695098600831e-18
-9.125802745991906567e-18
-9.003097705245631509e-18
-8.645651675389525006e-18
-8.311053572955310200e-18
-7.858025341711076517e-18
-7.559685865406691494e-18
-7.446660093165509922e-18
-7.253707302505119773e-18
-6.979038764649319911e-18
-6.820818183100378115e-18
-6.577750388363587157e-18
-6.406854490901510240e-18
-6.149716312599600947e-18
-6.041236566727459590e-18
-5.886318708477469361e-18
-5.726131577366117272e-18
-5.445542694972467869e-18
-5.213823409286363108e-18
-5.078477342640684202e-18
-4.719078316198429989e-18
-4.670775302355494159e-18
-4.562621864224836231e-18
-4.432652013174266631e-18
-4.140839993189816260e-18
-4.050844240580208479e-18
-3.625454548691791062e-18
-3.536138275248086663e-18
-3.478914550542334261e-18
-3.358219088286031054e-18
-3.075998753686739011e-18
-2.679567649003841141e-18
-2.613634667236702892e-18
-2.515119534128848645e-18
-2.410263545911278955e-18
-2.332309496464988220e-18
-2.131373484984418927e-18
-1.999330460025022481e-18
-1.899488142605643997e-18
-1.775846565566088092e-18
-1.658749886835029403e-18
-1.530364032111911663e-18
-1.445076949312055286e-18
-1.199904196714263652e-18
-9.678109951687717892e-19
-9.001056665891527924e-19
-7.287364778676592373e-19
-6.687915117032660080e-19
-5.248953607680844698e-19
-4.809938102475972149e-19
-1.796587712297851105e-19
-9.747584875061248096e-20
-5.380012347884779324e-20
3.874278490886459938e-20
1.955173629658163725e-19
3.139135247894522201e-19
4.142872892376544106e-19
6.473292202695636876e-19
7.307713030711434367e-19
7.591118971374811336e-19
1.021209794621471889e-18
1.201552540208963434e-18
1.328822255401799707e-18
1.407034857479789898e-18
1.650260698019635260e-18
1.822330315601378391e-18
1.913004918508185981e-18
2.091574379549370564e-18
2.283904031443592207e-18
2.380864208021467875e-18
2.650044575260592880e-18
2.714738063770077123e-18
2.880895352762264497e-18
3.201257867710275830e-18
3.345811806090721673e-18
3.385539788381428823e-18
3.501718934398178042e-18
3.678188577977898645e-18
3.850819685635806773e-18
4.006409579683178713e-18
4.174706118418858675e-18
4.271535586539547726e-18
4.478177528087394831e-18
4.727012738674643588e-18
4.888999535794845722e-18
5.210096001826517430e-18
5.313694687050926176e-18
5.351363792314949877e-18
5.719561338675763475e-18
6.051693088588734026e-18
6.177333276619661158e-18
6.340648195855146571e-18
6.697938833073704288e-18
6.812254589893213311e-18
7.071780300002138382e-18
7.335178855326524878e-18
7.555610708541277060e-18
7.918508579039793190e-18
8.122959723043202149e-18
8.288934777153272054e-18
8.358501926289329707e-18
8.766243627910623347e-18
8.802193278845196536e-18
9.257037127468973536e-18
9.446269672549697272e-18
9.686319300979079887e-18
9.882214135575606346e-18
1.031499921428366017e-17
1.046562678809164914e-17
1.056848730216801811e-17
1.063950105518612412e-17
1.092494849634413174e-17
1.144885046058877369e-17
1.163667525592951384e-17
1.166562967621746772e-17
1.193118537457916518e-17
1.248533900502398119e-17
1.288710612343418590e-17
1.299482838913973796e-17
1.324991404290821230e-17
1.341727072350572312e-17
1.375930213200958416e-17
1.434756440562973646e-17
1.485112185380264976e-17
1.499467725111502558e-17
1.521173741802601198e-17
1.571692442430468959e-17
1.599525718579160301e-17
1.614700371028849990e-17
1.631168512378568246e-17
1.680978638022939285e-17
1.692878281610173746e-17
1.724405118606156185e-17
1.786838380468699285e-17
1.794178791067814947e-17
1.821379894150120280e-17
1.852971192422864473e-17
1.880628655656191805e-17
1.931813368680979688e-17
1.950893424877953058e-17
2.000682262171637154e-17
2.048672022388689395e-17
2.088982595839229960e-17
2.105017804809283175e-17
2.137585810200884791e-17
2.212351745358714150e-17
2.269898539340372427e-17
2.295986928235888695e-17
2.351582013550868237e-17
2.381822852417073595e-17
2.391326029818309431e-17
2.423497674753359197e-17
2.460344287108092597e-17
2.521697140647925623e-17
2.533230240035391458e-17
2.599101626986501826e-17
2.642801122267815941e-17
2.664296757097399011e-17
2.687807237978016246e-17
2.744555453934299208e-17
2.813885170016996218e-17
2.829383397893672817e-17
2.875190609531114414e-17
2.908943538908596783e-17
2.946963834154613184e-17
2.957783610765578690e-17
3.041606755168502246e-17
3.136144747629671821e-17
3.182283161680305884e-17
3.198637685450283820e-17
3.244018967596150996e-17
3.329678055535367732e-17
3.363770848466671089e-17
3.430148250296171865e-17
3.500159253631054491e-17
3.520981587443205499e-17
3.578060277188915247e-17
3.634013102245870818e-17
3.663481039514095733e-17
3.708950869905841158e-17
3.756140401950022160e-17
3.822018557358444254e-17
3.920167048821894758e-17
3.933813441692794346e-17
3.974772894974027858e-17
4.085994164135625358e-17
4.123035955458929744e-17
4.187931063564491667e-17
4.194528128006048931e-17
4.261465340197246364e-17
4.346660080812299291e-17
4.358402941717739069e-17
4.523254305010820979e-17
4.550251938984576668e-17
4.639384346309248922e-17
4.710716534748203229e-17
4.802152339537710664e-17
4.916585525542135292e-17
5.005657941215202652e-17
5.030678633614627062e-17
5.149540967512688855e-17
5.282752594386133297e-17
5.321453099526678384e-17
5.363238906136006844e-17
5.427587972091394778e-17
5.548636657242986436e-17
5.626529994303558579e-17
5.682168714378767282e-17
5.966146449549619808e-17
5.991552872686150100e-17
6.092510394036261845e-17
6.158376997341761201e-17
6.192880480584165479e-17
6.409398189324771609e-17
6.442477505237235000e-17
6.467891623377096992e-17
6.553855899248267979e-17
6.698700997724036531e-17
6.853950064400390980e-17
7.002417241140641153e-17
7.152884280041437928e-17
7.330873302573775148e-17
7.520849270657162804e-17
7.589344460065381743e-17
7.747928838855727843e-17
7.916223458330683793e-17
8.143171488859494116e-17
8.309396599786813407e-17
8.485727901480131256e-17
8.581940792500077537e-17
8.809817651017067738e-17
8.907480961132742592e-17
8.981971791458207671e-17
9.142442946652757988e-17
9.256160911992482193e-17
9.622253310055094597e-17
9.962371066510852548e-17
1.013565711099623467e-16
1.043608359426055631e-16
1.060381116261037231e-16
1.089182861856675459e-16
1.099059420594724713e-16
1.115364765149818317e-16
1.149532286040533712e-16
1.169794843940745569e-16
1.226074329372602535e-16
1.288714792555554805e-16
1.327989934610841230e-16
1.415677506773783541e-16
1.452986175980242178e-16
1.561523263828122852e-16
1.675256882686232655e-16
1.712644692121761067e-16
1.783824421660979380e-16
1.937360568664123996e-16
2.138739390773755926e-16
2.485533988627070180e-16
2.633282119816250115e-16
3.227879473462861040e-16
4.131537838155261171e-16
4.358492162588609939e-16
5.834620036608465425e-16
1.128890982132934673e-03
2.545530058059104674e-03
4.776677568159890669e-03
5.343362179250442552e-03
5.437090323682673872e-03
6.466568834672633756e-03
6.915360768124681652e-03
9.072055722208692899e-03
1.068254220098770711e-02
1.116507479098124977e-02
1.405489984367752979e-02
1.606822131731747844e-02
1.960140950758247971e-02
2.673328365212406660e-02
4.836238706484930622e-02
5.298383644353060751e-02
6.347272187145759637e-02
8.628852887575835795e-02
1.071641705043535203e-01
1.380177268828560733e-01
1.808074793613068110e-01
4.675914909039733391e-01
2.212463261650996493e+00
4.476819051147386652e+00
1.195705291641488799e+01
