6.469897936287783043e-03
5.582765618700838775e-03
5.057999024788662965e-03
4.943755177385767731e-03
4.697557881659836926e-03
4.138926342254030909e-03
4.016961366627659971e-03
3.795286925918648756e-03
3.587105844694868460e-03
3.202074852099277488e-03
3.049072026348341805e-03
2.976710973348846434e-03
2.906378524579914489e-03
2.670835609429255634e-03
2.508133377391665291e-03
2.464189995923627731e-03
2.369993107848609309e-03
2.321437010777669101e-03
2.250837856087822917e-03
2.091929498449226522e-03
2.043137435983458962e-03
1.973364187335838269e-03
1.925480600770039649e-03
1.886964547033459418e-03
1.773676450452302700e-03
1.655810034331991207e-03
1.628596915230293412e-03
1.520095740307267698e-03
1.509345159277495751e-03
1.454703947412700274e-03
1.381392844986463562e-03
1.353299980478374787e-03
1.333781815520707200e-03
1.291929805769182317e-03
1.263502638207204647e-03
1.244877732569289438e-03
1.214245863168186314e-03
1.192487700768354690e-03
1.179169523009598614e-03
1.127451284541594080e-03
1.111321685524223292e-03
1.081450319074444243e-03
1.068560841560998922e-03
1.049950917923409607e-03
1.036816949758451439e-03
1.016155018635088838e-03
9.737539499391174381e-04
9.670914875709123561e-04
9.346969079361241214e-04
9.330712868249411290e-04
9.039193138405631194e-04
8.669377540328213408e-04
8.503560038457641220e-04
8.333013497177484087e-04
8.050173545350556041e-04
7.915323664549160643e-04
7.770918551053019327e-04
7.609280793591192277e-04
7.560650654758124811e-04
7.347975576910932083e-04
7.227392513979631226e-04
7.053804822573041039e-04
6.872530592640206399e-04
6.605129794147565798e-04
6.561188872238255714e-04
6.389162607685009831e-04
6.296673584323055246e-04
6.229381248789114291e-04
6.174693305475564961e-04
6.114368424615490138e-04
5.927253922357333688e-04
5.838424548623194661e-04
5.718592907040765620e-04
5.583612285833534743e-04
5.506896422073296726e-04
5.396564389902630977e-04
5.302889034626458034e-04
5.234640033092881339e-04
5.113117424517733172e-04
5.017453086835570696e-04
4.855923694278847899e-04
4.758455516841534065e-04
4.601006041415819925e-04
4.570896671406727706e-04
4.551312413699179255e-04
4.326472734533672970e-04
4.312919809817943192e-04
4.248656539988016935e-04
4.095541234987718263e-04
4.092861455169129973e-04
4.026590532782904522e-04
3.983634621356638237e-04
3.877157386853223933e-04
3.801827289657792462e-04
3.734980573236059255e-04
3.702399100663243464e-04
3.686303770205579477e-04
3.563903211683710267e-04
3.503839609990365422e-04
3.456631879616230054e-04
3.421103061957400031e-04
3.350592020737425776e-04
3.260520969871508017e-04
3.214470263969743287e-04
3.192732310297717200e-04
3.061436293679902724e-04
3.032727690022464766e-04
3.001845616744437694e-04
2.954477422827006972e-04
2.846459424342229292e-04
2.758492404818413575e-04
2.712319935145081091e-04
2.685982759667396866e-04
2.666612961058559403e-04
2.626869922880000711e-04
2.536971524739330499e-04
2.499528945529444230e-04
2.454897680311692552e-04
2.441024745667618389e-04
2.390683894790039481e-04
2.352145351906936030e-04
2.331138715460397809e-04
2.274288315064495558e-04
2.253130919969947008e-04
2.220635917703169850e-04
2.136876186349526477e-04
2.121562473483240530e-04
2.084576913923574283e-04
2.046682298749534089e-04
1.973577339975580471e-04
1.938991836849504504e-04
1.915056190907996384e-04
1.876617439672396926e-04
1.825463656290175242e-04
1.801006946118081085e-04
1.753949246253668263e-04
1.721145870970114812e-04
1.691352798808028050e-04
1.658347873886518770e-04
1.630568611489151623e-04
1.600897372084763171e-04
1.583389420614526920e-04
1.549670308827063268e-04
1.532082652748375520e-04
1.497226186247160157e-04
1.475436691304839111e-04
1.435781426585102218e-04
1.430915042027429006e-04
1.406515956491303533e-04
1.383169874518687349e-04
1.351678839929147051e-04
1.313245841794901194e-04
1.291535631471033192e-04
1.275943653048845934e-04
1.251111717020365562e-04
1.243672249237193900e-04
1.209025916129864806e-04
1.200809902892874237e-04
1.159898323155328777e-04
1.127541223997943727e-04
1.114667809337308013e-04
1.098961466263978108e-04
1.082792806101433010e-04
1.065367996006737704e-04
1.051253305931863785e-04
1.042960584211991720e-04
1.023408155006346718e-04
9.944309022592963605e-05
9.674326699307914004e-05
9.550087304718819043e-05
9.363283210783412123e-05
9.255701414969998164e-05
9.114290667281805755e-05
8.954182416207615231e-05
8.751516335164398388e-05
8.554298357563313270e-05
8.327771979986644873e-05
8.043691909143296564e-05
7.989081966976055525e-05
7.898012331069664783e-05
7.750432502724331481e-05
7.609351607760810249e-05
7.420600216894969936e-05
7.340089916574694072e-05
7.189930218803762465e-05
7.066748801010490767e-05
6.823438258320767909e-05
6.720811026890262190e-05
6.700119880532329599e-05
6.541547942088292618e-05
6.443415914804460996e-05
6.326906720929582071e-05
6.238549829473054396e-05
6.085033609073887978e-05
6.028261681593864718e-05
5.963445296942924376e-05
5.686164067935823587e-05
5.576754510200529865e-05
5.494654843460002627e-05
5.350144335980985854e-05
5.237133726019088182e-05
5.162673922916960034e-05
5.075047061473666798e-05
4.927004907220336688e-05
4.884366746768091142e-05
4.868082288070449577e-05
4.697148955540439501e-05
4.496038678377317155e-05
4.423017479714901301e-05
4.326487547363186035e-05
4.275349473331665324e-05
4.237546900646767554e-05
4.117778835826798532e-05
4.047790735981790191e-05
3.998089418585308829e-05
3.892206747093311474e-05
3.772470470203382811e-05
3.720236339061108700e-05
3.607584211405781712e-05
3.515784876582418728e-05
3.395190562704847179e-05
3.363285101139640862e-05
3.285935501678794509e-05
3.234765966906919373e-05
3.160770784965210672e-05
3.086435426004511482e-05
2.960133840656557365e-05
2.893122530010515232e-05
2.888028801952884176e-05
2.784287289417141913e-05
2.709681414675157464e-05
2.691357551096009365e-05
2.588667563976494962e-05
2.551374964528698892e-05
2.536980305288800925e-05
2.511223327592874155e-05
2.460941570846470603e-05
2.350464985379765317e-05
2.301671964718489968e-05
2.219635325267974821e-05
2.154068848758314462e-05
2.110992986010361966e-05
2.061830799507502246e-05
2.033472311194896995e-05
1.990189300693163737e-05
1.959937487286818021e-05
1.870591834137535784e-05
1.840355484463479906e-05
1.770732154415911860e-05
1.742143509934988827e-05
1.690318726985964070e-05
1.659604990968101078e-05
1.602944565640130708e-05
1.547097851210358849e-05
1.530793793521307249e-05
1.492798728096564432e-05
1.405303941492192082e-05
1.346734134412659061e-05
1.322546892761036970e-05
1.254452484227575161e-05
1.239157338591916584e-05
1.194991167310780191e-05
1.186661843075447529e-05
1.149722159956098051e-05
1.090489746086926595e-05
1.031163385267757645e-05
1.008345438209256631e-05
9.695997305861286678e-06
9.638511235233879681e-06
9.176527627613532742e-06
9.044694934567585375e-06
8.662711826179844151e-06
8.178319529515863518e-06
7.683364555094244545e-06
7.533079565805570067e-06
7.105430782220149624e-06
6.746589187455027554e-06
6.560836061777025869e-06
6.242370906623363591e-06
6.118346415810075903e-06
5.895153642931062937e-06
5.771259541211287075e-06
5.615411066526113939e-06
5.463085145571200959e-06
5.132270563137995242e-06
4.776946985669909496e-06
4.655145291125016751e-06
4.621791349387306039e-06
4.401522845699168827e-06
4.132972593439002849e-06
3.784811405907649096e-06
3.402337268642955712e-06
3.277735783005807122e-06
3.033445390932688891e-06
2.875173717454461413e-06
2.760788998553144284e-06
2.462939764878288458e-06
2.378867202472559715e-06
2.065829652323509171e-06
1.962955736868999516e-06
1.778601743993750781e-06
1.428758868782138431e-06
1.333993903196095188e-06
1.183969358798469617e-06
1.151190892539171497e-06
1.002643221386868873e-06
8.205766539741945510e-07
6.812488735827703975e-07
4.732971831587433794e-07
3.595641528633628409e-07
3.240310166695645663e-07
2.061997326591092522e-07
1.764976565921132130e-07
2.679478361944793592e-08
3.180350830366693377e-20
-3.864098324409627478e-20
-2.316713368459033940e-08
-1.030906231837007357e-07
-1.973786577985221626e-07
-2.756444278083603514e-07
-3.450932038999107793e-07
-4.441209378417857833e-07
-4.980155704816981934e-07
-5.657520406171182768e-07
-6.130629501634284088e-07
-6.633555121925923736e-07
-7.580854841067387085e-07
-8.606079439578480222e-07
-8.968554958977581128e-07
-9.828239383693842392e-07
-1.065035411992937538e-06
-1.280677958315657371e-06
-1.295364956528838726e-06
-1.352937414127858545e-06
-1.425993878993822921e-06
-1.752482107587687923e-06
-1.782278750268198862e-06
-1.953040522709354106e-06
-2.039744777642097816e-06
-2.169536334353743431e-06
-2.260138029189610401e-06
-2.402157108147656798e-06
-2.611102715114286427e-06
-2.881068806251174451e-06
-2.956191622785532066e-06
-3.297197750471264623e-06
-3.506958038973101183e-06
-3.830483803888172289e-06
-4.186414847680754898e-06
-4.228223319799511026e-06
-4.558840600734680992e-06
-4.601799755263820049e-06
-4.896346560382906692e-06
-5.190243852443146592e-06
-5.668783915722093930e-06
-6.124184790074180441e-06
-6.572270430011365746e-06
-7.031972893007856655e-06
-7.192216606841401694e-06
-8.334548378126890977e-06
-8.600222759605900794e-06
-9.315061116002353009e-06
-9.518946247637245100e-06
-1.060705873973709399e-05
-1.140976692543416346e-05
-1.145589246598268524e-05
-1.245648507678851456e-05
-1.356254669034339216e-05
-1.462898620228249625e-05
-1.482797722728289019e-05
-1.554297720669806250e-05
-1.675427924061713626e-05
-1.752187852982449789e-05
-1.850748271224144951e-05
-2.077314572831307277e-05
-2.221632502624133933e-05
-2.362090075747404915e-05
-2.383769417352614849e-05
-2.408712197125794136e-05
-2.621762327246296794e-05
-2.752857328747170199e-05
-2.864828820583472735e-05
-3.006780751215802381e-05
-3.275494162163112308e-05
-3.595242463108150826e-05
-3.767892364341987306e-05
-3.857553587978590812e-05
-4.217530804213004094e-05
-4.511755334251246443e-05
-4.618139708669584468e-05
-4.808482787638729213e-05
-5.001612611491432556e-05
-5.174896522301741851e-05
-5.354797157597885704e-05
-5.713446836277903326e-05
-5.918787522549345326e-05
-6.072022358166366898e-05
-6.493249271186288089e-05
-6.596771564616999664e-05
-6.902052425930839635e-05
-7.087210142639679023e-05
-7.515138771759201288e-05
-7.925220300800015990e-05
-8.366231417035647783e-05
-8.530779148963223211e-05
-8.986224836676736641e-05
-9.370788413018205966e-05
-9.862562472678963960e-05
-1.041826560335288243e-04
-1.071768589376978823e-04
-1.148048875391161425e-04
-1.222473983597666656e-04
-1.291936089631476705e-04
-1.323127379188739441e-04
-1.348894891772142951e-04
-1.464973413669789181e-04
-1.494445955731819593e-04
-1.506414384350610123e-04
-1.600904871250351811e-04
-1.693234404884468025e-04
-1.823207837210633097e-04
-1.855694151250043161e-04
-1.914054561976383283e-04
-2.052465053935667518e-04
-2.113772112500200055e-04
-2.303415088431045969e-04
-2.406378372573710251e-04
-2.536298448010164213e-04
-2.692883302153751320e-04
-2.743783616427047500e-04
-2.999433717412125716e-04
-3.102092200029871118e-04
-3.571675380100374311e-04
-3.807254077103207433e-04
-3.954210899518482373e-04
-4.147821181908833369e-04
-4.606162530813155708e-04
-5.100927728537942756e-04
-5.114949165884194546e-04
-6.038983929433362459e-04
-6.308770780130015061e-04
