-1.962343134928557289e-02
-1.930610201582130120e-02
-1.351216054098057853e-02
-8.439558626479616230e-03
-6.896116228442774124e-03
-6.010299388033242887e-03
-5.594256158940831558e-03
-5.212317310981770882e-03
-4.408073664144009085e-03
-4.116190802333052901e-03
-3.688668924554773434e-03
-2.947341261821343275e-03
-2.890824654613594839e-03
-2.727379786777224362e-03
-2.558286483571409805e-03
-2.308576216868801247e-03
-2.114110880128169338e-03
-1.974850832361647705e-03
-1.779477345528610510e-03
-1.613199949589951433e-03
-1.544648350735445272e-03
-1.353668858168616826e-03
-1.305943706724605000e-03
-1.230336558448151063e-03
-1.156567173090688322e-03
-1.093879766929549456e-03
-1.078855851695395074e-03
-1.007300103731934102e-03
-9.318192169650182889e-04
-9.057589497296024677e-04
-8.521458513271860545e-04
-8.378765499241275965e-04
-7.706535486518247598e-04
-7.415435439086269032e-04
-7.078993123807771765e-04
-6.854759231499066210e-04
-6.616030514915779027e-04
-6.058876585768427402e-04
-5.723112663686296710e-04
-5.627209967831833977e-04
-5.373305495007288076e-04
-5.021549271095969826e-04
-4.703883529152922825e-04
-4.231808983851016595e-04
-4.064924593115524934e-04
-3.972852087324989928e-04
-3.831312977257971832e-04
-3.776848319116058307e-04
-3.587132789624767953e-04
-3.447790641885676286e-04
-3.151647444797317076e-04
-3.072631669322681411e-04
-2.889731172088274278e-04
-2.798895473074197249e-04
-2.710617186122489834e-04
-2.645975306583617497e-04
-2.548610450915352130e-04
-2.450212178698780064e-04
-2.222564074897661810e-04
-2.130199597735500249e-04
-2.001015679829680591e-04
-1.942526521011115356e-04
-1.814377002219818831e-04
-1.724853748092034216e-04
-1.610888653501848058e-04
-1.573585157428198636e-04
-1.490449424761473146e-04
-1.419779169873022794e-04
-1.389273118681082220e-04
-1.353064347294464468e-04
-1.295399250477896375e-04
-1.181397644212027167e-04
-1.121753559688860841e-04
-1.105208026703020160e-04
-1.039399704182668028e-04
-9.897770015312574142e-05
-9.079338673569305369e-05
-8.956184538658745330e-05
-8.646479750801908701e-05
-8.468506128645771330e-05
-8.089177842389083857e-05
-7.058538397515539851e-05
-7.037948908658737642e-05
-6.759733727440540884e-05
-6.454799580696453376e-05
-6.109343257895817429e-05
-5.578415095556381092e-05
-5.295495196900673824e-05
-5.243244878959272350e-05
-4.997617966950765566e-05
-4.905001769721053828e-05
-4.594740642196190014e-05
-4.440952187174259210e-05
-4.313359692783343152e-05
-4.044942356519541475e-05
-3.760296189535582346e-05
-3.583409608017577359e-05
-3.326177225846314970e-05
-3.280939574606051891e-05
-3.103285418892045975e-05
-3.006128890570983347e-05
-2.852127834105730865e-05
-2.550531673087384906e-05
-2.506532355853368971e-05
-2.477968935469034310e-05
-2.300525802179455065e-05
-2.175672788668356081e-05
-2.035155002258252517e-05
-1.869107790271086071e-05
-1.849162726555764777e-05
-1.788066354130585974e-05
-1.667817642711065805e-05
-1.621244904394031003e-05
-1.488514897695376312e-05
-1.464153910822595568e-05
-1.361378175915681587e-05
-1.273626693527015052e-05
-1.191623210620618194e-05
-1.148452056858791453e-05
-1.036535580689202468e-05
-9.725521374220158394e-06
-9.309507175518589843e-06
-8.982825515584106415e-06
-8.475154711397350264e-06
-7.856999596095694529e-06
-6.552460897589331090e-06
-6.181388130093476595e-06
-5.924255048869169903e-06
-5.215664850932025996e-06
-4.923122964824118383e-06
-4.517180434518571881e-06
-4.353366851040646395e-06
-3.926743127770361520e-06
-3.640676789522868898e-06
-3.348956161198011464e-06
-3.017870202730247911e-06
-2.371183744110380421e-06
-2.243978533826859143e-06
-2.059924318043147308e-06
-1.807119173388666378e-06
-1.788182953848023533e-06
-1.589045967241716667e-06
-1.477278868469229386e-06
-1.243972088661872225e-06
-1.059323758739678892e-06
-9.285013409204634773e-07
-8.388723220236618646e-07
-7.658169301543730701e-07
-6.944990821336025435e-07
-6.177237645447605023e-07
-4.984613483447873528e-07
-4.568179535785311491e-07
-4.265508855126910424e-07
-3.222973493244233989e-07
-2.944153926943330492e-07
-2.429015973902658321e-07
-1.974911547172075796e-07
-1.748915723728951488e-07
-1.526169922446599017e-07
-1.336876336775013588e-07
-9.908675501976198387e-08
-9.069835792955455699e-08
-7.436866486964206435e-08
-4.893905787471622793e-08
-4.064994176438689150e-08
-3.838802817380521337e-08
-3.108691891041887715e-08
-2.829644856152397319e-08
-2.357772696625143146e-08
-1.856673818830335778e-08
-1.315901613864138737e-08
-1.270368222005017851e-08
-8.595395621511317133e-09
-8.209019882459246976e-09
-7.484299383490433375e-09
-4.587331791494094186e-09
-2.688374730175032318e-09
-5.247296106116190265e-10
-2.105870035252491442e-10
6.164426023352671460e-18
2.339467797036380154e-17
4.061898605259507645e-10
5.144728778039782561e-10
6.261303952833466756e-10
2.152023479478319079e-09
3.089114255176754774e-09
6.194198272702084649e-09
1.431516600604659212e-08
1.955323631586992063e-08
3.870341442837961287e-08
4.093721883354905747e-08
1.073109697408540525e-07
2.296347855243366535e-07
4.526983753931510360e-07
6.114227413854516553e-07
6.912026707223164442e-07
9.046591289479516974e-07
1.184583057129039443e-06
1.575949167059169032e-06
1.748985309008004961e-06
1.815283268157180816e-06
2.200529806953332468e-06
2.360644471518850416e-06
2.604717368750755081e-06
2.693311659605466090e-06
2.987437304203870014e-06
3.258082113370433346e-06
3.654467180632254476e-06
3.871532386612591663e-06
4.112658622043543912e-06
4.286521044526084600e-06
4.435412694735386820e-06
4.922909972483995558e-06
4.943268694941754002e-06
5.204863582379642025e-06
5.494675324093086324e-06
5.661606669915982785e-06
6.016660811850080322e-06
6.696001700114917547e-06
7.005405509989167890e-06
7.173989655236833488e-06
7.637301084134135964e-06
7.819320079541229837e-06
8.434772462392998261e-06
9.163261509303314060e-06
9.320714998850347340e-06
9.421519212481875504e-06
9.741628096193647292e-06
1.018981901030057173e-05
1.062917309288805140e-05
1.096026694982810957e-05
1.160081318994998583e-05
1.176124928782033267e-05
1.218149365661390410e-05
1.287795658713625494e-05
1.368320577530431354e-05
1.416328250236582997e-05
1.494459399320108620e-05
1.575118357412936309e-05
1.620400025746090511e-05
1.662284995977932788e-05
1.707999573418586691e-05
1.776609965556405634e-05
1.877043766593912622e-05
1.919428079571852119e-05
1.999008958201078522e-05
2.071646348753295312e-05
2.156887676234380861e-05
2.200145678315238441e-05
2.276098695823410188e-05
2.363497296432099293e-05
2.461098558877031903e-05
2.482307004392931145e-05
2.596037232988647798e-05
2.692977139595753323e-05
2.764187284589431185e-05
2.841650945824256055e-05
2.982585038495004547e-05
3.168981562950970638e-05
3.202714365766488256e-05
3.256138808132926789e-05
3.350713567059413324e-05
3.445432524951139126e-05
3.487859917173332698e-05
3.603148848241193757e-05
3.830988148497191094e-05
3.961713717128536791e-05
4.039651298044207782e-05
4.131685858008607128e-05
4.159954783744133824e-05
4.235015992774875750e-05
4.380361165718779019e-05
4.484226320078401159e-05
4.563226271281139784e-05
4.684093345417701752e-05
4.733306524210809151e-05
4.979731774809746436e-05
5.286965989689640215e-05
5.305706643801718736e-05
5.540163496621431283e-05
5.627724212339390176e-05
5.745959758332746696e-05
6.009900383806019504e-05
6.063388064182313666e-05
6.194567072194765843e-05
6.381933554326337443e-05
6.664248803590555538e-05
6.782641468774876399e-05
7.142688509757078681e-05
7.538138129566741884e-05
7.612087603055987058e-05
7.746439425029925246e-05
7.982087209052955679e-05
8.250931310183266094e-05
8.404221673638893333e-05
8.665184345971765922e-05
8.690604237254865054e-05
9.004304017449670970e-05
9.566274575573429945e-05
9.741765967154651987e-05
9.918100399224910190e-05
1.004583242902441596e-04
1.026058731395391294e-04
1.085248135083286464e-04
1.100091699704848405e-04
1.105966614876067111e-04
1.146998870083451724e-04
1.194373949299725157e-04
1.227484463284036771e-04
1.289054586004012115e-04
1.348831343537526539e-04
1.361447731642202177e-04
1.405837634779696530e-04
1.425860541810880489e-04
1.502515483409260866e-04
1.536170874815877730e-04
1.576263890343142964e-04
1.583858715978432520e-04
1.676884599471421518e-04
1.700934378136148561e-04
1.731397265252283487e-04
1.783782864382758274e-04
1.865635252327815796e-04
1.914023036851231587e-04
1.936657363247296061e-04
1.984148089254478406e-04
2.019501463186166765e-04
2.117714680050153864e-04
2.133414159711937992e-04
2.189305960895363121e-04
2.299240086186135027e-04
2.379539392438353800e-04
2.395726671446286198e-04
2.525366651418629025e-04
2.645289525887522760e-04
2.780788062343363619e-04
2.874676084777834221e-04
2.906986513496975810e-04
2.988552560777484675e-04
3.062025109682348935e-04
3.139314203251138938e-04
3.270725363033881211e-04
3.307118377115903884e-04
3.412792830123193054e-04
3.520128076116002254e-04
3.673119556159369073e-04
3.709706639851578520e-04
3.920882295714668889e-04
3.999674098395440713e-04
4.040367102575187388e-04
4.123146218138262287e-04
4.254354467418414317e-04
4.425966039934728737e-04
4.645397202903023162e-04
4.921852082470259786e-04
5.006217571224785660e-04
5.051401814787080972e-04
5.078505127528051789e-04
5.311858210248914013e-04
5.661799876347204134e-04
5.667343895237103232e-04
5.870903757856462714e-04
6.301099543430707228e-04
6.443309902927183037e-04
6.526449333292706073e-04
6.884912465614893839e-04
7.057286480682795722e-04
7.174123613731508671e-04
7.294772251309533445e-04
7.499271878319539340e-04
8.032483612257679435e-04
8.253495454545187529e-04
8.503702857918688266e-04
8.867161609790331217e-04
9.254495087834572684e-04
9.719412248789451470e-04
1.009070479750175716e-03
1.024720925224739719e-03
1.062716858711876570e-03
1.122153445878392667e-03
1.147218262742953241e-03
1.157182127901538841e-03
1.271759903120998035e-03
1.291409352232978335e-03
1.330170156536996350e-03
1.387410685373602869e-03
1.469121525740495074e-03
1.539416196283160346e-03
1.607493479017443536e-03
1.652208141146348360e-03
1.732355177269403025e-03
1.847393079530692921e-03
1.888878921598000256e-03
1.901886538666226409e-03
2.017892603638569114e-03
2.170616009976558854e-03
2.316665294352443765e-03
2.366858149093857815e-03
2.444061943753120334e-03
2.475764464738995640e-03
2.738225530994543421e-03
2.887597653417607341e-03
3.024500665224569718e-03
3.155496248276605693e-03
3.534288797942936999e-03
3.704794467559796838e-03
3.928888311954015743e-03
4.005755801295324964e-03
4.194452198545287405e-03
4.400542127420361063e-03
4.919709443911366407e-03
5.553230746905447358e-03
5.766574317937676192e-03
5.996896335790152452e-03
6.882021105419666371e-03
8.038533303489636683e-03
8.663216491854586199e-03
9.128883130070264418e-03
9.457948742909741413e-03
9.890378244836382088e-03
1.150592498870981265e-02
1.251202968701035922e-02
1.509268342341006826e-02
1.597303485368068571e-02
1.834927561379018010e-02
2.097347728706050463e-02
2.244791181770528637e-02
2.793397948183500706e-02
3.184062293097693341e-02
3.584752817242546630e-02
4.567324345786941131e-02
7.777893670929875158e-02
8.616736042480206692e-02
9.785473719114620716e-02
1.190320080116314683e-01
1.928851676072917409e-01
2.211702740151386681e-01
5.279993492061720861e-01
2.380647679310354370e+00
4.778793308247482940e+00
1.405748950847415557e+01
