5.515651969558423885e-03
3.088675928665204126e-03
6.073572353387970534e-04
3.337601382298786639e-04
2.786207024814670247e-04
2.546241147740732277e-04
2.415619634026249830e-04
2.193041094184923327e-04
2.011957209400312935e-04
1.911248654292980846e-04
1.892375197172965469e-04
1.770355044473142169e-04
1.622643409061288371e-04
1.570593418399870642e-04
1.443872583648404253e-04
1.291842530085356058e-04
1.229632180430243859e-04
9.555739909540988421e-05
8.765350515660064114e-05
8.082996388600164912e-05
7.558417770332122852e-05
6.103352951103877227e-05
5.557398063262938468e-05
5.037030375872711575e-05
3.792490087289593961e-05
3.597057535435818751e-05
3.327226449454929839e-05
3.177533700790963607e-05
3.136790906875327090e-05
2.059677670069271166e-05
2.035513245903553838e-05
1.832560452590445473e-05
1.655465699526424721e-05
1.509492926918999909e-05
1.295064426568609848e-05
1.238112916034964571e-05
1.132621036349416122e-05
9.041382958492712041e-06
8.676273292673450849e-06
5.774567295622463549e-06
5.469321410884537701e-06
4.890998260991755610e-06
4.490975596654038035e-06
3.953048041578579604e-06
3.587045470589708686e-06
2.512541685809821938e-06
2.308166180420216342e-06
2.269960252202057267e-06
2.030462973795552955e-06
1.804909471299428708e-06
1.614239766185781198e-06
1.536849058612088585e-06
1.418481356722775519e-06
1.247822538267317835e-06
1.105465295895368715e-06
1.074667914067592519e-06
9.659026564515200576e-07
9.000255044758248239e-07
6.622834245643563522e-07
6.055868463131262750e-07
5.499762610324865670e-07
4.366407217476435232e-07
3.625455034477502647e-07
2.536983836270475450e-07
5.544338258085027260e-09
4.494445303278523367e-20
-8.241397704802596884e-20
-2.680495007210895184e-08
-8.912982364116226229e-08
-1.007662891787217218e-07
-1.505324129943434381e-07
-2.614326778447807946e-07
-3.370060263359173407e-07
-3.824699456083614250e-07
-5.240711644662919493e-07
-6.999823060213209301e-07
-8.206913008221740420e-07
-1.173793077150585381e-06
-1.241979054623160410e-06
-1.380311362361177463e-06
-1.433988197242088385e-06
-1.739410020652169579e-06
-1.918514695164757625e-06
-2.337141286009087904e-06
-2.463820471694186550e-06
-2.916197435101297769e-06
-3.239447013404656892e-06
-3.390402728645497466e-06
-3.596128779574686940e-06
-3.814493013892419967e-06
-4.141154483241574224e-06
-4.315400330265649374e-06
-4.925180447396668694e-06
-5.369852526569439905e-06
-5.439675792100444606e-06
-5.691883712349424678e-06
-5.795907757726284099e-06
-6.034644382504228607e-06
-6.133180824686221092e-06
-6.471817681360924654e-06
-6.741035424849719829e-06
-6.917125600677854131e-06
-7.219822642714374533e-06
-7.726836100100341592e-06
-8.098277563585199883e-06
-8.290487724313433968e-06
-8.449459921154244636e-06
-8.852191257880051640e-06
-8.929000324488828947e-06
-9.037588450841470389e-06
-9.280207571012123727e-06
-9.699383428113240963e-06
-1.019223413207798309e-05
-1.041142340030241547e-05
-1.076735116473804766e-05
-1.113435925144568519e-05
-1.136122608404747612e-05
-1.157589494440629870e-05
-1.197868158076801564e-05
-1.237807151188108686e-05
-1.252968130091325822e-05
-1.292528627874834782e-05
-1.293176621717648033e-05
-1.315330496484354712e-05
-1.337030569256052958e-05
-1.444742273450001587e-05
-1.461964104102186010e-05
-1.480834316011459173e-05
-1.507002804453234687e-05
-1.559802488395523986e-05
-1.586161401717366655e-05
-1.621683509035976318e-05
-1.657355431772675533e-05
-1.696908093727343036e-05
-1.707731892629758830e-05
-1.772318254944395464e-05
-1.817776211061894204e-05
-1.829026765135186987e-05
-1.862310546371572385e-05
-1.893738713322618740e-05
-1.938202607651576538e-05
-1.981183486455497433e-05
-2.011998792152538338e-05
-2.046030358340514643e-05
-2.080202088024618292e-05
-2.182490340660084950e-05
-2.215712644170410683e-05
-2.259911441648721162e-05
-2.336862495296995613e-05
-2.354242703669803512e-05
-2.389164702226435113e-05
-2.418947632873573358e-05
-2.494297734446874874e-05
-2.591260857012127336e-05
-2.650464399760371059e-05
-2.667017504552159616e-05
-2.694557693260248835e-05
-2.779807763600368846e-05
-2.822596132985144202e-05
-2.899917381421047942e-05
-2.945589186689904357e-05
-2.998740416748558768e-05
-3.047800532249420716e-05
-3.167445749640108928e-05
-3.178072615585416050e-05
-3.230287560721799457e-05
-3.317636373372098783e-05
-3.423349545849855126e-05
-3.446065583592386331e-05
-3.555042858066146928e-05
-3.596438928016894835e-05
-3.609093961684186778e-05
-3.706531580042777830e-05
-3.757011970712575738e-05
-3.855723812657851793e-05
-3.990107281068065124e-05
-4.111286744527129557e-05
-4.190605869971705187e-05
-4.277156037487161490e-05
-4.338603743829251162e-05
-4.383173016781861735e-05
-4.448969054292017516e-05
-4.493374476550656153e-05
-4.588104250683430524e-05
-4.643697635929752937e-05
-4.816840638454925912e-05
-4.847809755987033081e-05
-4.971861710443501716e-05
-4.996364248731608490e-05
-5.050474711188643838e-05
-5.179373623534543823e-05
-5.255185654406866288e-05
-5.376664498555726589e-05
-5.478398812164217435e-05
-5.582839556223104309e-05
-5.658470587634154849e-05
-5.678715514208828029e-05
-5.783807644425676526e-05
-5.815540263250420903e-05
-6.022904644951258021e-05
-6.118181234997032781e-05
-6.161829162937062783e-05
-6.267202054263272515e-05
-6.368646081252859743e-05
-6.459395301627914314e-05
-6.506241342375201442e-05
-6.595598422694229812e-05
-6.815918684480271419e-05
-6.896864040952693006e-05
-6.983270707921834190e-05
-7.144757462166354727e-05
-7.282526432979711324e-05
-7.471899884832761531e-05
-7.591401278161828486e-05
-7.641035120172561478e-05
-7.751334278198325999e-05
-7.898434835694100530e-05
-7.910925874220386858e-05
-8.084243867805939593e-05
-8.141883858649425691e-05
-8.229854203578374687e-05
-8.314434470603032342e-05
-8.447127559277793965e-05
-8.834478931511249042e-05
-9.189088305549811188e-05
-9.384115314135847924e-05
-9.397514822741071330e-05
-9.441267760247027156e-05
-9.733854299681722372e-05
-9.790025781458083570e-05
-9.883389566946977828e-05
-1.009198074587556071e-04
-1.027241157360644913e-04
-1.041897549930077431e-04
-1.045825577655479910e-04
-1.071874806440721388e-04
-1.088971255185801058e-04
-1.112316547786375254e-04
-1.131267246137081619e-04
-1.139219367330832408e-04
-1.172563730057025956e-04
-1.179488535195612783e-04
-1.208042599868375369e-04
-1.236600080037374215e-04
-1.251132416970593051e-04
-1.254249109052259876e-04
-1.273775313534784934e-04
-1.280748763941364551e-04
-1.301672423309888419e-04
-1.327267148787594363e-04
-1.355157877072128312e-04
-1.366377637016874470e-04
-1.403405639804590152e-04
-1.411237373833443775e-04
-1.460775965859731319e-04
-1.466590246228169348e-04
-1.483451331599622270e-04
-1.507371937189695937e-04
-1.536030687037295676e-04
-1.553886376446069666e-04
-1.570015724435889332e-04
-1.607194219851207600e-04
-1.636918795562757826e-04
-1.659158588579042696e-04
-1.673733557212112066e-04
-1.722815074078652220e-04
-1.740251137010738534e-04
-1.762384020315103255e-04
-1.781404458472962552e-04
-1.838974525824719380e-04
-1.855711031803127800e-04
-1.880914835793430853e-04
-1.927782231208213554e-04
-1.960247240034338303e-04
-2.000956781832102880e-04
-2.016715232825418917e-04
-2.035887429003909062e-04
-2.063384429234715292e-04
-2.137940820094892127e-04
-2.150645246319768313e-04
-2.176080178071051227e-04
-2.207895240463054445e-04
-2.253284039657885900e-04
-2.271487447210821257e-04
-2.279910851103937011e-04
-2.352290057696684552e-04
-2.359809594445223661e-04
-2.405594153548482246e-04
-2.478401033931564891e-04
-2.501934703611827910e-04
-2.511178898813879530e-04
-2.539272311822937233e-04
-2.606373509470846848e-04
-2.614368883955539894e-04
-2.658784826792777770e-04
-2.702814040921932832e-04
-2.751137880787948831e-04
-2.806511642460487619e-04
-2.832598022790315181e-04
-2.952894556511582004e-04
-2.974162903715314526e-04
-3.006565958608627153e-04
-3.012333778903319081e-04
-3.030152467038555440e-04
-3.074817781711686356e-04
-3.174012033332105991e-04
-3.209792002911574568e-04
-3.272816184148013142e-04
-3.292036796215659189e-04
-3.325413515098984453e-04
-3.406440798463171394e-04
-3.467364239974044015e-04
-3.510852245641480967e-04
-3.568539278862053370e-04
-3.620006328139682358e-04
-3.684426884806627465e-04
-3.755007883743246644e-04
-3.797658505419121899e-04
-3.853530633918379029e-04
-3.890017301640574560e-04
-3.926935518575696269e-04
-4.027376174742204802e-04
-4.145461020839156597e-04
-4.180244835740960980e-04
-4.259180604761468873e-04
-4.358610996252526072e-04
-4.371195827470131614e-04
-4.418238640485884169e-04
-4.554177793077125529e-04
-4.594165318153295473e-04
-4.664047837373971536e-04
-4.686678861472663824e-04
-4.799874157343369000e-04
-4.847920213796819361e-04
-4.932608911247770818e-04
-4.984608912364099165e-04
-5.104778005390196889e-04
-5.125231131313908372e-04
-5.163497155800392735e-04
-5.223831086384240650e-04
-5.298013083042584165e-04
-5.362000583664670644e-04
-5.469224745941735641e-04
-5.511405589305556863e-04
-5.607015071032378029e-04
-5.664448935741554650e-04
-5.712371462307663664e-04
-5.804007653422250468e-04
-5.939003764668044152e-04
-6.059397065884819522e-04
-6.064242434050163503e-04
-6.200411843647705154e-04
-6.214216671756718447e-04
-6.319338712812239221e-04
-6.470967537418048643e-04
-6.551070674178364377e-04
-6.587314820591819251e-04
-6.816470061515663044e-04
-6.938045813994738256e-04
-7.053504677114258914e-04
-7.206716957758765689e-04
-7.357257842262397273e-04
-7.448518108241616517e-04
-7.518936573182472558e-04
-7.535796311390177736e-04
-7.679307538605231612e-04
-7.830214866283172421e-04
-8.099019451872046778e-04
-8.169482969077435748e-04
-8.249969278800488781e-04
-8.290549614405096383e-04
-8.567760713703603164e-04
-8.743228998653874680e-04
-8.821350985166200292e-04
-8.958624204623897138e-04
-9.122097207845222171e-04
-9.299144712332219325e-04
-9.546346546116945978e-04
-9.818697515472259423e-04
-9.837263303696464414e-04
-1.002943319610988780e-03
-1.029549791763195634e-03
-1.042239689845077472e-03
-1.052739632333134440e-03
-1.055683893888800405e-03
-1.074640074951964744e-03
-1.100104330770642182e-03
-1.119337141725670458e-03
-1.131626994368371874e-03
-1.166486021427732417e-03
-1.182475141554934763e-03
-1.206344519890454508e-03
-1.221566851790875131e-03
-1.250104074902862921e-03
-1.267199792288335736e-03
-1.308423310519727951e-03
-1.355548545662484854e-03
-1.375388348444072815e-03
-1.394109372066893284e-03
-1.431255610168193516e-03
-1.442216768514818044e-03
-1.452969046562605903e-03
-1.494746197342667520e-03
-1.544720337237185520e-03
-1.554263409236730396e-03
-1.565007924457961774e-03
-1.614028218293573529e-03
-1.623493421034539206e-03
-1.649555816700118372e-03
-1.678147685574074349e-03
-1.703670012049047318e-03
-1.744347630140930796e-03
-1.772101121838301051e-03
-1.787384010976563560e-03
-1.814838594127433707e-03
-1.861017621989385527e-03
-1.914509650301573877e-03
-1.948327611915709858e-03
-1.977124534469654540e-03
-2.050756731286920709e-03
-2.092100140027407153e-03
-2.155360221708256183e-03
-2.239538713522739276e-03
-2.301334484067316111e-03
-2.442500103682154668e-03
-2.474451169633670299e-03
-2.572826380031314857e-03
-2.600629182201744279e-03
-2.700545157237854623e-03
-2.704004283428936874e-03
-2.934098676975143913e-03
-2.940913516392144184e-03
-3.101906681988266402e-03
-3.462402619692851995e-03
-3.634671355434233603e-03
-3.681564077742660417e-03
-3.809899057647335094e-03
-4.305155944238381674e-03
-4.475937679753248626e-03
-4.683976205932968880e-03
-4.872196670611190356e-03
