-5.710903833500105499e-16
-3.396961402789600330e-16
-2.150354648048219751e-16
-1.717831654589346473e-16
-1.503310938707362655e-16
-1.359960906246642213e-16
-1.168069842858269360e-16
-1.020937376190304118e-16
-9.560437044960352482e-17
-9.281502125713937026e-17
-9.079082123423666552e-17
-8.561509553769615410e-17
-7.868231715899669828e-17
-7.549493879889073263e-17
-7.353960090995711202e-17
-7.108202957993554202e-17
-6.725003742019351968e-17
-6.548425948923534541e-17
-6.297900011276267185e-17
-6.189637645183635295e-17
-5.931275739839324160e-17
-5.720912078832088795e-17
-5.687570366008177229e-17
-5.608272045039476663e-17
-5.407875234385537306e-17
-5.235758094563101714e-17
-5.178999517977572454e-17
-5.081049956836070042e-17
-4.908770146082877241e-17
-4.635868088206853150e-17
-4.586706546640589827e-17
-4.576570874405331825e-17
-4.487757195797403666e-17
-4.333907550218599174e-17
-4.261608116742371019e-17
-4.229678681027530376e-17
-4.027036057042512544e-17
-3.966552941752413551e-17
-3.923667778344075347e-17
-3.857526187937516961e-17
-3.726634208814732500e-17
-3.691104892254937694e-17
-3.634415516091968671e-17
-3.521482411412456478e-17
-3.490306610082549096e-17
-3.456237281724560135e-17
-3.395449976048777052e-17
-3.336017855785034524e-17
-3.295462600788482952e-17
-3.240901797570782456e-17
-3.146784259082110293e-17
-3.125347167256525683e-17
-3.074864206420432379e-17
-3.015996118341230086e-17
-2.987367473663990523e-17
-2.890421856736089902e-17
-2.864986034987346387e-17
-2.806615362286913173e-17
-2.783557203766188806e-17
-2.732918213422290547e-17
-2.704953792096617134e-17
-2.672432262859928297e-17
-2.618540075933557268e-17
-2.535922608624679703e-17
-2.519630897780530518e-17
-2.436759029150124827e-17
-2.373328476856909933e-17
-2.367005697607691435e-17
-2.340181040733559099e-17
-2.306979802472839942e-17
-2.288399301218319677e-17
-2.258579132714579910e-17
-2.227198338739066139e-17
-2.185832882846398337e-17
-2.164875807327156757e-17
-2.157684170190853385e-17
-2.099305009155523919e-17
-2.051501111435446460e-17
-2.042774501012499497e-17
-1.999401391181659455e-17
-1.979518447491872824e-17
-1.949163078192741216e-17
-1.911899259878104191e-17
-1.872132088865065587e-17
-1.815665907007943056e-17
-1.798603999708481246e-17
-1.780374219606310861e-17
-1.771732103201748624e-17
-1.748749995952570281e-17
-1.715695984667855981e-17
-1.697974175542227077e-17
-1.675981827153973756e-17
-1.673759257716655943e-17
-1.660625639776032453e-17
-1.626330491628905537e-17
-1.592188090107768376e-17
-1.572300511346595400e-17
-1.559766072858331555e-17
-1.523313448458734229e-17
-1.505947693162139145e-17
-1.499451078299284585e-17
-1.448042736166325014e-17
-1.426550674719622914e-17
-1.408383993581839486e-17
-1.393601924776404529e-17
-1.365796619104540235e-17
-1.360802654703683343e-17
-1.324948541479343151e-17
-1.301718931825969175e-17
-1.270597518158354524e-17
-1.261117236023204677e-17
-1.243783672250189153e-17
-1.238530299878556862e-17
-1.207972251600492112e-17
-1.191862804549349062e-17
-1.161452670637814873e-17
-1.136878269430972294e-17
-1.126366953152612800e-17
-1.110732638280028460e-17
-1.098545758175472366e-17
-1.085658455031724510e-17
-1.068910156961609631e-17
-1.050269763079224064e-17
-1.045737881751919063e-17
-1.023100327403324303e-17
-1.001870337204914269e-17
-9.798377397840530992e-18
-9.720230692244681375e-18
-9.451161604324701277e-18
-9.269888204018145465e-18
-9.135926375502806462e-18
-8.973773629530027524e-18
-8.895575261008135637e-18
-8.760660311216419441e-18
-8.603509306286121733e-18
-8.515918326008977894e-18
-8.401311763245020987e-18
-8.295154560344650109e-18
-8.061765021189600352e-18
-7.948320256352572884e-18
-7.608461399028406752e-18
-7.486249760533340213e-18
-7.402935772452995101e-18
-7.308204639788461464e-18
-7.159786914139226233e-18
-7.066436431793011816e-18
-6.878847070160329137e-18
-6.649174098691161156e-18
-6.580028766561406574e-18
-6.543120400890712407e-18
-6.457731755373553536e-18
-6.364143292919377287e-18
-6.107805308864122917e-18
-6.034794639805231470e-18
-5.883012626552149709e-18
-5.616454111265845726e-18
-5.533541681211707989e-18
-5.474228224623419538e-18
-5.191803027351087617e-18
-5.142602671723417477e-18
-4.998056574741341427e-18
-4.842241138907604357e-18
-4.773188637507498005e-18
-4.674434325394234879e-18
-4.619177623245364178e-18
-4.557565821686038869e-18
-4.278240035882073796e-18
-4.230422973666610206e-18
-4.057873139913553327e-18
-3.964572005108336846e-18
-3.822818399175806735e-18
-3.785464666191454670e-18
-3.619852686651558699e-18
-3.502637612971653523e-18
-3.349543228277656335e-18
-3.326662828331421417e-18
-3.168411904815074765e-18
-3.084692433728956346e-18
-2.955106246360772991e-18
-2.936862701077689939e-18
-2.746372331817697508e-18
-2.566878443632733545e-18
-2.545504115718835518e-18
-2.384294538738224317e-18
-2.297365997768694833e-18
-2.203409840255409669e-18
-2.032362842916538074e-18
-1.956619300305541186e-18
-1.870967921974719008e-18
-1.795074128195017921e-18
-1.757695665001745899e-18
-1.589064825829684915e-18
-1.486686418249180357e-18
-1.370716837695827245e-18
-1.281333649466328599e-18
-1.251126843534503627e-18
-1.143153777701460300e-18
-1.026776119085935314e-18
-8.903380590190046887e-19
-8.646669037739976327e-19
-7.995742606418640162e-19
-5.883457567942688754e-19
-4.838174914962412263e-19
-4.223266072715277641e-19
-3.317775396872589031e-19
-2.723992077038259987e-19
-4.530907102055899671e-20
-2.004193095683153007e-20
5.684331832794114540e-20
2.230234883093392417e-19
2.556815999883597981e-19
3.302372464058560183e-19
3.979943784342489168e-19
5.087131199879979336e-19
5.919284317984162185e-19
5.976857430039644608e-19
7.740581524484126123e-19
8.554949271567282906e-19
1.010983621340142380e-18
1.043857927558135764e-18
1.081415714941028319e-18
1.198912922188760426e-18
1.215936052041942939e-18
1.325118827948904773e-18
1.441301113371097886e-18
1.470022617294066951e-18
1.533029193370809314e-18
1.715836727366521483e-18
1.771940211132872291e-18
1.972549827669256474e-18
1.999753047596852718e-18
2.179642413162877179e-18
2.198439227677391392e-18
2.387903898797424464e-18
2.625155269966709294e-18
2.727922758517177513e-18
2.779092613380185992e-18
2.823000174967774832e-18
2.969447561754948373e-18
3.053836818620283458e-18
3.137859646264922776e-18
3.268672453114492874e-18
3.329708116995097298e-18
3.553503413037778241e-18
3.703084377017006096e-18
3.808409842145883947e-18
3.896604029139730768e-18
4.120305467157710573e-18
4.209399358175866632e-18
4.223962773625344980e-18
4.382689717708603411e-18
4.438995225811043701e-18
4.589777089236989154e-18
4.701980089942229405e-18
4.786691589049041442e-18
4.906328334265368009e-18
5.100362833757873911e-18
5.259360492371966900e-18
5.409300239544735364e-18
5.521875054147488549e-18
5.649742044235116778e-18
5.692622049560970701e-18
5.871826370959416556e-18
5.976488199099585648e-18
6.061286571142734243e-18
6.106831655052507344e-18
6.304276356416819269e-18
6.417919428321493588e-18
6.458635144212061436e-18
6.508881332248669830e-18
6.720447115204892472e-18
6.787546880452583784e-18
6.930208057736683679e-18
7.272248455912331930e-18
7.432991873660964433e-18
7.552340643811862647e-18
7.648748444479294833e-18
7.970892339147752664e-18
8.037863299965016105e-18
8.320136511533757364e-18
8.332767233969061686e-18
8.470831572456846850e-18
8.682501117193327955e-18
8.714632802481520521e-18
9.054642196804002378e-18
9.151919776790823166e-18
9.323271492099821080e-18
9.398748610335565981e-18
9.571695396434631367e-18
9.744511196830494892e-18
9.975600324509235781e-18
1.025085210819877223e-17
1.030482872901087060e-17
1.051679827939882664e-17
1.068077769603502608e-17
1.087518849611805934e-17
1.100558010738557038e-17
1.118085629383321233e-17
1.121308191218649887e-17
1.159727756074379204e-17
1.169273314999261224e-17
1.205997695078639418e-17
1.237562637222428185e-17
1.243829567902720708e-17
1.280608177267804006e-17
1.289369343695134630e-17
1.295601307845607279e-17
1.312512752605986365e-17
1.344138679372633185e-17
1.351174443412336995e-17
1.378133707747067958e-17
1.391710049997182155e-17
1.415139896315794524e-17
1.445311055614576750e-17
1.464373903003184796e-17
1.474437758756957026e-17
1.487625909387069903e-17
1.504967420263790057e-17
1.532889174861273334e-17
1.547203644612272040e-17
1.582691856908781364e-17
1.602090934248298001e-17
1.634166263241931367e-17
1.658885230340266024e-17
1.686228157378722854e-17
1.694087146820062534e-17
1.749389391919428005e-17
1.762685104913447325e-17
1.791471052997751960e-17
1.823179093121835340e-17
1.839696047360590053e-17
1.875897152101520921e-17
1.882090265597091045e-17
1.911388752293575216e-17
1.944379907871249819e-17
1.949451472160424825e-17
1.960706415912548126e-17
1.994069376534486543e-17
2.056426140191044694e-17
2.082975890138679075e-17
2.111144158616831260e-17
2.151409718547931344e-17
2.165458150895802798e-17
2.224346014076004569e-17
2.255706865527428911e-17
2.266379229664322589e-17
2.281872691237533137e-17
2.327084497225844192e-17
2.344076141734931928e-17
2.375458632719433911e-17
2.422909275162057304e-17
2.489737598276119895e-17
2.496106001075248835e-17
2.540942433191536789e-17
2.580947082760156275e-17
2.615507416467676389e-17
2.641298281955205556e-17
2.653939452764981770e-17
2.738720317802406032e-17
2.790004576443177408e-17
2.825187672072493583e-17
2.910325277326803728e-17
2.982207158984657194e-17
2.990642771053625613e-17
3.069218272265681707e-17
3.114084966289219306e-17
3.193789117215291187e-17
3.289846839508638860e-17
3.305203089891767600e-17
3.391027279931469458e-17
3.438173775734299834e-17
3.470807487519525538e-17
3.529219536479523044e-17
3.579888025666485839e-17
3.694449519184068024e-17
3.711562015523320082e-17
3.794309793247864083e-17
3.863870111956617314e-17
3.936811626141844676e-17
4.032172573838216918e-17
4.119399418882256400e-17
4.173191320236765319e-17
4.253899617477333565e-17
4.413354343637545880e-17
4.472070886285787193e-17
4.547674868994611601e-17
4.632414249318074732e-17
4.778555743914823825e-17
4.922814728697350662e-17
4.950005988912039674e-17
5.162484454055484029e-17
5.316243277377997369e-17
5.434992558925346987e-17
5.518492186705442547e-17
5.622148497505113575e-17
5.820968012629895724e-17
5.947868370445698670e-17
6.041746016573333316e-17
6.250286801563617596e-17
6.327110385812861118e-17
6.587796430262772556e-17
6.725265590159402044e-17
7.078314450707076169e-17
7.672300585145306743e-17
7.848766845068247722e-17
8.599949145343345697e-17
9.008280604243056907e-17
9.707828024867601851e-17
9.966200502004411517e-17
1.031628738432649878e-16
1.254758872105559102e-16
1.372036792420066244e-16
1.696379612068185959e-16
2.166292096203374436e-16
2.798989380125795964e-16
3.073904547115482456e-16
8.582482345677721475e-04
2.039193156619657256e-03
4.239833310386838770e-03
4.680872543940459499e-03
5.372595591789375291e-03
5.643781543986889880e-03
5.817370100839300978e-03
7.085862066174959673e-03
7.610517563770211741e-03
1.192114423942946047e-02
1.256141121999503410e-02
1.339860064909182379e-02
1.951247158154724784e-02
2.971454645764119024e-02
4.140949597355736422e-02
4.365543454402954354e-02
5.086567983626242434e-02
6.842223487495763257e-02
7.493846621533320485e-02
1.150906454059469897e-01
1.338003811808327614e-01
3.648115176290801509e-01
1.249325074631930654e+00
2.291251197639019743e+00
4.433359425639824991e+00
