-5.168187968069688369e-16
-2.611254444027741624e-16
-2.563209686756151646e-16
-2.260093169967608021e-16
-1.912343012056192948e-16
-1.824610900125171880e-16
-1.472728769532847316e-16
-1.436105450582908364e-16
-1.350313386572448746e-16
-1.269296671737853666e-16
-1.212085618044764405e-16
-1.117199975474777607e-16
-1.077900095250325637e-16
-1.010029952898179736e-16
-9.654250698002564166e-17
-9.351956976366702766e-17
-8.970079585571747140e-17
-8.693835146241673836e-17
-8.617213051213228529e-17
-8.134343390537360454e-17
-8.012550020688564196e-17
-7.824138964384407913e-17
-7.491280355264109649e-17
-7.298982205387763570e-17
-7.182198312052375860e-17
-6.992977602118927995e-17
-6.834176210068337534e-17
-6.703423214065628460e-17
-6.419947100347155944e-17
-6.297847913527061155e-17
-6.131234947725687173e-17
-6.056890405331776134e-17
-6.030175286378532029e-17
-5.751237795824127575e-17
-5.618467963394168497e-17
-5.508036401084646835e-17
-5.367148038496747164e-17
-5.247228990648014479e-17
-5.148177064557561449e-17
-5.108447442544139754e-17
-5.039250437450424688e-17
-4.853479995373160847e-17
-4.795642918029399480e-17
-4.674708006581183383e-17
-4.641940906818074721e-17
-4.559580111027276742e-17
-4.409192517176672494e-17
-4.398765617235823656e-17
-4.347208902210162609e-17
-4.294470127212818217e-17
-4.217327762436828953e-17
-4.094496359110653881e-17
-4.041096887736102421e-17
-3.980495932455987169e-17
-3.865142980575956034e-17
-3.834490066724924219e-17
-3.780399065841312984e-17
-3.663423540352352149e-17
-3.657829381866577511e-17
-3.620260175205173994e-17
-3.543619892532106025e-17
-3.464745400001810766e-17
-3.434872121742113130e-17
-3.345297018285214757e-17
-3.320002651867129215e-17
-3.270937324209847700e-17
-3.227343147689611494e-17
-3.211413450374804160e-17
-3.139652986793214749e-17
-3.102915007507573929e-17
-3.064751969403192157e-17
-3.005693491032529881e-17
-2.933511303543878289e-17
-2.891508438923167401e-17
-2.816960378409779236e-17
-2.801276947745547813e-17
-2.755336303117895194e-17
-2.719655546469075069e-17
-2.677344944672858293e-17
-2.654856142667898744e-17
-2.600258294810244153e-17
-2.575122308452185621e-17
-2.570181205028971955e-17
-2.474998309298725255e-17
-2.463704065570550280e-17
-2.389546368042143052e-17
-2.315745764330314564e-17
-2.305637906313419868e-17
-2.267190538415126160e-17
-2.221929003488324623e-17
-2.213906402772478324e-17
-2.166033196201389917e-17
-2.137373563906964729e-17
-2.089958224389361946e-17
-2.084426974506255333e-17
-2.043457544754449948e-17
-2.008952049929191806e-17
-1.990890472948846788e-17
-1.921034149885727404e-17
-1.899954623751132331e-17
-1.877757371582656971e-17
-1.858319004911605779e-17
-1.830460827861821412e-17
-1.820935647948973511e-17
-1.790593143951544790e-17
-1.763187394900886283e-17
-1.744824529969657223e-17
-1.701364157573086944e-17
-1.687671020137680061e-17
-1.667274127714590338e-17
-1.619840409704279623e-17
-1.609346517602369995e-17
-1.589728518551160787e-17
-1.560638420340473271e-17
-1.517318399155511805e-17
-1.489263622642117561e-17
-1.481964816921216694e-17
-1.459532751452942131e-17
-1.439753079443222134e-17
-1.419702075822498534e-17
-1.388452705733298797e-17
-1.372300034744008396e-17
-1.363157774082487323e-17
-1.340307199849755794e-17
-1.309736374286080236e-17
-1.279646838132467332e-17
-1.232003569916536242e-17
-1.222517270376656262e-17
-1.203519089856537155e-17
-1.185295468650673678e-17
-1.162253270381040844e-17
-1.143812513802033132e-17
-1.136456778302223242e-17
-1.116114602857276901e-17
-1.109042666912132038e-17
-1.076753412401524313e-17
-1.057219066581453543e-17
-1.042412175311286019e-17
-1.040326656321309540e-17
-1.013964400261126793e-17
-1.005145423446866654e-17
-9.892368504255119385e-18
-9.699953186702347256e-18
-9.403747050808506809e-18
-9.336866649250423453e-18
-9.093781480828594492e-18
-8.946225045339231580e-18
-8.631314850959407596e-18
-8.382331915974547174e-18
-8.290787306363573461e-18
-8.167827672968595914e-18
-7.782568237797034579e-18
-7.653744049391801208e-18
-7.585091502925880572e-18
-7.389688787591344276e-18
-7.244954312652563338e-18
-7.115003333778255950e-18
-6.973272763009976011e-18
-6.726536478287590707e-18
-6.694259540152874874e-18
-6.477175445413708974e-18
-6.337561646168304065e-18
-6.066531701782402834e-18
-5.991013305714900741e-18
-5.951019213563985040e-18
-5.815922043311130769e-18
-5.665253921967334804e-18
-5.150898220369153886e-18
-5.016337271790332646e-18
-4.908099517500669985e-18
-4.885318940919892307e-18
-4.761054336724808387e-18
-4.561076795313217069e-18
-4.461252626717722008e-18
-4.392435591097868636e-18
-4.176489008178586365e-18
-3.960241390795916910e-18
-3.862193471599543938e-18
-3.607977653703264026e-18
-3.434275570186660645e-18
-3.307587377724541282e-18
-3.263965835691192465e-18
-3.186949079027166744e-18
-3.060336380252926508e-18
-2.924274652781035410e-18
-2.825315130343644425e-18
-2.740003383236303876e-18
-2.643430081781282960e-18
-2.348147989160682457e-18
-2.216144587059125472e-18
-2.109506480174872477e-18
-2.088754512926380600e-18
-1.872161553857416655e-18
-1.828446521774790305e-18
-1.651980676932907963e-18
-1.531463487207881251e-18
-1.520550094308259753e-18
-1.425263406644572045e-18
-1.281440496314239092e-18
-1.001084402416908845e-18
-7.848093883939532750e-19
-7.488789861227472845e-19
-5.409790937729456250e-19
-4.495425300264106615e-19
-4.345940243035856885e-19
-3.135097699372004133e-19
-1.926172143838507186e-19
5.177967378937241662e-22
6.754449070177231192e-20
1.939696189894140946e-19
3.434776241975681597e-19
4.441853994041316573e-19
5.229514445779103640e-19
5.951893766936109910e-19
9.023480374174377260e-19
1.032604167452079020e-18
1.109931399423336288e-18
1.256790859310841146e-18
1.340574377360835940e-18
1.447215126055106105e-18
1.615255061821413865e-18
1.726273253230661753e-18
1.747562779937621036e-18
1.895477712910826053e-18
2.036333223332331422e-18
2.143984147959818757e-18
2.401023981393410931e-18
2.556155430863459975e-18
2.708800635388614096e-18
2.873706966459260199e-18
2.893844592709940538e-18
2.972651481427701501e-18
3.162128334191197818e-18
3.344849296845770251e-18
3.456386851587681857e-18
3.544359860094601398e-18
3.788309046988409239e-18
3.864064570387140124e-18
4.015022181516988913e-18
4.173057090481778801e-18
4.291126428319503266e-18
4.429290388715392884e-18
4.529346978691249570e-18
4.784550509525674388e-18
4.925646768316325727e-18
4.946870944667473160e-18
5.005582951998772629e-18
5.146171922111730900e-18
5.274072658497221891e-18
5.639257914440100964e-18
5.768611218207662683e-18
5.935355499117490538e-18
5.959882299880172661e-18
6.391246766813749972e-18
6.502678224731250146e-18
6.659962736040013975e-18
6.736585929568432954e-18
6.920190398786241158e-18
6.943908917565365763e-18
7.251080624039032120e-18
7.535509201239188756e-18
7.723842627959739733e-18
7.836957885015774343e-18
8.032384196312352488e-18
8.083188645401321811e-18
8.297902490194347145e-18
8.454671044534102856e-18
8.655361903480906353e-18
9.127127905776493611e-18
9.217305677549490038e-18
9.297039751557750067e-18
9.351097872473886681e-18
9.778138827426791398e-18
9.935794242114336123e-18
1.002465893981733805e-17
1.020250635966029539e-17
1.045979313561047970e-17
1.054669519862654356e-17
1.068574430397415631e-17
1.091843981149244158e-17
1.106073199886259179e-17
1.127097764841036247e-17
1.146070016916004707e-17
1.149544051217275005e-17
1.205617019739506641e-17
1.209518489008243391e-17
1.237182356102164430e-17
1.263805427241735018e-17
1.275127587809325854e-17
1.284241167949809919e-17
1.298199044181595690e-17
1.313067016494959172e-17
1.338550210806426269e-17
1.369621896342589349e-17
1.384050381790829190e-17
1.405378439055595612e-17
1.447515068637655029e-17
1.466609951180719736e-17
1.475472592155596758e-17
1.511641535665453345e-17
1.524374160547749056e-17
1.527201173961527648e-17
1.564151833542905105e-17
1.576179624124760624e-17
1.588105325031817238e-17
1.610304101956754198e-17
1.643429917573836891e-17
1.670215821583531662e-17
1.718248108775461358e-17
1.732567298726537785e-17
1.753836834480152985e-17
1.791093370204720637e-17
1.832916079142899006e-17
1.866987325955603672e-17
1.902976743168544363e-17
1.921211331541047243e-17
1.960055436497144478e-17
1.980204684962296165e-17
2.008499730638764116e-17
2.064113135096524188e-17
2.079809415039494813e-17
2.102188348797597117e-17
2.136831860802400078e-17
2.164279518686664490e-17
2.190649749340719376e-17
2.207949685010648115e-17
2.223325156306676231e-17
2.245094954822214056e-17
2.278830603836918762e-17
2.348395238234132981e-17
2.394317988421589394e-17
2.480588520854715877e-17
2.483007849002599458e-17
2.529835851264524346e-17
2.587049828939024787e-17
2.625081903969570622e-17
2.657309604798517436e-17
2.707106801111449951e-17
2.723252245331346088e-17
2.743391811279069796e-17
2.771915408526409923e-17
2.798435091763311734e-17
2.843302542906799580e-17
2.857064493848502329e-17
2.893037833708448000e-17
2.948977059995062554e-17
3.012648488555911676e-17
3.031708976484551199e-17
3.044707687186852098e-17
3.121354017764493394e-17
3.188691516369719183e-17
3.264946475751366914e-17
3.303870321976100634e-17
3.379430804033707242e-17
3.428523910434066381e-17
3.483361869550248629e-17
3.529188424546575053e-17
3.546201781687632412e-17
3.595433184547923511e-17
3.736649942366689923e-17
3.748757933828447041e-17
3.790324228645852568e-17
3.843650977103833778e-17
3.999326748481975327e-17
4.086567958460371402e-17
4.141631357501048089e-17
4.218489356154637671e-17
4.298137403277624187e-17
4.335342147616431842e-17
4.427776634306250970e-17
4.479831338725063017e-17
4.601186146476722600e-17
4.665126573529852329e-17
4.735221725417140815e-17
4.892369304468844013e-17
5.002871006000772532e-17
5.113551417898667500e-17
5.232611782540058816e-17
5.284328722089221001e-17
5.426226257068708200e-17
5.627622895946178698e-17
5.691610525014362158e-17
5.771004157514187555e-17
5.886448006134933391e-17
6.090887245689833480e-17
6.240241762983972265e-17
6.520183536044904330e-17
6.631835740398501348e-17
6.832616865372562049e-17
7.000129696444287784e-17
7.133585171491567896e-17
7.397950000847511470e-17
7.726802359427276301e-17
8.047201643050885175e-17
8.259601662600407049e-17
8.374100225761049164e-17
8.780866726380119977e-17
8.873385027000616945e-17
9.211016881993216283e-17
9.781461232495246882e-17
1.012952269535522158e-16
1.017035538774536749e-16
1.047250049561058464e-16
1.099774638620766883e-16
1.155044143437400035e-16
1.174464946814385461e-16
1.333321408898677386e-16
1.427037098430787081e-16
1.659829800475326837e-16
1.679483472482664233e-16
1.911057693251853179e-16
1.957710480906631850e-16
2.226623157363835906e-16
3.101245830980540513e-16
4.356555611798368608e-16
1.337937240103107973e-15
9.974061046527447471e-04
2.325523231568989158e-03
4.622985475156425952e-03
5.090259306213896009e-03
5.995897340812289013e-03
6.595605195061153905e-03
6.800513374664501898e-03
8.126575803773194301e-03
9.065635168730375865e-03
1.315486528673087512e-02
1.497205049285704227e-02
1.554202620030068795e-02
2.260282346529427291e-02
3.492504603227590543e-02
4.539049863510451893e-02
5.069630445625310927e-02
5.864455235316005932e-02
8.018258184332222038e-02
8.957293666322510561e-02
1.325325854298033956e-01
1.588869586707881976e-01
4.322950924291639740e-01
1.641974513086629672e+00
3.138208707019480848e+00
6.612941510167251735e+00
