-1.321888436323172211e+00
-2.103189848715935062e-01
-1.749696724349039112e-01
-6.862099282152463176e-02
-5.808019178175117397e-02
-4.111010826987668287e-02
-3.752525400346354290e-02
-2.321372298014954746e-02
-2.029197211835176776e-02
-1.809136892254311138e-02
-1.574394776594718881e-02
-1.319233265782312342e-02
-1.217521881982985658e-02
-1.117861221049082192e-02
-9.496800240972734508e-03
-8.363553678940450001e-03
-8.221409836679871921e-03
-7.894951695177638423e-03
-7.338680106356019681e-03
-6.591087174272427032e-03
-5.277818677063898962e-03
-4.916000461424471779e-03
-4.797291593401367508e-03
-4.256507485124435067e-03
-4.111183459269618021e-03
-3.906648280970396667e-03
-3.780738928234498881e-03
-3.535519767462464661e-03
-3.378747024873503518e-03
-3.114448353779254285e-03
-2.894426153491831081e-03
-2.871574377153717546e-03
-2.691006068583406442e-03
-2.479545648938105175e-03
-2.338949509101984417e-03
-2.309320664693239374e-03
-2.170050877295458258e-03
-2.133869226504985818e-03
-2.060227319919009231e-03
-1.943014758798292281e-03
-1.844971680209126375e-03
-1.776664047328857261e-03
-1.681152024992169352e-03
-1.628461049726435527e-03
-1.585399492821803038e-03
-1.505131615265413100e-03
-1.442937455448489292e-03
-1.402216790009271291e-03
-1.326218481160806612e-03
-1.284539913583909601e-03
-1.190362349957904166e-03
-1.183448322990345979e-03
-1.140029754701067134e-03
-1.085174151835170903e-03
-1.069035899174633486e-03
-1.022233039531722509e-03
-9.919861179561069442e-04
-9.640902279389325065e-04
-9.303815606621639207e-04
-9.220525506815506261e-04
-8.648079185211596199e-04
-8.259199079768234390e-04
-7.835147585377187683e-04
-7.705344301056753784e-04
-7.287491567245618206e-04
-7.256619804754821119e-04
-6.965993222067199666e-04
-6.788881757088159824e-04
-6.361487023212622450e-04
-6.256106887639145773e-04
-6.143116843781335715e-04
-5.932006551087764699e-04
-5.775647653667461377e-04
-5.676218506955231719e-04
-5.328757656737951286e-04
-5.004149376697711706e-04
-4.861181056537997383e-04
-4.813697434941368539e-04
-4.772290455449937417e-04
-4.573140469785448125e-04
-4.480399544293114196e-04
-4.362141385108357031e-04
-4.303573054241672125e-04
-4.151007385173397912e-04
-3.940888086809228022e-04
-3.910562683997207746e-04
-3.776789382974457608e-04
-3.695958733152374153e-04
-3.598550777804930003e-04
-3.449707296571897564e-04
-3.301204549518147640e-04
-3.203503960934392511e-04
-3.144432175697158493e-04
-3.066679918679152171e-04
-2.965231733241274368e-04
-2.927595227159534414e-04
-2.844858052042133754e-04
-2.837341683119138356e-04
-2.698825434089073788e-04
-2.552380714392372008e-04
-2.513765100316902625e-04
-2.502591738499596735e-04
-2.391338453634695631e-04
-2.289094677897164003e-04
-2.217079395273453509e-04
-2.189904995482358009e-04
-2.084991968783553177e-04
-2.001304826431096382e-04
-1.925673375820315168e-04
-1.912785255938646216e-04
-1.853182143959189497e-04
-1.815156016319947245e-04
-1.781764529849969210e-04
-1.728138307500044193e-04
-1.685675111007200425e-04
-1.635847774737504028e-04
-1.568266775425671553e-04
-1.529832082624342981e-04
-1.503346989016198605e-04
-1.447540651692788311e-04
-1.372367698360409691e-04
-1.338749461168151544e-04
-1.279894557213354621e-04
-1.263030013269483441e-04
-1.228138724335651338e-04
-1.177304347916814447e-04
-1.140382152337479741e-04
-1.103526331987497434e-04
-1.099428889886725375e-04
-1.073702483551918098e-04
-1.071093692353922958e-04
-1.003174545693507431e-04
-9.713467740678447004e-05
-9.571430282740990255e-05
-9.445981788863734856e-05
-9.144121399604688324e-05
-8.827666643118931987e-05
-8.558061813846705196e-05
-8.435620798768067054e-05
-8.337301929042128688e-05
-8.206416521556894692e-05
-7.881996282384017916e-05
-7.693884623826671753e-05
-7.523147036648641364e-05
-7.238177863721828370e-05
-7.033400168062622720e-05
-6.800105296409941649e-05
-6.444806954404476158e-05
-6.275418939647520384e-05
-6.197301736178708166e-05
-5.931136570073683890e-05
-5.904640184197231884e-05
-5.767153563142609843e-05
-5.730879985664500922e-05
-5.437473087175071211e-05
-5.207402498632341119e-05
-5.063414139912642665e-05
-5.045694833458288559e-05
-4.876283527063814902e-05
-4.582141790507836135e-05
-4.576343506264760578e-05
-4.394852897235835415e-05
-4.230337561640410776e-05
-4.154455569162781128e-05
-4.106663389866812425e-05
-4.086952597625617917e-05
-3.854659361570729600e-05
-3.775301940577652850e-05
-3.653710823819431274e-05
-3.586506162595819153e-05
-3.536032915962082483e-05
-3.400607266704764437e-05
-3.341528224118533622e-05
-3.288589286180426110e-05
-3.272991596158531121e-05
-3.101654941777110772e-05
-3.027967242563422290e-05
-2.852291360972724452e-05
-2.781430459845755595e-05
-2.674879020959026928e-05
-2.632614737466027101e-05
-2.558969299544235372e-05
-2.446041707540094203e-05
-2.372259423903850067e-05
-2.288368674538946538e-05
-2.214532786454894494e-05
-2.121585793353912821e-05
-2.098647774323325762e-05
-2.047235321220577391e-05
-1.979838251728047044e-05
-1.870894303858855172e-05
-1.842525658074208646e-05
-1.744585149078527674e-05
-1.707587376701876229e-05
-1.649484733738152239e-05
-1.551260706170218314e-05
-1.464516529325793527e-05
-1.440997686740718328e-05
-1.398454407336188953e-05
-1.369570428111019875e-05
-1.249505698502958786e-05
-1.208568966251533924e-05
-1.161173390625381776e-05
-1.120166470264303852e-05
-1.075715294231559333e-05
-1.036085093382366074e-05
-1.015107967050040445e-05
-9.517616096691356009e-06
-9.442545063839759796e-06
-8.900359777335613556e-06
-8.712682883774174863e-06
-8.453421899002325272e-06
-7.711772831083535051e-06
-7.431915932380309886e-06
-6.904622190593720286e-06
-6.679407075740780596e-06
-6.260000870641078764e-06
-6.218732001491088315e-06
-5.583420850565669584e-06
-5.500518031773077628e-06
-5.052803798333345311e-06
-4.782652226430233540e-06
-4.762268203656404033e-06
-4.476684000272986265e-06
-4.340663044113825971e-06
-4.008965834889991507e-06
-3.751941664929583051e-06
-3.617012604940593914e-06
-3.146667034963767574e-06
-2.876465340113923772e-06
-2.788974877870520881e-06
-2.363580711847371050e-06
-2.208941099283891399e-06
-2.057725156500764603e-06
-1.954557113405006749e-06
-1.656781559909241039e-06
-1.511682249582442036e-06
-1.385167805142501951e-06
-1.011802086700249699e-06
-8.741864389664213586e-07
-7.326770690762437937e-07
-6.204355419509522303e-07
-4.958172242892327314e-07
-4.527827068238035758e-07
-3.610852164241680766e-07
-2.828231182484763428e-07
-2.456519200394145169e-07
-1.709977201242283902e-07
-5.200862487709791052e-08
-2.686721584730897479e-08
-4.993968661025354954e-19
9.674823460806937382e-19
4.015017502921230195e-09
5.711537631077351603e-08
9.754621439375419837e-08
1.633115445956360174e-07
1.964406136926945753e-07
2.345314033226866546e-07
3.200016925833755758e-07
4.150555934817896011e-07
4.946129639218196118e-07
5.708361671486473081e-07
6.815766140112814649e-07
8.156340097842062795e-07
8.667337233381659780e-07
9.325598325805217133e-07
9.929530946506771123e-07
1.153551309557211453e-06
1.270661685842692534e-06
1.315813194261819969e-06
1.404497524075497081e-06
1.514177239582024251e-06
1.695788056431663245e-06
1.881523471937653635e-06
1.992027525751350358e-06
2.026666586963325627e-06
2.272435537730437269e-06
2.379259905461075990e-06
2.509385425991207299e-06
2.639518332215567660e-06
2.856488400573192645e-06
2.955605778634584079e-06
3.246427960362169423e-06
3.519873982473765245e-06
3.724566013924224484e-06
3.970597733857606328e-06
4.260416099151192800e-06
4.570851342283104280e-06
4.728658712835704178e-06
5.063276058407475841e-06
5.309551977361190651e-06
5.755040185596829934e-06
5.895167502736275731e-06
6.057114826797136132e-06
6.589010918099336576e-06
7.013511875576532810e-06
7.090153324409526015e-06
7.813783538058445110e-06
8.263184067352153785e-06
9.010775524308403770e-06
9.299659567157311441e-06
9.878098186383425883e-06
1.008132677982209480e-05
1.048774371958718639e-05
1.130238518745679824e-05
1.145871284164699381e-05
1.192570112040215499e-05
1.286980964168538744e-05
1.320784997265156527e-05
1.358529490631906728e-05
1.446377380824762180e-05
1.575259101373640883e-05
1.597724228499106049e-05
1.735592986638973410e-05
1.739581836002731179e-05
1.974450298943831430e-05
2.045774596894722139e-05
2.141564028017201206e-05
2.183174100536725666e-05
2.264571622465713183e-05
2.434393243812623005e-05
2.485248538572571103e-05
2.508068696975963938e-05
2.662321048050185878e-05
2.730432597258657478e-05
2.853096154675471412e-05
3.102778422367085824e-05
3.155960370852054631e-05
3.301554526561481322e-05
3.445198324063712209e-05
3.475016669739848366e-05
3.714359206854891211e-05
3.901441507355043705e-05
4.077207816628812786e-05
4.143458917871830174e-05
4.394755560920576316e-05
4.482476247555311694e-05
4.590455270759448132e-05
4.811344662411484637e-05
4.904104379388458886e-05
5.285933747215193159e-05
5.455208349178727753e-05
5.719110643699287463e-05
5.984038750889787071e-05
6.334597479945313660e-05
6.690587932573516142e-05
7.097667390753283837e-05
7.179980567145292784e-05
7.436436296546564801e-05
7.522159538809832413e-05
7.682131088119607289e-05
8.328396158574604194e-05
8.465268854838753842e-05
9.230317651870022407e-05
9.504128236543573445e-05
9.844595637815357534e-05
1.025279858714864332e-04
1.070302093781629028e-04
1.099541564362555354e-04
1.147609448139071841e-04
1.150762472434817176e-04
1.163121873117068289e-04
1.221711870716487192e-04
1.235373355871673281e-04
1.350487450269314497e-04
1.420823307792796445e-04
1.481209612345067163e-04
1.505836636078632454e-04
1.581596019322056054e-04
1.684489187492515876e-04
1.722421207622044307e-04
1.862023827619526707e-04
1.899963901309277819e-04
1.974535196160446312e-04
2.081272021636850790e-04
2.284058708652247070e-04
2.419414155704883605e-04
2.444167468503868857e-04
2.573711818498636717e-04
2.681006348022159044e-04
2.769512316466568244e-04
3.121650658192485876e-04
3.190583844070034010e-04
3.235133595446439939e-04
3.428868329389493500e-04
3.592312269315780788e-04
3.890734517932391929e-04
4.015033044553257993e-04
4.210967058149673258e-04
4.333524085733417384e-04
4.602626558097738557e-04
4.623939404295057697e-04
4.664445001156096731e-04
5.352436067727454633e-04
5.479274144508648227e-04
5.764632557067017301e-04
5.991558492396338890e-04
6.408827132819914759e-04
6.818826198401272244e-04
7.018398742706916495e-04
7.221587561253933968e-04
7.882705577568730089e-04
8.300059171371190498e-04
8.688334885075829715e-04
9.258247167751945412e-04
1.048035014967222886e-03
1.071027577372134047e-03
1.131516042269735184e-03
1.164614963846709057e-03
1.179862683838316757e-03
1.214637629663096368e-03
1.313587547227088904e-03
1.362210040237787695e-03
1.420619491315345531e-03
1.560615431864303005e-03
1.573810051042665459e-03
1.724352193628619391e-03
1.824875437834324677e-03
2.029170738289202188e-03
2.189745277551650385e-03
2.356024145129226310e-03
2.396146424665784348e-03
2.414653890979078822e-03
3.005774013738986197e-03
3.129014095186651804e-03
3.748215247319224615e-03
4.063650826236698231e-03
4.616914176206716493e-03
4.850892685446670655e-03
5.280869020871394558e-03
6.774652134535873692e-03
7.247983491355677009e-03
8.965111718479572278e-03
1.000410294243184173e-02
1.189423555341005863e-02
1.546101522010332949e-02
1.786817577038604665e-02
2.533356705327336963e-02
3.650362779424160681e-02
5.991472807503631093e-02
2.006262621787699152e-01
