-2.233118254894216337e-01
-1.422464815391772941e-01
-1.360326476416871266e-01
-1.013740275036758287e-01
-8.677564860551602310e-02
-8.048678943019349497e-02
-6.848349324363495194e-02
-6.184413994164796036e-02
-5.790855168206924392e-02
-5.159557327413961947e-02
-4.734713146888631929e-02
-4.495797326744151862e-02
-4.409111033572246652e-02
-3.340076487864493404e-02
-3.132192701019336639e-02
-3.071975927790598568e-02
-3.038543400336487371e-02
-2.632930107047062526e-02
-2.623292222173018856e-02
-2.462141356940515322e-02
-2.207056782065603545e-02
-2.141590647720222756e-02
-2.003271838976544705e-02
-1.916771583288473524e-02
-1.841678822572236432e-02
-1.753737399392887863e-02
-1.700728368882715308e-02
-1.548644990966856552e-02
-1.477641647178268985e-02
-1.383333879353307316e-02
-1.368118007692241227e-02
-1.310519377444793916e-02
-1.254815146103247306e-02
-1.229768099327657564e-02
-1.198710427744415115e-02
-1.098067960190280551e-02
-1.083832153005134628e-02
-1.061787274363580960e-02
-9.901359162444426168e-03
-9.836936766898363507e-03
-9.632682702572876662e-03
-9.296214170798504373e-03
-8.947706783928442709e-03
-8.509175012923753112e-03
-7.921685014964855234e-03
-7.718628694377237080e-03
-7.604271002775431915e-03
-7.430335196143139642e-03
-7.211722063835757264e-03
-7.045763109348122596e-03
-6.871625858396112133e-03
-6.799622249434581454e-03
-6.508955563569236713e-03
-6.106137744219996590e-03
-5.806605733081890604e-03
-5.717179938260580525e-03
-5.588200236486773505e-03
-5.539987945690854308e-03
-5.438420157550393971e-03
-5.159040233695138047e-03
-5.099682360558641450e-03
-4.906457153343365268e-03
-4.649069462529664340e-03
-4.623670394858032419e-03
-4.452158679254366626e-03
-4.329180160242873839e-03
-4.245960044245017384e-03
-4.124634681915073306e-03
-3.980827556335699013e-03
-3.849673785133943607e-03
-3.786004557574630495e-03
-3.744425213212889628e-03
-3.651412270678075153e-03
-3.622056765153561404e-03
-3.559645645501375178e-03
-3.508418234775628319e-03
-3.468873208932915161e-03
-3.382378137042095674e-03
-3.298209667579099502e-03
-3.256445152813588779e-03
-3.199695151615754036e-03
-3.102266826150536227e-03
-2.996572106858477660e-03
-2.974539254632749784e-03
-2.890148337419162425e-03
-2.767488471316684705e-03
-2.731452925714113536e-03
-2.720621407462470772e-03
-2.662038287374849429e-03
-2.564333694190779316e-03
-2.537099209671714577e-03
-2.481279264029683396e-03
-2.438008466429611703e-03
-2.350962543358725478e-03
-2.327201679552482524e-03
-2.233486434432090367e-03
-2.179378965228342176e-03
-2.153952457433376544e-03
-2.127844764823763179e-03
-2.080700134779717332e-03
-2.024950802856831551e-03
-1.996695942497193291e-03
-1.964277278951334204e-03
-1.906419724229310763e-03
-1.862929645495539329e-03
-1.827814026436689948e-03
-1.813938906469244683e-03
-1.764130493101334326e-03
-1.737218318312297102e-03
-1.720969032075347948e-03
-1.675928164057662560e-03
-1.651997181343187963e-03
-1.593538741800612718e-03
-1.561353547954307929e-03
-1.548226966831040127e-03
-1.495364817446186156e-03
-1.476535998404479490e-03
-1.452277677347807048e-03
-1.443050856097074716e-03
-1.371133210848957508e-03
-1.363468504444125418e-03
-1.342350739029185905e-03
-1.297704022203279364e-03
-1.271968717606339859e-03
-1.253706858346232030e-03
-1.209049025973171765e-03
-1.206296344197820567e-03
-1.201700113626367637e-03
-1.169194653258863372e-03
-1.153687934286357726e-03
-1.132223660404519392e-03
-1.098357002351099026e-03
-1.061761329488357646e-03
-1.059964532628801569e-03
-1.037460470939673141e-03
-1.013637095873820993e-03
-1.008928186367031264e-03
-9.881756662731596818e-04
-9.822212802912094320e-04
-9.672617282661785578e-04
-9.467952820556945056e-04
-9.265579691148331408e-04
-9.187744954138581804e-04
-8.909762556827605833e-04
-8.873894881041467656e-04
-8.529111254607000224e-04
-8.415987246910591572e-04
-8.342825761642725345e-04
-8.243931070560882573e-04
-8.004684104962440190e-04
-7.785616522429869308e-04
-7.595382096928208647e-04
-7.470503646323189929e-04
-7.369014413455941695e-04
-7.271398341176523545e-04
-7.236279173200813476e-04
-7.094966188452052217e-04
-6.845668900141330896e-04
-6.772497128273291664e-04
-6.607941204775620928e-04
-6.364563596811256829e-04
-6.279060496546827247e-04
-6.191299354062820013e-04
-6.098065481392709068e-04
-6.029141475153821468e-04
-5.983775032272904389e-04
-5.845074031805508547e-04
-5.726014554341320867e-04
-5.612405583827937382e-04
-5.529981954369076174e-04
-5.494338565573467486e-04
-5.458537927232837237e-04
-5.401663424407741063e-04
-5.315333143644098779e-04
-5.060000495539745784e-04
-4.960963583049946305e-04
-4.848869904798346173e-04
-4.809361389739855359e-04
-4.773091520008737273e-04
-4.708918225394092259e-04
-4.634648949269809569e-04
-4.513305329470309116e-04
-4.480090065611571346e-04
-4.280225192002861333e-04
-4.230808784829404663e-04
-4.141570300932613372e-04
-4.069590633583863859e-04
-4.039758726048689984e-04
-3.997417323713047758e-04
-3.902658891377006316e-04
-3.853209470569268357e-04
-3.791058978678658008e-04
-3.683435358212432034e-04
-3.571255156687823808e-04
-3.515342783015534323e-04
-3.492567974960990437e-04
-3.464501242087485297e-04
-3.381024921046562421e-04
-3.341953839747678016e-04
-3.230834655287581170e-04
-3.180799797568238229e-04
-3.168468640974037866e-04
-3.067322432701953192e-04
-3.043218801683529443e-04
-2.983304388340485519e-04
-2.945873787113962444e-04
-2.882546144562286774e-04
-2.830549800315134931e-04
-2.706722040688210452e-04
-2.705042879829005716e-04
-2.674427725136259361e-04
-2.626446894004401920e-04
-2.580845160240220738e-04
-2.547811944038331318e-04
-2.483661801784100881e-04
-2.446209362649187018e-04
-2.397538110116622528e-04
-2.370231906156955882e-04
-2.292848905242314864e-04
-2.292312704614983456e-04
-2.262804759269481151e-04
-2.208994546330969708e-04
-2.112672070685474573e-04
-2.088459419929184662e-04
-2.054560902089017831e-04
-2.018167536798401700e-04
-2.001321546853759186e-04
-1.971860303822551078e-04
-1.931558817570556389e-04
-1.898079365654493878e-04
-1.858060395806254825e-04
-1.842265235103908612e-04
-1.786265083290576193e-04
-1.763261227756304068e-04
-1.729180026938367039e-04
-1.684453016931182186e-04
-1.664797433511594656e-04
-1.628410885714552865e-04
-1.606484761602386499e-04
-1.570241515850746990e-04
-1.534734276672430626e-04
-1.527792842822427611e-04
-1.495614231167722641e-04
-1.473997905434764547e-04
-1.443871544661344617e-04
-1.434518366355593943e-04
-1.408781397107518264e-04
-1.388844440798135921e-04
-1.353527215443223522e-04
-1.338308651881743973e-04
-1.305966478357871799e-04
-1.300618886159616303e-04
-1.262348884918345466e-04
-1.241479266311698690e-04
-1.235745776764015800e-04
-1.181418502237977712e-04
-1.147435091497391702e-04
-1.132765277506860658e-04
-1.118008006059273315e-04
-1.108240282672467736e-04
-1.074315265181937040e-04
-1.063528041878829668e-04
-1.029148037462056155e-04
-1.009398338575183163e-04
-1.001290038254189750e-04
-9.834463085655360674e-05
-9.654282904177885591e-05
-9.273790784069632534e-05
-9.072573297517181907e-05
-8.825976550094836569e-05
-8.784571711855981629e-05
-8.559372816363610976e-05
-8.435494152923262952e-05
-8.271881363632604142e-05
-8.196443658255827592e-05
-8.064414892922307546e-05
-7.777261834520473769e-05
-7.616380257303073447e-05
-7.509030849528667661e-05
-7.201622255001430208e-05
-7.001084016716330064e-05
-6.915493239889735776e-05
-6.804452095161470614e-05
-6.659423670649555673e-05
-6.501403437345790821e-05
-6.414678533713900758e-05
-6.294389759884462705e-05
-6.200001234936438591e-05
-5.984011651443482888e-05
-5.908069729204955728e-05
-5.846413120431960666e-05
-5.696268599510395745e-05
-5.560034655349175095e-05
-5.496293254112429065e-05
-5.218007660533764523e-05
-5.185377770822346998e-05
-5.056731702497847916e-05
-4.963530499053838037e-05
-4.786164450134815901e-05
-4.725440807851976580e-05
-4.616649285503670116e-05
-4.556123359519175989e-05
-4.332791208874831257e-05
-4.259372337433751850e-05
-4.161214898523075571e-05
-4.134634506083502160e-05
-4.084502343061295870e-05
-3.972069436980602393e-05
-3.839445979070865212e-05
-3.678426126702557077e-05
-3.622235981354216086e-05
-3.574255931724826908e-05
-3.537219957310578251e-05
-3.484476259241230719e-05
-3.427050917315156052e-05
-3.293154922176101364e-05
-3.215756592939884726e-05
-3.067160670480427318e-05
-2.923658432411536847e-05
-2.893280626801253573e-05
-2.791915777125932897e-05
-2.757773677911795436e-05
-2.666127757773489710e-05
-2.560996978453816418e-05
-2.441024643325457222e-05
-2.403112249409678267e-05
-2.341340983951863315e-05
-2.312680310866269069e-05
-2.230540692574281100e-05
-2.117551091360415138e-05
-2.077279890051650821e-05
-1.980735992977724854e-05
-1.933242476251398426e-05
-1.826882138398959755e-05
-1.767353133877184123e-05
-1.746817980171730709e-05
-1.690928804371804166e-05
-1.588879799885848819e-05
-1.523674534192313907e-05
-1.443873659980721967e-05
-1.418737220984401262e-05
-1.345803258828372109e-05
-1.312928890610323808e-05
-1.250785111428501435e-05
-1.218809394559110087e-05
-1.203785012534394429e-05
-1.195514058900458146e-05
-1.088814628476501026e-05
-1.017964874398247628e-05
-9.805475229513264913e-06
-8.303466497144824116e-06
-7.924767956779572847e-06
-7.669421089189805210e-06
-7.221699412055279718e-06
-6.560652055085051390e-06
-5.697471057351469141e-06
-5.263231262211021284e-06
-4.707734086971155489e-06
-4.048206422373921267e-06
-3.701518850868508229e-06
-3.202551721496875181e-06
-2.849200054450846157e-06
-2.570911757196466756e-06
-2.500603270149754619e-06
-1.764149668984268105e-06
-1.483123280013720235e-06
-1.157304245818018006e-06
-7.566938799019365878e-07
-6.907401133114778800e-07
-5.543525772057030779e-07
-2.999416973851718077e-07
-1.942506302704632495e-07
-1.748016845816329851e-07
-5.213218327918756710e-08
-4.672262378758896646e-19
3.339833730830214339e-20
1.130010712816791324e-08
4.929335539019848765e-07
7.872371231137186662e-07
8.795140054615999104e-07
1.133454563627851377e-06
1.237628700349507759e-06
1.345310140936718912e-06
1.842722179768666772e-06
1.919431311394943902e-06
2.138278579215664581e-06
2.334015945214044530e-06
2.557083195556732066e-06
3.113689182998610209e-06
3.270529155367703623e-06
3.604506798886093719e-06
4.181139373048513043e-06
4.663055372974640771e-06
5.113559591786242349e-06
5.301596002460403795e-06
5.694554254331217775e-06
8.371305782177766608e-06
9.253137853191492509e-06
1.108561412219222183e-05
1.182018356191785666e-05
1.386796551206897503e-05
1.529096646175505449e-05
2.357988017863791327e-05
2.532592464191706815e-05
3.279378426823823846e-05
3.662730198729891674e-05
3.762949592147879068e-05
4.497723709016150878e-05
4.841991546893291122e-05
5.863142637615379311e-05
6.649272138769056321e-05
7.115611115433471360e-05
1.130922713118254035e-04
1.218703640733762885e-04
1.291597313057465382e-04
1.430297305295097983e-04
1.778094265650814797e-04
2.004973159903622958e-04
2.518550641365852505e-04
3.198078170616347905e-04
4.132978553906544372e-04
4.179311732647699568e-04
4.568103762115461133e-04
7.809227911641831868e-04
9.092549154297255862e-04
9.842723390738915886e-04
1.003836481351428906e-03
1.120121247498730458e-03
1.192195799149337911e-03
1.289513575767458177e-03
1.424769591499524916e-03
1.489145241634782591e-03
1.547346218760283117e-03
1.942081704821662421e-03
2.161257909152024693e-03
3.293718882718935006e-03
4.950528392668182738e-03
7.969903466679509677e-03
2.977133322823349512e-02
3.427781241557733560e-01
9.678510048351838257e-01
