-3.605316491980045113e-01
-1.310201601250561010e-01
-1.144235061821285426e-01
-7.549751327843384763e-02
-4.982812762655402378e-02
-4.617234782499168855e-02
-3.518840200457859502e-02
-3.076461955854687888e-02
-2.854308884046683273e-02
-2.783390878010067251e-02
-2.562239577222219164e-02
-2.234255597971264787e-02
-1.918806068609162779e-02
-1.812649741828076949e-02
-1.631051146691401416e-02
-1.514918244488519354e-02
-1.356094754046421533e-02
-1.261297487560416632e-02
-1.090653930650004565e-02
-1.065606128934010015e-02
-9.449992611874662857e-03
-9.092457621520720276e-03
-8.168582823354617745e-03
-7.995661008692244234e-03
-7.233701677876129728e-03
-7.163453357988147120e-03
-7.012156229611723156e-03
-6.548547084615542919e-03
-6.217408771011873926e-03
-6.066872488865994624e-03
-5.331773798907949932e-03
-5.061808301955700133e-03
-4.988033660268357573e-03
-4.934904467285100745e-03
-4.864495946061610059e-03
-4.496267380929193543e-03
-4.164975686492167380e-03
-4.035865107379203211e-03
-3.968990654399741358e-03
-3.820716153636714938e-03
-3.735991497704625047e-03
-3.417662316244647353e-03
-3.304912020724781394e-03
-3.282062990500764828e-03
-3.151033707790451815e-03
-3.045210334668435777e-03
-2.916924466645882084e-03
-2.864086427166025704e-03
-2.678540631771382692e-03
-2.582032698892087162e-03
-2.562030288644260266e-03
-2.529527138797313651e-03
-2.394298093350028661e-03
-2.288726795631711164e-03
-2.255631917309293324e-03
-2.230596920132451623e-03
-2.154633418889475606e-03
-2.145660733129621869e-03
-2.056956409552460497e-03
-2.041658363114129491e-03
-1.882228522983041968e-03
-1.824192252959016885e-03
-1.759670485928283576e-03
-1.733184005074763986e-03
-1.712111781858274622e-03
-1.668299658118339813e-03
-1.644441286892591239e-03
-1.620157394162002407e-03
-1.552419845766831331e-03
-1.501643011111434894e-03
-1.468507214254911961e-03
-1.416955352584200242e-03
-1.394691104002654131e-03
-1.359380390916794905e-03
-1.351412230221799926e-03
-1.312122031405005751e-03
-1.271571558906128829e-03
-1.250912084010606705e-03
-1.241462169481300339e-03
-1.194837859421565623e-03
-1.185335590776841544e-03
-1.173030842992226841e-03
-1.148577934793094295e-03
-1.135398538055032956e-03
-1.091875268140881207e-03
-1.078809281719529667e-03
-1.045367979078763981e-03
-1.007795980147039618e-03
-1.002270784902135458e-03
-9.424949815806093209e-04
-9.276598335650088501e-04
-9.194741769029874702e-04
-9.073399600724730814e-04
-8.956932405902384101e-04
-8.659018967360944266e-04
-8.637806823563437108e-04
-8.497031438033174995e-04
-8.268353976524553915e-04
-8.108674093626123307e-04
-7.994229849067049573e-04
-7.562159510681618025e-04
-7.526563354965831905e-04
-7.287145984743516628e-04
-7.238890863940055775e-04
-7.158030670089556664e-04
-7.055200856836023110e-04
-6.826738596505871120e-04
-6.760720273814868359e-04
-6.654016219498690285e-04
-6.579789811779270274e-04
-6.461777046055509378e-04
-6.349557778747341166e-04
-6.299540228806261655e-04
-6.027653688847407938e-04
-5.891093199759726796e-04
-5.700919411917595124e-04
-5.615017818225916417e-04
-5.471801901209172488e-04
-5.383179821750852566e-04
-5.296754185876798851e-04
-5.243318470629812315e-04
-5.156376643748169846e-04
-4.969041254537890110e-04
-4.913564942860118362e-04
-4.870768924939268226e-04
-4.817568894304479800e-04
-4.765538258042773391e-04
-4.588022023207220411e-04
-4.565540320265586171e-04
-4.507049692763706594e-04
-4.297138203038103083e-04
-4.271889450243645928e-04
-4.166511434998635549e-04
-4.092571925139200091e-04
-4.062784637609473848e-04
-4.038099647858928143e-04
-3.873592093577055855e-04
-3.830615914731057064e-04
-3.798738037675974824e-04
-3.744382469367146696e-04
-3.707435287357133992e-04
-3.653583252520782891e-04
-3.569329142903777453e-04
-3.498642182220642488e-04
-3.412511984589309730e-04
-3.396974847641068642e-04
-3.287895516533699699e-04
-3.217708755951071385e-04
-3.091965196773680587e-04
-3.031202770097892775e-04
-2.983632246949833255e-04
-2.956714188452165483e-04
-2.858276915371407560e-04
-2.830330142907238494e-04
-2.788226566705911350e-04
-2.754795450980195883e-04
-2.734011053201674570e-04
-2.671491052715464711e-04
-2.664500582624566524e-04
-2.632893026765125897e-04
-2.527543089496408807e-04
-2.501571333981671705e-04
-2.483657503854268212e-04
-2.450797075523384314e-04
-2.340924614485873024e-04
-2.251677240734467839e-04
-2.237149031945319616e-04
-2.219726623835249508e-04
-2.190003535914254371e-04
-2.140286670375971727e-04
-2.111540850237508620e-04
-2.073758674136873855e-04
-2.061300667291584741e-04
-2.033966372733325765e-04
-2.009799454858889100e-04
-1.968447009491258921e-04
-1.917215889814831355e-04
-1.899846101030641004e-04
-1.872091216764161243e-04
-1.813921676100186385e-04
-1.781989892067593016e-04
-1.766231990696996549e-04
-1.748981631964783223e-04
-1.733841451050351708e-04
-1.686440196075674890e-04
-1.650650062975539964e-04
-1.627283382902264025e-04
-1.619887864134946084e-04
-1.568178408597874652e-04
-1.516311365622283213e-04
-1.502453292444299194e-04
-1.498072452783738215e-04
-1.470555154143056301e-04
-1.446009442316222168e-04
-1.430592123047023695e-04
-1.409156511612315722e-04
-1.353879616211618188e-04
-1.328675062470718784e-04
-1.315465146368913066e-04
-1.306745960070808768e-04
-1.290770982431223074e-04
-1.280630308177534973e-04
-1.265166375956898069e-04
-1.221406956191974633e-04
-1.185940316299572762e-04
-1.174346812546866835e-04
-1.155770595657468338e-04
-1.135816350617558501e-04
-1.131047065766705383e-04
-1.099776273434402110e-04
-1.095592189584180734e-04
-1.061404919147080879e-04
-1.042947189927060855e-04
-1.019396453643008733e-04
-1.001644902042871950e-04
-9.720256813054198276e-05
-9.712105234176484096e-05
-9.522922645287674711e-05
-9.397194213410505024e-05
-9.275844010479796441e-05
-9.134012458685357276e-05
-8.931437617400406160e-05
-8.834289916410024794e-05
-8.705507677828910212e-05
-8.499325188956174395e-05
-8.330209569919864326e-05
-8.131485828710306577e-05
-8.043258867323635562e-05
-7.901318173305103615e-05
-7.722847690238239852e-05
-7.508641892632186084e-05
-7.393492618501681067e-05
-7.256607468164168553e-05
-7.169391120546475310e-05
-7.135733141615964025e-05
-7.102718845427946723e-05
-6.965878735734666875e-05
-6.720648390499380030e-05
-6.531488473928045958e-05
-6.467183385158457366e-05
-6.256758762779428284e-05
-6.167054552718813094e-05
-6.065807528602211419e-05
-6.001131484395409515e-05
-5.910752645721496177e-05
-5.809159480836649785e-05
-5.682262635487960991e-05
-5.588004915408131145e-05
-5.567447613567831822e-05
-5.507240455782059038e-05
-5.469625005311909969e-05
-5.374906418297253864e-05
-5.260659192201399864e-05
-5.079754015170357935e-05
-5.072739670323125639e-05
-5.030730996794907216e-05
-4.798470979400089830e-05
-4.769220214823000954e-05
-4.632539067600411486e-05
-4.545607567642754020e-05
-4.500107857485575373e-05
-4.418061203659147905e-05
-4.339366155315695084e-05
-4.283302761628294620e-05
-4.236368311243567092e-05
-4.177578699486367200e-05
-4.128628627263534833e-05
-4.030713067297748975e-05
-3.947380747793489871e-05
-3.876242780361605832e-05
-3.804189483495033671e-05
-3.790301496712025504e-05
-3.694827705300545535e-05
-3.659598181242397518e-05
-3.616749507506321468e-05
-3.577670717269393618e-05
-3.495701613962685716e-05
-3.454367188401315209e-05
-3.298247480849720393e-05
-3.255204889525751519e-05
-3.227577410192249445e-05
-3.183114660819303429e-05
-3.162113081989953759e-05
-3.098549916630225501e-05
-3.011396027849369666e-05
-3.005618736560515604e-05
-2.885456754128411914e-05
-2.790966181146103438e-05
-2.774067644005994991e-05
-2.694064448080006965e-05
-2.660195850400350485e-05
-2.638904805492487795e-05
-2.599963529686050775e-05
-2.553760640660400461e-05
-2.490734393177453684e-05
-2.436945673806995537e-05
-2.423840065742602289e-05
-2.377658918781330174e-05
-2.344878046679047226e-05
-2.295879781904842161e-05
-2.251505096915602021e-05
-2.207901172061590902e-05
-2.170059791141739069e-05
-2.154137653562841059e-05
-2.136101110113039188e-05
-2.088901552575333725e-05
-2.026918429759574109e-05
-1.966859521978562533e-05
-1.897511782970922662e-05
-1.838065608346229458e-05
-1.823039501234792820e-05
-1.756392015361322076e-05
-1.748993566388039791e-05
-1.697472360002474134e-05
-1.678172504055286176e-05
-1.619791503150724775e-05
-1.608678239604342480e-05
-1.546904818254681325e-05
-1.506007859456833802e-05
-1.489660944412519716e-05
-1.475186993155307486e-05
-1.433257974157453979e-05
-1.404968205281169562e-05
-1.352974579441882997e-05
-1.340961255851045968e-05
-1.304898179415732848e-05
-1.275075507403076788e-05
-1.258218531354687071e-05
-1.229515599553059856e-05
-1.152976766484845484e-05
-1.141681922688742178e-05
-1.136324380368744143e-05
-1.106377782628232337e-05
-1.061127507553563638e-05
-1.038296911559403801e-05
-1.009683285716383450e-05
-1.004042956795664392e-05
-9.413809193168166717e-06
-9.342429437111904555e-06
-8.944008591080561066e-06
-8.572164843715556821e-06
-8.437028985961687614e-06
-8.356584514463993749e-06
-8.154598894561491617e-06
-7.987424118713757812e-06
-7.665893165476625687e-06
-7.427200428392258502e-06
-6.924420791178292672e-06
-6.799710530907530756e-06
-6.514215915425082273e-06
-6.432283561515922895e-06
-6.331137222785955903e-06
-5.932478527966307983e-06
-5.833452547662727103e-06
-5.757468337045955091e-06
-5.290487634461126677e-06
-5.157286781309936088e-06
-5.031413554521873570e-06
-4.771990444782953919e-06
-4.570689393667100368e-06
-4.526389270617409747e-06
-4.334724963162818583e-06
-4.245804153033319946e-06
-3.931142322384996314e-06
-3.877542812775720834e-06
-3.731860648428180854e-06
-3.630865937799968659e-06
-3.572353034061601719e-06
-3.376267271190560963e-06
-3.338408791805789963e-06
-3.187777060900563739e-06
-2.858969856732949882e-06
-2.466564602687903353e-06
-2.317184617614635502e-06
-2.201090653887962702e-06
-1.951933558597641326e-06
-1.818234882048452320e-06
-1.615656606443014510e-06
-1.481883058366510846e-06
-1.361293556411153092e-06
-1.328723690754273358e-06
-1.186909706306951688e-06
-1.006978269476093611e-06
-8.526322493131789820e-07
-5.685784062202401746e-07
-4.636725053028369400e-07
-3.814714240181714156e-07
-3.546605834280160430e-07
-2.614164663370634332e-07
-1.474619438653432375e-07
-8.664999986814987040e-08
-5.946509496454425692e-08
-2.578251876880121440e-08
-1.313675122564974306e-08
-2.005233798582206480e-19
7.178278461619805243e-19
1.749360334360883148e-08
4.679340531160012880e-08
9.245627585746424651e-08
1.328827706402202966e-07
2.000585216169529786e-07
2.966799353828043209e-07
3.317052437021110621e-07
3.878121499303269809e-07
4.078000994632902033e-07
4.746991171106054650e-07
5.353805719679605858e-07
5.769183135084423018e-07
6.337797427486324599e-07
7.484786830890410330e-07
8.690917547385638325e-07
1.113610509030190925e-06
1.171820935106626384e-06
1.283171017143607506e-06
1.585766644690100023e-06
1.973615823206976261e-06
2.101781710543059372e-06
2.612398721927864546e-06
3.284265101675726440e-06
4.033366546554651344e-06
4.169974688479825076e-06
5.711401685027865836e-06
7.706391543037738654e-06
8.718709962447840280e-06
9.003376351208210369e-06
1.047276964195728975e-05
1.563101681911563954e-05
1.744358021639637793e-05
1.841061490160089800e-05
2.961897272689412294e-05
3.388408321425374144e-05
8.521325456033822091e-05
1.900139454002619803e-04
2.118849173670089554e-04
2.444100696576901243e-04
2.541133035740104776e-04
2.652540153304523804e-04
3.233767737490102320e-04
3.310687601250090063e-04
5.388431349973252802e-04
2.826991806053908568e-03
