8.080829388858148249e-03
8.000058678958532621e-03
4.650965687093276332e-03
2.292215618116105833e-03
1.738593102775191869e-03
1.041085483792970499e-03
8.157036763151549004e-04
7.461604102092102937e-04
6.446445183349819134e-04
6.073467179766719667e-04
4.874581340403044845e-04
4.570906648323365927e-04
4.116522405741506970e-04
3.822034276699656438e-04
3.489171344935014800e-04
3.351993822642467869e-04
3.314242192555453908e-04
3.143353799243954970e-04
2.909212254312457482e-04
2.717035528997346059e-04
2.606373357033172820e-04
2.462418841843360068e-04
2.315339915247032105e-04
2.286425940993747411e-04
2.175036613573304940e-04
2.036632548771040462e-04
1.984667178413869796e-04
1.867204547827952456e-04
1.820352024383646973e-04
1.758180184750086081e-04
1.673578099520790698e-04
1.516852960992557460e-04
1.484086896500151479e-04
1.424074724965328600e-04
1.340017355591734865e-04
1.247144525175024180e-04
1.232633281342951012e-04
1.107485288336284765e-04
1.039109342425466998e-04
1.026664489658343137e-04
9.668766308868105433e-05
9.396420170056962761e-05
8.676692168199999727e-05
8.440120627803507922e-05
8.103124616400705612e-05
7.997921863640115327e-05
7.383312129470828212e-05
7.282849427217637120e-05
6.548203670746418367e-05
6.265373666574867702e-05
6.155205777913614023e-05
5.946699887322660721e-05
5.502069624431954768e-05
5.152698461058611852e-05
5.040594388744093414e-05
4.845878142796626869e-05
4.623877221179853382e-05
4.224910550208165475e-05
4.175166131595347614e-05
4.014547958364095721e-05
3.880272379484737944e-05
3.650602339799257441e-05
3.459235289828073743e-05
3.299520794025258697e-05
3.036117850317152967e-05
2.981931450078657234e-05
2.881259981542135562e-05
2.590004074029365888e-05
2.512831064094907087e-05
2.446765535830248522e-05
2.277801534994795094e-05
2.262790681011229936e-05
2.176382396505483470e-05
2.024648079846124422e-05
1.926545081513528261e-05
1.790342715670880926e-05
1.722313599340416761e-05
1.653321813239083505e-05
1.567833516955402845e-05
1.545439810635300639e-05
1.436943704119548760e-05
1.310531280795474769e-05
1.281070339504722944e-05
1.095115164868835002e-05
1.057002922446927546e-05
1.036073101245577743e-05
9.864802128483974371e-06
9.106691727337907428e-06
8.093871852656269781e-06
7.931550649809243869e-06
7.192275473132157484e-06
6.274442268893537626e-06
6.135822440453834176e-06
6.031074673993661633e-06
5.524642354222743109e-06
5.420145552494284446e-06
5.096559563251772498e-06
4.766865753492342785e-06
4.551142448830525295e-06
4.320940522268759987e-06
4.123700697699135377e-06
3.847816962134558111e-06
3.573406416932208823e-06
3.483983349993378289e-06
2.966950182722151968e-06
2.816523904379524068e-06
2.737651741410534234e-06
2.531913495232192686e-06
2.217093804395626528e-06
2.163467519002368022e-06
1.988879980933193919e-06
1.858450861803882146e-06
1.783065794820840075e-06
1.702084037840633387e-06
1.575289779643601109e-06
1.323711865265846030e-06
1.298415621046039999e-06
1.227347458182832782e-06
1.145116969695275655e-06
1.048147836628657329e-06
9.927634395300326516e-07
8.505759710326437299e-07
8.081650545429579873e-07
6.370867178103910414e-07
5.182541881336628811e-07
4.499922222373398841e-07
4.185128959641857299e-07
3.865607229683861536e-07
3.282415858559841387e-07
2.365363137026561468e-07
2.055330159380329721e-07
8.844015016337117993e-08
7.776428071809256599e-20
1.500009591074229115e-20
-4.959741777740336278e-09
-9.349278417341503997e-08
-2.352200228329937318e-07
-2.855371072966466501e-07
-3.483037726858961920e-07
-4.815073754212474134e-07
-6.203109143176941138e-07
-7.278360296542764976e-07
-8.523989493353414907e-07
-9.743284964168731550e-07
-1.045760612304939972e-06
-1.188529508905660364e-06
-1.262679791801045263e-06
-1.740977631975407989e-06
-1.803229557191903694e-06
-1.901860592713797988e-06
-2.127845799598146708e-06
-2.259238433660082909e-06
-2.402894162265627099e-06
-2.526752201597747585e-06
-2.803064467207350131e-06
-2.873694925452677513e-06
-2.940437820695558275e-06
-3.593429592792086727e-06
-3.806658853257694994e-06
-4.056779662882643885e-06
-4.196875240073163711e-06
-4.419580922852476023e-06
-4.557576079987246059e-06
-4.786669260136450373e-06
-5.040050022868542082e-06
-5.093346933966668624e-06
-5.417944921803648811e-06
-5.710620441705925666e-06
-5.827342019080537745e-06
-6.082856329987806547e-06
-6.462289386693948876e-06
-6.583316030679157002e-06
-7.329796907045129498e-06
-7.577319800768203933e-06
-7.796096057295245384e-06
-8.096199177768440534e-06
-8.466388291746735709e-06
-8.672530790925151901e-06
-8.872868559038148858e-06
-9.098099071103044833e-06
-9.663985117261101549e-06
-1.023695848574965175e-05
-1.038881528284651765e-05
-1.102891443601630013e-05
-1.121587627719366633e-05
-1.139593287521647913e-05
-1.174078018917954507e-05
-1.208500416811576336e-05
-1.286549768317520544e-05
-1.320719273295915030e-05
-1.343766109895175779e-05
-1.390948279240960716e-05
-1.459657205522960447e-05
-1.486084101973126378e-05
-1.557458949387129942e-05
-1.599535783507752282e-05
-1.621926128126869020e-05
-1.655880974519404324e-05
-1.734215464484325768e-05
-1.774457840539222774e-05
-1.812267194302874545e-05
-1.831444242533190943e-05
-1.911737958907337305e-05
-1.952680831968673045e-05
-1.974658982195715167e-05
-2.004495571372823246e-05
-2.079193975980372569e-05
-2.154324499314930639e-05
-2.180475889192064526e-05
-2.236523474059588852e-05
-2.311280999676914601e-05
-2.348327157746272630e-05
-2.422470026077859354e-05
-2.468516013067609534e-05
-2.559305672652373377e-05
-2.608982648569690133e-05
-2.643592166507049998e-05
-2.706153363614827444e-05
-2.755513778483752128e-05
-2.829016341294220011e-05
-2.854245470871305724e-05
-2.955180307173459561e-05
-3.048169648504665008e-05
-3.089751411511246042e-05
-3.160127906190860240e-05
-3.201743186766437362e-05
-3.359661689587695979e-05
-3.522862064667394246e-05
-3.601087692855891849e-05
-3.677653632303175008e-05
-3.721636550499291424e-05
-3.792740910096398618e-05
-3.867014262405001534e-05
-3.973355518727794661e-05
-3.998646436702847211e-05
-4.221963055124278098e-05
-4.277426184436547928e-05
-4.299454210371546895e-05
-4.352426351408782097e-05
-4.453089247924920421e-05
-4.544234164666795657e-05
-4.607767274652762039e-05
-4.735893514948358231e-05
-4.882869653401682554e-05
-4.988086659228049618e-05
-5.080576672571429625e-05
-5.141220848061519910e-05
-5.335563348145169575e-05
-5.390778519728863530e-05
-5.592899512517253571e-05
-5.720365418905641553e-05
-5.810166147908218026e-05
-6.006923521174362026e-05
-6.070100917663497043e-05
-6.089129894277184676e-05
-6.213675959819063793e-05
-6.395148511641253366e-05
-6.525214640819813764e-05
-6.552992330669817587e-05
-6.633501814915518727e-05
-6.687225950695649792e-05
-6.965300204400059439e-05
-7.155221964181049908e-05
-7.265249945311549786e-05
-7.349768413810505840e-05
-7.433665838998962318e-05
-7.543415778478588434e-05
-7.679634805903339195e-05
-7.983788506204223846e-05
-8.151662633026106255e-05
-8.378235799806471042e-05
-8.635504603333343148e-05
-8.706210269861250025e-05
-8.845578506924450975e-05
-8.946592062916911546e-05
-9.239604478784377707e-05
-9.410618058374673736e-05
-9.448013140827552696e-05
-9.833846946495929087e-05
-9.924366117298780393e-05
-1.018422041190384628e-04
-1.022520775432807797e-04
-1.028501165418248351e-04
-1.036899530978356695e-04
-1.049283505476639308e-04
-1.077864913343849627e-04
-1.096168438979014447e-04
-1.122530742292499550e-04
-1.136307858221973334e-04
-1.175891323904383086e-04
-1.192477352615453384e-04
-1.202508889023427331e-04
-1.230153521278677447e-04
-1.239389171198728616e-04
-1.268666266757561569e-04
-1.293543346574345854e-04
-1.310199231525271729e-04
-1.331286251096223667e-04
-1.357569177543648876e-04
-1.381721657278567490e-04
-1.412028749423905325e-04
-1.435825450754683310e-04
-1.452253841050401661e-04
-1.498070914516156868e-04
-1.563866268960666908e-04
-1.583924066955219969e-04
-1.596534263917971121e-04
-1.628162927993275974e-04
-1.643524963279005058e-04
-1.669153922962781007e-04
-1.674341459925889725e-04
-1.757822408291738285e-04
-1.781154907391759783e-04
-1.811024656594887130e-04
-1.866631210071383355e-04
-1.889039091270246966e-04
-1.916249460197911702e-04
-1.967718939802364268e-04
-2.037746338704347015e-04
-2.070773262582602725e-04
-2.082053689169211983e-04
-2.118710835446930597e-04
-2.148816082596256827e-04
-2.199889662170092695e-04
-2.223268292127199308e-04
-2.328435443096900869e-04
-2.346285519410220384e-04
-2.367418557977425426e-04
-2.391160664953771763e-04
-2.474018885602803251e-04
-2.512440272815284043e-04
-2.521584950875275003e-04
-2.625034073200637765e-04
-2.644117062398861117e-04
-2.673145861899028203e-04
-2.694499998792443981e-04
-2.786268592096561398e-04
-2.806429465811462578e-04
-2.879493127268543040e-04
-2.966758057163279539e-04
-3.015400213249041258e-04
-3.123111253643253782e-04
-3.172847013303800351e-04
-3.180056483271001240e-04
-3.254118250477325584e-04
-3.308240605289754026e-04
-3.350578376255826515e-04
-3.424691613390037654e-04
-3.461632223464028717e-04
-3.492739766201727954e-04
-3.592617810427136196e-04
-3.635872421134642737e-04
-3.664896933667807191e-04
-3.734888189709231949e-04
-3.818531053459696097e-04
-3.949831635252911907e-04
-3.987496947338123082e-04
-3.994602675452277535e-04
-4.026598198497225974e-04
-4.072150450945321632e-04
-4.177485399268562210e-04
-4.440577771007786717e-04
-4.452958641085108852e-04
-4.487276806388584274e-04
-4.651171100601429916e-04
-4.735472714177479210e-04
-4.881384354499323456e-04
-4.969004551612814843e-04
-5.145060692364499845e-04
-5.158655935740018078e-04
-5.269587165874371803e-04
-5.357920137390371389e-04
-5.456515023776858627e-04
-5.580095850793850495e-04
-5.619810138890234206e-04
-5.762082904817290938e-04
-5.822002278031084650e-04
-6.000745710788862484e-04
-6.041992274724243940e-04
-6.229425220853371204e-04
-6.304712229835158360e-04
-6.419009182336771809e-04
-6.530326123869549526e-04
-6.738528101998446720e-04
-6.977513817853766773e-04
-7.164910841056260906e-04
-7.209654891556925745e-04
-7.246949394564314957e-04
-7.365298978496849893e-04
-7.498317838769599352e-04
-7.847967535542476865e-04
-8.119739733900733104e-04
-8.255348712680577556e-04
-8.393194408782231894e-04
-8.716833661957065120e-04
-8.795766626598772436e-04
-8.940490354134890405e-04
-9.419965024424070818e-04
-9.556840034572344376e-04
-9.839633089802023429e-04
-9.933631443669924642e-04
-9.998875894797678177e-04
-1.023438035731427794e-03
-1.052645506914196656e-03
-1.078335052163331524e-03
-1.090870396819028452e-03
-1.138190622844164343e-03
-1.159447113238771089e-03
-1.180911237485452294e-03
-1.208971005795235693e-03
-1.224929600127657456e-03
-1.266159092803308866e-03
-1.296457551183654265e-03
-1.325870076033513079e-03
-1.414377914859859392e-03
-1.475179832569975275e-03
-1.526439849094686366e-03
-1.561795880317510881e-03
-1.582444662136132940e-03
-1.766059636725948821e-03
-1.817655106252979991e-03
-1.858793268480284522e-03
-1.915969250984211718e-03
-1.953176138016882255e-03
-2.061814429320288876e-03
-2.182885894913151256e-03
-2.305602157947587647e-03
-2.369530593239560241e-03
-2.381987123649563585e-03
-2.530814854557908531e-03
-2.576307595969273834e-03
-2.788104423106509046e-03
-2.945180113972203136e-03
-3.351860124776783866e-03
-3.498092863262217307e-03
-3.580650543715097143e-03
-3.676550681120984484e-03
-4.223053915800471098e-03
-4.656925052192122279e-03
-4.945703685899844812e-03
-5.473441971234392286e-03
