1.733602972345670359e-02
1.527857514099566910e-02
1.166682556455984551e-02
5.400833137118131802e-03
3.935128037218121357e-03
3.726717067625725816e-03
3.342140703271321775e-03
2.017762465717621786e-03
1.911795165765759613e-03
1.868699407305378368e-03
1.692322049337861714e-03
1.599016536816276523e-03
1.471386836318183634e-03
1.435472271844022690e-03
1.392083776462534799e-03
1.340605112222418996e-03
1.245188085028659615e-03
1.208519520097994966e-03
1.142191693431500888e-03
1.079340106440235779e-03
9.384998908326047055e-04
9.246692795979863985e-04
9.127318530457763368e-04
8.655689839281495044e-04
8.528549097577313920e-04
7.617245496105612456e-04
7.479055413060454408e-04
7.128875989522596903e-04
7.032466904496095230e-04
6.764697612152727451e-04
6.661948402776871102e-04
6.480433133382470070e-04
6.064872387066347088e-04
5.828335871635762725e-04
5.604021788526305061e-04
5.366764025675733888e-04
5.179909745772527403e-04
4.914229462878349141e-04
4.827447897474802059e-04
4.748807279701455970e-04
4.615977431344786010e-04
4.441097232138095175e-04
4.335223356406532787e-04
4.192567101500555807e-04
4.116972582332868984e-04
3.991617539376622831e-04
3.929350065775894570e-04
3.880118237597744322e-04
3.637840158875116012e-04
3.522285045152793830e-04
3.426792916145602751e-04
3.378697760418677303e-04
3.300014607704670967e-04
3.267237253746199167e-04
3.141435058112234898e-04
3.098175781813491980e-04
2.959858005021255437e-04
2.887822657677289106e-04
2.809732517964274668e-04
2.743108017303331580e-04
2.693013005608699772e-04
2.613357545331241498e-04
2.581443678902735567e-04
2.476632194405007812e-04
2.398819146802952395e-04
2.349748536537138964e-04
2.340516119451301882e-04
2.174668571623558590e-04
2.132416827870103893e-04
2.071362230636064215e-04
2.057667876455724569e-04
2.022773533963655580e-04
1.981276222660271536e-04
1.932587354760464645e-04
1.861964358310545591e-04
1.830856576507606040e-04
1.797213554920373737e-04
1.783302522334523409e-04
1.743557308660542617e-04
1.734593697935914668e-04
1.608249424061934511e-04
1.575843329031960589e-04
1.543349829793625697e-04
1.517237128892724458e-04
1.486081459365313573e-04
1.441574713659548495e-04
1.411170613289606927e-04
1.358139270457749256e-04
1.333341850772321393e-04
1.326456548430654352e-04
1.261490214928349788e-04
1.234715524864759997e-04
1.203526348209754253e-04
1.196597407984790248e-04
1.172495036370522033e-04
1.139498437274705288e-04
1.087544968415328500e-04
1.077717702594096084e-04
1.037848620592091403e-04
1.025492382397713185e-04
9.859673395147797897e-05
9.669399503949080291e-05
9.480901185019152959e-05
9.273313562121164328e-05
9.028275050765783877e-05
8.821315465657200391e-05
8.612546569671200732e-05
8.517995007306578459e-05
8.465256375124416172e-05
7.906788902399350817e-05
7.814970105738536167e-05
7.650418657714270392e-05
7.565266880291364449e-05
7.410892107766966390e-05
7.228968943404870829e-05
7.123223318694451071e-05
7.034548596377371646e-05
6.855181618084267971e-05
6.590738411450051937e-05
6.350211634380984675e-05
6.305578405607284572e-05
6.234165277476206516e-05
5.833718563698349444e-05
5.715596766577754867e-05
5.644963842853929737e-05
5.557555087509722931e-05
5.416397421393141911e-05
5.264553344419926954e-05
5.167050235986332137e-05
5.104860697971877551e-05
4.862129259885208325e-05
4.821019931117872078e-05
4.677745952658533845e-05
4.560755887089188533e-05
4.440628442293873440e-05
4.410275856258579787e-05
4.302699902961903164e-05
4.092116967080486166e-05
3.978001344505318503e-05
3.882876722238774107e-05
3.731385460347537528e-05
3.672813833116557816e-05
3.608239438328921428e-05
3.517304995841979666e-05
3.408940316139128012e-05
3.315754529263636329e-05
3.301197513888250358e-05
3.200014384266972782e-05
3.130468993602071273e-05
3.005255604511769836e-05
2.948359714608990884e-05
2.874663794905056924e-05
2.805230028556975755e-05
2.735643720175134119e-05
2.691783154828057426e-05
2.585694902490607929e-05
2.551657989223769788e-05
2.477023483255530269e-05
2.442754043155431374e-05
2.374025032787044183e-05
2.341092621331303445e-05
2.278462958988458785e-05
2.232129083383139180e-05
2.180798769278260939e-05
2.111172404579385930e-05
2.050812920020610709e-05
2.026427253466386440e-05
1.947643675079107552e-05
1.929135341616735938e-05
1.919398693994820733e-05
1.835776391030824077e-05
1.807001178445509658e-05
1.744153711461199100e-05
1.730964812415292155e-05
1.668859146990884438e-05
1.619544942403947058e-05
1.576144329790058854e-05
1.516500847734195293e-05
1.486879663234687303e-05
1.452092323448898404e-05
1.388812431624112039e-05
1.367301815788735839e-05
1.318492501598264246e-05
1.271873525594349006e-05
1.255567947966663665e-05
1.202018171251170474e-05
1.187276671137719829e-05
1.147209769430482442e-05
1.127138871931894140e-05
1.103304553550660509e-05
1.087274491943736980e-05
1.047008877934059024e-05
1.039402452799869892e-05
9.616401900987090335e-06
9.590754732990827214e-06
9.297362101723924939e-06
9.016343921225547032e-06
8.956902346875915495e-06
8.435993068425784029e-06
8.152560614643950177e-06
7.659776868239931682e-06
7.499415604736744172e-06
7.027652963175032809e-06
6.933208646583149343e-06
6.884876127654511086e-06
6.445873803324609633e-06
6.350796791288990003e-06
6.031344977443700590e-06
5.831914796742491196e-06
5.503649875152634380e-06
5.186943803844551162e-06
5.003278350120794147e-06
4.899221396947541599e-06
4.817287774605804248e-06
4.625849992427616018e-06
4.594400182346697816e-06
4.247119903151293903e-06
4.147131599798627161e-06
4.034770990315009762e-06
3.860563475826283711e-06
3.649518692488268753e-06
3.433045385211005848e-06
3.375819632753957577e-06
3.127709582194129746e-06
3.053913887525050921e-06
2.892524585891042634e-06
2.831189151112646303e-06
2.637706445266002380e-06
2.619642625456667454e-06
2.510336652667818454e-06
2.424082944295565130e-06
2.298793997979840990e-06
2.202302288105043423e-06
2.161763575529340006e-06
1.939036022013164163e-06
1.828524172962871437e-06
1.816675761577988351e-06
1.619185445088689143e-06
1.553948722394703786e-06
1.429906922302259871e-06
1.373618740053109041e-06
1.289565061669538361e-06
1.239994795364149262e-06
1.067637326998835053e-06
9.432772791172204557e-07
9.209543400222225629e-07
7.824229029858427805e-07
6.291691446608913494e-07
5.915336243721375403e-07
5.131554167904537588e-07
4.706895870956377213e-07
3.764334492123217329e-07
3.187882801668120933e-07
2.654174313278936557e-07
1.587843189908954480e-07
8.074133141939342608e-08
5.059201789868247143e-08
6.367587105032959175e-09
1.007152060736622058e-19
3.243405709033407679e-21
-2.990268119463052326e-08
-1.166477495398830538e-07
-1.347784969566108106e-07
-2.123023043803750558e-07
-2.477491387066519284e-07
-3.064029666357518579e-07
-3.442322627713872462e-07
-4.627151855095434234e-07
-5.055200213619639258e-07
-6.050430837053227836e-07
-7.676758035591298083e-07
-8.103885896151765338e-07
-9.096258297529441407e-07
-9.251092708796406476e-07
-1.131683240379183702e-06
-1.183128020769163459e-06
-1.257712239563435172e-06
-1.420826172900870449e-06
-1.470656587211618393e-06
-1.743482081591631150e-06
-1.853526983046678572e-06
-1.992788812329802731e-06
-2.345304388960074629e-06
-2.479591657856917040e-06
-2.568395150689561719e-06
-2.652137975400503214e-06
-2.712324295467416914e-06
-3.056629616078146788e-06
-3.185068624278855432e-06
-3.297450153570301886e-06
-3.593139852448660321e-06
-3.685167097141318409e-06
-4.005475013113636153e-06
-4.234607446798749725e-06
-4.559677193940876898e-06
-4.800914248814860173e-06
-5.269919319829865734e-06
-5.362338957214329049e-06
-5.562548586902822305e-06
-5.806158230839445104e-06
-6.017633162943230064e-06
-6.231256208487049367e-06
-6.364637211509788052e-06
-6.593888896538330140e-06
-7.015817301800965998e-06
-7.332950229943345369e-06
-7.803814567650571007e-06
-8.100117072949976091e-06
-8.173601813271017178e-06
-8.533259575138957132e-06
-9.291933884707529603e-06
-9.548997540283708966e-06
-9.959053405919646046e-06
-1.056907624567942913e-05
-1.069243820683359752e-05
-1.127230184437841871e-05
-1.164851870566935162e-05
-1.254638595652837422e-05
-1.272088429215873463e-05
-1.310833957903833759e-05
-1.347230214980517324e-05
-1.400203982953847864e-05
-1.461827882099921185e-05
-1.532569917617565520e-05
-1.591510301239056839e-05
-1.685607866302710724e-05
-1.703307565510836592e-05
-1.764463432956914592e-05
-1.885073603471756380e-05
-1.899143957359538312e-05
-1.966799155249922962e-05
-1.977624193208560001e-05
-2.058573278892267134e-05
-2.177274699506158209e-05
-2.253803069593502114e-05
-2.285876687367154636e-05
-2.408394336633783221e-05
-2.480924416176891024e-05
-2.632869607900795012e-05
-2.706458849584348760e-05
-2.732343741062902780e-05
-2.810463665085391677e-05
-2.908014567792063337e-05
-3.099408802701930995e-05
-3.129198341428486964e-05
-3.201255617811395133e-05
-3.314336761216528154e-05
-3.361936537143368786e-05
-3.682671756569913697e-05
-3.782744144637283968e-05
-3.867533017365106570e-05
-3.997147232468346840e-05
-4.212242606595331874e-05
-4.321828825350369969e-05
-4.430994260544074192e-05
-4.587521470732656769e-05
-4.775695655667622946e-05
-4.918037884898857770e-05
-5.036971773801423658e-05
-5.285633469292166925e-05
-5.364806937022866944e-05
-5.605354877203221764e-05
-5.759846664246354126e-05
-6.129284604098251979e-05
-6.338912695734845535e-05
-6.433205027779762485e-05
-6.608056912808240734e-05
-6.889752027859569270e-05
-7.035527932991015416e-05
-7.159356359380812836e-05
-7.323325137257497193e-05
-7.550223470359843092e-05
-7.828519702392629448e-05
-8.127327294222274365e-05
-8.567374597163714091e-05
-8.638921091266180900e-05
-8.691449625346917333e-05
-9.373102120673584478e-05
-9.799054285840563643e-05
-1.028449830097646591e-04
-1.054390483011271272e-04
-1.102630587313362391e-04
-1.147199257944856127e-04
-1.159748035400768684e-04
-1.206710613604607363e-04
-1.219086127904340768e-04
-1.241263741861876608e-04
-1.310393293297044341e-04
-1.336867370933282075e-04
-1.379870051107046438e-04
-1.390290634824530047e-04
-1.499328259826822622e-04
-1.534195756873893500e-04
-1.565193786855496709e-04
-1.581927434323764569e-04
-1.652638620278220824e-04
-1.681287354854514864e-04
-1.718589831207450981e-04
-1.757088252887198019e-04
-1.809354296933048513e-04
-1.846689113351342843e-04
-1.940486711782489883e-04
-1.948830322283115696e-04
-2.108049506949627591e-04
-2.150132910528142107e-04
-2.256389893555506472e-04
-2.394863387088471470e-04
-2.487077084061502306e-04
-2.549499893470541794e-04
-2.579859576653309515e-04
-2.629049828131565982e-04
-2.747374626412817794e-04
-2.924334081083387188e-04
-3.045188809331906936e-04
-3.194813254304847377e-04
-3.226974233701853084e-04
-3.336598209356383005e-04
-3.537630667520261013e-04
-3.780636958637171143e-04
-3.930780640490547356e-04
-4.036243029976341410e-04
-4.209455139555548617e-04
-4.281450598671015660e-04
-4.439483078779815715e-04
-4.776267770822673867e-04
-5.147016802362295446e-04
-5.177231347721486174e-04
-5.716295519088050465e-04
-5.854175499708420567e-04
-6.183835833965595956e-04
-6.335661442507252005e-04
-6.489496865246937663e-04
-7.346035672197757200e-04
-7.572770756940243927e-04
-8.888526303865069717e-04
-9.475202608820361156e-04
-1.014406927122927290e-03
-1.074751451366771958e-03
-1.221175523008158825e-03
-1.612718231052381402e-03
-1.861365022207198128e-03
