2.413956687834529005e-03
2.168403355614244819e-03
1.644525969069491082e-03
1.441226501776043771e-03
1.327142818538992785e-03
1.188409506091939270e-03
1.123511575620113638e-03
1.064282818846691786e-03
1.012807865241303852e-03
9.635247397811376067e-04
8.923556947128539248e-04
8.104269599070593796e-04
8.039205718892683235e-04
7.276867961985025940e-04
7.034928165735022899e-04
6.432456108565371995e-04
6.189021619758484829e-04
5.985455679560643637e-04
5.721728309452229176e-04
5.442701366854552905e-04
5.250850285272437232e-04
5.025047871317849619e-04
4.882388045517519859e-04
4.648576767164117464e-04
4.560749696365096998e-04
4.481732562877461319e-04
4.196372279987490520e-04
4.067825957813208802e-04
3.977881041285465991e-04
3.764295860947673472e-04
3.568130254028028950e-04
3.537579812878457477e-04
3.405375944065457627e-04
3.233196104950413732e-04
3.104190650842157781e-04
3.006014541244593952e-04
2.866044042244771150e-04
2.748931489853759149e-04
2.682924794409569861e-04
2.607249263160129824e-04
2.482138289061970485e-04
2.408447222542701852e-04
2.272812653991869425e-04
2.258865205556082880e-04
2.105463459291910674e-04
2.083037680671819187e-04
2.013813227487932015e-04
1.977597826642226721e-04
1.929059793406837954e-04
1.887199896874716307e-04
1.848182036116808246e-04
1.814165847483864297e-04
1.801478609642593806e-04
1.778595825627275696e-04
1.747637782226837033e-04
1.642764682358715817e-04
1.635149291397072508e-04
1.517619511336558706e-04
1.458094114374285327e-04
1.426086337486067216e-04
1.365437528923991518e-04
1.333890324158770908e-04
1.283419843508044498e-04
1.270658465388286099e-04
1.219759498311555514e-04
1.172269093996732605e-04
1.130653028940357426e-04
1.106692793570361816e-04
1.064408339058524019e-04
1.028129136984782372e-04
1.016014917283649001e-04
9.671630814927798599e-05
9.483551356947860650e-05
9.179197774256418795e-05
9.091300531293797118e-05
8.830537353622427955e-05
8.359826046736028077e-05
8.049326235576233527e-05
7.820648748498582590e-05
7.775695790132067470e-05
7.497858910612064201e-05
7.385994979149312033e-05
7.163976681876784922e-05
6.706486247184874783e-05
6.521029199881949985e-05
6.357169604659536604e-05
5.941424758292289691e-05
5.848685782549179461e-05
5.562923698781112861e-05
5.375869965164318311e-05
5.204377432519984855e-05
5.070492303848580856e-05
4.854428850481507798e-05
4.742156914821396265e-05
4.665275581263870537e-05
4.578899570785696828e-05
4.286753587754013129e-05
4.148986548600272592e-05
3.860460297698593986e-05
3.779178951428386983e-05
3.759793963917434304e-05
3.628181537386652934e-05
3.517326980710397611e-05
3.443352359401447975e-05
3.363392982117475522e-05
3.181908306151028765e-05
3.124496773141304440e-05
3.094092578899160245e-05
2.871860538572521790e-05
2.814170283378558988e-05
2.720636194863961885e-05
2.692601761700808498e-05
2.624805219333414772e-05
2.513833752376864111e-05
2.478836650627485029e-05
2.364904974392143187e-05
2.283724986990197237e-05
2.226714109980410100e-05
2.109197221324058926e-05
2.052503715090202516e-05
1.973653467091054478e-05
1.945472787146703474e-05
1.862059051262944073e-05
1.778658811543472131e-05
1.727554336556350444e-05
1.694926964531566163e-05
1.587498757031532417e-05
1.536698290286856074e-05
1.503228887844097694e-05
1.451657934703554298e-05
1.372129530244644262e-05
1.305345040332380399e-05
1.284321468169394139e-05
1.222928419774904830e-05
1.160425316268893355e-05
1.125656623685841015e-05
1.095773701018309245e-05
1.060156406035706920e-05
1.022356533926748579e-05
9.854454545690713034e-06
9.159581719209621817e-06
8.641106343494881520e-06
8.399004653091399314e-06
8.038833733698392517e-06
7.768590353360332567e-06
7.401040927095987334e-06
6.888942593165257869e-06
6.839531825196042437e-06
6.326821857290565458e-06
6.097460851017086385e-06
5.878282081861443324e-06
5.529523271760260760e-06
5.146860975696233350e-06
4.993705600790004046e-06
4.866056313428209153e-06
4.629032157544314948e-06
4.399433059463351937e-06
4.290733705144733401e-06
3.795876036697922373e-06
3.554315293371380217e-06
3.373475784885843371e-06
3.186950512078941979e-06
3.084551839101918786e-06
2.986110269968101450e-06
2.868669865480949977e-06
2.655038963918862169e-06
2.489060617613301184e-06
2.236609004127510594e-06
2.159161482065572045e-06
2.057890836957695289e-06
1.782606593961042710e-06
1.661865685513301604e-06
1.553662461119926032e-06
1.297464758926119276e-06
1.278927851008373838e-06
1.246074255364229160e-06
1.106368698188609318e-06
9.706941623751473738e-07
8.987207977983475277e-07
7.967320959252274199e-07
6.640506172192252908e-07
6.217240901885126333e-07
5.925042780951642563e-07
4.819678144977530139e-07
3.756361455837902341e-07
3.145953975453096502e-07
2.978601171064409090e-07
2.617081920419580268e-07
1.367056307681797000e-07
2.342925977438199903e-09
-1.566348471608317256e-21
-4.864360405543696291e-21
-1.493909500269235988e-08
-4.483523582851270050e-08
-1.013033749256490106e-07
-1.582614248608815849e-07
-2.165324607755157824e-07
-2.469749942271997577e-07
-2.579966733049220232e-07
-3.722168769630395925e-07
-5.282637718375891266e-07
-5.443799776107149149e-07
-6.128747441265567394e-07
-7.581704966974278885e-07
-8.091342695578101800e-07
-9.093706124767415286e-07
-1.053111924782809615e-06
-1.126743936401320055e-06
-1.196895733169540007e-06
-1.275838703351486726e-06
-1.368946912856411357e-06
-1.444861378749165918e-06
-1.650186327379019238e-06
-1.710081010645335220e-06
-1.742766553332520330e-06
-1.871515917722510241e-06
-1.998427077478189559e-06
-2.062083095536390288e-06
-2.174483472712309255e-06
-2.249027856407599686e-06
-2.338744569541284488e-06
-2.484693596817395441e-06
-2.636908250717289705e-06
-2.764762834134765747e-06
-2.866659166508300568e-06
-2.946894378963317699e-06
-3.067030861305083541e-06
-3.313282650287292040e-06
-3.510822213288660697e-06
-3.591805111834443999e-06
-3.701480497498235293e-06
-3.847949070695607548e-06
-4.145272973636925623e-06
-4.300132989196335298e-06
-4.560909779899321808e-06
-4.599838997019118694e-06
-4.749422062450917556e-06
-4.895605053398590613e-06
-5.322299535055686024e-06
-5.453283869778801675e-06
-5.687787137183895322e-06
-5.746636745173358796e-06
-5.943344015700592406e-06
-6.146506082879569363e-06
-6.203295868259267693e-06
-6.509966106739807055e-06
-6.853442358396653692e-06
-7.218492977024124180e-06
-7.734417488764819005e-06
-7.922197355239177515e-06
-8.253106764197450359e-06
-8.494098599478732241e-06
-8.762051417122184276e-06
-8.942917459667672322e-06
-9.128529957137130471e-06
-9.552071502570661930e-06
-9.643036500582727002e-06
-1.017051292742321775e-05
-1.055082534493643673e-05
-1.073350640881134086e-05
-1.082229439317472343e-05
-1.119474453851012743e-05
-1.127838100168871941e-05
-1.168352396940388738e-05
-1.176537941725189259e-05
-1.219499497305500505e-05
-1.237801638341764033e-05
-1.269907659544291099e-05
-1.336003210664275760e-05
-1.383197243943629604e-05
-1.393696007292554669e-05
-1.479923188251075318e-05
-1.511629338067187387e-05
-1.542994004138219667e-05
-1.589038246852444709e-05
-1.629177349228763588e-05
-1.664988441305119947e-05
-1.756835326919420009e-05
-1.780354088248959664e-05
-1.790957151274365217e-05
-1.859329827227146136e-05
-1.918371238691603782e-05
-1.973739114820029003e-05
-1.985372415823197684e-05
-2.060292837901648522e-05
-2.103665014630755502e-05
-2.147135748965688020e-05
-2.153522067855744839e-05
-2.199745832200918278e-05
-2.283449756419493249e-05
-2.331455707595216136e-05
-2.402057546292082918e-05
-2.509232928310659984e-05
-2.562931909135970725e-05
-2.626394933548376862e-05
-2.636592846567537121e-05
-2.678105968901661106e-05
-2.845806986305614723e-05
-2.881667054210618810e-05
-2.971025512698601329e-05
-3.000376062233269705e-05
-3.080087796549055464e-05
-3.162595362352325641e-05
-3.207097295999858909e-05
-3.337764533828146599e-05
-3.406526966906867803e-05
-3.459615863819834054e-05
-3.538652440021795463e-05
-3.662292444026003508e-05
-3.722024229757550325e-05
-3.856484926610072094e-05
-3.970189415293367944e-05
-4.167961866654983918e-05
-4.182654327073889706e-05
-4.322434344234544324e-05
-4.375514923739998201e-05
-4.469616108515956840e-05
-4.593254223443760088e-05
-4.688778893672715907e-05
-4.922339184241023691e-05
-5.025772888647836515e-05
-5.091949611525741469e-05
-5.195203316736417303e-05
-5.390579955159912289e-05
-5.473865548733176830e-05
-5.577204316628529162e-05
-5.625849210302123087e-05
-5.832017069930736788e-05
-5.983061006378534522e-05
-6.013483365492058516e-05
-6.261804891093980822e-05
-6.416043828481426655e-05
-6.631027425523064759e-05
-6.726802462926740982e-05
-6.994812013496301453e-05
-7.064464131476778041e-05
-7.287510317036841685e-05
-7.364124223206935894e-05
-7.534453452328392716e-05
-7.751918102381100020e-05
-7.882727031050846970e-05
-8.110681392156880709e-05
-8.333014416134089505e-05
-8.460652401497146603e-05
-8.545114856605998620e-05
-8.996493172279423521e-05
-9.151859850950984300e-05
-9.290906574486141960e-05
-9.494732656176003917e-05
-9.758437745581494181e-05
-9.979093032369804777e-05
-1.032348917432476386e-04
-1.034626362845725631e-04
-1.062806675255192001e-04
-1.099358873259187794e-04
-1.120655270124917033e-04
-1.157680647710129823e-04
-1.203687370897377125e-04
-1.209073318836886217e-04
-1.219989741763810359e-04
-1.242216357619840893e-04
-1.259686454675869966e-04
-1.262855967787087676e-04
-1.308227370034523282e-04
-1.357369123272820696e-04
-1.387657908126299297e-04
-1.421890623157021083e-04
-1.427371502396338431e-04
-1.485738470206025169e-04
-1.550311567710059807e-04
-1.579895839212974175e-04
-1.607247033799481730e-04
-1.663179146397276173e-04
-1.677851548038576874e-04
-1.710150926605409985e-04
-1.785453881402145819e-04
-1.840206197333114793e-04
-1.858565159787163275e-04
-1.879052643757905307e-04
-1.926771105190373205e-04
-1.954073042083523913e-04
-1.989338252481875360e-04
-2.033462877263874757e-04
-2.113758291116124024e-04
-2.132115964261853110e-04
-2.273769533446736303e-04
-2.300375063599883292e-04
-2.347150966570891843e-04
-2.463322010041107480e-04
-2.529752280133305028e-04
-2.592312960388492085e-04
-2.605831175752897771e-04
-2.644887344648235469e-04
-2.744731518546455161e-04
-2.832842419511431690e-04
-2.884883879118508546e-04
-2.955775582665360192e-04
-3.004399644334318801e-04
-3.090786585823326145e-04
-3.169793512815592901e-04
-3.267765161290365670e-04
-3.292085890325883806e-04
-3.474837957185971803e-04
-3.553301742184634417e-04
-3.638747759248893692e-04
-3.804554940606006200e-04
-3.890622711910180160e-04
-3.928217620553098180e-04
-4.111728849152267206e-04
-4.265756625959150937e-04
-4.311046131758303939e-04
-4.533722068915150508e-04
-4.686603805344549418e-04
-4.713609859750622156e-04
-5.018421723632758439e-04
-5.100367604859636517e-04
-5.351479098674855311e-04
-5.445755667262829232e-04
-5.740649865638118706e-04
-5.921564617496848613e-04
-6.250400101980466095e-04
-6.614879429228420109e-04
-6.836957688780389338e-04
-6.872784412336282360e-04
-7.082776665470077960e-04
-7.557260922010466779e-04
-7.976783236501807815e-04
-8.205889493956015478e-04
-8.593403985598205589e-04
-8.705075984165845876e-04
-8.755815623626194213e-04
-9.026578219213390007e-04
-1.022669485460706061e-03
-1.052448082467404315e-03
-1.195408444571800614e-03
-1.240661059994516190e-03
-1.291081015335903250e-03
-1.353723317976671071e-03
-1.620859889228937331e-03
-1.696554399052945710e-03
-1.728864523148920329e-03
