1.320895177423822694e-03
1.287836800128449709e-03
1.248510042821122067e-03
1.158753275747645634e-03
1.119485182894492011e-03
1.103960277932576877e-03
1.070169383250257206e-03
1.038370888018390207e-03
1.008162642540173575e-03
9.848728122479760445e-04
9.717288460771485994e-04
9.523193311051097749e-04
9.310151776628875376e-04
9.102772884296176726e-04
9.069457846301753239e-04
8.244183347300299827e-04
8.138724610533137893e-04
8.092063969833033577e-04
7.804231428253422974e-04
7.666479586149377214e-04
7.461442277635855699e-04
7.218541706007974498e-04
6.996771911584648198e-04
6.833937142545030031e-04
6.634710353703530267e-04
6.485737104260955004e-04
6.378833002660610433e-04
6.229603126511367361e-04
6.081718846872594467e-04
5.868253543669563720e-04
5.816695646047249967e-04
5.706418061568973004e-04
5.657350760059537452e-04
5.478268554074643268e-04
5.393907829351350701e-04
5.201805157746734829e-04
5.074949499781059893e-04
4.962539602975609733e-04
4.908124335930561834e-04
4.832026635479070632e-04
4.786515396456957733e-04
4.702295007748505829e-04
4.649781136560627031e-04
4.592373101144216988e-04
4.543848211112141836e-04
4.533082702412194074e-04
4.412346475787848506e-04
4.301212255100246053e-04
4.271424441362620399e-04
4.233646239907857666e-04
4.143600115325272223e-04
4.050965785124020172e-04
3.980690216931882341e-04
3.953669222225382127e-04
3.903264221754831334e-04
3.780255745045672778e-04
3.746784118046243969e-04
3.648981338723516826e-04
3.635374547454969405e-04
3.608595645602337356e-04
3.548111321651032041e-04
3.495172952217556598e-04
3.476758418779845694e-04
3.356722577021670271e-04
3.264477395563654210e-04
3.211527616623769993e-04
3.171862489991207016e-04
3.138869234672017790e-04
3.121501267125315515e-04
3.044264997300210923e-04
2.986916821636309929e-04
2.907983956091190754e-04
2.875371612298306288e-04
2.822676197040281101e-04
2.810182084808496208e-04
2.718449781326277175e-04
2.696459948699717209e-04
2.652153747905282711e-04
2.626926627970969084e-04
2.591472633546269963e-04
2.514224305162134510e-04
2.508445962835346055e-04
2.467163968776497364e-04
2.432718063471742348e-04
2.396599076925709851e-04
2.353991909112164828e-04
2.329927024363620688e-04
2.298935577662879388e-04
2.291321023942532878e-04
2.282733333506200310e-04
2.221115142948627071e-04
2.164613642655590004e-04
2.133513975173781971e-04
2.083641851416576194e-04
2.060268257593767796e-04
2.049953933275093683e-04
2.021870061570832193e-04
2.004529323942602680e-04
1.970936275196637189e-04
1.924472951310122353e-04
1.872631237101120456e-04
1.863337617850836152e-04
1.826655647079825377e-04
1.814461944146229474e-04
1.781740639814278679e-04
1.745115649581074468e-04
1.729065113968151547e-04
1.721284647114636895e-04
1.713586576187463588e-04
1.696205021050656064e-04
1.661146309988718081e-04
1.633276447355164706e-04
1.626411529327506818e-04
1.613067519602070230e-04
1.593287602923239743e-04
1.587072719168984049e-04
1.542489133510427509e-04
1.534458076537217257e-04
1.496392281845186926e-04
1.442744774757997648e-04
1.412512235771111230e-04
1.405617592590579807e-04
1.393616289027074275e-04
1.389424498626814749e-04
1.381772897034708094e-04
1.357575860771215886e-04
1.324503634405291307e-04
1.296447171251884631e-04
1.288230935458435666e-04
1.258042722739716017e-04
1.256937140185349078e-04
1.240366136710630788e-04
1.225562182207076819e-04
1.208714167728442248e-04
1.174887404201076013e-04
1.168498086283039299e-04
1.154193751944439819e-04
1.124806927773338520e-04
1.113086393639731408e-04
1.100060051036328248e-04
1.083181890349929833e-04
1.080124144841051954e-04
1.069001660228266812e-04
1.058544327620672908e-04
1.044494315811058977e-04
1.040905855808046997e-04
1.032187087350979127e-04
1.012134316313622657e-04
9.934821562848106539e-05
9.737125291510571499e-05
9.609678492952297279e-05
9.457336296280150151e-05
9.080108466226369072e-05
9.001038636884689677e-05
8.839462451068002093e-05
8.702738622316741281e-05
8.667259824559745589e-05
8.547403289839389056e-05
8.465886934892607335e-05
8.285300624505483513e-05
8.140474847763831602e-05
8.116060343979059728e-05
8.046289866307066536e-05
7.981269186602536845e-05
7.780315430865046599e-05
7.702996107069876985e-05
7.533118682842500531e-05
7.449810823906787265e-05
7.317389790214602618e-05
7.154744866129322822e-05
6.951190949880776081e-05
6.905071249880710346e-05
6.821934261678394811e-05
6.772844543750876334e-05
6.622267017347851061e-05
6.568824390026852412e-05
6.468802200561373612e-05
6.415272938325463194e-05
6.281265405175334379e-05
6.201825746055920766e-05
6.159543124475787604e-05
6.105194920933356578e-05
6.053463247894143990e-05
5.948525776128249639e-05
5.721005064044577159e-05
5.703785161957802862e-05
5.645896959305908764e-05
5.524799468722112064e-05
5.442640619127701499e-05
5.295593330751725890e-05
5.282097642768250248e-05
5.248635390374229527e-05
5.084884938957812752e-05
4.990549035211803817e-05
4.951935194204249661e-05
4.873581898209997847e-05
4.769913196191445063e-05
4.658483381797397618e-05
4.579931647192781927e-05
4.523959523245136622e-05
4.469830004959342529e-05
4.426970226953719288e-05
4.335139686874985769e-05
4.281296185928279012e-05
4.278772176305479515e-05
4.199793021035217762e-05
4.140500917411690454e-05
4.106394894993409733e-05
4.030219836085201023e-05
3.971115764972069735e-05
3.901544794615449891e-05
3.895122398632811542e-05
3.767173649570162324e-05
3.742297667171705448e-05
3.683927406391765544e-05
3.665195398311492158e-05
3.598470890572767837e-05
3.569240605144090084e-05
3.487823859782052441e-05
3.424599513262466830e-05
3.373255252635938372e-05
3.358724153439991830e-05
3.330108773559994543e-05
3.186230937290686436e-05
3.162088119021087276e-05
3.110240802435593514e-05
2.984938767182154646e-05
2.958452701927643863e-05
2.928614701954062243e-05
2.911128719120253074e-05
2.899954056053516779e-05
2.862006514133262589e-05
2.813154497078963482e-05
2.755779814220553938e-05
2.685912183972957422e-05
2.607602837579335223e-05
2.569388816210856232e-05
2.539442219326864481e-05
2.520771912578324194e-05
2.496903447770802950e-05
2.435499450639552367e-05
2.395333739684093726e-05
2.365663020455188907e-05
2.311822203366247356e-05
2.304456764222941265e-05
2.289318450004201679e-05
2.229923987691523785e-05
2.183964417452284847e-05
2.158454519515379187e-05
2.154712911773077469e-05
2.108700317122838257e-05
2.047079656652698175e-05
2.016048419294094325e-05
2.007625010558558364e-05
1.977422124131007314e-05
1.947767496437996724e-05
1.908059806874107345e-05
1.886446545599265498e-05
1.851509212791042141e-05
1.845932043075193001e-05
1.784963753845663945e-05
1.776777128124274510e-05
1.737157343084853750e-05
1.714699966015467789e-05
1.708690015799748662e-05
1.682120751526807178e-05
1.648704380721895723e-05
1.641487080860279369e-05
1.603162369963538785e-05
1.587554869455981563e-05
1.567094820413524926e-05
1.531340333494396255e-05
1.505070577066829896e-05
1.474651700171573301e-05
1.459260880170169724e-05
1.441429035565138025e-05
1.426307120214149030e-05
1.371715149720147469e-05
1.340608816591336708e-05
1.326892442567390884e-05
1.295764022268583309e-05
1.284123388517458193e-05
1.249965981245158996e-05
1.240206705848816114e-05
1.221010710768572213e-05
1.214781309123137396e-05
1.191290191077475166e-05
1.149180857796295609e-05
1.133749609936874713e-05
1.110185721242585997e-05
1.102981268771156931e-05
1.075172827695808700e-05
1.062516557831143517e-05
1.051357788570571286e-05
1.047689571078900475e-05
1.015767145833324624e-05
1.009670150679746330e-05
9.922715316895667844e-06
9.750018613417352935e-06
9.337012014583445917e-06
9.308319365003580554e-06
9.059249565031833753e-06
9.032345130766563892e-06
8.911705050194300095e-06
8.616016841616278902e-06
8.536057117444891009e-06
8.329922608559706162e-06
8.108037026727191735e-06
7.973759062550941296e-06
7.902347357601187007e-06
7.627703077471843814e-06
7.481391187455214528e-06
7.345716421951310316e-06
7.283639917961477986e-06
7.155764899843765938e-06
6.954457596358695576e-06
6.906540683175176736e-06
6.752803660661627705e-06
6.687939381622969415e-06
6.464545441211135337e-06
6.387151758268285973e-06
6.122806333733805029e-06
6.104481589909232886e-06
5.966616711404658901e-06
5.851793107248178231e-06
5.788771833965213690e-06
5.470999108989230669e-06
5.406107590931089539e-06
5.129334637889402732e-06
5.076983405966160184e-06
5.020010720626095555e-06
4.873896709443623197e-06
4.747374793226962480e-06
4.734428975514931351e-06
4.573466346953015427e-06
4.516930323812138467e-06
4.442944636178473211e-06
4.412949658228728605e-06
4.301318315091650084e-06
4.254604449415696917e-06
4.131197814617207762e-06
3.966218790173036980e-06
3.864668831692121359e-06
3.706853899340795433e-06
3.625257460571567770e-06
3.452512537917499347e-06
3.415670580262211938e-06
3.348779521062097424e-06
3.298456842899106617e-06
3.178770722710435174e-06
3.125445845269829903e-06
3.012012184711654495e-06
3.002994009866180190e-06
2.835798965206252072e-06
2.775845220124542950e-06
2.754497276668694310e-06
2.628848229261855649e-06
2.490847660473735391e-06
2.371262001378376578e-06
2.350814736135829455e-06
2.232165263756285098e-06
2.050089949492600411e-06
2.033289584617799565e-06
1.947534203197617944e-06
1.847312966073866251e-06
1.770013575684550432e-06
1.722539533435253986e-06
1.710385367756200026e-06
1.619987267884386493e-06
1.541815379151985442e-06
1.534491182649163375e-06
1.390811551014713345e-06
1.357734616554580778e-06
1.214018265396014181e-06
1.184127418326589812e-06
1.090722736907563286e-06
9.411398329715692847e-07
8.337463343571587485e-07
7.125875071096221170e-07
7.016598064663317479e-07
6.604215152047543036e-07
5.622010938479325353e-07
5.426837423147427339e-07
4.344945664201719785e-07
3.086002824666610111e-07
2.469990890333211171e-07
2.235700962356364003e-07
1.865519315145041470e-07
1.746276052349197607e-07
1.433334252706604152e-07
7.678451586768920549e-08
4.764585173537086106e-08
3.441260149822834013e-08
1.432746576784914835e-08
2.876594172185451768e-09
9.852365878833812582e-22
-1.323526088591573912e-20
-1.527128541876536301e-08
-2.583745657776580036e-08
-3.541424465413348247e-08
-5.677941555907949607e-08
-9.343711304440660666e-08
-1.342158286431842250e-07
-1.432922802431745236e-07
-1.858293724256016722e-07
-2.054869081876725665e-07
-2.339796897645814812e-07
-2.373040176328473530e-07
-2.632730919651792107e-07
-3.038932477190947379e-07
-3.505278461785705043e-07
-3.853312208817880874e-07
-4.403479812541955179e-07
-4.686955888136254298e-07
-5.199553051293286639e-07
-5.640342553934801347e-07
-8.092450045466173659e-07
-8.588978741163578280e-07
-1.026956069374575400e-06
-1.200550316463061658e-06
-1.343609016743485105e-06
-1.531235937164343315e-06
-1.740077799988785087e-06
-2.513740597876269934e-06
-2.643479848330244523e-06
-2.807656957991065668e-06
-3.360638855572164487e-06
-3.707963864784909545e-06
-4.376681618080604482e-06
-5.942126955643156230e-06
-6.307628612238079359e-06
-6.756804430519252819e-06
-6.913635585356843108e-06
-3.201468400698045935e-05
-3.301783759590414007e-05
-3.709792085136465076e-05
-4.008743418196556536e-05
-4.099032674643477163e-05
-4.694081965048976833e-05
-5.808341675742560690e-05
-5.916348177322202018e-05
