4.252427385446126869e-03
4.180318153050647384e-03
3.008105185185086950e-03
1.306214252121359149e-03
9.500498949536637051e-04
8.355920179498809667e-04
7.676776071389501471e-04
4.937501454356050135e-04
4.200813476593514401e-04
4.076367029967460057e-04
3.720346353789505530e-04
3.545359449169855378e-04
2.495718063463722952e-04
2.431589660075346979e-04
2.177487140090918444e-04
2.072250904483480391e-04
1.955782239901231244e-04
1.927925925253069837e-04
1.819316285736250654e-04
1.658650575852032194e-04
1.436961920438299635e-04
1.218210757225936393e-04
1.059404874486213487e-04
7.677752404625646284e-05
2.998002178449340636e-05
3.212656575949578826e-18
2.040391942594729821e-18
1.677980749356342471e-18
1.479291236912521725e-18
1.398870555950584168e-18
1.379636318512946699e-18
1.314203475056547830e-18
1.285713573021132117e-18
1.260469357376370787e-18
1.228146419453500238e-18
1.181078413791743498e-18
1.157921636426529894e-18
1.121402833082359518e-18
1.119071041790767905e-18
1.088083593198006791e-18
1.067314083399258514e-18
1.006254905879440007e-18
9.942044967845268693e-19
9.716239689725451474e-19
9.542764852281686646e-19
9.440007330413852325e-19
9.245322110827686867e-19
9.125275926634455213e-19
8.889792709422580793e-19
8.626451902581590643e-19
8.486549098194044180e-19
8.360849855440918725e-19
8.171518829685252939e-19
8.096919809378467085e-19
7.695371129815868264e-19
7.411651425533758271e-19
7.348239346094123800e-19
7.288317344885987742e-19
7.170658820027927137e-19
7.114560502811732048e-19
7.010515557254133714e-19
6.847280450220747035e-19
6.709942479893069391e-19
6.635574735601095961e-19
6.549219646842858997e-19
6.503624458803105852e-19
6.267960239792430159e-19
6.130085108770838140e-19
6.048776977726708967e-19
5.949062533102392196e-19
5.824599033055004597e-19
5.784360939799567977e-19
5.682932267842989884e-19
5.597282687643545856e-19
5.551498921674036919e-19
5.502994687539883029e-19
5.365684332296572010e-19
5.328736124636998691e-19
5.280403770847070118e-19
5.205840854793508319e-19
5.103502183848318218e-19
5.006044140636136040e-19
4.882701662494534177e-19
4.803361276203443466e-19
4.674395436900346073e-19
4.637080332304725348e-19
4.611200662746854927e-19
4.407058401217290995e-19
4.374357034718972534e-19
4.328110345853638307e-19
4.274380215923627640e-19
4.212408928157197599e-19
4.128895462997747601e-19
4.116278677687521085e-19
3.987342313875973435e-19
3.975523633423627552e-19
3.924007186437794875e-19
3.922341288325055164e-19
3.850272933993514678e-19
3.803267020051142503e-19
3.762703109097919748e-19
3.701232131755273053e-19
3.637046905874474720e-19
3.510398985433782017e-19
3.436266366284660974e-19
3.413387187702105519e-19
3.341957795264875654e-19
3.286882039863639702e-19
3.225173067951031882e-19
3.197633431833941628e-19
3.130070463458873336e-19
3.109412957813666582e-19
3.025866018128704469e-19
2.996917736571055486e-19
2.946733349979810725e-19
2.929462990155584197e-19
2.846666817212500456e-19
2.829060819717309413e-19
2.817029380152471890e-19
2.738469050204689027e-19
2.709199369152306435e-19
2.632483805189636738e-19
2.618818275143799787e-19
2.588309652180613146e-19
2.546800047424896477e-19
2.507300881900843970e-19
2.478526972089311404e-19
2.435008351054271570e-19
2.394786978795746901e-19
2.343259123511833167e-19
2.290247517956131439e-19
2.251957650268666675e-19
2.231504551687524530e-19
2.189653316652519371e-19
2.128710268308431227e-19
2.100577451376659018e-19
2.087331172336657377e-19
2.008996351447007490e-19
1.997617856440267312e-19
1.972196436353585671e-19
1.959250355241292866e-19
1.878658980977829575e-19
1.860196411526631614e-19
1.824518780175640710e-19
1.820880238350173928e-19
1.772840714670095150e-19
1.740376266784087047e-19
1.708016985858215751e-19
1.690940727148019737e-19
1.662145534978557344e-19
1.626906403977349258e-19
1.601423691582846873e-19
1.577999225613612569e-19
1.563960018694739270e-19
1.543546930478414483e-19
1.494685072624300033e-19
1.482541959119361584e-19
1.435955916605478271e-19
1.370664869992296925e-19
1.338861828827154320e-19
1.318221073465216624e-19
1.314090336009077176e-19
1.293993957565471651e-19
1.265199406283046712e-19
1.217410602638102558e-19
1.196725079677413422e-19
1.176597738437626571e-19
1.152408033072877436e-19
1.146074811551321509e-19
1.077571932616295556e-19
1.071478545036944909e-19
1.044572812694003950e-19
1.013775060241715977e-19
1.007041364499589529e-19
1.003000091745677466e-19
9.797520178337812165e-20
9.554469960128889454e-20
9.369989739066070095e-20
8.937025724724359159e-20
8.654142583432980826e-20
8.642388488825183444e-20
8.420884271438156606e-20
8.243464175098865053e-20
7.990754128679105835e-20
7.768314438293491021e-20
7.551518452746695650e-20
7.277836512860404660e-20
7.065386002956988262e-20
6.825008773073493296e-20
6.688592720136676181e-20
6.441807759433029124e-20
6.314177977000459941e-20
6.152429000939200968e-20
6.029420455089720692e-20
5.627815591825576478e-20
5.555118621385838641e-20
5.344794005831742618e-20
5.258293653316099656e-20
5.031446152013152305e-20
4.826758012732072966e-20
4.690894268651834880e-20
4.528727158387890987e-20
4.337893897961520307e-20
4.218486681372917401e-20
3.960673342990677401e-20
3.740184331222191834e-20
3.648055364137028907e-20
3.488144920123713528e-20
3.406441959348289558e-20
3.091426157870267951e-20
2.995350767884005059e-20
2.921969876518559680e-20
2.641746887352074567e-20
2.537634262731463000e-20
2.423366139353589112e-20
2.243645115561786325e-20
1.939251222681680981e-20
1.875347827261091144e-20
1.773724760731639632e-20
1.591157686574819300e-20
1.448158420232202429e-20
1.340245262452570163e-20
1.122995009424034281e-20
1.041619336100655666e-20
7.872661555051001603e-21
7.168203115607008860e-21
6.219613744060713564e-21
5.391262928809526128e-21
4.545125080435572063e-21
3.276478678509375946e-21
2.448561817730413106e-21
6.543276335995452039e-22
1.461314716736717736e-22
-4.729562837146613668e-22
-1.329212904265941369e-21
-1.836913145487689428e-21
-4.208249369198782390e-21
-5.505649274170846435e-21
-5.731735327909757845e-21
-6.957980982960726977e-21
-8.237628931381947231e-21
-9.836726493992271986e-21
-1.149681015732932801e-20
-1.197172303721804517e-20
-1.333630045283298001e-20
-1.577122703062726088e-20
-1.739294387008883775e-20
-1.753455795844246204e-20
-1.874508913186544044e-20
-2.038147481168806478e-20
-2.140837580963298476e-20
-2.360666557241752156e-20
-2.478754033530619865e-20
-2.550852854241086237e-20
-2.717537281525223558e-20
-2.834411147894682808e-20
-2.990589820826274262e-20
-3.068829085650861980e-20
-3.369790563060821706e-20
-3.486988564313044074e-20
-3.719137091879127225e-20
-3.728781581583113249e-20
-3.881070682657025755e-20
-4.254441692170066871e-20
-4.350343968758288729e-20
-4.593707397692826766e-20
-4.792058959843511315e-20
-4.876461883695561847e-20
-5.106564298321877449e-20
-5.274700490222906463e-20
-5.476594163813776666e-20
-5.802775890372481883e-20
-5.988613519391280494e-20
-6.286302576803353382e-20
-6.522445417383359475e-20
-6.619155881563875341e-20
-6.770333033762148936e-20
-7.058119473618221223e-20
-7.219492256189945453e-20
-7.419170971247489368e-20
-7.620971192926486283e-20
-7.854120391179427903e-20
-8.120107558703783310e-20
-8.328386848456731884e-20
-8.500843263649953738e-20
-8.615579304220790693e-20
-8.927725278799075188e-20
-8.984611715850351506e-20
-9.342778253618246621e-20
-9.422022442516246455e-20
-9.576608769867353093e-20
-1.004047633037852559e-19
-1.022157194803797819e-19
-1.050828298403238151e-19
-1.062961809545249431e-19
-1.087804837704875871e-19
-1.103132025430213906e-19
-1.144802139464194169e-19
-1.160903177023244345e-19
-1.184004971996755714e-19
-1.226013140565796604e-19
-1.267205653990767963e-19
-1.271025121124965087e-19
-1.292431321468022422e-19
-1.332470456460708585e-19
-1.351735840350206259e-19
-1.381185703367954704e-19
-1.389461409071469523e-19
-1.445823278680542174e-19
-1.463700167631519396e-19
-1.509353203696892219e-19
-1.517779889314574294e-19
-1.578499894364723772e-19
-1.582549756903057866e-19
-1.599299332395007591e-19
-1.651796600841970733e-19
-1.688833020842505619e-19
-1.712076489643709609e-19
-1.725810989735297383e-19
-1.744588348760073138e-19
-1.786153556638995857e-19
-1.820167409755092999e-19
-1.848999598935831912e-19
-1.890538604134975957e-19
-1.922619271036109660e-19
-1.961134810153806969e-19
-1.987720747837206148e-19
-2.024206555028262390e-19
-2.035125859601973226e-19
-2.065712702580620829e-19
-2.097302425143331620e-19
-2.147737887793388794e-19
-2.174207264698344099e-19
-2.250695236224448360e-19
-2.278210087478248109e-19
-2.289288515685430645e-19
-2.336609490601891485e-19
-2.350929485883468329e-19
-2.423473991644869018e-19
-2.475520807289786238e-19
-2.518718902824490537e-19
-2.532975160106133689e-19
-2.569321608840659398e-19
-2.590177696451169743e-19
-2.654425627884759192e-19
-2.684500182919175484e-19
-2.733949893586745028e-19
-2.809210569334202650e-19
-2.832040317289264106e-19
-2.898954007253698764e-19
-2.902006968733413854e-19
-2.992819904331446880e-19
-2.994612286938448120e-19
-3.029839965552126638e-19
-3.108898798356517240e-19
-3.163744852962788139e-19
-3.182562621936085782e-19
-3.269310835744920006e-19
-3.301318019350778694e-19
-3.321022391606515397e-19
-3.368663058457959016e-19
-3.416516179240586143e-19
-3.494546377370164522e-19
-3.510546603620953867e-19
-3.622913425846778848e-19
-3.704386644153340544e-19
-3.714319346047308933e-19
-3.779805677665018338e-19
-3.884566804784841878e-19
-3.911906509341981236e-19
-4.017036766949690312e-19
-4.054316954280604863e-19
-4.131732113563765350e-19
-4.181666207130112798e-19
-4.250812475416505364e-19
-4.299623722739308551e-19
-4.338430837521483508e-19
-4.359660764780608962e-19
-4.432485342540899147e-19
-4.495964327682480142e-19
-4.548090623715317911e-19
-4.606502942976225716e-19
-4.629189644183601392e-19
-4.734467944846717918e-19
-4.765469890410670745e-19
-4.936520610210361433e-19
-4.964142117877315258e-19
-5.042022946208473858e-19
-5.123082479817055165e-19
-5.271890435755395775e-19
-5.384363214711454349e-19
-5.418648007549918544e-19
-5.441088388656491874e-19
-5.619324942648277173e-19
-5.754777602486919661e-19
-5.839552624266181916e-19
-5.966878916848865635e-19
-6.067725385238061791e-19
-6.113873390066798564e-19
-6.238907875832006155e-19
-6.290835502860151061e-19
-6.426717221866372354e-19
-6.587690882237385725e-19
-6.627274303226042666e-19
-6.738850769185789189e-19
-6.843401059985726078e-19
-6.938275310464365339e-19
-7.029866366410892380e-19
-7.201549900148235543e-19
-7.348805044839219982e-19
-7.461567524438446223e-19
-7.566592685334957437e-19
-7.647686381626446295e-19
-7.799020223207546719e-19
-7.953690586902217817e-19
-8.275572960622587719e-19
-8.311321628093105374e-19
-8.583701176367983476e-19
-9.024151621470402143e-19
-9.225231441277324084e-19
-9.359475507162715447e-19
-9.590043023777021886e-19
-9.795800311570098859e-19
-9.859054311463178549e-19
-1.008124963883113348e-18
-1.022611855389176581e-18
-1.055388902827225803e-18
-1.077567604660414059e-18
-1.093756924318655083e-18
-1.129500088523043022e-18
-1.162883288210112175e-18
-1.190518853401376656e-18
-1.219109474343038530e-18
-1.272581234706218023e-18
-1.314942536548432725e-18
-1.381031063866465940e-18
-1.455484093329760826e-18
-1.483087754919394613e-18
-1.644657742944234911e-18
-2.215798269004105517e-18
-3.860722023345671195e-18
