-3.550862142658638837e-02
-3.076541649816489157e-02
-1.993424969322023232e-02
-1.561795716022204919e-02
-1.443031002434007684e-02
-1.231645584484900025e-02
-1.112675660867242650e-02
-8.978077516554352350e-03
-8.461021641154843620e-03
-7.920433045524158389e-03
-7.342418637973332010e-03
-6.118816448350094042e-03
-5.749417550858986620e-03
-5.263933355325335281e-03
-4.893238529047989720e-03
-4.425006395585379983e-03
-4.241931926812710779e-03
-4.092094774385717990e-03
-3.901569165422116674e-03
-3.709041465941082319e-03
-3.215112118223531663e-03
-3.056983043935760508e-03
-2.801066590402310433e-03
-2.701501133397878496e-03
-2.505935961723403972e-03
-2.386609891010440382e-03
-2.209622674556197854e-03
-2.152777911495754124e-03
-2.039407517230725723e-03
-1.888779212955632230e-03
-1.784933697456679048e-03
-1.725184924969618960e-03
-1.634528898001586612e-03
-1.622132883614688017e-03
-1.581962202084097845e-03
-1.502278814439139730e-03
-1.402635292336899429e-03
-1.328196897179524053e-03
-1.288708234997255333e-03
-1.154447646629524517e-03
-1.089705364561390898e-03
-1.058984403745871165e-03
-1.001319579039588927e-03
-9.779408969561162110e-04
-9.627448151540271472e-04
-9.080249716759374165e-04
-8.790532982182232020e-04
-8.590326257099724664e-04
-8.336821401294744081e-04
-8.035061732047225382e-04
-7.601708446518168133e-04
-7.355801964341594128e-04
-7.027425157526996776e-04
-6.979261065248790587e-04
-6.253503602607542742e-04
-6.224187820586649144e-04
-6.060612903163791962e-04
-5.865517301543952131e-04
-5.595912181276161378e-04
-5.222880731895030533e-04
-5.098611713947628736e-04
-4.938092718641410098e-04
-4.726295100695041213e-04
-4.525986676382880982e-04
-4.489629474004713490e-04
-4.336521394146744947e-04
-4.181624443433382458e-04
-3.937018859230839610e-04
-3.891279040468587666e-04
-3.809452706489926304e-04
-3.612763842095173929e-04
-3.398757467088358848e-04
-3.237097256292116522e-04
-3.161247075642657344e-04
-3.026249606054770883e-04
-2.893415938486180463e-04
-2.848149191525612333e-04
-2.761434824839233810e-04
-2.634100131440069879e-04
-2.520216424596848494e-04
-2.395335920007992650e-04
-2.338852671327852943e-04
-2.226397404803087774e-04
-2.149502552689563841e-04
-2.052092410121750948e-04
-1.987444026771830678e-04
-1.938005653765045052e-04
-1.877841413388149226e-04
-1.757175408593173599e-04
-1.703799578053175241e-04
-1.626736909030651525e-04
-1.598841964629539808e-04
-1.570832131267800049e-04
-1.474496550238612051e-04
-1.457972013621832211e-04
-1.325085340668949961e-04
-1.275573856600828199e-04
-1.234552410097426972e-04
-1.228653505819917379e-04
-1.185134363506302248e-04
-1.142575269917828407e-04
-1.096422800418662746e-04
-1.086560443261825606e-04
-1.027836402576275501e-04
-9.950462201626709448e-05
-9.689156596514794792e-05
-9.512963054371313914e-05
-9.095048181186094502e-05
-8.967901511694791538e-05
-8.425088260074448479e-05
-8.412442692933950626e-05
-7.720554401076169424e-05
-7.419843939557433830e-05
-7.331813608995270729e-05
-7.119925883411992956e-05
-6.904399094481087750e-05
-6.372170239464362319e-05
-6.237017917096871183e-05
-6.086670428992788746e-05
-5.657702747626338816e-05
-5.479008769687133962e-05
-5.383803535313573790e-05
-5.331631911858768404e-05
-4.896408015076134069e-05
-4.808778156060262223e-05
-4.683617695552011901e-05
-4.381216845799379731e-05
-4.336476651313461494e-05
-4.208481194226615992e-05
-3.998261586426539216e-05
-3.859957583578388265e-05
-3.727755937514023820e-05
-3.505876984411122470e-05
-3.177892446786975531e-05
-3.071723942930771034e-05
-3.059467380872441157e-05
-2.850220058899930115e-05
-2.832341177892808373e-05
-2.694199201583494078e-05
-2.594550773337399725e-05
-2.583784856102220630e-05
-2.443776400841319869e-05
-2.354191947405336391e-05
-2.203683744715210474e-05
-2.052197342545554939e-05
-2.010566711591248729e-05
-1.901844037309155210e-05
-1.829139804572451250e-05
-1.770557129698358440e-05
-1.585909614745888266e-05
-1.560297196662772818e-05
-1.534776948819134316e-05
-1.448905144635308077e-05
-1.360577142268922406e-05
-1.285512746279603632e-05
-1.215097259837131565e-05
-1.163836288718830726e-05
-1.117503299573420063e-05
-1.052518336716294876e-05
-1.018141540385337269e-05
-9.655534547585228815e-06
-9.242204707272668829e-06
-8.484349082083631990e-06
-8.126012888398186752e-06
-7.415392087815783325e-06
-7.131546131705349725e-06
-7.018417453122520882e-06
-6.404526299375011183e-06
-6.221527535280091029e-06
-5.640890748605764469e-06
-5.031811306767536341e-06
-4.574714828770786017e-06
-4.258456588641529666e-06
-4.177219980707437318e-06
-4.116591235989422757e-06
-3.622745615346326400e-06
-3.279893338261830916e-06
-3.158268269041991120e-06
-2.807845806790692941e-06
-2.675245249013917123e-06
-2.054838769404812851e-06
-1.958429467416237516e-06
-1.663193925535683226e-06
-1.590036720660137698e-06
-1.475085975670406163e-06
-1.333722246700922572e-06
-1.207644922407373925e-06
-1.090202542440273397e-06
-7.897298547318974707e-07
-7.502315100976918966e-07
-4.944461767269405985e-07
-3.442334984429810684e-07
-2.423743905664544570e-07
-2.810449980514402967e-08
-6.698367924712647423e-18
-2.667346511483955179e-18
4.580214643629411354e-08
1.688643694542315404e-07
2.942684755587735807e-07
3.935905905268390237e-07
4.419344041460686894e-07
6.260728218090580347e-07
7.164802498157315568e-07
1.064634837818016981e-06
1.160023723486435655e-06
1.292870431392835178e-06
1.417089139777800120e-06
1.598058362527613797e-06
2.065507848504075289e-06
2.169968757629516196e-06
2.362649030785951521e-06
2.413933584554813087e-06
2.547844560578066794e-06
2.984927247747603826e-06
3.044576133345676863e-06
3.196256683877791142e-06
3.337640473197667198e-06
3.622032937872159493e-06
3.906455651752805563e-06
4.154582987124042270e-06
4.480380102529550117e-06
4.628390828395843690e-06
4.957011237493782234e-06
5.285850954176280514e-06
5.378450034385906577e-06
5.719659159301596489e-06
6.254290872951937464e-06
6.511834096364137002e-06
6.912711832958008285e-06
7.282787149614351979e-06
7.521595553040070986e-06
7.719279079920997520e-06
7.819346273635202152e-06
8.486153276505696116e-06
8.862015486565798188e-06
9.017673806163588456e-06
9.305996875355007731e-06
1.014734855966134119e-05
1.052797924531547894e-05
1.084883403670143096e-05
1.134788124207277850e-05
1.201350923654487627e-05
1.235525261345685151e-05
1.279964188267461888e-05
1.319428989265491762e-05
1.442553965244229228e-05
1.526623087586541857e-05
1.571009045032119704e-05
1.639212525302512994e-05
1.699023193198820060e-05
1.753186931985737353e-05
1.817696894721173187e-05
1.907827786407481345e-05
1.942636190217974645e-05
1.962777261964068325e-05
2.058576532140045113e-05
2.179375847863714578e-05
2.281356364734920579e-05
2.327177654646446199e-05
2.363116763555384988e-05
2.408788908110515988e-05
2.513466783771198476e-05
2.623577460725145139e-05
2.698981251335750412e-05
2.795688435803380948e-05
2.912558689164682259e-05
2.963367764760205963e-05
3.007379079087400142e-05
3.173947962593327789e-05
3.310320155356584780e-05
3.406881664630573428e-05
3.440684214047119065e-05
3.502459903002351716e-05
3.711756333128493027e-05
3.817058420569769539e-05
3.881335285242176286e-05
3.990853275974378972e-05
4.134666907491336610e-05
4.227677146646038897e-05
4.326234684228692676e-05
4.513296607373739954e-05
4.669582572934061551e-05
4.776136637712710844e-05
5.054221434823964965e-05
5.082554185361875919e-05
5.309469296950171060e-05
5.418486130803090744e-05
5.471828086017854574e-05
5.727810412771873195e-05
5.970666665005912413e-05
6.159194454584255543e-05
6.324251061794422361e-05
6.619901317753273538e-05
6.861793421544026069e-05
7.165637868325621350e-05
7.389085828836994036e-05
7.447582488905107542e-05
7.629267548288190309e-05
7.815832537928537043e-05
8.036008939721392527e-05
8.171304651933563343e-05
8.462780837489575073e-05
8.851983769021295600e-05
8.935754967936016674e-05
9.132501800064505269e-05
9.414481200238773142e-05
9.772982447011503541e-05
1.015920547631486725e-04
1.069008655172440126e-04
1.087875560711494679e-04
1.119894568883209604e-04
1.191544871723940646e-04
1.202736006564656383e-04
1.211864156864759514e-04
1.250157295196339057e-04
1.296816967922503438e-04
1.312090273367573663e-04
1.372657478712883028e-04
1.391555801743863351e-04
1.425784365334919199e-04
1.486937787655415362e-04
1.557255813185398044e-04
1.566892534052462531e-04
1.637083378036869718e-04
1.750447394954119675e-04
1.764545359573198270e-04
1.815450099862996806e-04
1.864762993889363123e-04
1.873508022001048464e-04
1.904018668703485160e-04
1.989527168519730608e-04
2.070400754236291171e-04
2.170124578050943592e-04
2.241536426013899532e-04
2.384468698877462677e-04
2.430631640286159804e-04
2.511057344938013398e-04
2.608352011793410412e-04
2.641842732068258592e-04
2.683787226895577717e-04
2.809502102230882034e-04
2.875812923872841671e-04
2.996976201639281598e-04
3.097951205570294991e-04
3.151769885890130796e-04
3.172497675223694157e-04
3.327735620750981826e-04
3.408901807940838569e-04
3.481557298414152254e-04
3.616691975861336078e-04
3.765166072874743478e-04
3.797203342862975938e-04
3.980944593607523853e-04
4.020968705436854854e-04
4.427747726342743761e-04
4.532034724114752315e-04
4.687598018289620755e-04
4.749363485255206395e-04
4.898558627991296457e-04
4.953926364074328183e-04
5.380474108297612088e-04
5.421084185887833397e-04
5.491493725292915639e-04
5.809806303044018089e-04
6.061298391164579146e-04
6.178520703949545202e-04
6.347242087273995441e-04
6.818426538011693400e-04
6.885256495544017467e-04
7.183483371476652012e-04
7.368623209112490921e-04
7.750990760095631321e-04
7.982378252583336017e-04
8.182149116807717251e-04
8.650988681382647434e-04
9.035437818112306962e-04
9.309395058241469846e-04
9.397329223814859496e-04
9.912748704478382619e-04
1.015725047640028082e-03
1.044611509601368459e-03
1.095413084449504190e-03
1.167697528775168709e-03
1.206244314604672154e-03
1.344318230565811397e-03
1.368457932539997269e-03
1.385956938343447685e-03
1.416172846324137988e-03
1.466624130151623125e-03
1.546946165327487592e-03
1.584005590899176035e-03
1.720188197312123553e-03
1.753485577774961928e-03
1.819741896816671426e-03
1.890163303821522237e-03
2.007796511402697159e-03
2.143728543147794229e-03
2.280877129342635725e-03
2.299668668514748705e-03
2.424507230226074974e-03
2.570344441723234827e-03
2.803843436178041909e-03
2.891242649719345196e-03
3.166709670272135728e-03
3.437764974165947399e-03
3.509573590157691152e-03
3.638962613677148520e-03
3.851972902587858134e-03
3.934352439429101948e-03
4.203688159065930262e-03
4.610876938982638902e-03
5.295442863955412451e-03
5.378303157147820875e-03
5.843611815086228838e-03
6.603941668090827777e-03
7.428374320595836078e-03
8.255493378024754761e-03
8.624394675875486291e-03
8.861264736476266030e-03
9.517192629085714783e-03
1.054941864845234528e-02
1.203919574450503654e-02
1.391055775550050638e-02
1.511173561675585933e-02
1.777495410918407057e-02
1.914933437779259284e-02
2.131921300689349624e-02
2.665450422962472449e-02
3.026739932149136864e-02
3.459514262885087649e-02
4.603265491497041811e-02
6.807066633345161544e-02
7.508620755032051342e-02
9.203605517665444657e-02
1.105783074908825714e-01
1.846532769163279353e-01
2.064146536566323908e-01
4.907443509624151989e-01
1.987914479070286289e+00
4.086585132012680255e+00
1.037166790173258590e+01
