-1.134170902844997552e-15
-1.080825231170861596e-15
-6.405618782982819327e-16
-4.466496172425548887e-16
-3.522170116325568909e-16
-2.769348025448968535e-16
-2.666050506095309416e-16
-2.267746679897502737e-16
-1.987841485787896870e-16
-1.905335316021585196e-16
-1.817672710983475470e-16
-1.693500612214187012e-16
-1.649432703343095407e-16
-1.513694650047880949e-16
-1.494327024811013096e-16
-1.463038273359197243e-16
-1.361158466679099750e-16
-1.289483957750134361e-16
-1.247597474361538394e-16
-1.238838449898897874e-16
-1.190252513006908711e-16
-1.134137064961496253e-16
-1.094324961883108105e-16
-1.068228660215278169e-16
-1.034387328823031628e-16
-1.010165665644030674e-16
-1.008824030655290934e-16
-9.650219440763420392e-17
-9.262529697347919857e-17
-8.868204287675933519e-17
-8.788974478687370155e-17
-8.663196677595234341e-17
-8.615364512503157081e-17
-8.420758586419985322e-17
-8.199869243617703835e-17
-8.156368626893189994e-17
-8.013850288456168439e-17
-7.868490166290119552e-17
-7.623070495461969614e-17
-7.442083111424875534e-17
-7.387217215645034473e-17
-7.192004257943233765e-17
-7.090543577962378628e-17
-6.970283546111810193e-17
-6.845065595802470699e-17
-6.727258471909976821e-17
-6.634443485539414111e-17
-6.453851574927047183e-17
-6.350626806637967410e-17
-6.258790208084504955e-17
-6.148105268363850902e-17
-6.075303166228220000e-17
-5.972183233593691458e-17
-5.857247115362882670e-17
-5.774947053756390052e-17
-5.677324613064235308e-17
-5.597750770468269908e-17
-5.518100899724216034e-17
-5.420974186506717569e-17
-5.311557843250200105e-17
-5.190664533811430317e-17
-5.172890583872680416e-17
-5.123883129260646009e-17
-5.063275045671282113e-17
-4.960302253268569281e-17
-4.881664086268671654e-17
-4.803122851055525145e-17
-4.681320999567421765e-17
-4.587847452154904127e-17
-4.524897873056466834e-17
-4.477118690243952232e-17
-4.426616826753416998e-17
-4.379521107084351669e-17
-4.290915301870515498e-17
-4.247227798386142511e-17
-4.134576400629302676e-17
-4.084696243439685319e-17
-4.023986116158913703e-17
-3.955845197567331058e-17
-3.830890463005850183e-17
-3.794560402611442726e-17
-3.770216443675043527e-17
-3.716452187533174262e-17
-3.672519751981966469e-17
-3.586369287427770606e-17
-3.538962577544705291e-17
-3.475588320357836547e-17
-3.436287334383880906e-17
-3.412972152774579630e-17
-3.363200789592182462e-17
-3.283947162590373743e-17
-3.214595701802932895e-17
-3.106495452215489102e-17
-3.083685328690330881e-17
-3.053884392646612397e-17
-2.989650858977840231e-17
-2.918065566843288126e-17
-2.879189651137039250e-17
-2.866720867616530271e-17
-2.813427146668681136e-17
-2.787502369967896839e-17
-2.716566530014423833e-17
-2.664503969308986081e-17
-2.646227675760110311e-17
-2.605548107250548132e-17
-2.548877130451818803e-17
-2.520232200556432166e-17
-2.494762074615885746e-17
-2.446372823749289456e-17
-2.412739505361459025e-17
-2.333397356987538755e-17
-2.308021432407721548e-17
-2.294398568901798229e-17
-2.266200348030686932e-17
-2.219790999437376322e-17
-2.200999127185291157e-17
-2.169304501922822691e-17
-2.132546374045951300e-17
-2.026196694787157030e-17
-2.015914116109649568e-17
-1.959903589986848285e-17
-1.918396247112439634e-17
-1.876874425403640992e-17
-1.859667753425684874e-17
-1.820486461836264128e-17
-1.803934201785911168e-17
-1.708532761300440244e-17
-1.690298466952128968e-17
-1.661231837444887654e-17
-1.657298169255726316e-17
-1.624895510272869569e-17
-1.601203286788731802e-17
-1.537704572334655121e-17
-1.511574449967380086e-17
-1.506843758416120191e-17
-1.492550176096612797e-17
-1.459715110034439104e-17
-1.439979794770193977e-17
-1.399738784727844431e-17
-1.315175945924725625e-17
-1.308085163896228045e-17
-1.286079069425869676e-17
-1.257810673801684877e-17
-1.221917881754967207e-17
-1.195511366960988248e-17
-1.187331711597634042e-17
-1.111962310048879227e-17
-1.097234827291348314e-17
-1.054560537150633133e-17
-1.016029659496189011e-17
-1.006637485794301182e-17
-9.822463146009877721e-18
-9.718315182785273742e-18
-9.563651493990911363e-18
-9.328255140769225916e-18
-9.093852029675322675e-18
-8.801483475764405816e-18
-8.415504132341477129e-18
-8.179960863052234008e-18
-7.773155029965975402e-18
-7.685305670581029440e-18
-7.316217372941649480e-18
-7.105504686680139693e-18
-6.986592653543402086e-18
-6.572691671769813686e-18
-6.299528132702136482e-18
-6.198905844616216642e-18
-5.942269909058876440e-18
-5.487741828561513278e-18
-5.381252414436377654e-18
-5.186153915140831418e-18
-4.975163534952577452e-18
-4.734559836571319280e-18
-4.665877246061668059e-18
-4.234408268626746046e-18
-4.104662981013048394e-18
-4.063741335315483008e-18
-3.640702434122820285e-18
-3.623677278036132131e-18
-3.117172832194848642e-18
-2.898295773296594003e-18
-2.725257733565929498e-18
-2.516195599897149231e-18
-2.401652448743247476e-18
-2.293154546762240533e-18
-2.146322869806126025e-18
-2.039177179720603275e-18
-1.828115352899064809e-18
-1.699736979431487217e-18
-1.610995054080074968e-18
-1.532478897352996443e-18
-1.288171523926704824e-18
-1.117074916981461516e-18
-9.905510878499945950e-19
-8.860273285181921902e-19
-7.739824582287180155e-19
-7.350117204521423233e-19
-7.089776657744621882e-19
-6.142760937454235544e-19
-5.107908377702518579e-19
-4.544534634910837241e-19
-3.598345765764744198e-19
-3.068229977691274241e-19
-2.191595488001141591e-19
-1.329431802156908647e-19
-1.142211402424043093e-19
-6.133209819477784216e-20
5.772921789090391707e-23
2.051163509196929007e-20
6.538096847225126947e-20
8.576655973199625690e-20
1.586020249425763871e-19
1.954192861153310606e-19
2.233384563771331317e-19
2.527300375506096965e-19
2.736073242256976120e-19
3.653387956730538919e-19
4.639497763010696569e-19
5.352712914120260272e-19
7.317879504325463369e-19
8.048484418026994705e-19
8.645691467469774690e-19
9.835421869204768154e-19
1.128267579115137012e-18
1.229148009473605618e-18
1.255378618146861131e-18
1.409427380335231653e-18
1.618406609647574474e-18
1.798246277327012609e-18
1.957287839271135985e-18
2.097828167782924852e-18
2.154968016278923543e-18
2.438368957651954982e-18
2.537526165391666614e-18
2.698884092164835199e-18
2.933071225959260142e-18
3.177521117217923120e-18
3.223056373050170931e-18
3.533124858171250426e-18
3.603694755919305814e-18
3.710193383604432979e-18
3.947129516584673303e-18
4.376588571456370208e-18
4.403427824039020139e-18
4.428807324154966388e-18
4.719224194489175048e-18
4.912626280820295066e-18
5.596312887130561912e-18
5.615515912233828396e-18
6.020781216147991641e-18
6.175015472544057518e-18
6.516575935321713292e-18
6.604592345616458114e-18
6.815522218174308865e-18
7.003214556493686395e-18
7.208993421215798895e-18
7.314964209321844410e-18
7.580618054408192703e-18
7.715395837485367664e-18
8.207248980025229615e-18
8.465870063148530941e-18
8.808929279479692885e-18
9.266891468152979479e-18
9.366817400846806372e-18
9.713109517083216175e-18
9.981696470397859703e-18
1.022502087841711155e-17
1.050304138561464108e-17
1.103666388371612308e-17
1.129955617578626764e-17
1.139389717406441190e-17
1.154055150752304120e-17
1.213497650263414259e-17
1.229779749013871775e-17
1.251383670860154783e-17
1.268732425131111571e-17
1.280972341347191710e-17
1.321463439549969283e-17
1.352512138897542815e-17
1.402439779429185260e-17
1.439657337793660849e-17
1.489048902633992717e-17
1.531491644979524696e-17
1.561524579747596995e-17
1.568534844903383802e-17
1.593000652913484408e-17
1.627572890978856327e-17
1.666149544764459765e-17
1.700265825528715882e-17
1.733064111644076540e-17
1.810386680511947259e-17
1.819100986502400039e-17
1.854133353623534569e-17
1.893524420380360545e-17
1.917923275359158450e-17
1.958962109657564910e-17
1.979101084382516802e-17
2.036942248661197138e-17
2.060135162980905279e-17
2.094837699541650768e-17
2.143362107470686594e-17
2.175404461659222796e-17
2.209558097645082542e-17
2.259359999731415328e-17
2.304455962664659125e-17
2.361894831463151252e-17
2.408692397502621827e-17
2.432291321133416637e-17
2.453809673375283812e-17
2.464546089466807420e-17
2.573386103592010689e-17
2.625986122632381677e-17
2.637737107255242477e-17
2.685462511523713125e-17
2.800727316924801770e-17
2.833468602463281483e-17
2.876166370584449114e-17
2.930989645441131008e-17
2.964552748774751369e-17
2.999492001980831275e-17
3.043606158075690544e-17
3.080280607185643165e-17
3.107267518468019357e-17
3.165847500734873524e-17
3.252913537150651560e-17
3.335968409738836840e-17
3.352752800256250828e-17
3.365547001135960027e-17
3.504542504912955623e-17
3.580803790748168660e-17
3.624158164629000433e-17
3.748254377025647404e-17
3.768983072596338158e-17
3.784587561264514204e-17
3.842444629674846232e-17
3.877681021845585443e-17
3.953706668388364408e-17
4.021180053940435200e-17
4.095933179465915231e-17
4.122241396874819327e-17
4.257657557162510431e-17
4.262415444049006810e-17
4.417390370701983616e-17
4.477416036811873787e-17
4.552891765448875206e-17
4.581336488478096387e-17
4.625939021507729673e-17
4.708037304799009158e-17
4.810396686906627662e-17
4.841012829872137289e-17
4.911773392913709689e-17
5.020297518554015423e-17
5.075085963683096297e-17
5.127014836169954213e-17
5.237588676429279011e-17
5.288407492346724364e-17
5.422452190332712821e-17
5.466743190549940530e-17
5.555583339110666645e-17
5.638853947922312634e-17
5.814224738698701878e-17
5.964757403650382684e-17
5.994679510072973831e-17
6.096871281399780550e-17
6.209633348137546515e-17
6.374361469350538003e-17
6.418109515388355499e-17
6.442674252812024217e-17
6.496084029969325838e-17
6.713559814636735380e-17
6.750631265559721487e-17
6.895515059768333768e-17
6.992477973153579346e-17
7.153949544763402226e-17
7.358128729592291093e-17
7.543545120230109858e-17
7.730527870633281906e-17
7.893573722703277588e-17
8.132268647207366826e-17
8.143145217888954252e-17
8.355547182145427656e-17
8.513207322075408023e-17
8.570830375616003101e-17
8.942505663415477102e-17
8.961488685791026369e-17
9.196774374630373603e-17
9.256546798037288766e-17
9.426499992106908184e-17
9.837255095214238574e-17
1.014336237183761976e-16
1.033564906832757144e-16
1.064289191545391093e-16
1.090874995768086231e-16
1.098561460848325960e-16
1.144711868257548626e-16
1.166375173490066105e-16
1.210711460328442227e-16
1.288387467793527037e-16
1.297763785182767405e-16
1.343033212144877024e-16
1.389062943871237317e-16
1.468271988702178394e-16
1.541580229982578947e-16
1.596953875859806162e-16
1.674968675765172469e-16
1.799366301280389648e-16
1.869054499182342169e-16
1.978263355293863073e-16
1.998739137473463873e-16
2.122702651383944268e-16
2.518180193354439300e-16
2.832868734113760676e-16
3.605854811811795608e-16
3.852150924034851579e-16
4.870979246307746844e-16
6.617069877510078568e-16
1.123854865086397351e-03
1.451708593733249970e-03
2.505096597622900444e-03
4.558881033248826306e-03
5.016650133707516515e-03
5.414026870960784131e-03
6.607637982842484888e-03
7.207767774209931748e-03
9.194131367581332911e-03
1.081021766880215992e-02
1.406378034922573309e-02
1.541883023380695092e-02
1.897416933862336105e-02
2.700385249291309755e-02
4.846062217105716330e-02
5.279664361208143836e-02
6.348158695764552495e-02
8.659315384813928707e-02
1.077427283461450669e-01
1.377096851266812749e-01
1.819803949409383170e-01
4.713157519157901154e-01
2.289345461930148762e+00
4.589965301236770934e+00
1.272949432430558403e+01
