3.836952926056863816e-03
3.354134706221114943e-03
2.667484169921202890e-03
2.510727005175998876e-03
2.367956023267302201e-03
2.013077739495573552e-03
1.865254293203666425e-03
1.834893538956530647e-03
1.754999103275137282e-03
1.542400044226971672e-03
1.504165212959188711e-03
1.498050251464195723e-03
1.352840830226326391e-03
1.273587537550879747e-03
1.236312823648744738e-03
1.208014426996777439e-03
1.165680554277324660e-03
1.124118142472394898e-03
1.058790231546794100e-03
1.007998349805221214e-03
9.531785132517627598e-04
9.483643119717917588e-04
8.927983882201888377e-04
8.729476560427427024e-04
8.281411176587003941e-04
8.065037584746326824e-04
7.665019401727013546e-04
7.362507073507830154e-04
7.273470736498477635e-04
6.954408857846549035e-04
6.635084336026952434e-04
6.427972143929936658e-04
6.225615879400850632e-04
5.831001173480503553e-04
5.777846624496655670e-04
5.592283799247996755e-04
5.490140819294648524e-04
5.219908157498863227e-04
5.094662454818728705e-04
4.857034481508537560e-04
4.598022542758108968e-04
4.406734360220081995e-04
4.317201276021733142e-04
4.180220978010789658e-04
4.046202466485065898e-04
3.998652471864037319e-04
3.798626058385739320e-04
3.665860942789655108e-04
3.570214853095853339e-04
3.451251134917893712e-04
3.375975119113285125e-04
3.255277194211469386e-04
3.216294381400020149e-04
3.151795293937300919e-04
2.989534641419485848e-04
2.916333962199989401e-04
2.855786508864699750e-04
2.716746722832222164e-04
2.707289802463282006e-04
2.625978065613950854e-04
2.511205663235089973e-04
2.469629171305265641e-04
2.420634556685396198e-04
2.386407837299759965e-04
2.289999487419859005e-04
2.256335050205405092e-04
2.183636909934089858e-04
2.122432798721119026e-04
2.021694622506143679e-04
1.965538135879603215e-04
1.925064772731989655e-04
1.917231007426826496e-04
1.863945716333103122e-04
1.816365279248429950e-04
1.776336468230012321e-04
1.765990580077727874e-04
1.673517698181461501e-04
1.653017783568943948e-04
1.629491293155454828e-04
1.546781079581978813e-04
1.535556947913881219e-04
1.489912008044628577e-04
1.443050651533825347e-04
1.414148213426546943e-04
1.390849900614688558e-04
1.359442700193276825e-04
1.324249265972832679e-04
1.302582622536134233e-04
1.289071899758320941e-04
1.191925907596778369e-04
1.172492986086182213e-04
1.169809313223116776e-04
1.139814976030802059e-04
1.086143739283351685e-04
1.065955308298286526e-04
1.038126669737812465e-04
1.002290245504989684e-04
9.785566602427005461e-05
9.477940253771120727e-05
9.337302966819814381e-05
9.197339344909320627e-05
8.793079458005293825e-05
8.565630294255490655e-05
8.147988685974931803e-05
7.962440746616297857e-05
7.796976728261091302e-05
7.713797219222460924e-05
7.589870647493024392e-05
7.344348600691888104e-05
7.145156318406190358e-05
7.069381502136522536e-05
6.917978894239755949e-05
6.615333755148378224e-05
6.435282785401271431e-05
6.255433197402014353e-05
6.109250323838316557e-05
6.015311664786483423e-05
5.932227040457265372e-05
5.812248456065654319e-05
5.587752967396641068e-05
5.525170331696887659e-05
5.434067437861384952e-05
5.173091597086828055e-05
4.964592441584965058e-05
4.834562284957710923e-05
4.678724456725003511e-05
4.612194960335957663e-05
4.504831389701971831e-05
4.446132865032431474e-05
4.214807381417598020e-05
4.138597461024549879e-05
4.070025960612271135e-05
4.022802293751880234e-05
3.844556508823984117e-05
3.733415775438962139e-05
3.599708054779605460e-05
3.504811998880892832e-05
3.465901565968169620e-05
3.403325794081309510e-05
3.180623563524396949e-05
3.144928780939441654e-05
3.073696410326388266e-05
3.036415500169750822e-05
2.984345517092368649e-05
2.929773209617506164e-05
2.887156540322753149e-05
2.800317733971193531e-05
2.700196687568596476e-05
2.664667681769232010e-05
2.594726799018109636e-05
2.495224177685010817e-05
2.454238037186624356e-05
2.386342119703314165e-05
2.368207655905060091e-05
2.238655332503726361e-05
2.162340356236443713e-05
2.043168260360640198e-05
1.990768720653409023e-05
1.919222052520057364e-05
1.868854702414734497e-05
1.826053753717342155e-05
1.743777406421674226e-05
1.712512581349777933e-05
1.609240880305245604e-05
1.581371864759170787e-05
1.537974692314628128e-05
1.503549711753765829e-05
1.464002275228913974e-05
1.412527932060022665e-05
1.399641758773890824e-05
1.338753266446149833e-05
1.234867928145673091e-05
1.231703644792311742e-05
1.208629768529726598e-05
1.139812368699114536e-05
1.099665295120876334e-05
1.078325787388291551e-05
1.065865261784997774e-05
1.039607452437090874e-05
1.031814850681987700e-05
9.842581969776917813e-06
9.348374169697495144e-06
8.715314166105201648e-06
8.636266081314127144e-06
8.301548062935991011e-06
8.185336753652924362e-06
7.773191228454132809e-06
7.680648433124329645e-06
7.364883368887684823e-06
7.107252396028478328e-06
6.569009823563727396e-06
6.198123104844606998e-06
6.024977890741312189e-06
5.741161831745026792e-06
5.711247443504836607e-06
5.159867559979828324e-06
4.941815477856162249e-06
4.911508221929472517e-06
4.489917560170205503e-06
4.255366772546628594e-06
4.143249189312518751e-06
3.975235450270463680e-06
3.824756308995974062e-06
3.610108917364949665e-06
3.482649917359235180e-06
3.270254932885093362e-06
3.058481875822064560e-06
2.836828305037870596e-06
2.627561221829077424e-06
2.529787909390194180e-06
2.223593103962215718e-06
2.146287253425507767e-06
1.990783124484877069e-06
1.912852996218129719e-06
1.765426996248552668e-06
1.689113180365030341e-06
1.597249817833903205e-06
1.497405747036809978e-06
1.438100680039599821e-06
1.298199969660217830e-06
1.159586619495273651e-06
1.105907430241276623e-06
9.963480686886676219e-07
8.028720154148353314e-07
7.475134737947568266e-07
7.395560238480236705e-07
6.625070718031774299e-07
5.844673633581165916e-07
4.540050960256269012e-07
4.005301524559080419e-07
2.862502308159511786e-07
2.557954807765568044e-07
1.782392391588640788e-07
1.153626231705273540e-07
5.086153069234821212e-08
2.109774815049427980e-08
1.971389895574832502e-20
-6.173417619610720372e-21
-7.295774247442850168e-08
-1.269920917133495910e-07
-2.191503089618162671e-07
-2.883616959786530035e-07
-3.756386450753617411e-07
-3.952096946302932617e-07
-4.662599549029611425e-07
-5.561838817325509828e-07
-6.281671379944997786e-07
-7.288148415977823428e-07
-8.390735377738732040e-07
-8.818500259736496126e-07
-9.464714454478374679e-07
-1.095621615726370452e-06
-1.221041614596946482e-06
-1.427618972427161784e-06
-1.573579473831327719e-06
-1.639282038995194872e-06
-1.719118151167808100e-06
-1.747369392473132408e-06
-1.907938206151360845e-06
-1.985285222103819813e-06
-2.087042349593140622e-06
-2.366142098527719867e-06
-2.614025934906730701e-06
-2.669091948285921483e-06
-2.757979470670114830e-06
-2.972021638594123752e-06
-3.040478340379079576e-06
-3.357027410434709921e-06
-3.484241289906507142e-06
-3.585863011939515836e-06
-3.758557785552890135e-06
-3.987195928956454537e-06
-4.215760099924558207e-06
-4.259067478615974632e-06
-4.616939563305660572e-06
-4.840138132611544535e-06
-5.081657743400279510e-06
-5.283385646158651725e-06
-5.423921299053486040e-06
-5.553758411348006129e-06
-5.734364063586928055e-06
-6.005693588089909138e-06
-6.270762797314507355e-06
-6.495690565901963767e-06
-7.104411017020696989e-06
-7.176341241588860063e-06
-7.363947994679472205e-06
-7.697259091638937199e-06
-8.195613458774047766e-06
-8.300434418768807223e-06
-8.541705227736676734e-06
-9.226140998054611095e-06
-9.359665928807546395e-06
-9.973576520160374736e-06
-1.002904570733530300e-05
-1.020856484996722083e-05
-1.079072665767862449e-05
-1.108197063870419392e-05
-1.141365691938355916e-05
-1.173914876465002689e-05
-1.220545373127523430e-05
-1.273903883108138744e-05
-1.344657251239392406e-05
-1.364644982158760762e-05
-1.420147346790241354e-05
-1.441397363923365506e-05
-1.492452920438725632e-05
-1.560101825531401041e-05
-1.589167806605312218e-05
-1.650428338608685749e-05
-1.676670730749845459e-05
-1.780375811207418420e-05
-1.872879097469853094e-05
-1.958496229859294670e-05
-1.980658333318558134e-05
-2.092932061677154105e-05
-2.167210562626507755e-05
-2.221998139563766020e-05
-2.288016963539001884e-05
-2.318733544800698437e-05
-2.457329859847050060e-05
-2.500114623152113099e-05
-2.597204693963546171e-05
-2.702494397332569557e-05
-2.758935459061070175e-05
-2.858651795453879716e-05
-3.012547412501841097e-05
-3.119066379219265781e-05
-3.246823194097121188e-05
-3.405386911865536143e-05
-3.463377869347374131e-05
-3.534148666007685366e-05
-3.569897160166642742e-05
-3.751791662411447451e-05
-3.782469143478112340e-05
-3.957630182699990512e-05
-4.005704519474061572e-05
-4.089496409486071950e-05
-4.283617672136268986e-05
-4.456824749577677290e-05
-4.566182794826946213e-05
-4.682988243922259333e-05
-4.731136647520512378e-05
-4.843339339138044713e-05
-4.968262302519460257e-05
-5.390435281865278358e-05
-5.502036241923687217e-05
-5.664053739527198596e-05
-5.712152744599590715e-05
-5.968291981257904465e-05
-6.196080043942787041e-05
-6.400939727315782817e-05
-6.661458151465009573e-05
-6.867216627889794075e-05
-6.944922796417328699e-05
-7.163272456137123666e-05
-7.287563523663595337e-05
-7.499159818084762943e-05
-7.620919357887242932e-05
-7.887763008317793124e-05
-7.981953815070127729e-05
-8.570189227114196674e-05
-8.858728858816571799e-05
-9.153037468748902910e-05
-9.546707533210290028e-05
-9.797577610430533020e-05
-1.008713976809271331e-04
-1.052361644116712010e-04
-1.061833810109685534e-04
-1.077741339974077082e-04
-1.090274312892461090e-04
-1.129421121811188225e-04
-1.151462624271937978e-04
-1.157207453233474563e-04
-1.197949133590397119e-04
-1.240388995377898307e-04
-1.279934772204003419e-04
-1.306266372348963666e-04
-1.351893508257301976e-04
-1.428528280581790801e-04
-1.453059474758109488e-04
-1.510049034341345972e-04
-1.544395035447754055e-04
-1.627743162911895526e-04
-1.634125160387627331e-04
-1.684473836094401746e-04
-1.741948366434618867e-04
-1.750884891113924481e-04
-1.811616996982886435e-04
-1.883980513432710190e-04
-1.947386823168724000e-04
-2.021602574273568046e-04
-2.043343754908189924e-04
-2.065556616401682214e-04
-2.086620271765806495e-04
-2.178662068802298974e-04
-2.200060425244089284e-04
-2.323725771374294310e-04
-2.377532872175772756e-04
-2.404865081330695713e-04
-2.566600163054254605e-04
-2.589498423556009792e-04
-2.719095292268449392e-04
-2.748343988132112472e-04
-2.808215266244853936e-04
-2.921895755919485518e-04
-2.988403821368028649e-04
-3.058435520181414626e-04
-3.243573662282422292e-04
-3.417852696318734638e-04
-3.547518011587888248e-04
-3.753744290144487368e-04
-3.799970505614492068e-04
-3.867317674698004062e-04
-4.004725310611373639e-04
-4.140946418603134310e-04
-4.325022344323472059e-04
-4.554873302497355154e-04
-4.668123928134305348e-04
-4.782526108007889901e-04
-5.008622292244326512e-04
-5.142956096637107998e-04
-5.426991769442659911e-04
-5.555358959658026480e-04
-6.213469632495034322e-04
-6.293164806118096716e-04
-6.471333279957842185e-04
-6.657430838955504448e-04
-6.840324789214229182e-04
-7.102437991406562604e-04
-7.472041513946540937e-04
-7.658507987432030834e-04
-8.636196187078383664e-04
-8.716701893779998890e-04
-1.017053495909419399e-03
-1.039381839624986537e-03
-1.066767431811700478e-03
-1.135938750399538913e-03
-1.410764727242094568e-03
-1.503080405091276883e-03
-1.529983788372251113e-03
