-1.054989023502617584e+00
-1.673501794726617864e-01
-1.529808311105075314e-01
-6.106676511508727506e-02
-5.310749497428832178e-02
-3.738141176739395027e-02
-3.411109558101980271e-02
-2.176072266569697988e-02
-1.823230336977149993e-02
-1.755499350749211568e-02
-1.412114529151626413e-02
-1.191339876541505811e-02
-1.160218692548507444e-02
-1.064559711204790017e-02
-8.741282806731778127e-03
-7.942800481372570137e-03
-7.567735056258863800e-03
-7.033418222227603121e-03
-6.648579433284928716e-03
-6.198593080013086072e-03
-4.788126043405185883e-03
-4.646576815702064406e-03
-4.517061181075069168e-03
-3.976461489033400291e-03
-3.854152177196247270e-03
-3.740048286054648008e-03
-3.413546150114704462e-03
-3.167936204011939389e-03
-3.061061582575296067e-03
-2.856034687409696356e-03
-2.736319944669282113e-03
-2.683652208999697669e-03
-2.562266361430652010e-03
-2.259467314350958270e-03
-2.181211357752108927e-03
-2.075820976833487284e-03
-1.991710867487872603e-03
-1.838742310159436526e-03
-1.760563847629381977e-03
-1.736837093344158331e-03
-1.658965539598833590e-03
-1.603505544638074952e-03
-1.564160324087370858e-03
-1.459929425440822763e-03
-1.403481329893394112e-03
-1.387011955296894384e-03
-1.306196491358043148e-03
-1.275722364541786915e-03
-1.245505782787334134e-03
-1.174155851597591133e-03
-1.078123047012695662e-03
-1.045810104809828450e-03
-1.012859250574455350e-03
-9.635233254717780931e-04
-9.573397208165861918e-04
-9.247980922339200504e-04
-9.114674441516071009e-04
-8.705831831324926462e-04
-8.531164448458397522e-04
-8.197819548204984949e-04
-7.807754599687804489e-04
-7.462947422687510150e-04
-7.273257085939542578e-04
-7.032104333063906709e-04
-6.840531760252836551e-04
-6.763974019541032709e-04
-6.197467843164719157e-04
-6.016072518345906041e-04
-5.841644873714348487e-04
-5.732814594884802798e-04
-5.410571956077796013e-04
-5.288267035515968996e-04
-5.242986225247446173e-04
-4.925741312185647315e-04
-4.606850137883018921e-04
-4.553266376124483379e-04
-4.418099430476699952e-04
-4.330778025996660633e-04
-4.227403380147584438e-04
-4.114670059406739470e-04
-3.891040502473021214e-04
-3.872732823067212842e-04
-3.730395832417852486e-04
-3.621341948156160174e-04
-3.493480915635471394e-04
-3.421231522797697441e-04
-3.352285117269033880e-04
-3.214606592860541102e-04
-3.127799554083058090e-04
-2.972839306871530155e-04
-2.937827950301757809e-04
-2.813849135811005557e-04
-2.684150309090078132e-04
-2.643773828423908118e-04
-2.589807854393733348e-04
-2.451982950313271337e-04
-2.403385329785239605e-04
-2.333155177029699553e-04
-2.222396907782079071e-04
-2.201088828579790796e-04
-2.136312907119122676e-04
-2.040167957789098152e-04
-2.000880838048913163e-04
-1.988964819670621003e-04
-1.958378262600323470e-04
-1.853955252487970485e-04
-1.777171015414186444e-04
-1.719059330331838104e-04
-1.619324178509252683e-04
-1.605774142904916604e-04
-1.551681784221166968e-04
-1.482676253381257591e-04
-1.449487289739019352e-04
-1.402604345304433813e-04
-1.382158685334751382e-04
-1.352492790403323636e-04
-1.295746210239173799e-04
-1.289138018263637729e-04
-1.226826386408989421e-04
-1.191548420865848204e-04
-1.151866986013319122e-04
-1.110314020978321777e-04
-1.079918455496106379e-04
-1.064078998165678543e-04
-1.036848962621289989e-04
-1.003575590675097226e-04
-9.584915226941511811e-05
-9.461636595333561793e-05
-9.077858321664962038e-05
-8.968000325507040273e-05
-8.566211038526564650e-05
-8.478909057885862684e-05
-8.113602529235985797e-05
-7.795120405151320750e-05
-7.383854263354060643e-05
-7.248111576006051294e-05
-7.161524447531897450e-05
-6.882567967878454654e-05
-6.527247261449900377e-05
-6.459079078936177151e-05
-6.261542925566968812e-05
-6.110990104711991962e-05
-6.000083180219238643e-05
-5.831739142130340736e-05
-5.460229560531067969e-05
-5.294855278573449957e-05
-5.254317475128714577e-05
-5.029161435453193154e-05
-4.899273172851142250e-05
-4.813386206066279827e-05
-4.644685178829402797e-05
-4.511253439414858620e-05
-4.438442164988585148e-05
-4.336934405574209171e-05
-4.159948202355414769e-05
-4.074211128695343174e-05
-3.883195569904021176e-05
-3.864983591339744970e-05
-3.660420439148717151e-05
-3.587354559139965511e-05
-3.461848731819451835e-05
-3.369384476065162559e-05
-3.198127218813278196e-05
-3.134146002391024452e-05
-3.081988964014080229e-05
-2.970990931353584844e-05
-2.889936993504926060e-05
-2.744115137023372386e-05
-2.697976655767476522e-05
-2.589145454134514850e-05
-2.560459883915650983e-05
-2.451948830644297300e-05
-2.332974178121851783e-05
-2.255718251765414216e-05
-2.149642998459928264e-05
-2.112057438171276635e-05
-2.031582493339808862e-05
-1.998732382504349807e-05
-1.954714715202025547e-05
-1.920408530460833877e-05
-1.779806000407843872e-05
-1.723517412786949925e-05
-1.668587110711729045e-05
-1.555078729124209218e-05
-1.511207814239629816e-05
-1.419954164414733210e-05
-1.415702759255559546e-05
-1.313126860818966636e-05
-1.291844029906762247e-05
-1.198242915104913576e-05
-1.147887091699644307e-05
-1.093828592910993730e-05
-1.066018026897574131e-05
-1.002695612365351563e-05
-9.677926894514484062e-06
-9.101995117000178114e-06
-8.899823052966332544e-06
-8.652010334963277131e-06
-8.326287877618220737e-06
-7.855303255899241985e-06
-7.762062549837089805e-06
-7.194859672670864244e-06
-6.966328078710991946e-06
-6.562970823997004609e-06
-6.290172063774621288e-06
-6.196232285732418564e-06
-5.906197408538243071e-06
-5.611010483355884447e-06
-5.502813738799124479e-06
-4.839992812409731019e-06
-4.762631100898193411e-06
-4.637171403565936559e-06
-4.299743461696403909e-06
-3.994025960623955326e-06
-3.883527450387579839e-06
-3.599663275731740225e-06
-3.429714415246302622e-06
-3.065284487063656915e-06
-2.586393496020246248e-06
-2.559358388198219942e-06
-2.425883399130343504e-06
-2.221405314116196012e-06
-1.852033675348319732e-06
-1.800653365556061775e-06
-1.572954412473657254e-06
-1.488419551448828249e-06
-1.326742670157148677e-06
-1.137733969074585495e-06
-9.825317385277005226e-07
-7.813158091608782400e-07
-6.464688914547901924e-07
-4.688243982128771716e-07
-4.256528728781980874e-07
-2.288203986679067553e-07
-1.807004627548586418e-07
-6.138241315694725357e-08
-3.198732381492990524e-19
1.756796310577683711e-19
8.325293252991207295e-08
2.703345073530455063e-07
4.594774327543466161e-07
5.892660228991735469e-07
7.015883323262187606e-07
8.053434461802693539e-07
1.232603156239862022e-06
1.280411939697514329e-06
1.312026646816122372e-06
1.460045044452620231e-06
1.699004388836338934e-06
1.992415585840084175e-06
2.221119202943183671e-06
2.388166468981381454e-06
2.579737727581049995e-06
2.696042650304093746e-06
2.984818276179775552e-06
3.259459200794009216e-06
3.811698480063847925e-06
4.009808889935897375e-06
4.200753076881506460e-06
4.584631654956492431e-06
4.814828856542580197e-06
5.188463773541579468e-06
5.649072027675247156e-06
6.132389011082160490e-06
6.249696384556842925e-06
6.978285911430579872e-06
7.449216542065993024e-06
7.915694876119480690e-06
8.063042881500061721e-06
8.398325516515023497e-06
8.794608901104886858e-06
9.576628398998497497e-06
9.753347954981511669e-06
1.046034211894431906e-05
1.088288269753556013e-05
1.143383846048187183e-05
1.192038144941181914e-05
1.242930242501067553e-05
1.297718662173835321e-05
1.361441808539724056e-05
1.389269966196609987e-05
1.506066393101848670e-05
1.604683843049573800e-05
1.622501680395340901e-05
1.752391368191576885e-05
1.841766895667984845e-05
1.911827533931185550e-05
2.094754001137321135e-05
2.115123331378064003e-05
2.213441343622333149e-05
2.314376708302945255e-05
2.373810912724736788e-05
2.563228341975260687e-05
2.615410744786846758e-05
2.753891802190362907e-05
2.838658186864977519e-05
2.875783367787978120e-05
3.092287551567974332e-05
3.213961078339215718e-05
3.343357628170591153e-05
3.484935729608061860e-05
3.514579728976476367e-05
3.875421519896006712e-05
4.006338611634263332e-05
4.176125904867036809e-05
4.296425972164763496e-05
4.380034584863349851e-05
4.754969501274097755e-05
4.867757445753649332e-05
5.186900284315299397e-05
5.429335769553279693e-05
5.528438207380021840e-05
5.720464772728343363e-05
5.809636516752295679e-05
5.986974195038674795e-05
6.565519531076608926e-05
6.808656974227204938e-05
7.118161257675191913e-05
7.423390214770489350e-05
7.482241735476436470e-05
7.696998774995752449e-05
7.859210976998859952e-05
8.250709777066766190e-05
8.730613555856120975e-05
8.837556505746462497e-05
9.208070620516247654e-05
9.432361603790184084e-05
9.783930911824710878e-05
1.013571866144938083e-04
1.038380626857452572e-04
1.069823561728924083e-04
1.108742433124118538e-04
1.139535516809418400e-04
1.183648420047390514e-04
1.201801929846452231e-04
1.265026309784790092e-04
1.310975685055682188e-04
1.351920454847904023e-04
1.391497794809139297e-04
1.489951381936149909e-04
1.530490466038008604e-04
1.600853265573879249e-04
1.693034171730652322e-04
1.735190995656251301e-04
1.810931292227859098e-04
1.898978493396169900e-04
1.935434862767067678e-04
1.975177793116139114e-04
2.088242667350418010e-04
2.121134618013412469e-04
2.166875864747426245e-04
2.329219794430647129e-04
2.454351091147085988e-04
2.529360587107577101e-04
2.574800039686312315e-04
2.707358329366860161e-04
2.811732420611613302e-04
2.918422036059155496e-04
3.090857653301765247e-04
3.163971992215148816e-04
3.317913693810348283e-04
3.420460182436133099e-04
3.587132393635186225e-04
3.616543475161043165e-04
3.770905188249248723e-04
3.952365042828458771e-04
4.164100726191216325e-04
4.245602756497777303e-04
4.337584094869470258e-04
4.444017480267695706e-04
4.982956200431990206e-04
5.074277190131208171e-04
5.216826580894700542e-04
5.465358112182928550e-04
5.642356277031907027e-04
5.860478857985685231e-04
6.055415345428890326e-04
6.207194207121234956e-04
6.520309123152057519e-04
6.801920894068834086e-04
6.951402731917541737e-04
7.618125814703070745e-04
7.701675624029733543e-04
7.871108877092105466e-04
8.272321027682246050e-04
8.924490124585916870e-04
9.192993114463582274e-04
9.327850864889562906e-04
9.891536055620182757e-04
1.024071984308552946e-03
1.070159397574854112e-03
1.095870126797923814e-03
1.164357048053681889e-03
1.193338714333928765e-03
1.226394955328778767e-03
1.244204275431019845e-03
1.267627151958083823e-03
1.407701059830320737e-03
1.464101886508431972e-03
1.495000999584643591e-03
1.524599146664748885e-03
1.582273843413802700e-03
1.719906033730786606e-03
1.746331920803590983e-03
1.855644333096211030e-03
1.942686204581761146e-03
2.014938250055913448e-03
2.261142809941441879e-03
2.327097253696126800e-03
2.509384189624124049e-03
2.608774479898387857e-03
2.743229218455219432e-03
2.945026773511141751e-03
3.067667105349157833e-03
3.174668952225390833e-03
3.409599023030560668e-03
3.656239690556485188e-03
3.876886640127094521e-03
4.314923090179306753e-03
4.571708778480254066e-03
5.060993860251569373e-03
5.110909515333659711e-03
5.813857861521654763e-03
6.051895655681787355e-03
6.606041752193931270e-03
7.698827823729822301e-03
8.427477143105949892e-03
9.437001273590987088e-03
1.024008790099771929e-02
1.131167288763886523e-02
1.389721682600371377e-02
1.511333819329174766e-02
1.666192478764659882e-02
2.036515510657992134e-02
2.152805072538866576e-02
2.616791771714221601e-02
3.859543022506799204e-02
4.052718904234627745e-02
6.343188291177907778e-02
7.430468931720818349e-02
2.180352145335920366e-01
