-2.242899393111985953e-02
-2.152553998545879421e-02
-1.499754163745853006e-02
-8.954827314471655586e-03
-8.327339296553468856e-03
-7.523153867423301028e-03
-6.520539396105292339e-03
-5.872229523913981286e-03
-5.028200164598447749e-03
-4.656834599305023463e-03
-4.305055239608003917e-03
-4.111827573255555195e-03
-3.429953007106802901e-03
-3.246870835668433548e-03
-3.204839608302052518e-03
-3.127780658814328756e-03
-2.828649365962895759e-03
-2.564520267100163422e-03
-2.337026283565245798e-03
-2.263997562652655601e-03
-2.207825522617631094e-03
-1.977639250976825913e-03
-1.801209592712653927e-03
-1.762022291148384072e-03
-1.652540777656111249e-03
-1.503206065848657243e-03
-1.427660362898677988e-03
-1.389949890621625843e-03
-1.321622739062569335e-03
-1.260518787279722936e-03
-1.246427297973442183e-03
-1.178496504240439348e-03
-1.116101348311632994e-03
-1.056350639165072819e-03
-1.004996924124233054e-03
-9.879755030123859617e-04
-9.721351112937088972e-04
-9.091447542862363031e-04
-8.541926551774477053e-04
-8.203799056898490594e-04
-7.990288068547517610e-04
-7.870600743678121637e-04
-7.383089927299171708e-04
-6.997312057580044788e-04
-6.726731440669659733e-04
-6.333188132277518595e-04
-6.062516910942958651e-04
-5.952176252375628853e-04
-5.715157844867764080e-04
-5.478193813779149877e-04
-5.413569623820346311e-04
-4.863170420142490669e-04
-4.760902844130605709e-04
-4.681316909128020081e-04
-4.259121781703053026e-04
-4.143633798741122587e-04
-3.997683817530945749e-04
-3.988476450232099997e-04
-3.704887332327129164e-04
-3.686087636508485893e-04
-3.501597770556953487e-04
-3.319760867851577219e-04
-3.188842172953058451e-04
-3.049105097843127243e-04
-3.039937049976924551e-04
-2.880844210393699559e-04
-2.843953126599325074e-04
-2.657663250105159127e-04
-2.530131567807964734e-04
-2.473056172623607093e-04
-2.378582299572326705e-04
-2.335671079594436124e-04
-2.189156968241487032e-04
-2.037528148200714922e-04
-1.974322943984111833e-04
-1.949085409388503110e-04
-1.903906297415545285e-04
-1.823170254264313964e-04
-1.760721264742283790e-04
-1.722976621134904936e-04
-1.577281025425163533e-04
-1.505534716031260646e-04
-1.453482273199069351e-04
-1.386950709056937101e-04
-1.302973494854196921e-04
-1.286946593789606644e-04
-1.231882060746007841e-04
-1.195879770646755510e-04
-1.167221719554071733e-04
-1.117600110207384810e-04
-1.059146834821997406e-04
-1.003433676706412856e-04
-9.729969265727175386e-05
-9.247457655967255934e-05
-8.976325883451516917e-05
-8.627223276266816551e-05
-8.075331956705787879e-05
-7.850532540229054326e-05
-7.422466503680219779e-05
-7.410390672841442978e-05
-7.276986398160756471e-05
-6.873820874950312121e-05
-6.840067596792853222e-05
-6.493836512675519993e-05
-6.146016401421979230e-05
-5.996091154843393882e-05
-5.812210789266449885e-05
-5.556675270165939982e-05
-5.257009925186527800e-05
-5.103060738738093486e-05
-4.870129225552724696e-05
-4.748207888144316313e-05
-4.720363852600402513e-05
-4.642036708852433151e-05
-4.139154531324306497e-05
-4.116957821286013129e-05
-3.899650691088834355e-05
-3.747789266561793838e-05
-3.518882651503451643e-05
-3.411596372443354968e-05
-3.253201267192334500e-05
-3.194143920383276519e-05
-3.149192278869072324e-05
-2.833802665119041533e-05
-2.712944802713027163e-05
-2.653952536650038268e-05
-2.547452494493092866e-05
-2.434213612891993964e-05
-2.287270393378315158e-05
-2.197572691021378342e-05
-2.033811188314591683e-05
-1.953276763951398851e-05
-1.931603536642386966e-05
-1.803845852542082753e-05
-1.773435592149483884e-05
-1.688697027384945579e-05
-1.602364743344955321e-05
-1.546297994913027707e-05
-1.505703769488611224e-05
-1.402774422721366744e-05
-1.359069205209941089e-05
-1.291175196913849786e-05
-1.241050125282922991e-05
-1.186056271111097184e-05
-1.129315282120006960e-05
-1.042971271762953070e-05
-9.792651353287778909e-06
-8.990419367353421942e-06
-8.875561030214764859e-06
-8.166661440617993520e-06
-7.766661059442288406e-06
-7.598065003317867259e-06
-6.950879486392233148e-06
-6.602391392105859421e-06
-6.056017952101843877e-06
-5.869065352919123020e-06
-5.739926128292957149e-06
-5.384158211476353728e-06
-5.022970726156561254e-06
-4.336012786178501263e-06
-4.108486172941595655e-06
-3.933229595396733910e-06
-3.220526608893511211e-06
-3.109635754507061180e-06
-2.928358975162667740e-06
-2.635561400936227601e-06
-2.364765207158779604e-06
-2.160945493974132034e-06
-2.111004411139279113e-06
-1.900519834033770364e-06
-1.602811369235427706e-06
-1.407099559801893961e-06
-1.254065913358945355e-06
-1.090444358447312536e-06
-9.305908397606802111e-07
-8.214588987324148555e-07
-6.542863845497848164e-07
-5.973623228623380940e-07
-5.186500599924740144e-07
-3.308742508577828101e-07
-2.388489804438941313e-07
-1.455130811806622975e-07
-6.354982305738988663e-08
2.248919355841691707e-18
1.159694684222379344e-17
6.555105927488251166e-08
2.428078808677653236e-07
2.952586493146484748e-07
5.326838318223665038e-07
6.438916655973288341e-07
7.494488495815438483e-07
8.723555799858833669e-07
1.051702987295718005e-06
1.206477811406917051e-06
1.345052355441503334e-06
1.599520469675508272e-06
1.864345903729110135e-06
1.977737659672754282e-06
2.350410395401830833e-06
2.476423376024630666e-06
2.672307587565244899e-06
3.002999351349634619e-06
3.011280923728985157e-06
3.212204037992543107e-06
3.393057574820615907e-06
3.610682686375724002e-06
3.920723388945357518e-06
4.253664524948348345e-06
4.345953121202398596e-06
4.723670298577947330e-06
4.876373749604775572e-06
5.178784788151860044e-06
5.274813775951680882e-06
5.368536534042576219e-06
5.792672773296738355e-06
6.199020163280787869e-06
6.515260517265893739e-06
6.734595570431207206e-06
7.129671276111883834e-06
7.643055941757637814e-06
7.892544859961344724e-06
8.242010005485867212e-06
8.750995677339584017e-06
9.028263672305235905e-06
9.400595499444484054e-06
9.606589764427028472e-06
9.918943256324867010e-06
1.058011243717201020e-05
1.113075754793383229e-05
1.119167749680952509e-05
1.137245382637078101e-05
1.167944347778002798e-05
1.264563453849405846e-05
1.345791540391413363e-05
1.378134934750206359e-05
1.481155105113820464e-05
1.503494854943986640e-05
1.575683182965176624e-05
1.623710252342908136e-05
1.656526619355890972e-05
1.730630633688603703e-05
1.787996392718862071e-05
1.962472604308221984e-05
1.983157805547670560e-05
2.058405380960148025e-05
2.106629577973798026e-05
2.167095014448321377e-05
2.266661339356970477e-05
2.284883663499776691e-05
2.397121009858212522e-05
2.440273080423326492e-05
2.510592201834794979e-05
2.572585798441038798e-05
2.644849481219063613e-05
2.775034756310119412e-05
2.862883716661368527e-05
3.012330220354534323e-05
3.105438026562828946e-05
3.144753813324447338e-05
3.227751803559138910e-05
3.292955340395934555e-05
3.430269770903672934e-05
3.631825032606063449e-05
3.679116029751299585e-05
3.738058161459434738e-05
3.899149975537257611e-05
3.968926850234703695e-05
4.043126012912470188e-05
4.090887200658973406e-05
4.294870890134817556e-05
4.371095962773803145e-05
4.502949105830755442e-05
4.569502222103129154e-05
4.818310009073057402e-05
4.860168105495908284e-05
5.115616483499012902e-05
5.199876805669980957e-05
5.358730043478273118e-05
5.488324793671287076e-05
5.808363002911579812e-05
5.871863413556271401e-05
6.009762444143412514e-05
6.123353898652828908e-05
6.290120358714569018e-05
6.512990105250064438e-05
6.631271611522802771e-05
7.030993624743679020e-05
7.317025572736400032e-05
7.360607298070798372e-05
7.450979802331535835e-05
7.860477370626948448e-05
8.059758333522920202e-05
8.295875823967712825e-05
8.414948354764194695e-05
8.589825884857268609e-05
8.751957725505349090e-05
9.283985015202249368e-05
9.599874624986523140e-05
9.679956190991577945e-05
9.839425909125659416e-05
9.960945218056534492e-05
1.026603174039757930e-04
1.062709698495929939e-04
1.078211719385675061e-04
1.122916018699582499e-04
1.151209218480215652e-04
1.192760536729055038e-04
1.243362374522857361e-04
1.289420174883395523e-04
1.308828573953703573e-04
1.354541452612436476e-04
1.391715015225886761e-04
1.466298422228444801e-04
1.501366427559700715e-04
1.515289176032956508e-04
1.546119213514675599e-04
1.588237853099153162e-04
1.653083807628135554e-04
1.711754538812428929e-04
1.738545832383918063e-04
1.790821385826656923e-04
1.863915735188449621e-04
1.892560441557429238e-04
1.908785483987613361e-04
1.966896646538630075e-04
2.066314554207771882e-04
2.086422023443518714e-04
2.142871702441042584e-04
2.238934507701962002e-04
2.282137161291115013e-04
2.353601787330922605e-04
2.465855641827606882e-04
2.609866643559502421e-04
2.736696271416155335e-04
2.752343110607936199e-04
2.817554379419072007e-04
2.925382363473647039e-04
2.982911107458566659e-04
3.096286582233422026e-04
3.176750419965480680e-04
3.251125708674356394e-04
3.331941484102293998e-04
3.504522569470673132e-04
3.550370902536550770e-04
3.666790354370630780e-04
3.829076292591836444e-04
3.910649546917835222e-04
3.992435926797622278e-04
4.017682896050709285e-04
4.210264857315566107e-04
4.337125194931118282e-04
4.551387098973959724e-04
4.808402647389372719e-04
4.864472075599688187e-04
4.928002874128228688e-04
4.996170365594100648e-04
5.241349288276052083e-04
5.560214231765736115e-04
5.587842242087872734e-04
5.845632464987691708e-04
6.206284548650060342e-04
6.241961500910078037e-04
6.338834769053296962e-04
6.737872139568317625e-04
6.839858637061405891e-04
7.037422501577873194e-04
7.212994631830856431e-04
7.357943957632241769e-04
7.872447528152093539e-04
8.108628121673387831e-04
8.473787275479860263e-04
8.700436207704373643e-04
9.048949518400883560e-04
9.317715716689228865e-04
9.665382171782856309e-04
1.003650037910676579e-03
1.042748054312803846e-03
1.098777159653095432e-03
1.117788717860022929e-03
1.141063832236064455e-03
1.204798814590810800e-03
1.256444116364308604e-03
1.290107068144236971e-03
1.344208575944829320e-03
1.446567711081962792e-03
1.502702648276588518e-03
1.537056919749594814e-03
1.598189472298240741e-03
1.653091143561418157e-03
1.726288487510873335e-03
1.767782811974368679e-03
1.865701459013568899e-03
1.927167876492985859e-03
2.031733404915886821e-03
2.140325688153307988e-03
2.275442664622773399e-03
2.339364410290594928e-03
2.430156949222154594e-03
2.457685400686377124e-03
2.549623856079917018e-03
2.771030269118552811e-03
2.961042361498723418e-03
3.100441692337094560e-03
3.190673409036644606e-03
3.531852766590116294e-03
3.692933752088743520e-03
3.928964522807906409e-03
4.005107376358918794e-03
4.171025622832936347e-03
4.446390831999435210e-03
4.922060842171395792e-03
5.543571870556963932e-03
5.726944625336309949e-03
6.083176789964424638e-03
6.913311181592944783e-03
7.975396058133955163e-03
8.683000909422424266e-03
9.081626879085260076e-03
9.382367565530591938e-03
9.892439290753972381e-03
1.138652561120878995e-02
1.273371716006734336e-02
1.494310041574451083e-02
1.587384529617899900e-02
1.836608829592422179e-02
2.067708796772516067e-02
2.225309344303177256e-02
2.782624252373999338e-02
3.175345604791289522e-02
3.572785121786901941e-02
4.658794899166785602e-02
7.665062326752317134e-02
8.444860091384900902e-02
9.651874653842724971e-02
1.177790745667632033e-01
1.916177910872000623e-01
2.190106524057715831e-01
5.160450395389393208e-01
2.267462101923702456e+00
4.638598289368569993e+00
1.306715108615585308e+01
