-9.478511296547593666e-16
-5.444587876275650181e-16
-4.936756725514010499e-16
-4.368197267545178322e-16
-2.736317954332815498e-16
-2.624558524657035684e-16
-2.314330687022451567e-16
-1.741987190922322755e-16
-1.692560891307222710e-16
-1.602615553029448788e-16
-1.564442511434192787e-16
-1.433527878648194672e-16
-1.397770292595468221e-16
-1.329298170761023936e-16
-1.269422195751307996e-16
-1.249947901857976589e-16
-1.194564783203740650e-16
-1.144534263587690443e-16
-1.111304032064774441e-16
-1.080474343886789654e-16
-1.054094659692891776e-16
-1.014108859237543510e-16
-1.000095921888197485e-16
-9.854227581359270971e-17
-9.259857501999242350e-17
-9.150238380036365114e-17
-9.010351646817302486e-17
-8.812195309762042130e-17
-8.600468857199029362e-17
-8.290003291519378455e-17
-8.073081096303877698e-17
-7.871384800449541850e-17
-7.846564625084340671e-17
-7.669290222342407468e-17
-7.435091580115061673e-17
-7.339304988956727658e-17
-7.207465954345489095e-17
-7.071968557282784664e-17
-6.841375685267326460e-17
-6.717402398803073444e-17
-6.662432695304548113e-17
-6.601090889327546498e-17
-6.583273840656154268e-17
-6.430925563719812133e-17
-6.166523216322922231e-17
-6.111527036953153361e-17
-6.037964155103453284e-17
-5.930800941364301439e-17
-5.826576992145688455e-17
-5.635402229560829318e-17
-5.592609332935777458e-17
-5.531839599434571494e-17
-5.429912657746786459e-17
-5.354218763005613012e-17
-5.329343258967599187e-17
-5.174676445318068228e-17
-5.085422852207137375e-17
-5.051501837416727850e-17
-4.971464454237820825e-17
-4.906314190959976968e-17
-4.780753916730221113e-17
-4.705613381074659186e-17
-4.676084939924403332e-17
-4.538829996446121285e-17
-4.463731303109872454e-17
-4.417592810524231031e-17
-4.328947551055125140e-17
-4.284753281054831161e-17
-4.211910581474877038e-17
-4.170951153993154543e-17
-4.028538404384825556e-17
-4.013436471734744734e-17
-3.837892939088898607e-17
-3.813152129803517041e-17
-3.730429505407993457e-17
-3.708515899635290236e-17
-3.696148534111540979e-17
-3.671774876719388326e-17
-3.616608953493070101e-17
-3.551959844256039519e-17
-3.524093617478421872e-17
-3.395744343319015006e-17
-3.356446403041164125e-17
-3.350855378765571721e-17
-3.335431784132318524e-17
-3.253804232783663156e-17
-3.225112981701469672e-17
-3.165903600193502820e-17
-3.080365936930901263e-17
-3.047276192343027337e-17
-3.026354636725542846e-17
-2.973201828220789744e-17
-2.865859757386266728e-17
-2.849998941965214930e-17
-2.802394579102505459e-17
-2.780203811456130536e-17
-2.728939099066697001e-17
-2.681922872184427932e-17
-2.657444429060416348e-17
-2.630569003020068815e-17
-2.573730586267612239e-17
-2.514613337018194369e-17
-2.469706728383502877e-17
-2.440471128291649578e-17
-2.418243229643430666e-17
-2.353110167990636808e-17
-2.334945265062235847e-17
-2.278159697684315347e-17
-2.246027449634703622e-17
-2.199218670041104398e-17
-2.166389594752558231e-17
-2.155794248199811705e-17
-2.102790572801134689e-17
-2.059675024766520869e-17
-2.040227581727099071e-17
-2.016048757423483321e-17
-1.996333994375032673e-17
-1.942873344781377609e-17
-1.936318360855308139e-17
-1.871827512503093584e-17
-1.843559016994048013e-17
-1.806547746015380454e-17
-1.775759766166866921e-17
-1.764666342904699862e-17
-1.739427901885548529e-17
-1.696411800632753132e-17
-1.683197531332633111e-17
-1.649629471680939507e-17
-1.636115999073765432e-17
-1.595747289209790220e-17
-1.558633829034727114e-17
-1.532282034434062867e-17
-1.509123592104925948e-17
-1.483501829814224970e-17
-1.433232301611052256e-17
-1.417948008543064821e-17
-1.392866444283499582e-17
-1.377537278064049666e-17
-1.325764456474641986e-17
-1.302082423102967189e-17
-1.279485180691996092e-17
-1.258245526378295131e-17
-1.235618110928291399e-17
-1.178316648467072470e-17
-1.154247108805329242e-17
-1.136887618367917648e-17
-1.120641067661147466e-17
-1.113074563638257713e-17
-1.095551462744078877e-17
-1.072450271337730506e-17
-1.050105440617912566e-17
-1.043377916895206584e-17
-9.855166599868762862e-18
-9.679570576884004929e-18
-9.593341806828929917e-18
-9.399120287234294104e-18
-9.044373075679485234e-18
-8.755402273151059686e-18
-8.627400974652015090e-18
-8.357487904845141765e-18
-8.173247846380684969e-18
-8.063081249521303348e-18
-7.854975345478146805e-18
-7.709439737519211508e-18
-7.365845823020652520e-18
-7.324486472721201695e-18
-7.069179545452902814e-18
-6.897547145118468343e-18
-6.739959083243562818e-18
-6.471653657430281083e-18
-6.378429214662014964e-18
-6.341265536369063279e-18
-5.921796927879853397e-18
-5.765298394358387267e-18
-5.486503439153839377e-18
-5.297457593263988474e-18
-5.147173375815571574e-18
-4.811541844263072850e-18
-4.752265876790295204e-18
-4.573691303089614590e-18
-4.537906759846771089e-18
-4.285521102858613349e-18
-4.164515374317668899e-18
-3.860031194180605278e-18
-3.788145462865581625e-18
-3.694240092633952851e-18
-3.582427569120617248e-18
-3.418978874917026101e-18
-3.321845167477844046e-18
-3.065040394901521579e-18
-2.787187049284057202e-18
-2.675018356429425530e-18
-2.509793504937657609e-18
-2.341691295886816724e-18
-2.188044707913631243e-18
-1.999602928529753779e-18
-1.925744238431933041e-18
-1.792240260279358702e-18
-1.426771309192863426e-18
-1.403570273266038064e-18
-1.194979709717510307e-18
-1.068975995706541343e-18
-8.233748025169411273e-19
-7.760673610770994045e-19
-6.109942278184720089e-19
-3.578884939429378723e-19
-3.328438634268928593e-19
-2.067987713101074206e-19
1.231979963720567457e-21
3.670471216442613128e-19
4.707656962394113559e-19
5.392621275939591540e-19
6.535020581122615474e-19
6.747427337465273338e-19
7.585117286101194584e-19
1.057852471172560849e-18
1.203372995240531156e-18
1.277230560803353977e-18
1.390398851443517038e-18
1.592068115091215570e-18
1.886048018724053356e-18
1.928903953575835566e-18
2.052224265115729591e-18
2.158193854397884332e-18
2.334239541856966030e-18
2.714325953264638146e-18
2.808064141317009751e-18
2.978946000699344331e-18
3.047943518379635681e-18
3.258827750675680432e-18
3.372727804077640814e-18
3.676098808251993976e-18
3.767140628385534638e-18
3.952926770970251322e-18
4.077852608172653090e-18
4.160319328198345912e-18
4.415241247072248771e-18
4.527722633526835388e-18
4.577336472865490771e-18
4.724416698571663104e-18
4.930735645496816536e-18
5.072197891346140832e-18
5.309789482588476046e-18
5.686596959591332910e-18
5.975651191844045494e-18
6.048235157229654055e-18
6.339283298412050104e-18
6.400239793514961415e-18
6.536280605061239460e-18
6.777191584179762377e-18
6.933089376282718743e-18
7.240005962888556550e-18
7.436677695787259493e-18
7.735710519034383047e-18
7.865110928629187668e-18
8.048117548624647681e-18
8.459038808764350571e-18
8.542917924352457636e-18
8.804220666873799060e-18
9.024531282324685477e-18
9.130587517057094568e-18
9.508629297907883668e-18
9.663367032472813273e-18
9.806862160314013997e-18
1.028168426493309547e-17
1.047853942656363805e-17
1.056766555439761886e-17
1.084546682978567415e-17
1.106949946114010222e-17
1.125865947387938925e-17
1.140713425899501477e-17
1.149584817300595081e-17
1.179992632447591566e-17
1.196008064132524112e-17
1.233495557954457714e-17
1.261099995640273016e-17
1.277630517153167112e-17
1.315974523300558573e-17
1.326807065434013620e-17
1.362341188450130155e-17
1.368283121510523539e-17
1.397794863951900781e-17
1.412719611675151128e-17
1.447491896505499790e-17
1.464028322241844286e-17
1.516703717639575866e-17
1.553604608395898718e-17
1.580288429284978545e-17
1.602305848688725679e-17
1.616627760274138395e-17
1.636566252425680079e-17
1.660511385749919893e-17
1.708787742810894019e-17
1.750966885701437553e-17
1.771927104598176353e-17
1.790108381755177177e-17
1.819573552804171543e-17
1.836426442699163177e-17
1.874658148518751011e-17
1.899522240614946254e-17
1.931724222103428840e-17
1.978873269562370908e-17
1.995194650140296962e-17
2.050941600067174697e-17
2.058982252428636507e-17
2.082757253889800127e-17
2.152265091748950454e-17
2.158950552789807226e-17
2.197333516293750346e-17
2.224368053795537610e-17
2.276694004918153689e-17
2.284834124618359327e-17
2.364957526321443498e-17
2.384048999635612885e-17
2.409732847239391854e-17
2.473212899431863688e-17
2.500522811871755294e-17
2.543025107203100041e-17
2.568111490705599680e-17
2.619589237298532306e-17
2.640361858587648713e-17
2.691464506225252813e-17
2.719687029789813192e-17
2.776539416933822702e-17
2.899905161132949883e-17
2.921249182101836449e-17
2.934715039365855864e-17
2.973228414299079372e-17
3.020309890411662981e-17
3.073695103392642066e-17
3.165784672276748259e-17
3.223781554239727746e-17
3.227033506847677491e-17
3.248934501996333905e-17
3.312264214711129674e-17
3.327052282040116382e-17
3.409061841308615013e-17
3.487427071669959062e-17
3.501723713466946579e-17
3.520538679433581231e-17
3.613163444305698664e-17
3.683617963529640420e-17
3.745961775488482625e-17
3.792879011463293094e-17
3.803640775212577305e-17
3.893909851868383876e-17
3.958635957379260483e-17
4.034268300303119890e-17
4.113239401822867872e-17
4.129084709041023212e-17
4.226888439648069922e-17
4.319393743823377998e-17
4.378867994255139180e-17
4.431618190814973036e-17
4.509285757604177221e-17
4.559856969842178178e-17
4.669008577991997779e-17
4.719715996327874805e-17
4.854401182429007438e-17
4.893815993614657692e-17
5.020168916329400164e-17
5.077157299002673472e-17
5.199023549711496284e-17
5.249620822482690366e-17
5.308521527682347168e-17
5.338034913877228290e-17
5.488704064480119719e-17
5.640591548849357064e-17
5.670512601891821416e-17
5.743176607820096575e-17
5.922621937898439426e-17
5.994466690710027041e-17
6.058016685448449855e-17
6.206147354788503298e-17
6.480251261541475483e-17
6.509472381937416707e-17
6.639582193704919019e-17
6.893778482563895811e-17
6.966176638113826170e-17
7.027685477890576117e-17
7.073359614306521889e-17
7.354084193255663925e-17
7.550278150154942517e-17
7.730567839501960066e-17
7.823606750455434872e-17
8.020230657787163805e-17
8.131115602524303653e-17
8.304598421842568871e-17
8.374683318946397109e-17
8.514023566865600227e-17
8.612042351746880689e-17
9.234259752129925765e-17
9.423827870573068472e-17
9.827751548190622299e-17
9.903848616620511595e-17
1.036219284964910983e-16
1.076670056270039818e-16
1.111407451669915308e-16
1.130147639776694397e-16
1.172607830852635856e-16
1.229176760183267208e-16
1.271398052684951858e-16
1.292627626159343017e-16
1.371269811209546551e-16
1.434871192445655141e-16
1.612429289874071454e-16
1.655331047407730419e-16
1.740922584721008419e-16
1.826061582785799027e-16
1.982400190521077577e-16
2.423539763547759213e-16
2.535567640580460550e-16
3.104971172498488474e-16
3.476820363333778542e-16
5.780487539655970887e-16
9.569686180106563868e-16
1.108151230061870090e-03
2.546096727320967205e-03
4.850927447720389078e-03
5.331855885322918202e-03
6.383937117795289266e-03
7.003070209430457480e-03
7.457041108484437769e-03
8.924457949921527078e-03
1.049846559097051928e-02
1.387098429005965278e-02
1.621063613264446882e-02
1.750268991510902511e-02
2.509623555996678967e-02
2.976832938198792355e-02
4.778394975372769055e-02
5.471239926644197449e-02
6.469040808651733976e-02
8.604354410865190650e-02
1.033400699539289425e-01
1.403147984757439071e-01
1.775852230979948765e-01
4.721060997179856722e-01
2.090536659537380437e+00
4.123634345990956795e+00
1.012762518273693857e+01
