1.757440744187547740e-02
1.533131405237750725e-02
1.168780385551710516e-02
5.455704609922847059e-03
3.987068117684127930e-03
3.772178535820834913e-03
3.351551550745292610e-03
2.031269901178097900e-03
1.916216948339514222e-03
1.880457512011242741e-03
1.702725308493418513e-03
1.610183094167271477e-03
1.476416343833364050e-03
1.440090208277022355e-03
1.396048680474713246e-03
1.347965913765460230e-03
1.250382550651916828e-03
1.218161060615287469e-03
1.148304112982820313e-03
1.086609825008132873e-03
9.468598531951046091e-04
9.304720322652593710e-04
9.166032260059445288e-04
8.691978827967659655e-04
8.553179963905783046e-04
7.656196682051535788e-04
7.534413638152628401e-04
7.176596185883965919e-04
7.148136561865613744e-04
6.865905266708201803e-04
6.711381252616026825e-04
6.530175796219020012e-04
6.107370717129312516e-04
5.849403490148572101e-04
5.621696246122511939e-04
5.390105849257984753e-04
5.204243786180142361e-04
4.941408521839101443e-04
4.918082187410221942e-04
4.770668721303930257e-04
4.634689143841341937e-04
4.506460826247721176e-04
4.364342401903296238e-04
4.251890527437584416e-04
4.141075548316804750e-04
4.049082245845880617e-04
3.973659364370027034e-04
3.911839562623789317e-04
3.662914550323627893e-04
3.559904121633180544e-04
3.458245659040313732e-04
3.412209630093516132e-04
3.327005274040643326e-04
3.315258251537841626e-04
3.165213148793611384e-04
3.114819305797084602e-04
2.987742891545193077e-04
2.980809879689039991e-04
2.899616021582658880e-04
2.777818754240371371e-04
2.705992204275360895e-04
2.656756228489526913e-04
2.599750951570847031e-04
2.495251354346659850e-04
2.418662901101253536e-04
2.371448139886137138e-04
2.364382929143972207e-04
2.193560679733837628e-04
2.156796440012429916e-04
2.089888431625496119e-04
2.079169016617533102e-04
2.043681325826700410e-04
1.995717236477263540e-04
1.944961403464512601e-04
1.873280526793287331e-04
1.850043213437663539e-04
1.821971412370453243e-04
1.798625072825248584e-04
1.763215262773165475e-04
1.749435788103023356e-04
1.626352222832976751e-04
1.599984078978870794e-04
1.567135745668259497e-04
1.530070583001281873e-04
1.501696619709257119e-04
1.456572459600588706e-04
1.423658519411206871e-04
1.370456335622170937e-04
1.347822387371103874e-04
1.337996739006599230e-04
1.281104478503635835e-04
1.248435447592265493e-04
1.211856906005325158e-04
1.210992648688373398e-04
1.180739251689035159e-04
1.149706839767375037e-04
1.100128269680138187e-04
1.088391623451666671e-04
1.055021869194018255e-04
1.035590509951341568e-04
1.004917113372887387e-04
9.773774630624537554e-05
9.634831053324617784e-05
9.408689718044571963e-05
9.129058079541313485e-05
8.928846504906585557e-05
8.743913013732157414e-05
8.677775393522463461e-05
8.568863760824121283e-05
8.033157958238207449e-05
7.943887448165963224e-05
7.754172304554224381e-05
7.674965420238342073e-05
7.512902614891675025e-05
7.346214155738142650e-05
7.209514204604793161e-05
7.116841808831465398e-05
6.958231894465720998e-05
6.686677812269767047e-05
6.465845320825117733e-05
6.411810974344391782e-05
6.311423914494492806e-05
5.933746031198325061e-05
5.806439548023114916e-05
5.720181519442737973e-05
5.680021140687298992e-05
5.515736233432858417e-05
5.333509415467926884e-05
5.250708377175228179e-05
5.197419327282856900e-05
4.952541298212217779e-05
4.922252140957151530e-05
4.750493605593540458e-05
4.611507370819041123e-05
4.537681421965713814e-05
4.489071600419987813e-05
4.372600272717111052e-05
4.155959950158093918e-05
4.029259289851783838e-05
3.966458858018893257e-05
3.797161689508469053e-05
3.728667985036255162e-05
3.680940210487660996e-05
3.619269114383170895e-05
3.484959384566177037e-05
3.377626740637107688e-05
3.359819418787456048e-05
3.262907482404167234e-05
3.203474513887133955e-05
3.103744092404428642e-05
3.018578810028447806e-05
2.943180505510695932e-05
2.882351122686385936e-05
2.824839442396055169e-05
2.780511178646723116e-05
2.650010780457060937e-05
2.630482268053818549e-05
2.576499260147698412e-05
2.510088941465517620e-05
2.430211472126643776e-05
2.411436856134545781e-05
2.368511651406858681e-05
2.309747134262475366e-05
2.246134008708812005e-05
2.184482741380901034e-05
2.103460731024807626e-05
2.081371159093474511e-05
1.986667714027438655e-05
1.978676246678457784e-05
1.953196607217747214e-05
1.876464335508407958e-05
1.860812792172442380e-05
1.810774056463099259e-05
1.775304966040877497e-05
1.707813159647226308e-05
1.654941773911558397e-05
1.613164954089602997e-05
1.561939618256700198e-05
1.549582460056620449e-05
1.485630211659264948e-05
1.451186265588616807e-05
1.425389163060182743e-05
1.367755515613508702e-05
1.312863160772368966e-05
1.296762031307071332e-05
1.257011641644687974e-05
1.210068111326846669e-05
1.189116263140884188e-05
1.154284229357631089e-05
1.150074736609244087e-05
1.124469302009207733e-05
1.103364390298674248e-05
1.073387031108374470e-05
1.009032778275370682e-05
9.890229193834280971e-06
9.640141961554749296e-06
9.234401642981721216e-06
9.187078992609703333e-06
8.758166894881296949e-06
8.530633659798441553e-06
8.064852530982118638e-06
7.786616489823040854e-06
7.607325936597383593e-06
7.293655561897248649e-06
7.146861788013107843e-06
6.762438457604859343e-06
6.583790287623624186e-06
6.304402523669521192e-06
6.122769779060765104e-06
5.767006694410375546e-06
5.387444731627987714e-06
5.231805989905422372e-06
5.098864498636411610e-06
5.048934396459953183e-06
4.950031751850600353e-06
4.839660812462342083e-06
4.524039673431548499e-06
4.316132518293073048e-06
4.257592636155602153e-06
4.053558431065527437e-06
3.938729075570738203e-06
3.759692945771452523e-06
3.591656991268953083e-06
3.330205249831958498e-06
3.270408625460073048e-06
3.227831197676815979e-06
3.091780009760976089e-06
2.927410416297639549e-06
2.815281857913583592e-06
2.685555689099339442e-06
2.663097101313479201e-06
2.537647614257124676e-06
2.513840523941051177e-06
2.317903098255656869e-06
2.248566330820521662e-06
2.089472402235230909e-06
2.021048011311061408e-06
1.793684613263483002e-06
1.752537162946273098e-06
1.621575852746556768e-06
1.496516376483472740e-06
1.434765612948770703e-06
1.332845726071215176e-06
1.248611366604781247e-06
1.161222473498708107e-06
1.054940104042933826e-06
9.398347941552005683e-07
7.887444270247746274e-07
6.962554720890975444e-07
6.310756702397762072e-07
5.680553161306632180e-07
5.118766179264108518e-07
4.411065683165842303e-07
4.126061963893420346e-07
2.541569942057900911e-07
2.296996494877050235e-07
1.465900204840384708e-07
1.125191714747722387e-07
5.334245038682189460e-08
2.398575552946371052e-08
5.374884410319737444e-21
-2.840629321188120896e-20
-1.900207753512296586e-08
-7.497265392316380960e-08
-1.534989895053933551e-07
-2.249002928891242735e-07
-2.625170063397340520e-07
-3.697903930710929848e-07
-4.024127965006849796e-07
-5.007459022408873736e-07
-5.468938621560956544e-07
-6.528430978027911186e-07
-7.634107488698591005e-07
-7.948925710384212574e-07
-9.987340263113231910e-07
-1.036724751016548335e-06
-1.111903098311068521e-06
-1.205092411992759471e-06
-1.315155392309502337e-06
-1.461948792358557196e-06
-1.683402928513726204e-06
-1.737710663315078188e-06
-1.956382483456623716e-06
-2.126165531257695879e-06
-2.296266184494142169e-06
-2.407580927164743664e-06
-2.480262858816918326e-06
-2.632083890563084181e-06
-2.850353718837403761e-06
-2.992968129006781645e-06
-3.159941768241213721e-06
-3.378352519399607644e-06
-3.577293716751932859e-06
-3.897377113936079442e-06
-4.157110634880233896e-06
-4.344526240790150422e-06
-4.817586716226036599e-06
-4.869817392302165381e-06
-5.108291941729785122e-06
-5.335467856258709553e-06
-5.514132958217329789e-06
-5.633115356359627870e-06
-5.899864269064345624e-06
-6.183604114432398319e-06
-6.415550618670868144e-06
-6.802735247107162966e-06
-7.200099144556797284e-06
-7.426761356834980291e-06
-7.576839283863093026e-06
-7.924138123503674997e-06
-8.600252841178616361e-06
-8.911723944474275117e-06
-8.996889964291119942e-06
-9.861825636595141016e-06
-1.002610594968925009e-05
-1.055144355279965915e-05
-1.068542874954229527e-05
-1.137733295032056279e-05
-1.185232909586759826e-05
-1.230088237723316208e-05
-1.256698327963986069e-05
-1.299226944216495713e-05
-1.375760698336002016e-05
-1.435161881231903920e-05
-1.453046313104339628e-05
-1.587678250837982466e-05
-1.617019349901754207e-05
-1.648896346288129949e-05
-1.770223817971121482e-05
-1.794685113028840078e-05
-1.863816973724139288e-05
-1.866143120724569120e-05
-1.947565648957627862e-05
-2.051466087157955128e-05
-2.134049333439336192e-05
-2.151995439091805977e-05
-2.290175881013887881e-05
-2.355545400423983277e-05
-2.496624302077096147e-05
-2.579220381712240295e-05
-2.592032079922485717e-05
-2.651616740628603630e-05
-2.734158005621993608e-05
-2.947227270972403346e-05
-3.005049648076088000e-05
-3.027740161076814508e-05
-3.140923546136017080e-05
-3.195663765245907042e-05
-3.477406856986356903e-05
-3.590820497742929250e-05
-3.646136400530400286e-05
-3.769152566496764516e-05
-3.979120150712409619e-05
-4.131738184802403666e-05
-4.217470951293089026e-05
-4.350168363041778024e-05
-4.531042510323454682e-05
-4.669465993999176375e-05
-4.780926852335517201e-05
-4.949823424232165840e-05
-5.114661986826809831e-05
-5.383397056620899021e-05
-5.513615175930338850e-05
-5.674271189952836790e-05
-6.062634137859271728e-05
-6.110880369979529881e-05
-6.369404141915809188e-05
-6.599517424359276074e-05
-6.645427571957774140e-05
-6.743924279370375077e-05
-6.964617308930797271e-05
-7.166509536789177830e-05
-7.417604198614114255e-05
-7.730858037398315142e-05
-8.068039139429482927e-05
-8.240322408704535070e-05
-8.346585461922415852e-05
-8.930752533996002770e-05
-9.475333111553630816e-05
-9.808851654442265946e-05
-1.004584419245545740e-04
-1.055154960394917444e-04
-1.095263500246256114e-04
-1.111307234286750662e-04
-1.141948218278615395e-04
-1.177592853734675277e-04
-1.194041600454011641e-04
-1.266071235572016499e-04
-1.278472008537426252e-04
-1.311962519920359166e-04
-1.333151092723738440e-04
-1.451138495957491855e-04
-1.483595522960982937e-04
-1.509486766636601953e-04
-1.535328963033389283e-04
-1.592328643161543831e-04
-1.642513928921215027e-04
-1.659073598970487091e-04
-1.703359448776115925e-04
-1.733250233047858879e-04
-1.758475431677619877e-04
-1.840049054028364804e-04
-1.876079230825874534e-04
-2.002366697113360688e-04
-2.065139640058028024e-04
-2.147896833560626335e-04
-2.283249661424542522e-04
-2.380588871361749353e-04
-2.459539092282268151e-04
-2.476485366880715861e-04
-2.539842921077019181e-04
-2.638980378817628171e-04
-2.795290209947479186e-04
-2.888888176436432784e-04
-3.057299128180556531e-04
-3.081545918295658143e-04
-3.208775469963306743e-04
-3.350112637571637012e-04
-3.644761813245307193e-04
-3.774519379434037735e-04
-3.860375071408909584e-04
-4.036394183137617382e-04
-4.126708306283583764e-04
-4.272438530843937639e-04
-4.598718997236650257e-04
-4.932644056109628796e-04
-4.991170927421775295e-04
-5.528334715344902436e-04
-5.640030587362376488e-04
-5.918735663274341972e-04
-6.103184304891228580e-04
-6.230080269664647419e-04
-7.078030324361931757e-04
-7.274541995844025985e-04
-8.608426652205257001e-04
-9.154166227258717960e-04
-9.727592107902792353e-04
-1.040831595761353536e-03
-1.178576016908374413e-03
-1.561322198576121012e-03
-1.798957140985007856e-03
