7.436765662055550973e-05
7.033234609949508189e-05
5.553548014335856696e-05
4.791159800332709631e-05
4.525489873643232544e-05
3.839505884791478258e-05
3.799280954595125534e-05
3.588385096298063822e-05
3.009800130168666931e-05
1.291834098102824934e-05
6.956794567268839281e-06
6.555192037736865468e-06
4.843001822042426280e-06
4.194498632795302468e-06
3.830734694150524828e-06
3.062816551650381684e-06
2.950047441058057502e-06
2.806673133379804076e-06
2.678372122640212425e-06
1.939281248107939486e-06
1.729532800393199148e-06
1.485115147033632050e-06
1.287974733133038305e-06
1.085468087627082407e-06
8.559976779285754122e-07
7.939300937607600303e-07
6.634285052019312075e-07
5.178076515083291992e-07
4.783869192392675689e-07
4.527548310713728249e-07
3.842314319905509769e-07
3.534896135294832565e-07
2.974865900885353948e-07
2.869391248865352279e-07
2.483669778291507970e-07
2.441880332933875198e-07
2.047700428724986686e-07
1.692977175141674128e-07
1.502729510797953932e-07
1.383127496429415946e-07
9.637703172017526787e-08
6.190534170302954124e-08
4.720263764486300030e-08
2.319290986348322250e-08
8.379487151111633863e-09
1.608489897985420287e-20
-2.102482159650586339e-20
-6.422496981565154231e-09
-1.238831867084571706e-08
-2.978205101686081746e-08
-4.273420788960260685e-08
-7.528386135138296226e-08
-1.328788563301308152e-07
-1.622182423106263393e-07
-1.752036326319110899e-07
-2.170049259389027454e-07
-2.801615476723099974e-07
-3.966765931192609734e-07
-4.637802320134179372e-07
-5.401206618325560002e-07
-5.731414309511020703e-07
-5.926695198496257430e-07
-6.283145744510952459e-07
-7.270075657401093357e-07
-8.311740649585469747e-07
-9.825690492979734666e-07
-1.068002632845533275e-06
-1.093005009824623650e-06
-1.204767508175942899e-06
-1.342260409607726345e-06
-1.431633819303417312e-06
-1.524991374666770420e-06
-1.582172685232185903e-06
-1.641810910725596243e-06
-1.693780230582152885e-06
-1.730617190928082452e-06
-1.756823247728007881e-06
-1.866075944991748310e-06
-1.911842841887760761e-06
-2.022971018131478627e-06
-2.036813721314411255e-06
-2.181148523536798351e-06
-2.345347018085217765e-06
-2.436672173470576845e-06
-2.468227373802416353e-06
-2.612803903926007831e-06
-2.709770319418194026e-06
-2.747326198354491650e-06
-2.826375944303704231e-06
-2.849279470395757765e-06
-3.094496331002512413e-06
-3.128635846114678317e-06
-3.244529781326796696e-06
-3.285363523354292124e-06
-3.343549480949875630e-06
-3.388594890688543277e-06
-3.517174385060002662e-06
-3.664595834622245604e-06
-3.717486574919440908e-06
-3.875345166459010249e-06
-3.898300968681325064e-06
-4.110750307890347607e-06
-4.249550262965721887e-06
-4.294487557506123145e-06
-4.346594378405089019e-06
-4.421995761934181997e-06
-4.525533740690143083e-06
-4.597785755700818483e-06
-4.683937988127909076e-06
-4.778743306370969782e-06
-4.831384539341239878e-06
-4.911113587682133979e-06
-5.007155873279710200e-06
-5.328875545220273077e-06
-5.359641291756142361e-06
-5.433558165315690581e-06
-5.657447708565237881e-06
-5.759982867055795452e-06
-5.828607119421064813e-06
-5.984643669117378611e-06
-6.288718620019675540e-06
-6.330715448640449589e-06
-6.435296805172668709e-06
-6.621348880977504710e-06
-6.700130686494924901e-06
-6.772204017259245232e-06
-7.014021951092312827e-06
-7.169281549031319890e-06
-7.262156245825454040e-06
-7.274102223508310895e-06
-7.431073860574835027e-06
-7.446025584510863359e-06
-7.748443551844783560e-06
-7.882095369257965500e-06
-8.074590537176614449e-06
-8.271710474462608338e-06
-8.487320246190382513e-06
-8.589712601712896358e-06
-8.827523626839040894e-06
-8.938924854262550389e-06
-8.976164906064232300e-06
-9.040576847659281183e-06
-9.331511074078334113e-06
-9.640415060943142444e-06
-9.907009732790013565e-06
-1.002344073580809791e-05
-1.019692143220199658e-05
-1.032312758493380766e-05
-1.050845336639702455e-05
-1.062914802159895652e-05
-1.098417667615520047e-05
-1.103927325675137740e-05
-1.128292109594200988e-05
-1.137906009984438960e-05
-1.162559498995921786e-05
-1.177873029546699116e-05
-1.196399892304232681e-05
-1.204269801982965313e-05
-1.238155539181277791e-05
-1.258190404375935670e-05
-1.284583775397543377e-05
-1.306821161821661183e-05
-1.325661119994693616e-05
-1.332829145134196959e-05
-1.383589062834358224e-05
-1.401345151873989541e-05
-1.430419003139656403e-05
-1.434963050641801174e-05
-1.463125037782588665e-05
-1.490527237881733153e-05
-1.516050152371880366e-05
-1.566063282600838128e-05
-1.582531743174808101e-05
-1.596078936195821321e-05
-1.629511477842172085e-05
-1.643995508051255048e-05
-1.671719915685349381e-05
-1.702498199504555646e-05
-1.703833922313962456e-05
-1.725371729719636345e-05
-1.767245566996583674e-05
-1.782712989166591874e-05
-1.789971758509215598e-05
-1.831011601610914687e-05
-1.873744403729676978e-05
-1.925412413517112523e-05
-1.953957782439495378e-05
-1.968332696951808174e-05
-1.981757200138286077e-05
-2.003762334464185551e-05
-2.018144295673928357e-05
-2.112521966158997184e-05
-2.133719988827463608e-05
-2.153998643094703845e-05
-2.177772798107889313e-05
-2.233804830105060008e-05
-2.280597627682056801e-05
-2.288008589594771794e-05
-2.309457626178750781e-05
-2.342727627441421547e-05
-2.366192429299050594e-05
-2.386455668887420468e-05
-2.455940728268847073e-05
-2.510354854511705794e-05
-2.530061923449573679e-05
-2.544743498538122310e-05
-2.584416427610273265e-05
-2.688940559502506081e-05
-2.699583456269243986e-05
-2.791110016206967931e-05
-2.824607081182012924e-05
-2.861706410016610718e-05
-2.884815264427356956e-05
-2.930429867027632882e-05
-2.943182823468444554e-05
-2.978442794588662143e-05
-3.085034714810100739e-05
-3.136657333209327857e-05
-3.165143274566243015e-05
-3.248653601683650766e-05
-3.318947598805091872e-05
-3.360268163599499069e-05
-3.373624073700742646e-05
-3.485277824592304571e-05
-3.539244434796648512e-05
-3.558562342941770120e-05
-3.648263518466984302e-05
-3.692849712213805375e-05
-3.707970801646706449e-05
-3.730302690182650869e-05
-3.866755252110361138e-05
-3.883494484159515515e-05
-3.901922132312329438e-05
-3.988936669121981863e-05
-4.005532603916323948e-05
-4.101326218861792541e-05
-4.167469501612227159e-05
-4.231043242806765097e-05
-4.280813939832939431e-05
-4.361633951666438647e-05
-4.414239623179291242e-05
-4.486146608119931357e-05
-4.540825028990246769e-05
-4.607967199027575213e-05
-4.677192252884294579e-05
-4.753808647991284185e-05
-4.862650677044026655e-05
-4.934281892749248547e-05
-4.971779841045952998e-05
-5.028356345880055222e-05
-5.117607770636383764e-05
-5.210131582277848720e-05
-5.243152135542316142e-05
-5.339956568697422058e-05
-5.510251780414005554e-05
-5.531080620400170757e-05
-5.616393586645666142e-05
-5.722954391239398286e-05
-5.910917416834794941e-05
-5.945007771630101377e-05
-6.097052389945050176e-05
-6.144927533138383219e-05
-6.226651534578922563e-05
-6.352267069223619766e-05
-6.427679986693000686e-05
-6.482664800798904363e-05
-6.526351660309039928e-05
-6.578152050801747825e-05
-6.739330842593883799e-05
-6.778152111655686882e-05
-6.887660190133894670e-05
-7.107320521570249263e-05
-7.131169123166931055e-05
-7.244664459039567152e-05
-7.321584644180733400e-05
-7.397659027056641818e-05
-7.512406905961236596e-05
-7.751512060196579770e-05
-7.874376031511413259e-05
-7.950461910855907276e-05
-8.084782285487249014e-05
-8.244478429972489542e-05
-8.314370159057967282e-05
-8.432616040647678945e-05
-8.480173521689139942e-05
-8.575896730635983634e-05
-8.640806641019944598e-05
-8.780929580613921234e-05
-8.798610917164779023e-05
-9.328480191675093600e-05
-9.403612721826748813e-05
-9.599687482837039696e-05
-9.720961643739126860e-05
-9.848533852040496181e-05
-1.009826668339502845e-04
-1.016725102380482761e-04
-1.029780957182851206e-04
-1.043225499704735355e-04
-1.047466166937582779e-04
-1.056998652100936122e-04
-1.075334343787192888e-04
-1.089651741333946724e-04
-1.104026306961633362e-04
-1.113289438197175729e-04
-1.132875512111689953e-04
-1.155477507519910886e-04
-1.160971462114101225e-04
-1.173435463308410994e-04
-1.200635215732669630e-04
-1.208251706145333616e-04
-1.237197616839975304e-04
-1.243235040378283432e-04
-1.249686149728686225e-04
-1.279873170909968851e-04
-1.305713387513946183e-04
-1.336024036738757653e-04
-1.361310125824494611e-04
-1.370881033521871594e-04
-1.375823476621316664e-04
-1.386757108816109516e-04
-1.399341137428481807e-04
-1.412797104009456029e-04
-1.440118431351409558e-04
-1.494408084093225622e-04
-1.523684019263425520e-04
-1.536588549330596609e-04
-1.541669905510906560e-04
-1.582918251568332625e-04
-1.591566106280180987e-04
-1.613860438208401479e-04
-1.628324567389611481e-04
-1.670754904907236480e-04
-1.686554632575900346e-04
-1.698603991877013981e-04
-1.701466611863783872e-04
-1.718560964106706957e-04
-1.727838771735489682e-04
-1.776573571349995893e-04
-1.798393238696103266e-04
-1.808108320819409181e-04
-1.836209277755623294e-04
-1.869470129906837216e-04
-1.891368051140017393e-04
-1.952945971864128330e-04
-1.975160052413242856e-04
-1.991737936416895836e-04
-2.034557682264959361e-04
-2.054295789761598494e-04
-2.067966788499356323e-04
-2.105314007993431711e-04
-2.138135985486788629e-04
-2.207287940285321932e-04
-2.255001635196835310e-04
-2.267931111220896744e-04
-2.278574533477534724e-04
-2.302087594266652730e-04
-2.352559848357203224e-04
-2.375225733953233761e-04
-2.388998195318292714e-04
-2.426832264204969016e-04
-2.493869925639945239e-04
-2.502606203552031126e-04
-2.542826172316569960e-04
-2.604669341483040624e-04
-2.624905572602083447e-04
-2.675227626791317273e-04
-2.702560776140313812e-04
-2.760899089467756806e-04
-2.798615607016528145e-04
-2.852809073137715923e-04
-2.877231180393556163e-04
-2.974330299501578559e-04
-2.998640930620546452e-04
-3.027840741584932093e-04
-3.092999989725992707e-04
-3.110645875193366228e-04
-3.156236265790028314e-04
-3.211716610914475676e-04
-3.300854510594685657e-04
-3.390731439204960288e-04
-3.435098948173776726e-04
-3.468038901614631697e-04
-3.525492110634027192e-04
-3.580111585402537722e-04
-3.600319004803120837e-04
-3.684287536168757895e-04
-3.753714952185802220e-04
-3.805890207286364972e-04
-3.861905756689681295e-04
-3.885513085184676640e-04
-3.912367222465391522e-04
-4.048584973357321863e-04
-4.123039960880251994e-04
-4.150951940928055577e-04
-4.173785139879140666e-04
-4.253372512967481915e-04
-4.371189471646029457e-04
-4.460718022254453398e-04
-4.478949729585469052e-04
-4.525882291313936792e-04
-4.614627194622035120e-04
-4.626902784762779294e-04
-4.691131687891168583e-04
-4.734893356740453693e-04
-4.782102948154774952e-04
-4.843472385370873701e-04
-4.976236084262339711e-04
-5.085355798143083913e-04
-5.185523868193751742e-04
-5.304148824851371517e-04
-5.484866088892042949e-04
-5.617239982843696402e-04
-5.651248047885040326e-04
-5.782403452278708604e-04
-5.923227887686670790e-04
-6.068782443581230771e-04
-6.352276970127679594e-04
-6.463675279301763681e-04
-6.590059548613921543e-04
-6.618263259518018067e-04
-6.784467903070291045e-04
-6.949655567381118546e-04
-7.248847535271515583e-04
-7.370945610741857969e-04
-7.670490817657774248e-04
-7.738637489554703016e-04
-8.076846694211562306e-04
-8.162175176046034333e-04
-8.468977931854004913e-04
-9.002450639202854441e-04
-9.098950730464013675e-04
-9.353918792843473077e-04
-9.433228716965950250e-04
-9.702215485460734257e-04
-1.001669664843031927e-03
-1.028943639739094643e-03
-1.054637698523664454e-03
-1.070672484238974816e-03
-1.102791746179059614e-03
-1.121179897040982870e-03
-1.155206344235844458e-03
