1.544631057498071190e-02
1.476151498042571099e-02
1.145527083484375493e-02
4.954383768382189177e-03
3.517170928084467803e-03
3.321648061436512957e-03
3.174630965888043058e-03
1.901061846292291784e-03
1.855128570707603730e-03
1.753124928242474423e-03
1.604608333264753023e-03
1.505366363355690107e-03
1.418116252359674688e-03
1.389022321173378864e-03
1.353695145978308896e-03
1.276918122572668962e-03
1.183349891154038356e-03
1.121428815262747987e-03
1.071282892927113550e-03
1.011906424913544805e-03
8.908817233588468311e-04
8.816388628794982318e-04
8.402125282485549363e-04
8.271406121254050231e-04
8.243147329256760242e-04
7.326694228027377277e-04
7.084733960621375590e-04
6.687386431363908160e-04
6.410420387874442641e-04
6.207274975859632723e-04
5.902715649718804367e-04
5.845000519822461486e-04
5.635601861444045286e-04
5.427086474737929326e-04
5.312456308074441080e-04
5.144176597305887130e-04
4.918087081096403053e-04
4.640578977845362537e-04
4.547629865200527081e-04
4.487301285337752521e-04
4.338748493132690192e-04
4.206900692712806458e-04
4.139955327430648959e-04
3.979967974353181524e-04
3.845816388052855747e-04
3.799636243421777642e-04
3.593884145755815284e-04
3.371277808359947662e-04
3.343990579716498682e-04
3.242627790570612868e-04
3.185178675256148078e-04
3.147525898667080614e-04
3.125134418574327983e-04
3.000622132539680067e-04
2.969829927783568073e-04
2.768058348029892989e-04
2.722463390892346322e-04
2.590643625726527129e-04
2.573472181427330450e-04
2.535887835463425670e-04
2.439101566015237281e-04
2.353404083387777011e-04
2.328465650795764875e-04
2.221317410455091407e-04
2.161311611338317224e-04
2.122410623385548127e-04
2.004597595396651034e-04
1.995485318180468431e-04
1.926120139090362407e-04
1.848967428735000869e-04
1.836598644657441574e-04
1.805692612422912530e-04
1.798856411954262251e-04
1.755453746121560070e-04
1.669912916667124435e-04
1.652155044848300732e-04
1.589473443966649623e-04
1.576999193067858565e-04
1.530279941838556530e-04
1.447436797355483584e-04
1.413479630627514818e-04
1.357436804251158460e-04
1.341567295220789707e-04
1.319893103899941428e-04
1.303695467895595646e-04
1.286117708544014346e-04
1.228719540783369606e-04
1.194038877042345509e-04
1.157612865751694972e-04
1.147589785385014503e-04
1.112546999032161424e-04
1.078497497018060644e-04
1.070347558671894421e-04
1.037504322519387654e-04
1.011546901938490414e-04
9.963217905583036796e-05
9.563628993761526156e-05
9.515147831021555610e-05
9.023293570925492422e-05
8.726370705694807336e-05
8.638366275912690614e-05
8.533944662315614638e-05
8.348389483648727084e-05
8.119460947427575793e-05
7.900881048554682633e-05
7.797429308708641585e-05
7.501356513316298524e-05
7.336791379319007307e-05
6.982226501545838674e-05
6.632484791417788685e-05
6.599870974941347086e-05
6.576495995635560615e-05
6.481493872715390469e-05
6.212085604153455511e-05
6.098452119242353352e-05
6.011742433543961649e-05
5.921195424234353512e-05
5.610481595369177604e-05
5.459565189830024900e-05
5.411031269760069112e-05
5.245220350202948274e-05
5.117653266816611234e-05
5.054826889856808278e-05
4.979554084685577909e-05
4.729167825985306541e-05
4.690127967089720984e-05
4.591880664525577530e-05
4.432347964018177488e-05
4.234257499786167047e-05
4.193736160557982510e-05
4.141957961407867473e-05
3.993657994606390830e-05
3.818482108176506431e-05
3.769436837618836059e-05
3.716074346424331777e-05
3.617787600546360546e-05
3.439808605501448524e-05
3.362579430910456494e-05
3.311946555849682301e-05
3.186195902689220718e-05
3.113341945853731620e-05
3.093317367479542126e-05
2.937919582879260894e-05
2.857062714090744871e-05
2.837849076018369667e-05
2.790368982370270383e-05
2.666541504645539144e-05
2.632982049456031643e-05
2.526641277120610587e-05
2.478181454903465275e-05
2.348976603705236221e-05
2.335353754839051643e-05
2.224829315758871387e-05
2.182126781091415490e-05
2.085637804179141187e-05
2.060747477436792636e-05
1.992379870681608396e-05
1.935650825033137385e-05
1.871239012806888449e-05
1.815349034500392340e-05
1.782146485085277471e-05
1.754496264080163934e-05
1.678761075934574420e-05
1.674711150084863122e-05
1.620072694426414052e-05
1.607315553764388785e-05
1.588584161165701791e-05
1.514200921987170249e-05
1.486810765319237274e-05
1.418384921063104636e-05
1.353248227348520757e-05
1.331072607978473763e-05
1.303360800138793150e-05
1.278778980742565244e-05
1.220419128424198812e-05
1.193441333355862121e-05
1.179515992265930275e-05
1.126808473666751983e-05
1.106775216738022712e-05
1.028177230504717993e-05
1.004136431366526195e-05
1.001099592141397748e-05
9.584406837762202817e-06
9.534920553230139155e-06
9.109261564229274123e-06
8.952243279042861138e-06
8.489577039295641850e-06
8.382510351893136699e-06
7.781661882508777935e-06
7.685948451418236988e-06
7.471889115053940744e-06
7.343395995203585900e-06
7.049517158078329158e-06
6.875336107832439266e-06
6.156752102104560466e-06
6.063313074961437270e-06
5.800548088416915271e-06
5.716346378874309216e-06
5.352779144420393004e-06
5.198095919011407375e-06
5.026819379141985573e-06
4.876827663765666666e-06
4.692053506351301882e-06
4.368516818243184426e-06
4.324747364637635964e-06
4.155827261501356030e-06
3.912396921265915156e-06
3.826149783000159612e-06
3.676612202996244245e-06
3.418165447496874890e-06
3.302731554888452919e-06
3.185280427637601999e-06
2.969555390528468173e-06
2.744976888768512140e-06
2.624525080382718659e-06
2.610090173211680773e-06
2.512015174902984166e-06
2.413475542604935113e-06
2.364278797924163790e-06
2.083955964386943078e-06
1.897786554905289963e-06
1.891923265384706749e-06
1.839425694192360492e-06
1.772763107233408288e-06
1.530517565742798639e-06
1.458494257380101287e-06
1.324594867990720974e-06
1.298067265683326315e-06
1.171502588830727344e-06
1.026506152081219358e-06
1.019368800294469353e-06
9.884507388850085748e-07
8.920767260356507301e-07
7.011560445650281070e-07
6.384275665776659268e-07
6.118172367029497455e-07
5.021774436543358665e-07
4.128301119847335620e-07
3.270722210053814516e-07
3.177537413266887637e-07
2.124377311199126707e-07
1.953260954570835542e-07
1.451440298728068018e-07
8.152676861897454561e-08
2.375803026960767513e-08
1.505155125487879791e-20
-1.219977326525987012e-19
-1.469460579252129164e-08
-1.159080175442672573e-07
-1.742626033128446767e-07
-2.536835739508292877e-07
-3.692718568573907638e-07
-3.785847032800116814e-07
-5.448261044561553971e-07
-5.950342639206405413e-07
-6.735038498445084467e-07
-7.109582376140030319e-07
-7.867681260258288156e-07
-8.586272799956588366e-07
-9.413304534843493489e-07
-9.597941584089963063e-07
-1.241619146098898610e-06
-1.286957514806996412e-06
-1.416779643153741867e-06
-1.634440659841431913e-06
-1.727470044728625309e-06
-1.910956680477262813e-06
-1.961084708216779197e-06
-2.123725323641997770e-06
-2.150491706857067088e-06
-2.219009953269474907e-06
-2.522536183374342034e-06
-2.834882468517097193e-06
-2.954655963485403119e-06
-3.173315917126664673e-06
-3.457062323440823180e-06
-3.524078302656015711e-06
-3.640111877677709667e-06
-3.937765154693934527e-06
-4.254255620346540263e-06
-4.730170874045640734e-06
-4.797241214349390289e-06
-4.937246918007955412e-06
-5.259990259199646472e-06
-5.418457913231117163e-06
-5.905199507489860994e-06
-6.032739347009885266e-06
-6.336093140010299380e-06
-6.581372393054454387e-06
-6.908573422904064266e-06
-7.017193574438977478e-06
-7.432434058193641756e-06
-8.090977792444670305e-06
-8.331108831834268275e-06
-8.654902257803115094e-06
-8.827998148208035173e-06
-9.254507286722121460e-06
-9.821076921386664090e-06
-1.039010985960504255e-05
-1.066658322898189691e-05
-1.105491706069789953e-05
-1.148209396467379127e-05
-1.197070025965856028e-05
-1.243329349499683109e-05
-1.249917585504182891e-05
-1.330474545088997432e-05
-1.347705152022523326e-05
-1.385824727414373715e-05
-1.466584625929076993e-05
-1.554178497473090296e-05
-1.618572064642966469e-05
-1.668596381854416428e-05
-1.714708635409405195e-05
-1.748831087589469431e-05
-1.833232686230959143e-05
-1.880772744486228332e-05
-1.947326461724113530e-05
-2.063978164177954384e-05
-2.164390768493723848e-05
-2.182800190002958407e-05
-2.242992379738165441e-05
-2.309516520912567161e-05
-2.375069143662133524e-05
-2.452463409706111440e-05
-2.530440106168003179e-05
-2.630204535109686732e-05
-2.718246991101552697e-05
-2.793305308802287448e-05
-2.933223404216109525e-05
-3.015037768023897904e-05
-3.156264482891166196e-05
-3.201350674732622310e-05
-3.349596451648066453e-05
-3.366751882329704952e-05
-3.384390294266065812e-05
-3.645797367376199196e-05
-3.763180067227733230e-05
-3.837055351159561440e-05
-3.934485906257322187e-05
-4.078234944480814926e-05
-4.165255472402725205e-05
-4.262880794561343348e-05
-4.333154108447928051e-05
-4.456863338467229729e-05
-4.621710394793599434e-05
-4.914520157163848824e-05
-4.947932264633871503e-05
-5.271036048568237642e-05
-5.411292152057643984e-05
-5.637464938442252987e-05
-5.702773954802775158e-05
-6.002532382720577518e-05
-6.190440349853373447e-05
-6.385061488524462943e-05
-6.581277969197255181e-05
-6.704781633420754477e-05
-6.970898825105560539e-05
-7.108231043481360559e-05
-7.251673568242233850e-05
-7.599159927210420121e-05
-7.841641314553961923e-05
-8.000051890877211839e-05
-8.164830167018769240e-05
-8.681212265540358311e-05
-8.802505090319371359e-05
-9.175042658735262145e-05
-9.609602339194544054e-05
-9.733566978090127581e-05
-1.011451367459919795e-04
-1.033902791434767097e-04
-1.088083557942685919e-04
-1.115333712279852052e-04
-1.182765409169744781e-04
-1.194133538119096510e-04
-1.241208041067116876e-04
-1.293882840970781128e-04
-1.340195256202188776e-04
-1.365412871732664282e-04
-1.380323717987904405e-04
-1.432498796610852897e-04
-1.464243383089896882e-04
-1.489224131174022203e-04
-1.538349850165029520e-04
-1.582701560374824557e-04
-1.631338241943280053e-04
-1.689129731840412316e-04
-1.700702410356448428e-04
-1.731711973857668696e-04
-1.760367174477376598e-04
-1.838355574243132008e-04
-1.941128936559577477e-04
-1.970594007795060162e-04
-2.072545214814836511e-04
-2.118599859575043937e-04
-2.164287976483149204e-04
-2.216840698827843065e-04
-2.292207810096090405e-04
-2.390184724267811474e-04
-2.440978550627119102e-04
-2.452085180761980586e-04
-2.583152311335787030e-04
-2.741863090617483551e-04
-2.858761378037880324e-04
-2.911370771108966215e-04
-3.093315919035257962e-04
-3.176828174847707523e-04
-3.290352586187667385e-04
-3.412555905838906005e-04
-3.468596786272575591e-04
-3.515023725855541620e-04
-3.729296409047931919e-04
-3.891561669357634836e-04
-3.985192557152667891e-04
-4.245117266100489591e-04
-4.611448208517769328e-04
-4.684673253096602037e-04
-4.846404104505899063e-04
-4.971999962687544865e-04
-5.004090604821400745e-04
-5.463151365863592101e-04
-5.502059099429615916e-04
-5.774373761849581647e-04
-5.862273288804720466e-04
-6.083508639041487536e-04
-6.609680201755610421e-04
-6.935733485910917104e-04
-7.040277899779441443e-04
-7.529115330241697122e-04
-7.819491149975186595e-04
-8.090171501654336728e-04
-8.807713352916091750e-04
-9.045024155383608357e-04
-9.557944932165978163e-04
-1.056165789045265075e-03
-1.133486660292081817e-03
-1.300184316069893800e-03
-1.372543711948467134e-03
-1.393576566166388614e-03
-1.667035853508817530e-03
-2.067648477253466836e-03
-2.422837763714278617e-03
