-1.934120074445449741e-02
-1.933254452884630714e-02
-1.354411914864546602e-02
-8.418620723853123197e-03
-6.856431205915456198e-03
-6.040010644317939451e-03
-5.587594153549634360e-03
-5.177053366040928507e-03
-4.410643962803647254e-03
-4.112982954464361983e-03
-3.693000414732616841e-03
-2.944376341485658178e-03
-2.873956621333298607e-03
-2.713339357437948105e-03
-2.569028253914338016e-03
-2.314652552904552379e-03
-2.119953515713562508e-03
-1.973841132985593074e-03
-1.784264462619101262e-03
-1.605445628922500282e-03
-1.545871864555464856e-03
-1.360420100056849513e-03
-1.301724641210090863e-03
-1.231965048631593123e-03
-1.146398106863296502e-03
-1.094702440466494139e-03
-1.085059071696624746e-03
-1.005743369797527801e-03
-9.377858676581124660e-04
-9.081733041744820094e-04
-8.530998026612011346e-04
-8.423221082990076233e-04
-7.770587292304318577e-04
-7.473569160483015767e-04
-7.100292012255506957e-04
-6.893489968802333102e-04
-6.645189792671068671e-04
-6.049962119238008881e-04
-5.798986084210197524e-04
-5.654832478733502971e-04
-5.388865741739456159e-04
-5.057709601870716753e-04
-4.755778398522062032e-04
-4.225069209019363149e-04
-4.128118688434294012e-04
-3.978755411672332126e-04
-3.886991084762304936e-04
-3.809681962734754205e-04
-3.632214940046566234e-04
-3.498870546885877574e-04
-3.284124646751901302e-04
-3.115888539694171115e-04
-2.907564890165245186e-04
-2.829435937464922033e-04
-2.748331655300570442e-04
-2.666560091996530730e-04
-2.602236253137921390e-04
-2.480960109701937249e-04
-2.254644700910099909e-04
-2.156722229725555170e-04
-2.034641163019076818e-04
-1.977055695745705646e-04
-1.860013205413373798e-04
-1.769033695631748589e-04
-1.723437777273708531e-04
-1.597674906758701373e-04
-1.517498651484985904e-04
-1.487820100854789739e-04
-1.434938664145480605e-04
-1.387179182710820914e-04
-1.357862754762760582e-04
-1.276254841378488415e-04
-1.171110944867100251e-04
-1.131531418964984090e-04
-1.082370441822864379e-04
-1.045260338933374860e-04
-1.022586138025231948e-04
-9.639673462448899728e-05
-9.272076339687729469e-05
-9.085018994240155526e-05
-8.699933392050666805e-05
-8.391495013240612554e-05
-7.673851944494872049e-05
-7.491239244332782482e-05
-7.095710171346813826e-05
-6.889293900422007301e-05
-6.636293502594500229e-05
-6.416086269367373611e-05
-6.054891462691894445e-05
-5.762957197492265925e-05
-5.420427484810428227e-05
-5.285639276688506596e-05
-5.038837767936508332e-05
-4.884357339535345537e-05
-4.797250465345090532e-05
-4.631840864993751021e-05
-4.463715204141936445e-05
-4.200902473113059265e-05
-4.061385520708259237e-05
-4.027748663937473299e-05
-3.823418185203671170e-05
-3.514295271841467457e-05
-3.437446963814324121e-05
-3.356448804828722135e-05
-3.217657802116199268e-05
-3.094044737201350398e-05
-2.813731173579651744e-05
-2.769246674612436715e-05
-2.637492160960777031e-05
-2.546813718754673060e-05
-2.457484913875731004e-05
-2.425183723189905908e-05
-2.358909806142098350e-05
-2.224148283449352691e-05
-2.181683040725398615e-05
-2.106801894299755327e-05
-1.868253368626228531e-05
-1.833097225377559541e-05
-1.780167875172620185e-05
-1.669129585493635783e-05
-1.570319505609119127e-05
-1.527012956633499096e-05
-1.488981776052039098e-05
-1.409148104542724623e-05
-1.301328371691186760e-05
-1.236845117137056531e-05
-1.211701883214670093e-05
-1.119066544480763477e-05
-1.081120166011442443e-05
-1.031673337337108565e-05
-9.811942558417525867e-06
-9.061499838583825955e-06
-8.866292561003092244e-06
-8.512518983219876371e-06
-7.911932427623250658e-06
-7.259846849387777976e-06
-6.941850777951598356e-06
-6.557614843322583459e-06
-6.174374553973866004e-06
-5.989587174762851915e-06
-5.524482874036295074e-06
-5.509549961150850436e-06
-5.322577143078612564e-06
-4.875119347834830705e-06
-4.403438264019051410e-06
-4.370739963478012614e-06
-4.090842304144260731e-06
-3.733097892056021349e-06
-3.554275480777814258e-06
-3.339401933806222346e-06
-3.102687302158782525e-06
-2.790592839994910478e-06
-2.587048484786144911e-06
-2.384800661879903949e-06
-2.354948621489297239e-06
-2.150869233521383626e-06
-2.025991438730726245e-06
-1.810329886176302121e-06
-1.726419270176138935e-06
-1.558674287312826638e-06
-1.496729144626323109e-06
-1.358270689033381420e-06
-1.199609848886986496e-06
-1.175239659824810152e-06
-1.077696505150073694e-06
-9.788430279188409769e-07
-9.660971357059967058e-07
-9.134578464379739463e-07
-7.465276609988307114e-07
-6.427355032644917976e-07
-5.685078130017498717e-07
-4.482840247607883440e-07
-3.846157671955660469e-07
-3.394668020499508048e-07
-3.007222146003892282e-07
-2.437391343613908613e-07
-1.552792730831302566e-07
-5.838935768690546370e-08
-2.225478250454735750e-08
-1.333895823372406813e-17
9.342067657964406031e-18
2.746416518008384667e-08
3.168912693638456742e-08
5.897384000258284614e-08
1.488973698115243748e-07
1.614959746065930274e-07
2.353522045098005180e-07
3.698737721951742191e-07
4.012003525911771948e-07
5.103250549832855515e-07
5.509497472958500025e-07
7.522369850026683521e-07
7.701992471015813489e-07
9.848052149317821324e-07
1.028767931311605454e-06
1.373961353393981693e-06
1.789474381172558934e-06
1.879988101940653522e-06
2.018593972423030469e-06
2.364492345676596421e-06
2.568566210672556753e-06
2.649915666559260812e-06
2.856475299349770357e-06
3.105071607716578600e-06
3.358966733128792069e-06
3.955645837558782574e-06
4.031890683223565529e-06
4.197916972824791788e-06
4.338818595451053173e-06
4.658506911581538656e-06
4.870836679153211090e-06
5.092407485870445453e-06
5.252784529618192618e-06
5.648357403629470581e-06
5.673878598184382640e-06
5.924945940964864556e-06
6.435872637276352362e-06
6.890985472727569530e-06
7.078421701553584008e-06
7.303920043628808920e-06
7.733684061859352887e-06
8.130345165052760986e-06
8.500319638070882300e-06
9.290085733964452064e-06
9.389624818880204334e-06
9.741022581255855681e-06
9.858658193208170642e-06
1.052061859625317627e-05
1.073775821632656420e-05
1.108154233756782237e-05
1.164648932537194776e-05
1.193489048708177571e-05
1.219851778707083441e-05
1.312967136536341784e-05
1.374665011450309449e-05
1.422041038635414577e-05
1.503746729690129851e-05
1.589930962867295260e-05
1.632254809548037915e-05
1.682353463746532276e-05
1.715984521045848274e-05
1.792355768253961782e-05
1.881897584637296173e-05
1.971631384444700496e-05
2.041939363264371146e-05
2.074655499792289474e-05
2.166959261090687169e-05
2.199565267595511320e-05
2.278069522300229418e-05
2.362735874943493311e-05
2.477607690542175996e-05
2.489389958717010294e-05
2.598195906014546917e-05
2.693098797915898540e-05
2.774608897757156208e-05
2.866380101142130177e-05
3.002800616111642141e-05
3.179622127916048011e-05
3.215464295976559251e-05
3.250348365027581123e-05
3.372687023304353292e-05
3.470854792069351076e-05
3.486727442440092469e-05
3.697445213102963250e-05
3.876191861159686145e-05
3.959812890417177002e-05
4.044886296819166690e-05
4.132041686801696414e-05
4.160118713143215951e-05
4.229409687406212220e-05
4.454768470926123247e-05
4.505080457159652512e-05
4.597428372656604931e-05
4.688779364876069749e-05
4.730323833589747666e-05
5.007494284824325450e-05
5.286309668857296556e-05
5.314482322952640228e-05
5.544534706616440433e-05
5.643908620283862899e-05
5.845930766406485580e-05
6.040589388542584516e-05
6.118822022799396050e-05
6.208183856633598947e-05
6.445445068198408568e-05
6.664651288918867840e-05
6.819200689090557110e-05
7.172233728902376634e-05
7.572733657786821218e-05
7.697479306170828942e-05
7.778195052375323272e-05
8.022888355622725162e-05
8.381391599171046571e-05
8.504113182855962570e-05
8.671094989237083050e-05
8.960014504753962183e-05
9.167337470453324475e-05
9.644350438670922280e-05
9.702320532727288019e-05
9.983343477764906838e-05
1.016482201005504697e-04
1.071910940719251738e-04
1.087541024416156381e-04
1.100318586666782650e-04
1.107062280479880118e-04
1.166999719685917413e-04
1.195204779302932899e-04
1.225126471866092308e-04
1.289717697470721218e-04
1.351891756776843099e-04
1.379661601142418250e-04
1.422204404106645924e-04
1.488067734335351785e-04
1.492394499461615319e-04
1.541342518385098155e-04
1.576516550428045023e-04
1.636277488001931942e-04
1.683818463403065119e-04
1.697324461673339749e-04
1.734508032983262825e-04
1.783198406833124317e-04
1.858652369690965095e-04
1.913798241172285730e-04
1.919827966491970150e-04
1.965280525325973173e-04
2.017026444263877148e-04
2.064757193010922855e-04
2.125599974249375065e-04
2.139199869139707898e-04
2.239215762183972423e-04
2.316159588721753023e-04
2.396203547092963450e-04
2.500290580311140677e-04
2.611029190031059093e-04
2.672585244013002512e-04
2.782807506838632142e-04
2.905556907652431949e-04
2.986245896739945756e-04
3.058903151155545406e-04
3.122222487803442189e-04
3.157579123777290919e-04
3.302576793188241534e-04
3.309737777390678402e-04
3.483580027250859999e-04
3.524883761814682766e-04
3.705715760291477070e-04
3.846101291116864221e-04
3.921480412344503568e-04
4.020580744694271578e-04
4.047707664429453403e-04
4.241761222765046894e-04
4.319444906921222124e-04
4.458482172959430572e-04
4.643515926184433587e-04
4.951298910106420809e-04
5.003886199252432403e-04
5.072074164680165104e-04
5.115111302975691504e-04
5.315870213117749677e-04
5.664595618558060808e-04
5.670557804750179587e-04
5.876631031852541653e-04
6.304162034946364686e-04
6.452842564074897334e-04
6.575659781000406682e-04
6.884291544851568224e-04
7.067155587212901663e-04
7.178188541858592561e-04
7.299738505971650488e-04
7.501916901464602584e-04
8.041180347328349227e-04
8.254983094625949029e-04
8.513283659377189746e-04
8.895360548162239500e-04
9.257758825383810173e-04
9.718220867058500806e-04
1.008768973664744264e-03
1.029401798517597198e-03
1.064542888214866593e-03
1.121684719227784930e-03
1.147910225703176450e-03
1.157206022039119694e-03
1.271325468240166925e-03
1.292315450374830355e-03
1.331746245143830987e-03
1.389523386768234123e-03
1.469938613192962179e-03
1.538836527350931609e-03
1.607696845941732717e-03
1.651838818794448133e-03
1.732265448133340092e-03
1.848591970420027878e-03
1.889278080423106854e-03
1.903089965287360196e-03
2.018609943382301299e-03
2.169900812460988891e-03
2.319264103740919635e-03
2.366430654172505324e-03
2.443388700723143469e-03
2.475320984518294184e-03
2.737286299105722194e-03
2.890363863125256557e-03
3.023696879520944118e-03
3.156215566507436423e-03
3.534016391726924403e-03
3.704353172336779035e-03
3.929129930553033889e-03
4.004206213681406508e-03
4.193650526597636312e-03
4.400281536790990808e-03
4.921024968968746791e-03
5.552629875327847429e-03
5.762789843194428274e-03
5.992450816796958055e-03
6.881487206749350646e-03
8.032879731372538634e-03
8.658150390122989343e-03
9.119462988951233459e-03
9.451224811015132912e-03
9.886942584115565938e-03
1.149665198755567275e-02
1.250483839875819736e-02
1.507907907061748279e-02
1.595947446832962288e-02
1.834270475842680534e-02
2.088160758271824860e-02
2.241896779592452565e-02
2.792840498163330284e-02
3.182132717403825251e-02
3.583996241601425381e-02
4.517308741399585215e-02
7.767089776028426873e-02
8.594672963653944564e-02
9.756804114361576630e-02
1.189886928327914678e-01
1.922391947263195344e-01
2.208900173187691440e-01
5.226181316257054732e-01
2.355787886142035159e+00
4.766403010682308761e+00
1.391815907518405737e+01
