-1.969474466764188289e-02
-1.963916256716881706e-02
-1.375857759374551036e-02
-8.478015250617953677e-03
-7.002702232677933750e-03
-6.163533176692969837e-03
-5.709663800431336034e-03
-5.253430879295184312e-03
-4.494794701993098940e-03
-4.198017627132550819e-03
-3.755397488709479297e-03
-2.974890249002385550e-03
-2.910533851073348385e-03
-2.770422159441254719e-03
-2.675646862114145538e-03
-2.361392072750843896e-03
-2.156950222590118139e-03
-2.013646721247687454e-03
-1.828372593675134643e-03
-1.636254829821263751e-03
-1.583144266219945048e-03
-1.446527196017964850e-03
-1.330899014981535948e-03
-1.272838017738047887e-03
-1.180605566748663343e-03
-1.167602612292733448e-03
-1.108269028056399486e-03
-1.023112371494693581e-03
-9.724685401950190202e-04
-9.278681576427641724e-04
-8.932049127635365016e-04
-8.681085877154997785e-04
-8.404878937790273563e-04
-7.715867186455963684e-04
-7.451606484064319819e-04
-7.231522428837596720e-04
-7.154691557276085870e-04
-6.748596625681608022e-04
-6.152439240353455453e-04
-5.871708155016569031e-04
-5.645376074936474470e-04
-5.359764157513418475e-04
-5.250194027030173584e-04
-5.053226677261728542e-04
-4.790701387992782291e-04
-4.483045521210802012e-04
-4.272829753421672396e-04
-4.074909836799164289e-04
-4.029885077446674485e-04
-3.883130133107320133e-04
-3.695590087715312343e-04
-3.588016130548396499e-04
-3.489608462067548341e-04
-3.205181107126434223e-04
-3.020965190825353262e-04
-2.927682963394599692e-04
-2.882775611764630780e-04
-2.777765783296923274e-04
-2.705671962589620847e-04
-2.587330945554891211e-04
-2.495328374830785550e-04
-2.383362098604584005e-04
-2.226410145210323919e-04
-2.144206296509399725e-04
-2.044193201040594792e-04
-2.012117367496805455e-04
-1.889093078844794843e-04
-1.826640058417440245e-04
-1.692295036804479784e-04
-1.642988127110919512e-04
-1.630920992670280723e-04
-1.554717680086721912e-04
-1.453253641207395773e-04
-1.450053169975715553e-04
-1.417923847630946630e-04
-1.352823934505808688e-04
-1.335994183553164871e-04
-1.273718774452897772e-04
-1.218424140767833088e-04
-1.140142131872545485e-04
-1.097451602323205086e-04
-1.071588332114201944e-04
-1.032228958909880046e-04
-1.015466338507709356e-04
-9.597782554330342873e-05
-9.103029435857161672e-05
-8.823104862802874410e-05
-8.472677916770430314e-05
-8.242444522287428342e-05
-7.531566326743441720e-05
-7.299347359958605920e-05
-6.998955355311702378e-05
-6.906396344175660333e-05
-6.540264823497658308e-05
-6.266928720015026448e-05
-5.789921071507785543e-05
-5.497658353027568462e-05
-5.470178369450708625e-05
-5.271954622643052271e-05
-5.070815786449743085e-05
-4.926090055641050978e-05
-4.762388098120826698e-05
-4.609778537849832248e-05
-4.449865810543929127e-05
-4.293490088297115373e-05
-4.155276361775612272e-05
-3.958405270682996814e-05
-3.687075725138851823e-05
-3.537869490505450511e-05
-3.449884810646421530e-05
-3.338466419940113800e-05
-3.002493802159634682e-05
-2.932824345504408937e-05
-2.907735965997748951e-05
-2.696268642063132719e-05
-2.654943414756257870e-05
-2.541442804466615649e-05
-2.508600948108587222e-05
-2.484670185314349363e-05
-2.281362336681423567e-05
-2.123606396506320761e-05
-2.047127725999085975e-05
-1.983235900029949516e-05
-1.880781731239915735e-05
-1.865535532828027800e-05
-1.761358290979792701e-05
-1.692920762987794466e-05
-1.555835845759849268e-05
-1.535578315905217046e-05
-1.460428535796758290e-05
-1.371850196270043288e-05
-1.293129764082855078e-05
-1.278172865260675947e-05
-1.243177542580496361e-05
-1.197115102223969618e-05
-1.121063094178930276e-05
-1.044767782087691749e-05
-9.914133958034425346e-06
-9.159069053068259397e-06
-8.948376153313285250e-06
-8.873274692844606535e-06
-8.389297773716990257e-06
-7.899929798189930458e-06
-7.390104429182006687e-06
-7.093943669212872802e-06
-6.218021158029704070e-06
-5.894602897119097163e-06
-5.828738700877626059e-06
-5.521735519975072772e-06
-4.758398009544665819e-06
-4.570241242118938023e-06
-4.441245575395850449e-06
-3.935976331129512075e-06
-3.857887823999809238e-06
-3.636346953570664928e-06
-3.537333395144140137e-06
-3.169959555516426318e-06
-2.963124895869151779e-06
-2.795278281467073063e-06
-2.598825492274185138e-06
-2.484553129947016734e-06
-2.191693672998879736e-06
-2.157905366448879502e-06
-1.962165667885630656e-06
-1.729014597612621233e-06
-1.589444027069589388e-06
-1.350139768131842634e-06
-1.189481636703263808e-06
-1.119842696424900671e-06
-9.494410666125374470e-07
-9.025215366527381187e-07
-8.402881374419820904e-07
-7.615566590964696959e-07
-5.361929984344816941e-07
-4.494911855305010171e-07
-3.509937382927350121e-07
-2.536127331875015626e-07
-8.224559055424063249e-08
-6.528234992319598986e-08
-2.155358203659097685e-09
-1.242926006368783938e-18
4.533965929972667552e-19
2.248158185827956405e-08
1.252042684276823736e-07
1.658230901604832802e-07
2.010481713507238118e-07
3.422057813936477495e-07
5.721695643749934775e-07
6.963111983533596703e-07
7.396265083964983442e-07
9.074417478917197742e-07
9.428660648526081588e-07
1.078027323098141263e-06
1.118098603327598093e-06
1.300179068644190097e-06
1.878808966773274412e-06
2.024558321224334945e-06
2.153313166011741041e-06
2.247064879231186442e-06
2.557974052987483937e-06
2.745166199468683539e-06
2.922271556180294041e-06
3.220462617373919456e-06
3.288443516132815639e-06
3.553991655975984070e-06
3.975390827530173969e-06
4.235787609050442938e-06
4.329080892553169600e-06
4.521911222952832560e-06
4.961385471238775168e-06
5.102473990938571530e-06
5.343467064259573796e-06
5.596136976172089107e-06
5.673388509835919346e-06
6.352622187333581985e-06
6.496284906692783215e-06
6.869441690961700103e-06
6.997125111472911652e-06
7.205517898791229784e-06
7.869321982859059646e-06
8.185769734846070028e-06
8.587836755668190191e-06
9.219190357770463108e-06
9.335454770835794366e-06
9.780121835366988329e-06
9.883723842299330225e-06
1.040732877681375097e-05
1.072391296401038458e-05
1.110692561876731093e-05
1.161147375500767275e-05
1.186308580983574333e-05
1.212628063759200934e-05
1.328089563714324802e-05
1.400180108621571076e-05
1.425755914079821938e-05
1.485405478187910668e-05
1.585786305891784476e-05
1.643764833377320541e-05
1.661127963252369369e-05
1.702797756749583604e-05
1.793257639112197239e-05
1.879105103057091968e-05
2.022671392946259503e-05
2.045919813653722190e-05
2.063606383317389848e-05
2.169183459548886572e-05
2.198487467998927385e-05
2.277189173292883738e-05
2.347649925317418573e-05
2.454105712284399937e-05
2.477268781387508557e-05
2.523738164529566383e-05
2.597291707030556740e-05
2.711936424660297483e-05
2.773211447099435418e-05
2.879917787912289286e-05
2.994675706170724978e-05
3.184413267132008550e-05
3.227760638313430035e-05
3.236344770707795537e-05
3.361526437757991656e-05
3.467695662328763552e-05
3.528231150264270292e-05
3.706862416382379372e-05
3.872181401617230261e-05
3.952620520376701099e-05
4.053287684653234451e-05
4.108494299983555490e-05
4.152478926614401584e-05
4.208187821095343443e-05
4.471022345258394119e-05
4.504171029377489221e-05
4.674158646821176109e-05
4.714171479373985811e-05
4.735695007661470333e-05
5.002428190737918224e-05
5.269287254747540358e-05
5.310447279578285585e-05
5.532252920571548036e-05
5.649348843863707996e-05
5.890816350632147096e-05
6.018629351064285610e-05
6.135651702462505803e-05
6.206778882369883899e-05
6.443251420244987509e-05
6.651623458619409601e-05
6.811709178036791791e-05
7.230366608356313140e-05
7.551694978599932009e-05
7.675342917082722842e-05
7.810252582596870978e-05
8.026364679180261210e-05
8.351054195896887803e-05
8.494014073335487078e-05
8.644000229118305048e-05
8.938708849754616785e-05
9.200749850149850511e-05
9.670408437720602894e-05
9.801790286363442131e-05
9.976934239977206854e-05
1.013222415100429924e-04
1.076448303238909573e-04
1.083561327103262664e-04
1.095192362371838197e-04
1.105525383416023564e-04
1.170984363173028267e-04
1.204574749408927008e-04
1.224152562620812025e-04
1.291937134830524730e-04
1.348035213854199084e-04
1.391050991688088973e-04
1.417987753047807707e-04
1.495891603685347161e-04
1.503701637102627248e-04
1.542972016230083723e-04
1.573053636150441065e-04
1.634824020687488777e-04
1.696136292248049001e-04
1.726219584541578364e-04
1.778955945941058210e-04
1.850209460302927730e-04
1.910830050456847223e-04
1.923407485560804208e-04
1.949624619625942305e-04
2.011136126440573354e-04
2.088912543692991730e-04
2.114471756801587852e-04
2.137002594872666251e-04
2.258351913103561425e-04
2.299787945041829428e-04
2.389430000913935598e-04
2.503575108595818390e-04
2.632506658948604401e-04
2.712911073703860756e-04
2.780088809601317197e-04
2.895656352810391286e-04
2.978218807566705381e-04
3.044317459939819464e-04
3.128798913891767293e-04
3.217615997605301377e-04
3.297944906664178224e-04
3.340847735834881287e-04
3.522852244043347199e-04
3.543440580256088752e-04
3.700542869485879153e-04
3.905373105990032141e-04
3.953564603324048721e-04
3.964485985952772239e-04
4.041368899863395973e-04
4.243132556304765319e-04
4.398358366098329168e-04
4.629340276668165608e-04
4.784743485478355047e-04
4.978765197524127276e-04
4.989382640704311976e-04
5.057765807351408474e-04
5.229354619607700727e-04
5.485267321807380490e-04
5.621505396457662004e-04
5.692838567775289869e-04
5.877628178463663962e-04
6.023536051499619581e-04
6.331618997472171929e-04
6.479994027989088249e-04
6.862558413846701422e-04
6.884046441688008652e-04
7.124414405501605521e-04
7.243579797525569880e-04
7.414362828027257300e-04
7.716057138235665226e-04
8.052460685104457106e-04
8.263971690434826446e-04
8.536793411519471696e-04
8.985932574007810762e-04
9.287305988520331819e-04
9.715600100029703505e-04
1.008769720546607044e-03
1.042712241296342391e-03
1.081803344551241592e-03
1.120663148095802806e-03
1.153463731277816701e-03
1.156269819636454761e-03
1.270595463856618928e-03
1.295398391926798863e-03
1.338368252937684839e-03
1.400234657227157446e-03
1.474023831311425600e-03
1.538825763630944461e-03
1.609379935481395230e-03
1.649961239917529772e-03
1.731905785273010843e-03
1.850635801362136151e-03
1.889930924978629884e-03
1.909204294776317571e-03
2.021310665098511108e-03
2.166625997578013399e-03
2.325010233397109115e-03
2.367710128630427791e-03
2.442193214285816576e-03
2.475129481955150659e-03
2.734719268703821819e-03
2.900914183706327157e-03
3.022332047813006128e-03
3.161120473858506155e-03
3.533494476043616724e-03
3.704171892897927063e-03
3.932624209379080929e-03
4.001916255227978836e-03
4.191159579781300083e-03
4.407038480557018932e-03
4.924905436983404577e-03
5.551129580300833560e-03
5.760053358309430091e-03
6.009432535800373135e-03
6.886402074781607791e-03
8.030506891134044783e-03
8.665785063952912912e-03
9.112920302691999985e-03
9.443918425369771455e-03
9.892285135255595580e-03
1.148475239822789595e-02
1.255222963777965876e-02
1.506016069851777266e-02
1.595495345238948787e-02
1.835280606835408904e-02
2.086574945765494113e-02
2.239442373231878211e-02
2.791535293189937109e-02
3.181726440138497175e-02
3.583024521999753076e-02
4.532290270109771979e-02
7.761483375775438120e-02
8.591235165756229419e-02
9.759200886060132030e-02
1.188702531387968719e-01
1.923288648880258078e-01
2.208144540764812869e-01
5.233858303834868497e-01
2.352541822799988136e+00
4.760329103149762986e+00
1.387655984020761935e+01
