-1.330138654481473050e-15
-9.243143677436083611e-16
-5.253144219788489461e-16
-3.509866312786335061e-16
-3.305106882391135566e-16
-2.794065723153191465e-16
-2.371376488743292839e-16
-2.230256960659409354e-16
-1.944286741807390361e-16
-1.851537984336869102e-16
-1.691155117462386909e-16
-1.570168858617882158e-16
-1.561578432189417978e-16
-1.453836105844249132e-16
-1.405640801109607710e-16
-1.352620122697135902e-16
-1.323914424751591934e-16
-1.291647099122493340e-16
-1.242999614562443314e-16
-1.165676681642655414e-16
-1.130457577284009268e-16
-1.083606289294738282e-16
-1.059681194640767980e-16
-1.051381574365183711e-16
-1.023673640290262713e-16
-1.011457782817898744e-16
-9.755050385883950693e-17
-9.712907810425905304e-17
-9.407397705557995389e-17
-9.326777679331450431e-17
-8.987936871438512008e-17
-8.874581361668812946e-17
-8.659800578763348086e-17
-8.540744630959599614e-17
-8.402461878166973488e-17
-8.036585425666796202e-17
-7.991764832472356180e-17
-7.960527104469749670e-17
-7.798746516366505733e-17
-7.658968746050207730e-17
-7.486126898546847551e-17
-7.341341834688883028e-17
-7.087823666497332938e-17
-7.042037570023075546e-17
-6.816248821135035690e-17
-6.775699774588315065e-17
-6.572215548381303268e-17
-6.524846092071639876e-17
-6.342679334825169168e-17
-6.272472784364526227e-17
-6.240909186040500410e-17
-6.174062589492589591e-17
-6.020654800333192558e-17
-5.797441495967852328e-17
-5.781964908905502764e-17
-5.689010618397176694e-17
-5.613366614368354446e-17
-5.558135698248606776e-17
-5.520046536726123721e-17
-5.376300139278826678e-17
-5.312523980328076419e-17
-5.274748560040565604e-17
-5.216304884528911507e-17
-5.088568219284939568e-17
-4.998991515730910396e-17
-4.962827007790505148e-17
-4.865494653430435089e-17
-4.728256171477982541e-17
-4.671093340402886923e-17
-4.593154251819250163e-17
-4.565475054470217004e-17
-4.465812932011347310e-17
-4.440100331563984485e-17
-4.371825474466711500e-17
-4.330822053986030225e-17
-4.173675116202535744e-17
-4.145830513782762938e-17
-4.077106366484125795e-17
-4.056700262990882140e-17
-4.019739240861295992e-17
-3.974470062018558570e-17
-3.893232064771492294e-17
-3.836182797730815462e-17
-3.767162423607296733e-17
-3.709393883033457650e-17
-3.663538393708695623e-17
-3.633262134831930256e-17
-3.548583486704398038e-17
-3.531565857991013696e-17
-3.497736631302210690e-17
-3.404797416906029349e-17
-3.338317296360789177e-17
-3.291582832505328870e-17
-3.248409556537401202e-17
-3.195694531879273200e-17
-3.161309424448497351e-17
-3.087922091091282430e-17
-3.040818425457728691e-17
-2.998265050027491516e-17
-2.915373850985806466e-17
-2.888698890181101125e-17
-2.844877906983833838e-17
-2.819762791566813176e-17
-2.765593770047142871e-17
-2.713580331123865774e-17
-2.657935219003914743e-17
-2.627761114368432583e-17
-2.602418705133386843e-17
-2.582224858015923481e-17
-2.480663921442442688e-17
-2.408835640320155544e-17
-2.397254819811803659e-17
-2.350130706409047533e-17
-2.344832127009915694e-17
-2.287932973331079106e-17
-2.240755255245223381e-17
-2.217473806749417743e-17
-2.210167749056200443e-17
-2.128399686829802797e-17
-2.095718624800910368e-17
-2.063742303019270860e-17
-1.946145411322677280e-17
-1.924566405654327385e-17
-1.901798451944191524e-17
-1.889473757394423852e-17
-1.858994130434056199e-17
-1.828392723912439803e-17
-1.803269165082517443e-17
-1.756310847598201565e-17
-1.742421570910178342e-17
-1.698658963110313878e-17
-1.673494128803405081e-17
-1.607530447712754929e-17
-1.589929449429854806e-17
-1.559112119167730637e-17
-1.527188412617079962e-17
-1.467804703744988205e-17
-1.424848719993456341e-17
-1.412903639584655061e-17
-1.372105711858610677e-17
-1.343298320263519984e-17
-1.313529050064330273e-17
-1.295834055699271605e-17
-1.277568798998585629e-17
-1.255911726153778034e-17
-1.223976762720213215e-17
-1.178420064864421739e-17
-1.106212117009249935e-17
-1.091483006841037426e-17
-1.065320340785253856e-17
-1.044582415496352898e-17
-1.029817309054413632e-17
-9.731750601536240381e-18
-9.490276276108284494e-18
-9.168857328043319240e-18
-8.918482356437994946e-18
-8.401575146877461814e-18
-8.119796854925725108e-18
-7.629468530141609526e-18
-7.515595084608769128e-18
-7.126735244323206817e-18
-6.901159527068976613e-18
-6.699861097701737988e-18
-6.530752629926728480e-18
-6.446757570862310650e-18
-6.082519346069586494e-18
-5.935518362848136829e-18
-5.627839019554035715e-18
-5.338371618233224555e-18
-5.154096276765442002e-18
-4.742010906738961641e-18
-4.324943957968323174e-18
-4.003678557693347912e-18
-3.900943047316290382e-18
-3.748008934153112181e-18
-3.644248802880078136e-18
-3.446035663190805744e-18
-3.167856490604827977e-18
-3.060385563722174848e-18
-2.543957070874745327e-18
-2.357214787078415617e-18
-2.019212931892395883e-18
-1.925520298500068261e-18
-1.757345240287540434e-18
-1.496707093078074485e-18
-1.379517710198031558e-18
-1.264822212124872914e-18
-1.165474270320266068e-18
-8.307364063902311299e-19
-7.226322567387700012e-19
-6.590839477965272946e-19
-5.808190283179819948e-19
-4.052409690960617324e-19
-3.101648339663214952e-19
-1.727894506243962290e-19
-1.055890283208244043e-19
-7.778235149059508462e-20
-3.157712334854072169e-21
-1.418100924189906243e-21
-9.282519719694696117e-22
-8.192091799817728684e-22
-6.608177057238770153e-22
-4.345333723176581409e-22
-1.661553551811044317e-22
-1.289309185543279488e-22
-8.493807015531975049e-23
-6.067850084383551826e-23
5.579600087016004077e-27
6.894022643558734923e-23
1.128188052108879685e-22
1.889735672599044211e-22
2.697503485102454487e-22
4.240903974848133299e-22
4.773226238745261463e-22
6.393569759426034818e-22
8.229034043008098141e-22
1.305864204705334586e-21
2.342906902221955673e-21
2.703516895483351730e-21
3.163512731846733820e-21
5.524366616727024287e-21
2.778703188986426787e-20
1.471799032818850236e-19
2.165516619400124952e-19
3.872994736881415017e-19
6.377874466197782162e-19
8.280520859252670962e-19
9.309869407866104450e-19
1.117434089782424065e-18
1.253837680739385600e-18
1.557291200214759300e-18
1.774295298149751486e-18
1.871142616539688076e-18
2.154562105491606824e-18
2.295326838461952167e-18
2.557303051507980955e-18
2.784388890783913629e-18
2.902954469813330874e-18
3.014117097226789359e-18
3.224225378288811080e-18
3.707319796242035078e-18
3.747245956214945161e-18
3.984119674013022066e-18
4.369539986163466251e-18
4.523835067450071442e-18
4.744437187155938207e-18
4.914074250743030479e-18
5.241522154960674079e-18
5.552101555411754674e-18
5.663062456080775522e-18
6.167337669481166136e-18
6.473902043957516406e-18
6.544146898384096481e-18
6.944197234848575651e-18
7.179053534864651574e-18
7.476083677925773923e-18
7.751324453155981230e-18
7.812384595257486504e-18
7.939012514266866820e-18
8.271819928606969907e-18
8.761183171228314462e-18
8.994814244359718931e-18
9.184498141876549201e-18
9.482426957499273259e-18
9.918226004453455444e-18
1.011738453075294626e-17
1.023423469371175629e-17
1.049658280753144286e-17
1.077939968371347523e-17
1.112222372943960352e-17
1.163802992145645692e-17
1.192922359638357519e-17
1.222212502268200896e-17
1.248236979817044270e-17
1.258579549315215383e-17
1.307899078882475297e-17
1.337273883698987108e-17
1.349060967351562649e-17
1.372482183144955039e-17
1.436911200478257900e-17
1.456318640296738857e-17
1.467333053138537508e-17
1.513631053302475622e-17
1.552288536645904309e-17
1.558069336148988089e-17
1.579258416442172260e-17
1.638870965975163381e-17
1.658536089066502807e-17
1.682966268582555983e-17
1.737628212814076745e-17
1.775809063087869282e-17
1.827528466332104328e-17
1.853458381510894586e-17
1.894810544361971488e-17
1.920394703703958033e-17
1.929977414566872200e-17
1.982688305904046505e-17
2.021629904146444408e-17
2.029574679044718245e-17
2.064175060012857791e-17
2.101629024057495661e-17
2.141665006345802423e-17
2.197429223827347304e-17
2.241608564061415652e-17
2.295051910375559276e-17
2.317255885267513480e-17
2.395188385426227546e-17
2.414823516560881055e-17
2.425133378860207316e-17
2.506476999467162216e-17
2.562542524701110427e-17
2.594239706607482751e-17
2.634430620946381359e-17
2.738483481053441605e-17
2.754278246814631548e-17
2.776221858622215442e-17
2.856582787285203831e-17
2.869432886876715171e-17
2.888095635603078275e-17
2.995782464875017970e-17
3.031048184081920473e-17
3.059810824573849170e-17
3.130102548291521023e-17
3.152175259953059021e-17
3.213092841026180090e-17
3.281151408079359390e-17
3.326875697270878452e-17
3.405083367660279515e-17
3.421520136059956782e-17
3.485722808286442535e-17
3.587433738901342093e-17
3.618081997644398202e-17
3.668946369387318362e-17
3.710659806478560286e-17
3.724314064366236346e-17
3.824391805137295869e-17
3.862617803406558401e-17
3.942203344292420026e-17
3.995217957124925667e-17
4.053441813801804960e-17
4.144164369693698896e-17
4.178911941320130590e-17
4.276016800352354136e-17
4.287513921200099283e-17
4.410735548638746180e-17
4.475119221773899315e-17
4.572773690909849417e-17
4.634344707573873545e-17
4.658378576254803040e-17
4.739377047863619937e-17
4.798421070179248337e-17
4.945460645594477104e-17
4.974051946208072295e-17
5.156596642903769977e-17
5.208633047707628572e-17
5.248952866323608146e-17
5.343471911410003359e-17
5.451769669898108849e-17
5.636052265469581811e-17
5.666758128872641047e-17
5.734747846826310563e-17
5.831035963341013902e-17
5.885009224984535904e-17
5.964998926520570556e-17
5.988366006850948122e-17
6.251193416498998072e-17
6.325407672481829816e-17
6.362438732303259996e-17
6.411629317768329550e-17
6.532947902096815083e-17
6.762701874085782519e-17
6.843678656433014057e-17
7.023953819762252784e-17
7.103362607415046034e-17
7.336156161295917992e-17
7.614008791107239758e-17
7.677583035091415968e-17
7.801516542801134081e-17
7.933712167063441413e-17
8.096311298805179415e-17
8.272049719112247427e-17
8.357820758373594236e-17
8.438334683750882233e-17
8.630422215466027145e-17
8.821746156849095014e-17
8.920702324213609963e-17
9.240330815361950744e-17
9.668555581439642977e-17
9.844676339901912422e-17
1.005693131048396742e-16
1.024240910067844442e-16
1.040806226278016355e-16
1.084239289062715480e-16
1.126344240041824323e-16
1.133029113601346267e-16
1.168767824986895300e-16
1.179368527062342229e-16
1.235296183414569759e-16
1.274527069775228886e-16
1.339643348987053491e-16
1.376667974899202424e-16
1.449187566158465936e-16
1.502869308847940414e-16
1.541029526485538141e-16
1.579119727653313204e-16
1.675994094846366377e-16
1.799471655451661551e-16
1.959700328533444580e-16
2.136290391978332622e-16
2.241612941549325496e-16
2.580970550249417415e-16
3.044720513725702697e-16
3.254132796418765230e-16
4.739210269708791702e-16
5.045099155782523031e-16
1.591217733469678340e-15
4.788692509517872764e-04
1.123400431566375177e-03
2.488297881617306927e-03
4.199660604764365347e-03
4.973048145106312261e-03
5.407996655938790247e-03
6.585449384788240497e-03
7.052632578601073822e-03
9.205397808008042998e-03
1.083848847500696808e-02
1.406689279067185709e-02
1.535550083144276816e-02
1.894357414308149926e-02
2.710469508191424778e-02
4.847677671902896057e-02
5.325403113059430649e-02
6.379799278937479945e-02
8.673604397944290056e-02
1.077825840088867809e-01
1.380518737603819435e-01
1.824207639764654221e-01
4.748341883622468895e-01
2.315150108999312728e+00
4.606605849505068129e+00
1.289603024427177047e+01
