1.902300030734382572e-02
1.493307967385850213e-02
1.032454656089564458e-02
5.662625617198853781e-03
4.677025588640972356e-03
3.155981238939298446e-03
2.346922013922001990e-03
1.714193691002634809e-03
1.667557127980380700e-03
1.453418381539002590e-03
1.408094850168004498e-03
1.349853475292102801e-03
1.073204278672069056e-03
1.014083506361749014e-03
9.589365078228512295e-04
8.596217640131892769e-04
8.021409921022033557e-04
7.630770215756723729e-04
7.208685856609079508e-04
7.048061220938953110e-04
5.645343396621370661e-04
5.019570413187644147e-04
4.421995689326841121e-04
3.490987335412356176e-04
1.248733752123207220e-04
9.047311016425471123e-18
5.878344576145709062e-18
4.938422842804249969e-18
4.556328971997268917e-18
4.386721683255689547e-18
4.124173678024745551e-18
4.018566249678856043e-18
3.719261477743765051e-18
3.606866778297076325e-18
3.586018332263024534e-18
3.530500832333142885e-18
3.462042784603871713e-18
3.328167698837101421e-18
3.129660977404823267e-18
3.047318262755507882e-18
2.992398455190529985e-18
2.942331688824331030e-18
2.854224823596696926e-18
2.849633361042659658e-18
2.703257548171056281e-18
2.682203747953808794e-18
2.669372770027884583e-18
2.621263359016367306e-18
2.510733868778670312e-18
2.498466302542775221e-18
2.465375221854964521e-18
2.413104388689375491e-18
2.369161248124635463e-18
2.301673640670004878e-18
2.248855256060670728e-18
2.184034488133553479e-18
2.171180517220569647e-18
2.161987035851677339e-18
2.101917324064586167e-18
2.065258431680923112e-18
2.041159627033302694e-18
2.020221411936689343e-18
1.992157849513672575e-18
1.955136902334829248e-18
1.928381929283490144e-18
1.887164912025716860e-18
1.873551468445439356e-18
1.817171526446675376e-18
1.792616561211364609e-18
1.782442743784649066e-18
1.736546609024596894e-18
1.720030881921756439e-18
1.692556578331912081e-18
1.686975510516265611e-18
1.631798479855229242e-18
1.613075499189887547e-18
1.600901646212582087e-18
1.593814373778705092e-18
1.560032074059639936e-18
1.533433416110836982e-18
1.506927893813024611e-18
1.473247773547921899e-18
1.466169675926216457e-18
1.451529614706544742e-18
1.418552784211393365e-18
1.397250907646737561e-18
1.387393191528535634e-18
1.377466588754880049e-18
1.344706099136314256e-18
1.338275202213283285e-18
1.325523188965151726e-18
1.283547600231877436e-18
1.274690774139768793e-18
1.255195913484084840e-18
1.237920379384064673e-18
1.221382528071764166e-18
1.199103533570591218e-18
1.193572279434108112e-18
1.176151421371187657e-18
1.157870305868765674e-18
1.147612670636008161e-18
1.126045674533242117e-18
1.114917707657878140e-18
1.077909895224193479e-18
1.068004169642147002e-18
1.047565328534719561e-18
1.028279032332805800e-18
1.016654826077116392e-18
1.010563161249929424e-18
9.930757194821293609e-19
9.665943409561485132e-19
9.649151168615416897e-19
9.627950287850288043e-19
9.477585822788552366e-19
9.374222191664582783e-19
9.215229218743398128e-19
9.080431440697128644e-19
8.997395651701587325e-19
8.835250119801330922e-19
8.811233787196045702e-19
8.536609245931890730e-19
8.357468074722989995e-19
8.250780982335611554e-19
8.221346065607198182e-19
7.981326873935063224e-19
7.848051483339204377e-19
7.665529427166221757e-19
7.568150112124468255e-19
7.431863032570825579e-19
7.311343198388149951e-19
7.245762049885587698e-19
7.099722291889895322e-19
7.017896988894991411e-19
6.999645968762341313e-19
6.808868112759591030e-19
6.709473758948683373e-19
6.629427359208684344e-19
6.548357120970437336e-19
6.272221310639890950e-19
6.261422909163133606e-19
6.215740155661100961e-19
6.123629353253656714e-19
6.026293643524033591e-19
5.906133644711630344e-19
5.856106129700529084e-19
5.723599474714896177e-19
5.591414691148423922e-19
5.420622141480597240e-19
5.366063942124255513e-19
5.332741297326677738e-19
5.228879208841829269e-19
5.185321490652528828e-19
5.122657232124810723e-19
5.036712492772468712e-19
4.905421060107455491e-19
4.883195794187808353e-19
4.750926759627315805e-19
4.616758336484260024e-19
4.603465129432324083e-19
4.446996228749117786e-19
4.398766176452310100e-19
4.243312762472774837e-19
4.160718226699793199e-19
4.142559342424602529e-19
4.013198397276852717e-19
3.967185391026857222e-19
3.815251686873215269e-19
3.732415886023261319e-19
3.613334635632344811e-19
3.565969515505196868e-19
3.500741665384038725e-19
3.447336259648294520e-19
3.372452120962054098e-19
3.344613029330144002e-19
3.223211806235448157e-19
3.140895552249704842e-19
3.034517989892473024e-19
2.998857383153024880e-19
2.969344716338568388e-19
2.883975138319086438e-19
2.761790185101247018e-19
2.719285865523518049e-19
2.661205247773947463e-19
2.565775837495872948e-19
2.533954472129326131e-19
2.437485171268059186e-19
2.403509278357217308e-19
2.347030108401789968e-19
2.241778912302790123e-19
2.171689224351500975e-19
2.079107222174581946e-19
2.042496842904548642e-19
1.923682024812084946e-19
1.839806124001805793e-19
1.794936092491891348e-19
1.780845021422505140e-19
1.731253538348089771e-19
1.600102443180715671e-19
1.578079535304356574e-19
1.516131093385695235e-19
1.489027092628841209e-19
1.425986725093843893e-19
1.370996855424435269e-19
1.277779497639792781e-19
1.213379711009593870e-19
1.183448008198221851e-19
1.147967515241235944e-19
1.085802449427773617e-19
1.013192115347155314e-19
9.851123129983496540e-20
9.348873922877968022e-20
8.645163488332809267e-20
8.450760942375903840e-20
7.428225750712102705e-20
7.059397501994613985e-20
6.361079422210346535e-20
6.295243597543887252e-20
5.914770285757946678e-20
5.166190149415096655e-20
4.611635927954636375e-20
4.342683690167214873e-20
3.860570142937632318e-20
3.610171205856484626e-20
3.266464378242658560e-20
2.827429748701994131e-20
2.539883712901883441e-20
2.479064161633623124e-20
1.823347172745512227e-20
1.265608613645736908e-20
1.023279057663360021e-20
8.427069345124669533e-21
5.779160209399048520e-21
-1.105648540534955526e-21
-3.319606460372881477e-21
-8.875930807256668577e-21
-1.135672801631203826e-20
-1.389940002856555567e-20
-1.899501985439296094e-20
-2.114424842782632169e-20
-2.317241702944697765e-20
-2.744404504188075382e-20
-2.931917736617038396e-20
-3.337226037149518741e-20
-4.016542216036017403e-20
-4.273078090325469846e-20
-4.677593604918120411e-20
-5.084712593540848781e-20
-5.342280816539425796e-20
-5.569428281739825483e-20
-6.344416182856332208e-20
-7.186055992050668921e-20
-7.840812234461927068e-20
-8.556494137639167564e-20
-8.647147641002171160e-20
-9.574906986631405340e-20
-9.697146498666866696e-20
-1.046622221913555895e-19
-1.113125292690915533e-19
-1.129830288932461697e-19
-1.168330083059273013e-19
-1.176679160144685525e-19
-1.278848464774363544e-19
-1.294509197413598788e-19
-1.375985314761469198e-19
-1.424216028142123499e-19
-1.510989879628518221e-19
-1.556610318693572815e-19
-1.601071348663566783e-19
-1.642150436061968960e-19
-1.713670400148208692e-19
-1.790334643327668404e-19
-1.815581459902526363e-19
-1.888338363497115696e-19
-1.923831517707114215e-19
-1.979137238683713223e-19
-2.029891021109261122e-19
-2.110019772460326724e-19
-2.223892799128765297e-19
-2.237220955296376647e-19
-2.317253425166160607e-19
-2.391502080222249711e-19
-2.395326112463444192e-19
-2.537978570525791563e-19
-2.551540105017101443e-19
-2.660744113521199703e-19
-2.752078001326610138e-19
-2.818774496453896516e-19
-2.923333917577882496e-19
-2.960132389474216560e-19
-3.012311500047683730e-19
-3.027516240467555461e-19
-3.087393441406537967e-19
-3.175411065198364749e-19
-3.357685559679024807e-19
-3.472087176785193230e-19
-3.545293710621721635e-19
-3.573649790753884773e-19
-3.634315547181942372e-19
-3.817448316468736112e-19
-3.868253051136643311e-19
-3.974219802455330829e-19
-4.001859567862656657e-19
-4.047047481330751023e-19
-4.157216086825052151e-19
-4.225990139965727325e-19
-4.288569647807568010e-19
-4.369464053169125428e-19
-4.401550481263334423e-19
-4.464763553184159275e-19
-4.648986458627860795e-19
-4.703680192101295276e-19
-4.811583607477968693e-19
-4.874841342845049281e-19
-4.906550359054563384e-19
-5.002706342416834024e-19
-5.102426255302718569e-19
-5.200163279829406858e-19
-5.341613749533695746e-19
-5.414502843298224858e-19
-5.468283994352008916e-19
-5.677110478383825578e-19
-5.747384863719534039e-19
-5.784784601523643733e-19
-5.906821645493285967e-19
-6.068152976393737065e-19
-6.116744153604318290e-19
-6.260789048088994499e-19
-6.294960008259104331e-19
-6.585336334498446388e-19
-6.648166596489662191e-19
-6.816555166811308493e-19
-6.897656521009968941e-19
-7.036835836147864714e-19
-7.169235060604137941e-19
-7.200832982110945124e-19
-7.310999145646214834e-19
-7.388443787978589057e-19
-7.580351084614387971e-19
-7.607177374979938284e-19
-7.730205969548389653e-19
-7.837580068920268895e-19
-7.958317637046961357e-19
-8.065911663359645796e-19
-8.274178991885610033e-19
-8.352006829236259163e-19
-8.414739305168919703e-19
-8.655276803570068303e-19
-8.720280531975150609e-19
-8.858361079911061925e-19
-9.107875431067827552e-19
-9.153397841005898423e-19
-9.384803469102759420e-19
-9.511389387619866354e-19
-9.693598864151105805e-19
-9.749787575051741048e-19
-9.801650508948942785e-19
-9.823466884356693402e-19
-1.008812931941253035e-18
-1.014578044940794414e-18
-1.026878444793110293e-18
-1.049248637292005125e-18
-1.066543540638745399e-18
-1.075652122453380443e-18
-1.108994299427087227e-18
-1.121916661986548723e-18
-1.143298939211753971e-18
-1.151014564492502407e-18
-1.165142604039896469e-18
-1.189819313340923728e-18
-1.206369298502717536e-18
-1.214917568047839556e-18
-1.237886945726598681e-18
-1.261199301838229714e-18
-1.284510139040964188e-18
-1.292572869803701104e-18
-1.330810246979935659e-18
-1.335680693868502821e-18
-1.351520931559150516e-18
-1.368743638933013234e-18
-1.382435180917844291e-18
-1.416640504363470760e-18
-1.419393739107473430e-18
-1.448039355351930370e-18
-1.457240574764485948e-18
-1.473404872352072742e-18
-1.507753992540424488e-18
-1.538915482043534669e-18
-1.547974621250566102e-18
-1.593498512721710791e-18
-1.615196131598630851e-18
-1.630062330577666603e-18
-1.659842742547857660e-18
-1.719702826067656129e-18
-1.728259439884332419e-18
-1.735248246024844540e-18
-1.751506525093047736e-18
-1.792101616058808659e-18
-1.818159889787923574e-18
-1.841239618288826694e-18
-1.865989237056464425e-18
-1.885698295174089303e-18
-1.927689801288653561e-18
-1.945001066536873207e-18
-2.012444084800770708e-18
-2.032578211203115886e-18
-2.091552660187113641e-18
-2.103726302304240296e-18
-2.131929251558361753e-18
-2.186130503196349604e-18
-2.216889287502025247e-18
-2.247454394714403538e-18
-2.289350264027863529e-18
-2.310864067795226598e-18
-2.397012925330458689e-18
-2.452433514632127530e-18
-2.484753100157744754e-18
-2.539304157926117941e-18
-2.597125270838570311e-18
-2.647795601151962825e-18
-2.679027989733809980e-18
-2.715987148901586750e-18
-2.749120332700333154e-18
-2.808713802652505863e-18
-2.875958652592484313e-18
-2.909930896076334193e-18
-3.004216931809643035e-18
-3.118800931357906019e-18
-3.222017715818200606e-18
-3.311014633445936133e-18
-3.326501398197091902e-18
-3.473016759169725169e-18
-3.565900803288298762e-18
-3.594501400242340562e-18
-3.720607811453291168e-18
-3.936464361853809496e-18
-4.046512189586038781e-18
-4.276687871810074609e-18
-4.498407745757363870e-18
-4.956921571930520270e-18
-5.359350121107093967e-18
-9.531513832704525050e-18
