-1.286192777156875078e+00
-2.056958118512666189e-01
-1.728197719690619527e-01
-6.791975021674404034e-02
-5.765532053023199321e-02
-4.081576405492726850e-02
-3.724807062424391468e-02
-2.308547604656865232e-02
-2.011710502710984533e-02
-1.805338740811993428e-02
-1.562349339254580707e-02
-1.309318590247655206e-02
-1.212241724563087146e-02
-1.112985493149417845e-02
-9.431690279370279900e-03
-8.320207143229604863e-03
-8.170453998249763497e-03
-7.835720278804237521e-03
-7.291559805725694038e-03
-6.557872521338378898e-03
-5.239177477665962583e-03
-4.881621272425803321e-03
-4.786880315828472184e-03
-4.231002550045043567e-03
-4.091947736717135506e-03
-3.894200992292675551e-03
-3.745194024600548462e-03
-3.507803911532656523e-03
-3.356310618584515144e-03
-3.097569070027384602e-03
-2.880175243627113718e-03
-2.859085470662028373e-03
-2.681672822697941851e-03
-2.459730841145365415e-03
-2.321923449915249196e-03
-2.284344946090435813e-03
-2.140973277645659509e-03
-2.111719230049959733e-03
-2.043609455286962695e-03
-1.931836390808782831e-03
-1.837556500641304410e-03
-1.759675550616351383e-03
-1.671680621839227287e-03
-1.620936830718752589e-03
-1.569679395891533354e-03
-1.494481210885554657e-03
-1.432935492538327162e-03
-1.397445488935725221e-03
-1.320613520068076273e-03
-1.279129074021890340e-03
-1.178734250190662317e-03
-1.172834904386248819e-03
-1.137733110904777913e-03
-1.077483506761007896e-03
-1.060383490878589107e-03
-1.013857520337511529e-03
-9.851980408790350294e-04
-9.604688711845665644e-04
-9.236963241569962763e-04
-9.137911720140363221e-04
-8.568522509858371092e-04
-8.195122352410413782e-04
-7.777065397805053111e-04
-7.628134124083853175e-04
-7.246111409421377401e-04
-7.216042494158924920e-04
-6.878186842084574489e-04
-6.710950987039486851e-04
-6.360369691494230197e-04
-6.231720051485473491e-04
-6.082299456058110542e-04
-5.903677898141865537e-04
-5.713417116693169599e-04
-5.635152318050719918e-04
-5.312415052140956068e-04
-4.978541809239111007e-04
-4.824468626933176973e-04
-4.789902568774126175e-04
-4.752261562325971514e-04
-4.531626097639501164e-04
-4.441531110657434903e-04
-4.347735486513322717e-04
-4.260487147934449714e-04
-4.116881710286898603e-04
-3.907363066192237524e-04
-3.877759393511050721e-04
-3.780766363449721348e-04
-3.702129240406603120e-04
-3.584368805239310663e-04
-3.422624819098421881e-04
-3.285474914940210434e-04
-3.200026914624917599e-04
-3.115754570887091924e-04
-3.032605633405285970e-04
-2.977934085402958583e-04
-2.939668237000341217e-04
-2.845659725635663268e-04
-2.798698889677824430e-04
-2.728730391193754106e-04
-2.654324475957235761e-04
-2.516639201046418973e-04
-2.474062183859916729e-04
-2.412660857665222382e-04
-2.354947471983551285e-04
-2.307907227024918767e-04
-2.218549912247321301e-04
-2.168131815539545951e-04
-2.050392552090002406e-04
-2.010350806819147511e-04
-1.899329663952687103e-04
-1.891215344816103044e-04
-1.815629549120840514e-04
-1.799214764019035093e-04
-1.780142515666221820e-04
-1.736006669249946864e-04
-1.681362388503598101e-04
-1.623165929824373186e-04
-1.550160278754350953e-04
-1.520772471894664066e-04
-1.486218580906460229e-04
-1.442106205478602523e-04
-1.389002386584619047e-04
-1.335519164093213482e-04
-1.269488449598993763e-04
-1.245295177972660693e-04
-1.216831328560225500e-04
-1.175132059921404302e-04
-1.152276006428324680e-04
-1.118265925438490259e-04
-1.082116178285762338e-04
-1.077540660092679017e-04
-1.051021855155764498e-04
-1.000479681949152991e-04
-9.685225459278415155e-05
-9.469937552932774973e-05
-9.331983678263749006e-05
-8.936213037360151139e-05
-8.843608089189674236e-05
-8.620861779756442040e-05
-8.362489772164337159e-05
-8.188924564361180333e-05
-8.067336376215458564e-05
-8.043022429594467895e-05
-7.601312174475244137e-05
-7.522979467421791707e-05
-7.302479346506426645e-05
-7.033846276061471599e-05
-6.744793166249334841e-05
-6.397040004268097373e-05
-6.132658208797604781e-05
-6.039456352434108711e-05
-5.867387020708249843e-05
-5.779104773574865889e-05
-5.728439772380133747e-05
-5.581198543179264205e-05
-5.341526952920719687e-05
-5.077822280943401664e-05
-4.968976373263276410e-05
-4.906573285939397116e-05
-4.742435056615454788e-05
-4.436370177556484001e-05
-4.411945244348480647e-05
-4.260347434769514791e-05
-4.155855549947832302e-05
-4.077671897556843652e-05
-4.047279289038089640e-05
-3.941815301876628555e-05
-3.863612314746321555e-05
-3.704057405236933114e-05
-3.578250388821781002e-05
-3.517972232561285972e-05
-3.438525132166568490e-05
-3.272954538283668843e-05
-3.210834488392752648e-05
-3.140763830316186495e-05
-3.085723803591585432e-05
-2.949780795003935667e-05
-2.814542743994875740e-05
-2.777877927709226816e-05
-2.609708592509936973e-05
-2.558147620899441909e-05
-2.527431212941126144e-05
-2.481421690414173896e-05
-2.359929560295386696e-05
-2.320417468361643868e-05
-2.220577236829041011e-05
-2.112903745310013779e-05
-2.084434958219510316e-05
-2.018909330672651417e-05
-1.976925388180202889e-05
-1.913357119907886840e-05
-1.828383824060022023e-05
-1.765369359757078461e-05
-1.684316948013797678e-05
-1.633484204429226736e-05
-1.596799419433895395e-05
-1.492084017128498558e-05
-1.411640943728491848e-05
-1.369258522642054378e-05
-1.342184051449035688e-05
-1.326175368128019578e-05
-1.196127664447020125e-05
-1.181429983152697946e-05
-1.138804438409867778e-05
-1.063629791408171409e-05
-1.044663975812676576e-05
-1.001310983018972456e-05
-9.570693735532048019e-06
-9.227590720259058008e-06
-9.013250912570487257e-06
-8.942560897472355200e-06
-8.275294841638386305e-06
-8.171389304574407320e-06
-7.530091942815829003e-06
-7.381228605872876825e-06
-7.035259037435964219e-06
-6.514488078540873953e-06
-6.235686556642016466e-06
-5.993000713473533335e-06
-5.713260176420900370e-06
-5.616587908391013607e-06
-5.526638818892725870e-06
-4.917893904073247042e-06
-4.769627104046925729e-06
-4.677785237153984708e-06
-4.360954855591686898e-06
-4.032765046589157368e-06
-3.902055244308675900e-06
-3.620654634194248676e-06
-3.416520231631692649e-06
-3.102219846508594069e-06
-2.864737528266664654e-06
-2.604093708190643212e-06
-2.506182629041308334e-06
-2.355627441263177649e-06
-2.051529927900803870e-06
-2.015141777588065982e-06
-1.877379642228756353e-06
-1.536740456574571295e-06
-1.233223993383065363e-06
-1.197729571876213018e-06
-8.487604791494677799e-07
-7.266769772668658681e-07
-6.244705366438862478e-07
-5.801181355358923285e-07
-4.361009776781812086e-07
-3.306888571962337522e-07
-2.031302390784632690e-07
-1.074216989613986314e-07
-5.340007174497888524e-08
-5.912661084106021754e-19
-1.968643928001623870e-19
1.877446840002238647e-07
3.236736269660316633e-07
4.355524662206502872e-07
4.989140002129359997e-07
5.928376186164609921e-07
7.301133714924125622e-07
9.278782398213594702e-07
1.072906679984401905e-06
1.191053042611250353e-06
1.401587750509613862e-06
1.550709870354141986e-06
1.606730934837796465e-06
1.970153467061072849e-06
2.030892970164542102e-06
2.185139175478389349e-06
2.429717660637095735e-06
2.893323298436927886e-06
3.007368360433440096e-06
3.152259068546375260e-06
3.507014729520048170e-06
3.873144690883487907e-06
4.194035591876641018e-06
4.475914567070390773e-06
4.692716828676868724e-06
4.979259573406164698e-06
5.303733059570560015e-06
5.802022757356111245e-06
5.888903558604856116e-06
6.166133317682637168e-06
6.437004978687617542e-06
6.890202820803938633e-06
7.824606383311403596e-06
7.956148952336973906e-06
8.172271062201991884e-06
8.817799087483517174e-06
8.933591858437946748e-06
1.017613193740592697e-05
1.065489236649994160e-05
1.074034728401091264e-05
1.142236365850401784e-05
1.194018218938836135e-05
1.307584306172929669e-05
1.337087678614433148e-05
1.422589256457665681e-05
1.459653156975508539e-05
1.489120136270544409e-05
1.554346011514814413e-05
1.681526237335209334e-05
1.760994509801310493e-05
1.907326303368540385e-05
1.942706621992502971e-05
2.023507404145566708e-05
2.220710489644478413e-05
2.241182273034474448e-05
2.283626110220954487e-05
2.484074788910779722e-05
2.614174794322369198e-05
2.712412795753348140e-05
2.794232486039749486e-05
2.819560136810867493e-05
3.035089961626184806e-05
3.357838425734809094e-05
3.407606634681249459e-05
3.500670690855297174e-05
3.613477542409718245e-05
3.854350424836409933e-05
3.994596423804650903e-05
4.172350629874607187e-05
4.397799531378245177e-05
4.571788534113465610e-05
4.714093751384376468e-05
4.866307357073300669e-05
5.171335489733804367e-05
5.295875520975407770e-05
5.385160095997396692e-05
5.568591317627270338e-05
5.768428342715119987e-05
5.966943315574434637e-05
6.317060378969174014e-05
6.404180852871948614e-05
6.783608080958353139e-05
7.039881916875923224e-05
7.513300560132588144e-05
7.703760093431542594e-05
7.928616832894775810e-05
8.201152542134298789e-05
8.274718142031968406e-05
8.766474936373487548e-05
9.020267250908898637e-05
9.503037232059594725e-05
9.933827431253251751e-05
1.049399373363030908e-04
1.084945967413635394e-04
1.148972633703359918e-04
1.166935732659573981e-04
1.207839525275283279e-04
1.227431246152457214e-04
1.248388315172257069e-04
1.323170677792042738e-04
1.334055584294270905e-04
1.408013769886918328e-04
1.448347602904415956e-04
1.529116052994075614e-04
1.589371560221888478e-04
1.601282144925662279e-04
1.727094684085521284e-04
1.766433649745742540e-04
1.897933263100462617e-04
1.984762513359336752e-04
2.037239597425924203e-04
2.098930509429060396e-04
2.206073139635476485e-04
2.349089773352030911e-04
2.399028965658903578e-04
2.533970757469123638e-04
2.595391410261574231e-04
2.754441273290274359e-04
2.819641007309315163e-04
2.873996316276812330e-04
3.048847429452191836e-04
3.260697063106739678e-04
3.460709329110544770e-04
3.532965942992580938e-04
3.590575965469927676e-04
3.671450096763967646e-04
3.858261445862209006e-04
4.040960760058170389e-04
4.161768317235558395e-04
4.478323925048034032e-04
4.689072895854118177e-04
4.885289816130084428e-04
4.958354892459970395e-04
5.064855502943786279e-04
5.379992144362245789e-04
5.591019966408975221e-04
5.662931788884585649e-04
6.042626449343892550e-04
6.361053610870092334e-04
6.603764562152654970e-04
6.785522565125135051e-04
7.067537994269035414e-04
7.374289546209929734e-04
7.865160304107037025e-04
8.169889502160469514e-04
8.546587226039410951e-04
8.952043610925384956e-04
9.531064375230066535e-04
9.577162612085150534e-04
1.078464365583499352e-03
1.082039031842835577e-03
1.123458966367343491e-03
1.151439888149103068e-03
1.175457274909539555e-03
1.221127365736448308e-03
1.332698760952831778e-03
1.371628826134224785e-03
1.391407063574393033e-03
1.501969828658597820e-03
1.505876257813973038e-03
1.632070037636357144e-03
1.766786953753921550e-03
1.822136135956453585e-03
1.868382177708494216e-03
1.982219285200840283e-03
2.149942220517116458e-03
2.337198856453858321e-03
2.433940295030250986e-03
2.622685776362189414e-03
2.735515468765702465e-03
2.876202538408380392e-03
3.205871922675132806e-03
3.319857418742185300e-03
3.696961422059807153e-03
4.199892504375702870e-03
4.503888092882449290e-03
4.816283845450407795e-03
5.359540434585600456e-03
5.921577798725124152e-03
7.125280809218374929e-03
8.125242435095575422e-03
9.443374970950527483e-03
1.066498186250434618e-02
1.235476037036272942e-02
1.658223964662902672e-02
1.841790911123170060e-02
2.667799129723053692e-02
3.808391905266223648e-02
6.038086087576324812e-02
1.994558970836031730e-01
