-7.719115654021113659e-02
-6.029617391631748868e-02
-4.693496152138475902e-02
-3.165238442207069652e-02
-2.950529467647140108e-02
-2.853066154662458817e-02
-2.646040232275926815e-02
-1.911015508121475040e-02
-1.769891526896337497e-02
-1.682914753038894373e-02
-1.587249877402111681e-02
-1.415841382541366440e-02
-1.335154999601051266e-02
-1.082893624626446796e-02
-1.071398561711496208e-02
-9.823319527453544878e-03
-9.458284606710620074e-03
-8.521109591996721411e-03
-7.604884874394039936e-03
-7.276245738338331208e-03
-7.038710669822441542e-03
-6.646515914789784263e-03
-6.225274166097969838e-03
-5.916502043160676988e-03
-5.620307945585307705e-03
-5.413598855608476798e-03
-5.060873652601477653e-03
-4.915462852754361699e-03
-4.718873857599113417e-03
-4.513839787240857965e-03
-4.172719732630214388e-03
-3.810864536837635722e-03
-3.726095826118975326e-03
-3.610201247617073929e-03
-3.578156788905602174e-03
-3.445007707373704247e-03
-3.148285556472646407e-03
-3.046371780145771310e-03
-2.976963708893563647e-03
-2.687265507349713770e-03
-2.594654613506494796e-03
-2.468726515997786679e-03
-2.446985746184326179e-03
-2.292978996113243309e-03
-2.146720116976749866e-03
-2.129011953335145299e-03
-2.063029493114674606e-03
-2.006280827769584690e-03
-1.922005032857827854e-03
-1.809763437399572981e-03
-1.781739314337244667e-03
-1.705290225484406902e-03
-1.658267860134078923e-03
-1.560301649004793532e-03
-1.532906101931073937e-03
-1.488454398696189510e-03
-1.453194437348978964e-03
-1.387298524355317763e-03
-1.338658882578080880e-03
-1.317289572285364630e-03
-1.238490957820314676e-03
-1.224254914529898999e-03
-1.173741436091687131e-03
-1.154479704651215338e-03
-1.142840009923084058e-03
-1.113828391556771031e-03
-1.062211917645347701e-03
-1.033057556109528204e-03
-1.025705055650229887e-03
-9.469919151766189496e-04
-9.201930382975863788e-04
-9.021576088008201972e-04
-8.784886449692830279e-04
-8.621536088060041420e-04
-8.149788878381109209e-04
-7.887783040145351877e-04
-7.665114374605152886e-04
-7.351905070288503692e-04
-7.189957262758627432e-04
-7.062926925628460135e-04
-6.994331026309438468e-04
-6.865277701279175280e-04
-6.707058260940144392e-04
-6.423352715003693416e-04
-6.343945287099409924e-04
-6.249475814956235087e-04
-5.960407515280637851e-04
-5.864417430938717460e-04
-5.768499365734872141e-04
-5.557195587956111115e-04
-5.384130011843856617e-04
-5.228940757952593764e-04
-5.085254577210339411e-04
-4.988320808508870177e-04
-4.762811330074561257e-04
-4.625835225562276989e-04
-4.515472229420055194e-04
-4.316380781376468823e-04
-4.186807360506021375e-04
-4.014099176753413477e-04
-3.995243081165657955e-04
-3.949761687320723757e-04
-3.697552180873948089e-04
-3.610148021381284853e-04
-3.587556681561163618e-04
-3.462104754212425289e-04
-3.447554203602219746e-04
-3.342630421728469826e-04
-3.241564232136813625e-04
-3.184571197733285339e-04
-3.018505674682471886e-04
-2.959256447677915632e-04
-2.906838731022900872e-04
-2.783978372557134877e-04
-2.733200265233748242e-04
-2.666539122890762559e-04
-2.614815423032171293e-04
-2.522579436857058394e-04
-2.504549891281624037e-04
-2.457341775372027691e-04
-2.377851846484062802e-04
-2.331540588038507158e-04
-2.298354785773925430e-04
-2.219687788430777453e-04
-2.189973106895638289e-04
-2.140587262102070301e-04
-2.033653733133070269e-04
-1.984930425531721118e-04
-1.928290063119085626e-04
-1.843312853141705447e-04
-1.800891255320114111e-04
-1.752934174253503112e-04
-1.737149755344577365e-04
-1.702369954521044146e-04
-1.627123242398070921e-04
-1.547193594548631394e-04
-1.540772150400083378e-04
-1.511413944216526009e-04
-1.458898205632226067e-04
-1.408198503873901253e-04
-1.395646924733516439e-04
-1.332855607548635185e-04
-1.312300888208008413e-04
-1.237813843556509030e-04
-1.219721076857348312e-04
-1.189520527933709209e-04
-1.165567429723082018e-04
-1.122008037673335909e-04
-1.082778611421942488e-04
-1.037004942116976074e-04
-1.031460448652091004e-04
-9.735346762820879408e-05
-9.702888896051687230e-05
-9.502315282845095925e-05
-9.185790177254483219e-05
-8.879391561530150219e-05
-8.667846796744018843e-05
-8.569224296348086926e-05
-8.370212021722112582e-05
-8.114039365970380547e-05
-7.841521272181569443e-05
-7.673476117143233574e-05
-7.336760300315442549e-05
-7.187705250201524391e-05
-7.149529660054848947e-05
-6.922812089105586872e-05
-6.730507233588090379e-05
-6.603895646348803506e-05
-6.324426758139011656e-05
-6.233612999950482092e-05
-6.123909441228792515e-05
-6.005062903470734101e-05
-5.864661582791179807e-05
-5.818032725780858887e-05
-5.467271588461435262e-05
-5.223842816157911841e-05
-5.130052192383638442e-05
-4.918646058183662629e-05
-4.829044686922704023e-05
-4.655126538659373173e-05
-4.518607121008695094e-05
-4.406937255654244775e-05
-4.306702657041273284e-05
-4.228052972841908369e-05
-4.100210887128401575e-05
-4.007853611739040225e-05
-3.873623434452015815e-05
-3.719345731688437472e-05
-3.644218775942530456e-05
-3.573617201720653434e-05
-3.406211799476557654e-05
-3.259765394645993726e-05
-3.210589698980954870e-05
-3.042004482288048088e-05
-2.950667539860162106e-05
-2.870757443252351868e-05
-2.753627054564784752e-05
-2.679372839200615399e-05
-2.603849852052188786e-05
-2.519717745277364249e-05
-2.417216258665200870e-05
-2.375323384305044411e-05
-2.233954752682728689e-05
-2.202133513678478021e-05
-2.117455681279514554e-05
-1.940416463110786858e-05
-1.921492668491836525e-05
-1.904984483253008859e-05
-1.790024118626593050e-05
-1.732816454421584230e-05
-1.715127541002068196e-05
-1.671249078128275568e-05
-1.575452853925138580e-05
-1.481211265431032024e-05
-1.422927936925858083e-05
-1.345105189617309780e-05
-1.320474257283715127e-05
-1.169569982465040938e-05
-1.155690812352266187e-05
-1.107143440995869495e-05
-1.071941547215630429e-05
-1.044183153199949025e-05
-9.684010747803150786e-06
-8.968222786464011663e-06
-8.577259211210839604e-06
-7.980554330204065074e-06
-7.479681740982454011e-06
-6.906115822864791676e-06
-6.756697862807838310e-06
-6.664473282909788514e-06
-6.027953276869435328e-06
-5.746611352506855893e-06
-5.707139242675170604e-06
-5.268881255435058086e-06
-4.958442864295703744e-06
-4.842890690665272109e-06
-4.401708253039747771e-06
-4.308239411108944978e-06
-4.171627596980374304e-06
-3.819782055787168112e-06
-3.628563912354716472e-06
-2.803581098143761371e-06
-2.671162443445993941e-06
-2.310944655206542702e-06
-2.178089742146292550e-06
-1.991721482378434547e-06
-1.825160874157427281e-06
-1.755764066411261891e-06
-1.350892372070656230e-06
-1.265989376452752486e-06
-1.006214813033260070e-06
-7.053920970074053730e-07
-4.129221549794211788e-07
-2.556368292159770596e-07
-1.194186838397114926e-07
-2.803332653089851467e-08
-4.560029095729888727e-18
1.637143719695354773e-18
1.192820547327403627e-07
2.341253414005342793e-07
3.458202354918918462e-07
4.491184748152726635e-07
5.678293813726381171e-07
7.075542023970472257e-07
8.326997998524793664e-07
9.213542423322591660e-07
1.056259108986371194e-06
1.301886388685821342e-06
1.600810147756193166e-06
1.697712243539112870e-06
1.993190704596760528e-06
2.132017105004745697e-06
2.283351828251210684e-06
2.545111170897408180e-06
2.854581226439377201e-06
2.978300058581363531e-06
3.271432025560467883e-06
3.638912563132550860e-06
3.844324177632845116e-06
4.079381599374344644e-06
4.285002143852201854e-06
4.895824045554315802e-06
5.201528424014435842e-06
5.752768877637864803e-06
5.898697165926327664e-06
6.191896006727007613e-06
6.899403763156173981e-06
7.385912482191328699e-06
7.911534557473882189e-06
8.544612132803868854e-06
8.642980711164761565e-06
8.960131597518349581e-06
9.610011858660918554e-06
9.786112773987608077e-06
1.107516153708162347e-05
1.121074310923239331e-05
1.189032332761529482e-05
1.263726791124967087e-05
1.328769915020510516e-05
1.419164065880933034e-05
1.471436516485004367e-05
1.548940774964117719e-05
1.618392876225253790e-05
1.723884900465184300e-05
1.748359806341319374e-05
1.852139442880659976e-05
1.932124086695509105e-05
2.000022125428355590e-05
2.139361825091947751e-05
2.310619390374492690e-05
2.456790665925938561e-05
2.506700348780927342e-05
2.572069269064339821e-05
2.933968219625917415e-05
2.981503508672244583e-05
3.080388678352438876e-05
3.131546377252471123e-05
3.284119827246980556e-05
3.516315841499347987e-05
3.719023435100964845e-05
3.948517869076978752e-05
4.050045365994683644e-05
4.262356913601770755e-05
4.474965777208909690e-05
4.614619594710720835e-05
4.758970125385429586e-05
5.076977315722976152e-05
5.223547671330067426e-05
5.388719891514544410e-05
5.632143266386281785e-05
5.954797655782842209e-05
6.032058519110617637e-05
6.187803300267966978e-05
6.306726781023336520e-05
6.660827775718588671e-05
7.115077618435900885e-05
7.628515086078621707e-05
7.884529534978573361e-05
8.040630904356873296e-05
8.675635128621407371e-05
8.955689387136972566e-05
9.221794795138591426e-05
9.375356597885209115e-05
1.026885817319365241e-04
1.046506206379576350e-04
1.126158643827808925e-04
1.146315314948248028e-04
1.246749041910208227e-04
1.315133035175688385e-04
1.329628718546404088e-04
1.383771921090622397e-04
1.422883700331221350e-04
1.493415249345962171e-04
1.602365575212468766e-04
1.685193699952728676e-04
1.700815351170527063e-04
1.770670793551476876e-04
1.813619311257887504e-04
1.910882051036854028e-04
2.025248145170718329e-04
2.059775829068062755e-04
2.236394289965264041e-04
2.269781556901419794e-04
2.400214183430195798e-04
2.550229361700629511e-04
2.620725684008897447e-04
2.762305050874355565e-04
2.899577689851267986e-04
2.992329227145334395e-04
3.114874899289759636e-04
3.312042079524850206e-04
3.403358732080198753e-04
3.598100017067351890e-04
3.718491172492321300e-04
3.812885040038665541e-04
4.061701429248413099e-04
4.183278481427777111e-04
4.305034242229902812e-04
4.684437773295568159e-04
4.803282154215309007e-04
5.364501775151441334e-04
5.407213849020261337e-04
5.583720039449510415e-04
5.683748494439965502e-04
5.977635862014185316e-04
6.344597171391710500e-04
6.468738599660910256e-04
6.719042986671057731e-04
7.395395658075066365e-04
7.921290877299627577e-04
8.189322604888344672e-04
8.691090201277168383e-04
8.840572629435388460e-04
9.931792849472993300e-04
1.002130568522862416e-03
1.014471884485565814e-03
1.130437514788258224e-03
1.188626727284208904e-03
1.332891609088339337e-03
1.382831865385655010e-03
1.453976293795511193e-03
1.528876799229470342e-03
1.594157000489742704e-03
1.676340712638565685e-03
1.825610198613514387e-03
2.035162158781938201e-03
2.148410834096895622e-03
2.159630399095809408e-03
2.243220958318875406e-03
2.378877390844280713e-03
2.651711904842710913e-03
2.717211038394810960e-03
3.239007362277172147e-03
3.280273929097721284e-03
3.591427088356144784e-03
4.191001321478711461e-03
4.431778596504482026e-03
5.086281742497717612e-03
5.396063237587414574e-03
5.689331938259585206e-03
6.168893045048187349e-03
6.916658125456176705e-03
7.642410734470441586e-03
8.441667494377313313e-03
9.811717749152737422e-03
1.170203474496201400e-02
1.210772446046704150e-02
1.551328967496898130e-02
1.785654962765127057e-02
1.978135878617573451e-02
2.093886283470557108e-02
2.512651064837907039e-02
2.690918284102374394e-02
6.170052225929523876e-02
7.132881795422854609e-02
1.084400935711029579e-01
1.249433757453152632e-01
3.109663752248943425e-01
1.080682661842607528e+00
2.200200238935118513e+00
4.767705692685249019e+00
