1.157574831949123757e-02
1.023371725179072871e-02
9.231906496378831928e-03
3.553404992583108612e-03
2.600458518838187193e-03
1.697359921385592453e-03
1.528722389113512832e-03
1.499302909753688498e-03
1.182745409382633499e-03
1.106242770230329939e-03
1.052577698104062475e-03
9.853912942299420177e-04
9.309875669271867101e-04
8.944811332477431648e-04
8.400658219847869593e-04
8.211183095201957365e-04
7.068730919382574694e-04
6.816563027003411318e-04
6.446092501752553839e-04
6.165073183206222192e-04
5.917436886515737432e-04
5.471493053356884032e-04
4.943766248288697807e-04
4.872616666600177262e-04
4.725762744751054551e-04
4.401391588988491925e-04
4.198716435030948779e-04
4.112071851686593992e-04
3.913401261428702958e-04
3.712352850667984330e-04
3.672359762578058140e-04
3.620254583967189434e-04
3.531360831078805915e-04
3.453041187281241198e-04
3.220250831834663347e-04
3.071910075479111963e-04
3.012660527956584821e-04
2.866891085254963346e-04
2.737476168071011290e-04
2.691340736234298643e-04
2.631248704448221746e-04
2.435823220477264855e-04
2.343890198126823057e-04
2.239974700966651576e-04
2.154077520032119048e-04
2.113470947641110491e-04
2.072791443363506975e-04
2.025957672873432208e-04
1.957410619026026812e-04
1.915493684295376702e-04
1.822993925469310473e-04
1.764960540494682690e-04
1.616700250329803701e-04
1.569056460602396381e-04
1.550297251662609657e-04
1.523157352636753646e-04
1.479469036017657139e-04
1.449345523709430310e-04
1.428570752140568027e-04
1.323594661969775585e-04
1.275982163639289776e-04
1.190952634302132280e-04
1.165779964417135975e-04
1.129703914354888918e-04
1.089107717852533404e-04
1.051875889758712151e-04
1.001862654943660812e-04
9.787549180194983923e-05
9.604898292600954593e-05
9.461921648768645721e-05
9.169613946938745259e-05
8.798686151841392114e-05
8.446200433530901344e-05
8.319437403599135126e-05
8.071395428783589778e-05
7.496229058449240001e-05
7.440390461999848331e-05
7.255863698537679072e-05
7.118677118571361509e-05
6.697570818582549476e-05
6.566464339076987400e-05
6.375471687985432038e-05
5.976811822340891459e-05
5.824097129656064886e-05
5.747085015147851590e-05
5.437847116580062979e-05
5.199206807411284749e-05
5.122436469592393495e-05
4.885121727551652496e-05
4.732461019492076499e-05
4.691264436193972871e-05
4.460918163420501736e-05
4.217751327164987943e-05
4.118212060296598173e-05
4.019799184762305044e-05
3.816817393464972129e-05
3.793813503152456486e-05
3.671863244155757606e-05
3.512760313131805937e-05
3.338515427915601244e-05
3.238913680387839713e-05
3.148595330842236979e-05
3.107324480355837774e-05
2.943268654615163369e-05
2.756332571124947556e-05
2.702225163397325422e-05
2.596645163901701258e-05
2.415671277077515865e-05
2.336605084726602329e-05
2.268634439081339583e-05
2.222281713065448643e-05
2.156928478006087091e-05
2.022041113520521558e-05
1.986618671355014115e-05
1.851305648107354516e-05
1.802171653070146716e-05
1.723384473163199057e-05
1.707691855855689845e-05
1.653499536478705433e-05
1.627349091667670627e-05
1.592759061045328990e-05
1.523301680386306449e-05
1.484257524638531040e-05
1.389880137164332980e-05
1.278135461947592151e-05
1.261824872738039402e-05
1.232308443721480077e-05
1.155217626439853111e-05
1.072328770827708585e-05
1.055962856660704157e-05
9.252599317871635124e-06
9.034856389269762817e-06
8.937186302619633642e-06
8.755976986694941251e-06
8.538979722055067126e-06
7.996553544977830775e-06
7.778035272959358780e-06
7.579878364607698624e-06
7.178510809956214329e-06
6.902374629829739449e-06
6.721589396020229917e-06
6.457558927051659263e-06
6.002176144108608012e-06
5.732282329037038110e-06
5.727249522487497798e-06
5.450085176060233504e-06
4.849531566148037065e-06
4.572592192380519925e-06
4.516188929852577654e-06
4.214607604269205185e-06
4.123444294702082888e-06
3.976622157062547433e-06
3.764628714601401547e-06
3.669848848839489437e-06
3.292267479202343141e-06
3.045907356108649266e-06
2.881540166001150350e-06
2.572851428631228386e-06
2.487844714842829886e-06
2.421620049812494352e-06
2.093015286394521990e-06
2.017994767608706001e-06
1.789981872763866494e-06
1.743617600385377142e-06
1.654434861066463423e-06
1.511290568594645635e-06
1.362799314205976973e-06
1.208742691539445774e-06
1.131818763411971513e-06
1.091527345525729036e-06
9.569447733872420701e-07
8.071403283596285225e-07
7.663463491518053184e-07
6.523723077230208803e-07
5.301298248504682943e-07
4.770083446347452447e-07
3.951591371234616089e-07
3.437885033925669544e-07
2.786464499688389916e-07
2.248448379756044658e-07
1.711768191669598058e-07
1.068582620803925063e-07
5.948612325949683862e-08
1.164308089224070442e-19
-5.956552811194382308e-20
-1.367278427646575880e-08
-6.170705096458897797e-08
-1.226082370136514129e-07
-2.008283002700888230e-07
-3.407707088490313900e-07
-5.093225172099430276e-07
-5.848440146529758895e-07
-6.525713255998023091e-07
-7.922020427770905869e-07
-8.505804731084557454e-07
-9.485463115356698485e-07
-1.007827240375203024e-06
-1.085793113011161088e-06
-1.323043182475486202e-06
-1.347697816090793829e-06
-1.711692525910682547e-06
-1.775047744088235341e-06
-1.971802406794004827e-06
-2.060716465776284872e-06
-2.202250131383969897e-06
-2.219146674114099753e-06
-2.278431798592383515e-06
-2.345789464738591082e-06
-2.504094187578308429e-06
-2.512737872228972325e-06
-2.993111485162534008e-06
-3.031433079619248562e-06
-3.147165968453014312e-06
-3.310483565224074410e-06
-3.427081221182520501e-06
-3.628049956000368232e-06
-3.965516277823218666e-06
-3.988525795081967049e-06
-4.539862459452675393e-06
-4.617984949661703848e-06
-4.990874556686372362e-06
-5.221750352978650884e-06
-5.320443680639891010e-06
-5.554762042402416784e-06
-5.941217982729438706e-06
-6.172374092927326603e-06
-6.569439612200725061e-06
-6.802095018772235692e-06
-7.165291923858917939e-06
-7.537336560356258969e-06
-7.901063968321328081e-06
-8.025213349739178422e-06
-8.340138048370943622e-06
-8.403778082467894031e-06
-8.673684267408149877e-06
-9.209445863576894980e-06
-9.699221156047922065e-06
-9.862661035623272924e-06
-1.023527446851448971e-05
-1.070581764653705691e-05
-1.089019806175376614e-05
-1.164806848248191361e-05
-1.173321785269850796e-05
-1.219194362603842964e-05
-1.270198927142441289e-05
-1.279696267257808787e-05
-1.297821894384688503e-05
-1.334845268838088242e-05
-1.463307718473994168e-05
-1.467899226129786609e-05
-1.486815606667637771e-05
-1.543508941800989269e-05
-1.584453687425703576e-05
-1.633066127293296475e-05
-1.661593475099330672e-05
-1.692348499833737984e-05
-1.744732729366065989e-05
-1.761406385443001831e-05
-1.813404128510602998e-05
-1.873423627087039220e-05
-1.875976152698119188e-05
-1.965751306049518963e-05
-2.032080985463875588e-05
-2.054373880333278460e-05
-2.102070231177341624e-05
-2.201388930008102462e-05
-2.258786338946708726e-05
-2.292098566595294467e-05
-2.330261468371979875e-05
-2.500923164259992844e-05
-2.524253718071536583e-05
-2.588782642167729151e-05
-2.681781560410601589e-05
-2.710869540791498375e-05
-2.820361119336276377e-05
-2.847509776086856436e-05
-2.985354786679270459e-05
-3.083947379595182702e-05
-3.155824844084963084e-05
-3.202820046559917726e-05
-3.224385960388863564e-05
-3.380296636246038223e-05
-3.413228796028800442e-05
-3.453332877940258426e-05
-3.555508251522519015e-05
-3.663406569804627546e-05
-3.741192358265571218e-05
-3.834057112758775714e-05
-3.917917524934850615e-05
-4.012588986991239617e-05
-4.126855396557004268e-05
-4.183026852435457786e-05
-4.255014002889370380e-05
-4.335174658209337364e-05
-4.532780586503179797e-05
-4.611548629302886367e-05
-4.736622954422980872e-05
-4.837404204045481150e-05
-4.875079571312037274e-05
-4.973635647793128641e-05
-5.180280379754373914e-05
-5.409921679562271869e-05
-5.515691437563486531e-05
-5.589852281738355545e-05
-5.678043852207091186e-05
-5.859264904586904935e-05
-6.059201491699740474e-05
-6.153328937006787383e-05
-6.405178304425050793e-05
-6.570800252301413444e-05
-6.745830049696376865e-05
-6.834351042365140378e-05
-6.983582399596684794e-05
-7.127384774867043693e-05
-7.348699477305538667e-05
-7.532840252925418576e-05
-7.545008837593575139e-05
-7.732904101590505944e-05
-7.915212388920335690e-05
-8.034377784417364712e-05
-8.419478732179279054e-05
-8.475502471667806963e-05
-8.668966936915448824e-05
-8.879605102811396653e-05
-9.004930603242442292e-05
-9.123352397026973193e-05
-9.530108148387828038e-05
-9.691144915127927382e-05
-9.815363717548353868e-05
-1.002994622991847833e-04
-1.022293918115672537e-04
-1.046492814499884986e-04
-1.078729731864550603e-04
-1.085843603768736089e-04
-1.096251600856052756e-04
-1.129113261658697479e-04
-1.148787966746621196e-04
-1.193664235909410457e-04
-1.219959331734811556e-04
-1.226750267776278720e-04
-1.269243225414363151e-04
-1.278817944105036517e-04
-1.302178911155351120e-04
-1.324306015924725652e-04
-1.360077684939591165e-04
-1.372406492750041296e-04
-1.427703664224137770e-04
-1.455440420916212323e-04
-1.522649503412136735e-04
-1.550435127258094543e-04
-1.555236198542334471e-04
-1.581143189780841510e-04
-1.678551960229699759e-04
-1.682698362071515614e-04
-1.700491589900691818e-04
-1.729877645004384212e-04
-1.759714431641658727e-04
-1.814749320240056257e-04
-1.839719070858122560e-04
-1.881103798336137666e-04
-1.972693493411694613e-04
-1.992069008923089168e-04
-2.017195947833065888e-04
-2.040838489948258348e-04
-2.162637017895836528e-04
-2.242190484423359741e-04
-2.276558102076255466e-04
-2.299269521795523346e-04
-2.349616731694546433e-04
-2.420961247609891586e-04
-2.472930388959283538e-04
-2.502698501565750878e-04
-2.599181521515587547e-04
-2.709274919978724183e-04
-2.764220777322442158e-04
-2.779399026237772043e-04
-2.894524795787907349e-04
-2.928918083481321763e-04
-2.975018970227589522e-04
-2.990011631127285300e-04
-3.080009319882017881e-04
-3.209164748547482164e-04
-3.283715856924176242e-04
-3.341109196785047226e-04
-3.452662799267334289e-04
-3.571310883431964259e-04
-3.604502079726876348e-04
-3.760160499458675503e-04
-3.833494940320681895e-04
-3.935170482119494271e-04
-4.011506599923775015e-04
-4.234223312284815044e-04
-4.320517467727470751e-04
-4.510327046284378196e-04
-4.596891118060091627e-04
-4.724881177443562234e-04
-4.840201315127178614e-04
-5.074154701338912284e-04
-5.192900255078446940e-04
-5.233153652910623723e-04
-5.296271165479310991e-04
-5.489570750078953849e-04
-5.509614447531173496e-04
-5.997158962806196144e-04
-6.143432117794682531e-04
-6.347353428703050512e-04
-6.511221617746027921e-04
-6.756444798910459393e-04
-7.048682038986855752e-04
-7.478686156992691864e-04
-7.689533079208504471e-04
-7.935002483037546621e-04
-8.161850478449506367e-04
-8.189776723644171018e-04
-8.659136885222989098e-04
-9.121728563978084023e-04
-9.286189668626729102e-04
-9.681643620793924923e-04
-9.883622508341525018e-04
-1.110976326490664429e-03
-1.126499612001211417e-03
-1.168139239235823973e-03
-1.191114104215180601e-03
-1.217123265304124666e-03
-1.309118870540411416e-03
-1.329747479717185293e-03
-1.387179786696409725e-03
-1.459364133149571334e-03
-1.537153589800993939e-03
-1.562513659822227854e-03
-1.625621394600660144e-03
-1.688958831746754322e-03
-1.837037610610311143e-03
-1.851779338568656846e-03
-2.102094486696577669e-03
-2.226681505059646335e-03
-2.299721727025624395e-03
-2.695073159522640843e-03
-3.209224283994894112e-03
-3.311363770129830894e-03
-3.928007079658852284e-03
