-8.078567798511431875e-05
-7.130765124938585366e-05
-6.431895397611345352e-05
-5.144111133634519722e-05
-4.883104106309101803e-05
-4.744657178405581186e-05
-3.966598620501990446e-05
-3.749167568802822442e-05
-6.957379562779364180e-06
-5.780869254906472276e-06
-4.228323469326322127e-06
-2.914842292900607486e-06
-2.774942781490142783e-06
-1.602712153839246449e-06
-1.402985237460899928e-06
-1.162273862562008397e-06
-1.073064217741944798e-06
-8.940554876344288826e-07
-6.924920648275773931e-07
-5.065808555603975853e-07
-4.664490932793627321e-07
-3.918658650183877186e-07
-3.272434486882080473e-07
-2.587552120555793023e-07
-2.358197884064967249e-07
-2.201948776587396650e-07
-2.041473177568200937e-07
-1.397380527002850520e-07
-1.295880441120054260e-07
-1.183191661191855781e-07
-1.167729786010191189e-07
-1.049552425348106408e-07
-1.019490158745330730e-07
-7.602500657591599419e-08
-6.898869162788122519e-08
-6.556093234158809066e-08
-5.081463728979550351e-08
-4.477406348932715971e-08
-2.548382651380478850e-08
-2.285989056387279320e-08
-2.937276549386914979e-09
-1.183729637595123593e-09
-1.203158010255610920e-19
1.673300762088588776e-19
6.922932155743717243e-09
1.240306686118041065e-08
1.445941932103517183e-08
2.476903831249285149e-08
3.417009593088611348e-08
3.738159883763286121e-08
5.968601939663449206e-08
9.383650042321268778e-08
1.085524466367700228e-07
1.201899432924247822e-07
1.567889098279409597e-07
1.826196557092774339e-07
2.007526096858390657e-07
2.969140125800245230e-07
3.654412803417267668e-07
3.960910397744518641e-07
4.209796280671469774e-07
4.758914545793422549e-07
5.229259682025260772e-07
5.244747661510686052e-07
5.421754172357464745e-07
5.573527671380881052e-07
6.611276349388932319e-07
7.121305698015870464e-07
7.657750043625398434e-07
7.842350369076470278e-07
7.882511875632026874e-07
8.511220359167567663e-07
8.698485435252222929e-07
8.928184490492552393e-07
9.558816626133560397e-07
9.758756542557910710e-07
9.883080673169631860e-07
1.009716627833437339e-06
1.028103256016477656e-06
1.055887655907644009e-06
1.100928572125000894e-06
1.146570901627617071e-06
1.161408309933969843e-06
1.243363311134837512e-06
1.264122374638771000e-06
1.348248571474961202e-06
1.381179700656111358e-06
1.407193139981639871e-06
1.470989502517759489e-06
1.501037689998434085e-06
1.558214729817252040e-06
1.589393236415299625e-06
1.621159136221516515e-06
1.644794485933939709e-06
1.754279508826145404e-06
1.845688860408317526e-06
1.907215466124409994e-06
1.930531400294901680e-06
1.989792358928672110e-06
2.000798017717439318e-06
2.020961301553818007e-06
2.184201412820216120e-06
2.211178525970633716e-06
2.318443578984197237e-06
2.382003908266985642e-06
2.396476687943421990e-06
2.412634271008512582e-06
2.568769613431726411e-06
2.632794284569512801e-06
2.652642773005907488e-06
2.676957318350036705e-06
2.703540158493063191e-06
2.845592266440471975e-06
2.898100816165360140e-06
2.944501048178877185e-06
3.073764609735615881e-06
3.171422243729912156e-06
3.218662530767355115e-06
3.247040641125612378e-06
3.292233836740246159e-06
3.471211144435399591e-06
3.530972095151146937e-06
3.573619811481568244e-06
3.637338244775961927e-06
3.660800240203130553e-06
3.797339964693745147e-06
3.881716908817512539e-06
3.943542539396206291e-06
4.040898735202118893e-06
4.165572184613277561e-06
4.224755507959596261e-06
4.282847301305404773e-06
4.495943207171791990e-06
4.556037652848052648e-06
4.814109201756093816e-06
4.852251136352488414e-06
4.878048966231799556e-06
4.926477999984054602e-06
5.000343631946276188e-06
5.091428473180564049e-06
5.278225063529407127e-06
5.301642032825266945e-06
5.430899276629931924e-06
5.531977308241090131e-06
5.661946569709836270e-06
5.686422755064343113e-06
5.807819018107803432e-06
5.925207060479721582e-06
6.039455619907725816e-06
6.073929033557267377e-06
6.105379229111401730e-06
6.230810752844906638e-06
6.450354478425783495e-06
6.575022075881010271e-06
6.618831460338763454e-06
6.720242198291436530e-06
6.914363391849503003e-06
7.008244848354838338e-06
7.044995192570681483e-06
7.243589245956742601e-06
7.318792647175633372e-06
7.386399716697195726e-06
7.821216554563330576e-06
7.908390961123639801e-06
8.017252917753856439e-06
8.106746346835498067e-06
8.302062729228769518e-06
8.323639663545083286e-06
8.347250352309646451e-06
8.617393148483487244e-06
8.647502892688814510e-06
8.955536220553768700e-06
9.058413165595459676e-06
9.253386203446179080e-06
9.376957580272694668e-06
9.520458208189410719e-06
9.580646647645669212e-06
9.731411390461961326e-06
9.759654719281762636e-06
1.020291291751250695e-05
1.031279209523520960e-05
1.061586285174073487e-05
1.066628398848002606e-05
1.112854855368772267e-05
1.144255699674239960e-05
1.161666707845874912e-05
1.168474782954718570e-05
1.184130841850853854e-05
1.206761789406524715e-05
1.220653328438045075e-05
1.235187465626549975e-05
1.245712896345152854e-05
1.263454726851398028e-05
1.271443151712155903e-05
1.293449973519229595e-05
1.314929398391885237e-05
1.359075020610009766e-05
1.364895748520325057e-05
1.376653058393966184e-05
1.409100622589299495e-05
1.423971649769930133e-05
1.497126168636732797e-05
1.522375539672679686e-05
1.570050745836687752e-05
1.582869786012260636e-05
1.594981297633473282e-05
1.601123071003912946e-05
1.628701271354710868e-05
1.674240320429716983e-05
1.685151605114050522e-05
1.738023056592160982e-05
1.771545407358359955e-05
1.805571076023935610e-05
1.814080956120135273e-05
1.867921446174774678e-05
1.909795005212036552e-05
1.935402361370363165e-05
1.987474856956145320e-05
2.002274210963753451e-05
2.086564639581122338e-05
2.103505885463642628e-05
2.127983808543269825e-05
2.176282995823312704e-05
2.184465337979735850e-05
2.189516035132044091e-05
2.223336855800398285e-05
2.285743519477344217e-05
2.363636919284438218e-05
2.416244165497710312e-05
2.470022007920002932e-05
2.480358638450786459e-05
2.492905133882633250e-05
2.555939674266676894e-05
2.611169108595262574e-05
2.642850531357977923e-05
2.666887182186682462e-05
2.712293769393499669e-05
2.825145325445047297e-05
2.853978210574576984e-05
2.875740356113416223e-05
2.924691017510272015e-05
2.951334851789611565e-05
2.971508560592659950e-05
3.029347362637766614e-05
3.100743489349325698e-05
3.164175507285657275e-05
3.204261547495413991e-05
3.267365970296682540e-05
3.320419437270069021e-05
3.354864557105253928e-05
3.443520053227578043e-05
3.460229601662636375e-05
3.608250912276587572e-05
3.622268198635530761e-05
3.763397201495318346e-05
3.806526959551746210e-05
3.833542395510622169e-05
3.919420117356128705e-05
3.933075170790758125e-05
3.983537670904373391e-05
4.065972200673286825e-05
4.149133724434133258e-05
4.238127825458507653e-05
4.285410407636754641e-05
4.424312457232916691e-05
4.521764486812146478e-05
4.555247892708088231e-05
4.597198552172040824e-05
4.671193362840519807e-05
4.728776770899026111e-05
4.828246663663397905e-05
4.837458781605297512e-05
4.881885706813340935e-05
4.992961197721775121e-05
5.064452250000764117e-05
5.170372001694801699e-05
5.427193250971700965e-05
5.497594226120012406e-05
5.517265925793678140e-05
5.549414030219630093e-05
5.821376034798140132e-05
5.912139567117769858e-05
6.012913845070121403e-05
6.108942795182896002e-05
6.219295154154503788e-05
6.279536581595859097e-05
6.391158561019005206e-05
6.489101298013306735e-05
6.581209850056146649e-05
6.640179202947541490e-05
6.755074359411282708e-05
6.914082981524085963e-05
7.196845815514862508e-05
7.261837942121605926e-05
7.274015950278409342e-05
7.763655312842863922e-05
7.866681578036174198e-05
7.967377181109029345e-05
8.113649941466792234e-05
8.250807709836008904e-05
8.309172005290344583e-05
8.346816187894534199e-05
8.501581251493002392e-05
8.635451660764715718e-05
8.798875300725074943e-05
8.952914591895026557e-05
9.057822755843062117e-05
9.207903271300390657e-05
9.511969551343756892e-05
9.726223218636066486e-05
9.847210074326605321e-05
1.005257218976448154e-04
1.012857822886944115e-04
1.045519060103448412e-04
1.058859778413309173e-04
1.074471028707310339e-04
1.086932562920247777e-04
1.114451288713931451e-04
1.131430398055585998e-04
1.136961539771080587e-04
1.180140160983521558e-04
1.217140531718497294e-04
1.238654421297088960e-04
1.261373660747366475e-04
1.273146944838250022e-04
1.300541985266981989e-04
1.328430320392523024e-04
1.367964228626009830e-04
1.398774452205199048e-04
1.428164610307825161e-04
1.469307321448712637e-04
1.489112318750520616e-04
1.496701645784205212e-04
1.498778602886932307e-04
1.551729597768140660e-04
1.580204367432453370e-04
1.593150210548121518e-04
1.619960189290772714e-04
1.678503310448943109e-04
1.719286591774843637e-04
1.756802177087002413e-04
1.796092470406367885e-04
1.863841500219414805e-04
1.898746995481465473e-04
1.902010287263151403e-04
1.955473183508214970e-04
1.989949282373714063e-04
2.016967081534518276e-04
2.071896820579311957e-04
2.076956288235152950e-04
2.108422994834531852e-04
2.262351797657722327e-04
2.305453506089249452e-04
2.344258887294742560e-04
2.403400752075348268e-04
2.425947978970985732e-04
2.476678546190060688e-04
2.548553683227634142e-04
2.662545913180795190e-04
2.696589715483660487e-04
2.721976822572275568e-04
2.738273283290494197e-04
2.760762602950122060e-04
2.820927307563260108e-04
2.862922185296195329e-04
2.907457168952880559e-04
3.066396297067245248e-04
3.086656046802932637e-04
3.155491949289107242e-04
3.197197814552132488e-04
3.461452865041239331e-04
3.583198093573107274e-04
3.636005704718920577e-04
3.673667558557311874e-04
3.708694372659680793e-04
3.719770497007589770e-04
3.844333479141645430e-04
3.928853588000336735e-04
4.080024837008970184e-04
4.118801915100451204e-04
4.552033517151969503e-04
4.608324616630099534e-04
4.817226961658616319e-04
4.890711120988740137e-04
4.915325580351178258e-04
4.949970702018056902e-04
5.112198852739447937e-04
5.180176227849434727e-04
5.351841442297090856e-04
5.593861855416990166e-04
5.864626493378772469e-04
6.005525045991079057e-04
6.071451376810403037e-04
6.568872465344301192e-04
6.680720531160851215e-04
7.006859483851182041e-04
7.263723746835384042e-04
7.291555552446871364e-04
7.637118940994085852e-04
7.690497376437889889e-04
8.395406710759518087e-04
8.552962618690903955e-04
9.317720901534167236e-04
9.465450021946656984e-04
9.637803184176880686e-04
1.035987572774025624e-03
1.092564053447321951e-03
1.101561798996006109e-03
1.142088575517650551e-03
1.197593450475737710e-03
1.379822392462737605e-03
1.396339410899445459e-03
1.467190227377505006e-03
1.546239208311656586e-03
1.601910545497752230e-03
1.620286506670784617e-03
1.724153120319124209e-03
1.830030063432893121e-03
2.067290008687877947e-03
2.265939054158667369e-03
2.318131070632465773e-03
2.332889984692939483e-03
2.421306235031310192e-03
2.919637045139588782e-03
3.235134637665678693e-03
3.489570441611421041e-03
3.636278957738968160e-03
4.504050195587621513e-03
5.040678655837078914e-03
5.796242818905843371e-03
6.361298831273009234e-03
7.684604430719318112e-03
8.072570162341682898e-03
8.473114203445484757e-03
1.085502556038372285e-02
1.408786061417329448e-02
1.538934247238906046e-02
3.376967793399721085e-02
6.816715713773741081e-02
7.260325648534682319e-02
3.140926869313278580e-01
