-7.340595471322097776e-01
-1.216986447993562842e-01
-9.951682194607480714e-02
-4.737768750039389465e-02
-4.136566771156815342e-02
-2.677326012043796527e-02
-2.451935930465037536e-02
-1.804684642946810524e-02
-1.554635662860255271e-02
-1.344378164789958134e-02
-1.021234880956509161e-02
-9.786034506904921562e-03
-9.203917335413135462e-03
-8.242855773332277008e-03
-7.121467231492985620e-03
-6.811858912196482908e-03
-6.153513684866600275e-03
-5.213641269822747240e-03
-4.556897350793428017e-03
-4.252757219105251542e-03
-4.053483398390559343e-03
-3.701870021893345544e-03
-3.432980545593564223e-03
-3.297061907034283187e-03
-3.099845687413283358e-03
-2.838258035849924345e-03
-2.601324932605179191e-03
-2.393676997680478993e-03
-2.314780421711764256e-03
-2.197583788868593627e-03
-2.063057866302358493e-03
-1.919501343673581020e-03
-1.847898706758564812e-03
-1.731045997082868593e-03
-1.648035502331283942e-03
-1.550857559999555945e-03
-1.471108753371386376e-03
-1.440603236744263235e-03
-1.369230342124315349e-03
-1.330598155223024865e-03
-1.275549521235458611e-03
-1.231563135354518581e-03
-1.204745248548948254e-03
-1.116024197055313872e-03
-1.057510161276309152e-03
-1.037503971599861062e-03
-9.952911664902106513e-04
-9.754147176251051418e-04
-9.042395178681088969e-04
-8.656326864139168853e-04
-8.515227277695673310e-04
-8.054236876862472380e-04
-8.012661280237968814e-04
-7.886857139924762687e-04
-7.441222334907603110e-04
-7.155379817940936459e-04
-6.745834598310063634e-04
-6.292789018153913940e-04
-6.179767313021386444e-04
-5.989329371101715163e-04
-5.716459050859201306e-04
-5.540460591602814787e-04
-5.425619670849240756e-04
-5.255249359819353814e-04
-4.829710445657943679e-04
-4.637171031195119991e-04
-4.393434580666529389e-04
-4.295915697086284180e-04
-4.197445490017935685e-04
-3.892633257218009206e-04
-3.795973175628297291e-04
-3.654317191470986877e-04
-3.440788561364295940e-04
-3.374030367266576394e-04
-3.236211206105629973e-04
-3.121903880735036750e-04
-3.039205913152491566e-04
-2.962077712563535871e-04
-2.868930018621406288e-04
-2.727429516181738268e-04
-2.606661430008274348e-04
-2.538269129130608665e-04
-2.512636142693061526e-04
-2.419458530326862105e-04
-2.286553932631276006e-04
-2.176968856596295080e-04
-2.135758809205986206e-04
-2.109426509695815847e-04
-2.027050997165990101e-04
-1.942367437699079149e-04
-1.856252635479151798e-04
-1.792085325031482750e-04
-1.738815090141994672e-04
-1.663129598685610209e-04
-1.614696564261279403e-04
-1.535323236956669297e-04
-1.407185122980788943e-04
-1.379265984157624931e-04
-1.374702405447776696e-04
-1.271855825003279572e-04
-1.262419939734599358e-04
-1.223198697569357631e-04
-1.193265453183538162e-04
-1.144571257831399991e-04
-1.112973469748963941e-04
-1.091792734211722925e-04
-1.056758973694724656e-04
-1.002779796652571089e-04
-9.721594214194526659e-05
-9.420980597697269467e-05
-9.148460740975042035e-05
-8.946233292751787543e-05
-8.840671672357936449e-05
-8.069272765866539784e-05
-7.562699032475123811e-05
-7.360114696582163545e-05
-6.992736470285641206e-05
-6.834809390285904356e-05
-6.753042347805976030e-05
-6.336526670479831580e-05
-6.138234313333134891e-05
-5.843822837951615005e-05
-5.735529699661577271e-05
-5.490929642462203660e-05
-5.439774013572195807e-05
-5.255214790333090038e-05
-5.006136366845221876e-05
-4.711401907506983504e-05
-4.595974906872634969e-05
-4.523337254899076045e-05
-4.348014938886959858e-05
-3.921425807781887525e-05
-3.816124947132713027e-05
-3.676607738938016899e-05
-3.578194995523478359e-05
-3.550170168131496471e-05
-3.507258962598924068e-05
-3.376524417112700848e-05
-3.211123173467942402e-05
-3.074550646600440729e-05
-2.982007065271518380e-05
-2.802894323622282470e-05
-2.744881202034869940e-05
-2.701296023212003571e-05
-2.592846294662397113e-05
-2.536443821029111940e-05
-2.440779439962330108e-05
-2.323946189240862759e-05
-2.190485217556001918e-05
-2.074900025627204493e-05
-2.042571977894050252e-05
-1.938030393176616559e-05
-1.901616493424565925e-05
-1.810739081066153354e-05
-1.690943949206493688e-05
-1.626833272787179890e-05
-1.548641727493109361e-05
-1.497859132457935562e-05
-1.422043859410860854e-05
-1.373082681726976652e-05
-1.355277500822167958e-05
-1.266117188468703359e-05
-1.176299119978665540e-05
-1.136937114742760467e-05
-1.111173633464368886e-05
-1.058492146003820161e-05
-1.045204464936596198e-05
-9.509154628163910721e-06
-8.637254883219033620e-06
-8.156806147685794237e-06
-8.093304629308130933e-06
-7.929676746623216138e-06
-7.792277261922528480e-06
-6.869103399073846193e-06
-6.750219699000837468e-06
-6.219100695989462354e-06
-6.202512383173124257e-06
-5.556659335598776132e-06
-5.083409795332360866e-06
-4.910243659534666777e-06
-4.634245557752742522e-06
-4.250976286722171178e-06
-3.867764991491447039e-06
-3.718646844514503009e-06
-3.563431039061013997e-06
-3.426898118348453595e-06
-3.263120061820694851e-06
-3.037177214122647030e-06
-2.454842076633640298e-06
-2.250878444872033617e-06
-1.913218559288354833e-06
-1.801043180835550285e-06
-1.747772927322742174e-06
-1.510696135816766399e-06
-1.236104294444712861e-06
-1.192201331579278903e-06
-9.730032995962991713e-07
-8.907534299345789409e-07
-8.057217060749405376e-07
-6.368532610967658502e-07
-4.556999132615229971e-07
-2.582968219984644777e-07
-1.517767059103538068e-07
-4.644889379417616463e-19
5.417261102997447607e-20
4.173079260557460340e-08
1.097711701680159387e-07
2.686963003745712463e-07
3.628015414038484457e-07
5.248852892399438347e-07
6.407892761136926037e-07
8.518230055779660051e-07
9.157810139030949154e-07
1.289676454259502777e-06
1.328070416182285176e-06
1.543345749570891045e-06
1.629188759565404859e-06
1.785858818751159649e-06
2.076642669998293377e-06
2.400485619228552108e-06
2.591681878999245417e-06
2.758614931078275371e-06
2.877027946296666608e-06
3.157513258170177252e-06
3.352512236841184191e-06
3.690790477940464877e-06
3.952283642983329867e-06
4.270192010253233869e-06
4.686716446063249751e-06
4.879127679234396609e-06
5.229924615891931339e-06
5.292323816524205104e-06
5.898458564634110441e-06
6.172871442457942614e-06
6.413615444713259767e-06
7.011512076047660733e-06
7.449402348250418338e-06
7.499814359100499464e-06
8.334328663090609105e-06
8.479958709777218111e-06
8.708840417535539889e-06
9.319801372064357995e-06
9.503725692849874509e-06
1.022235544865815383e-05
1.061583508374079253e-05
1.133368117549112962e-05
1.195825188042862860e-05
1.235410041999358653e-05
1.329624602135986939e-05
1.407691409845986431e-05
1.496590514518632487e-05
1.555750602228253774e-05
1.614028879693738837e-05
1.672933006133316914e-05
1.733109739220300313e-05
1.805193221903061770e-05
1.843694682898061054e-05
1.897841288053420884e-05
2.041563774471429055e-05
2.155512085886434519e-05
2.234572806329932623e-05
2.332349536596033842e-05
2.445503555495194949e-05
2.460404373325662681e-05
2.672959539807670168e-05
2.686500856947168165e-05
2.701781545892552227e-05
2.757535205503176682e-05
3.004815838907853295e-05
3.088648088519479877e-05
3.220775187734643309e-05
3.277538878527805712e-05
3.441410811896090016e-05
3.450790012623974613e-05
3.532345049374987546e-05
3.736903969525514041e-05
3.954360760148131233e-05
4.028022811898198383e-05
4.153555951677393755e-05
4.267841781429748303e-05
4.366850895574192715e-05
4.462465178783213995e-05
4.740676223417446662e-05
5.044105818610413540e-05
5.162278609868851834e-05
5.519478002123665499e-05
5.766198140964149039e-05
5.891250279967831093e-05
6.041892189516923599e-05
6.241765559615299009e-05
6.333890504857095426e-05
6.505820201094986469e-05
6.720485985112785562e-05
6.803508454177914402e-05
6.981929985530278208e-05
7.194376780117712827e-05
7.261391220623275523e-05
7.365118327675655415e-05
7.667104491635076127e-05
8.090833631072901313e-05
8.637841427183582180e-05
8.791769115376477312e-05
9.063885214467370770e-05
9.298070271954552487e-05
9.360551088432710748e-05
9.831917038011499677e-05
1.001590619511119796e-04
1.038760155425507190e-04
1.077999980720412084e-04
1.113046086827237344e-04
1.145271589937287829e-04
1.162314582485010948e-04
1.198298952907513054e-04
1.236316044883897867e-04
1.257376209669136915e-04
1.289725519806745311e-04
1.357511307144565471e-04
1.412664047711773496e-04
1.474703732147824252e-04
1.495559759096813548e-04
1.554187248488002803e-04
1.591057953129314132e-04
1.606428164235822339e-04
1.696383733285462229e-04
1.713978314992842744e-04
1.732983644702899471e-04
1.821502837079926008e-04
1.903516412019318085e-04
1.949640323574861826e-04
2.080468421835271063e-04
2.142054523627300109e-04
2.187529632552782574e-04
2.246801300590247448e-04
2.293120553535398561e-04
2.410588342122064423e-04
2.463838479376194001e-04
2.545801772763409783e-04
2.627429166529638197e-04
2.673121378505608999e-04
2.809114392853567961e-04
2.899059513216882241e-04
2.914576731683035551e-04
3.085581504211611049e-04
3.261736545818251813e-04
3.279427510841597770e-04
3.385158498228847592e-04
3.557642944594366016e-04
3.608792099940794562e-04
3.675310471017548307e-04
3.820419292010900515e-04
3.966871807658621366e-04
4.093617655137849701e-04
4.369297505417080651e-04
4.501697827968074018e-04
4.588596541673574283e-04
4.806182338528195807e-04
4.857798364585230364e-04
4.985321267376469512e-04
5.169831963446897948e-04
5.434003319133350138e-04
5.572667697913663391e-04
5.795727351773506241e-04
5.883998054302555600e-04
6.383415482877269126e-04
6.573799507277459150e-04
6.729539865583878322e-04
6.965502454917677465e-04
7.338229078873187861e-04
7.405903807784535364e-04
7.832087241702673447e-04
8.223907057067731752e-04
8.385998453126304250e-04
8.508592603491618592e-04
8.615212674874534859e-04
9.039719579952167332e-04
9.399566930064871947e-04
9.669384982049517713e-04
1.009355817160573557e-03
1.047984224873872846e-03
1.114712972397612425e-03
1.145730832254912091e-03
1.173013327305130792e-03
1.192759173107705087e-03
1.265804705890068117e-03
1.287204632667124544e-03
1.296882940178258233e-03
1.347680935420543080e-03
1.444878816111791562e-03
1.467912143784146518e-03
1.508273841999569105e-03
1.562579687042978203e-03
1.602921297113399628e-03
1.765162887485535823e-03
1.817678469035369660e-03
1.866196928222533646e-03
1.886904762593882585e-03
2.056206938676362860e-03
2.129388184234761849e-03
2.200390518793648650e-03
2.313236142632351874e-03
2.471168944917310345e-03
2.654595747618689223e-03
2.668199892360203097e-03
2.728449018887444972e-03
2.887453836378923479e-03
3.182723742933007364e-03
3.395148510505894678e-03
3.516157772143952732e-03
3.574166749472012378e-03
3.852898063226128759e-03
3.923747375105731197e-03
4.149947521589082873e-03
4.207908493167996679e-03
4.558202475611219592e-03
5.027727197199910111e-03
5.200631130931882354e-03
5.404349222009709360e-03
6.003951097496977064e-03
6.275017078434262478e-03
6.475586468349639642e-03
7.127138381954841763e-03
7.887163803752992100e-03
8.562751817837237558e-03
8.824980760413903350e-03
9.413635162189576064e-03
1.154242358041010150e-02
1.216001414051850332e-02
1.371616642482837746e-02
1.440902149897873089e-02
1.600708398456649612e-02
2.092602728199539214e-02
2.206915477269826356e-02
2.408125011007029859e-02
2.736642800855520336e-02
3.578175201232332292e-02
4.073166949869033715e-02
6.030155618138877821e-02
6.278177701238914221e-02
1.016469880772236933e-01
1.120074538655173174e-01
2.667309989205353116e-01
