9.887073318935579030e-04
6.709914951600220480e-04
3.726007481401040706e-04
2.320355651906402035e-04
2.015846929170656443e-04
1.321604073653558390e-04
1.034735466877498148e-04
9.106674335084912169e-05
7.668155959182459925e-05
6.495494034266553881e-05
5.685075057656312089e-05
5.622103432911083215e-05
5.095492907772527634e-05
4.335826235668634383e-05
3.939218713689050214e-05
3.324462266483318247e-05
3.076341734053677991e-05
2.994182691393464145e-05
2.816288931402674946e-05
1.972756568128995646e-05
1.700000257385882681e-05
1.418565550531680921e-05
1.314635737611238899e-05
8.060969618442058126e-06
5.259162673140328788e-06
7.438434920008306176e-19
4.782441166214558592e-19
3.607366608511423572e-19
3.363992860944596858e-19
3.203181206250658231e-19
3.019863175367207835e-19
2.903803459965456906e-19
2.893546986326295122e-19
2.652803236454089031e-19
2.579322527742794950e-19
2.541070315107102432e-19
2.440847264549375067e-19
2.370565310203178906e-19
2.322458130972407265e-19
2.256051021786294520e-19
2.135563846469888260e-19
2.101596311374048796e-19
2.077335635373272654e-19
2.041046228710111885e-19
2.021021594872652370e-19
1.964264461668736284e-19
1.937735657302459542e-19
1.848133382276179981e-19
1.830658799395561128e-19
1.790163136387377381e-19
1.750740824990347978e-19
1.714206836256377345e-19
1.687381048524009390e-19
1.655505776688801952e-19
1.626688959716878259e-19
1.600961718202761788e-19
1.569887016040939073e-19
1.537196235573940432e-19
1.501696491510597433e-19
1.490486168010620622e-19
1.448950669899055278e-19
1.408748227266220432e-19
1.376331260835141760e-19
1.342873309875706841e-19
1.325475273461805639e-19
1.304738500003694521e-19
1.282632253854881400e-19
1.250922772729599861e-19
1.245293320480180638e-19
1.209730647621714357e-19
1.199460160412875958e-19
1.171932248882849459e-19
1.159037008045429629e-19
1.134794186608532835e-19
1.124921842837125583e-19
1.090466803180169447e-19
1.067450495822403050e-19
1.057927243336822404e-19
1.051616387116328712e-19
1.021341209676798804e-19
1.010525067590712453e-19
1.001123229963356833e-19
9.762506802584797991e-20
9.669637587439389412e-20
9.534984646843939518e-20
9.441728261034477550e-20
9.283233532870500405e-20
9.218084010618196724e-20
8.903354589179622312e-20
8.782474224408368542e-20
8.613995394163535569e-20
8.544340191888782902e-20
8.405572094089157250e-20
8.228304156887187333e-20
8.021005539890473820e-20
7.998964691137161949e-20
7.875330811227278013e-20
7.830136869793406122e-20
7.696129586652547239e-20
7.653059980442944963e-20
7.527091124867983464e-20
7.477098603221528014e-20
7.191066023762184556e-20
7.075749859413953452e-20
7.037138918205507373e-20
6.843465165702411772e-20
6.733487335642672279e-20
6.629953055521064774e-20
6.578088055304142968e-20
6.346816159376633693e-20
6.302397089800675532e-20
6.233726737779469756e-20
6.008247554300234495e-20
5.981502310063824899e-20
5.884733643895732090e-20
5.776651654423516128e-20
5.708346449549099260e-20
5.532147370135612678e-20
5.492612214283864138e-20
5.479912678376512192e-20
5.279060765623317925e-20
5.198614120506528498e-20
5.085455254610492799e-20
5.004855091002953634e-20
4.973417612172802886e-20
4.901240548709175883e-20
4.819459602359887447e-20
4.746908323781069559e-20
4.715406820356672325e-20
4.684082420747174647e-20
4.554338879737228467e-20
4.388350837088953857e-20
4.330036809264981346e-20
4.284726708394951910e-20
4.201202875496698802e-20
4.107435429845264382e-20
4.080523993152130947e-20
3.988500883760734175e-20
3.946744987642154808e-20
3.901228499962830099e-20
3.755529863370652376e-20
3.701547964773109257e-20
3.674854246487564664e-20
3.584290965704122962e-20
3.492130441627931096e-20
3.384799661827823163e-20
3.366341760069241484e-20
3.336059350810558021e-20
3.311506847446860847e-20
3.258228683513451723e-20
3.214085468613085371e-20
3.073949203863434186e-20
3.032403161347883758e-20
3.012333788943217220e-20
2.983258966722052438e-20
2.880180263173639218e-20
2.789856332777455745e-20
2.731883010934367856e-20
2.697426552387939349e-20
2.644543483495356147e-20
2.604004330136233151e-20
2.572028327579411642e-20
2.521058175595826073e-20
2.418830166602733798e-20
2.381968574538990399e-20
2.363485953436812441e-20
2.299729538913126624e-20
2.265873463468441885e-20
2.218614997412618497e-20
2.133603293704542920e-20
2.055141741540094050e-20
2.026124931628085655e-20
1.988903186598995697e-20
1.973819561063225197e-20
1.932094616175368973e-20
1.885174782833920369e-20
1.855817393662903910e-20
1.817361234241153280e-20
1.749631722433268109e-20
1.743641699397688019e-20
1.695717129004559304e-20
1.616867068126068601e-20
1.548953089267349454e-20
1.519549263812837513e-20
1.509672663765884019e-20
1.396406379469469470e-20
1.374950080245608924e-20
1.359517800902783498e-20
1.261033465516036033e-20
1.255606093627003731e-20
1.245971251361438402e-20
1.188870251248955127e-20
1.174909715108123430e-20
1.155169410663242308e-20
1.099709290352959142e-20
1.055876479938519946e-20
1.004865434824980774e-20
9.871397477575536191e-21
9.432796483882350307e-21
9.154611039184937182e-21
8.641149175851932649e-21
8.250938695456850690e-21
7.998939092628019574e-21
7.951535333702624660e-21
7.511519197701918212e-21
7.083545555120546989e-21
6.607052860155962437e-21
6.403418093679399596e-21
6.122289920221632454e-21
5.848899001448699051e-21
5.728858081373797246e-21
5.336100683445033727e-21
5.150802015941435043e-21
4.843235221328513171e-21
4.508405383380910551e-21
4.355388584407006390e-21
4.248426072925406556e-21
3.785962579087619861e-21
3.322567861021022768e-21
2.946317968503793632e-21
2.650404761149334831e-21
2.397852053738515237e-21
2.274471924833710626e-21
1.884450248490324708e-21
1.736706523196791746e-21
1.384326846366733447e-21
1.283502282817627299e-21
9.215123732906965002e-22
8.164601506433485989e-22
7.322800360876245134e-22
4.591231613806233768e-22
4.396268007464543891e-22
2.040429727405176036e-22
-2.181441902491225908e-23
-7.291092742813568695e-23
-2.337734434859373117e-22
-4.797615828417599784e-22
-5.821666676931355872e-22
-5.869923523505750309e-22
-1.027958391900356523e-21
-1.215985867033915534e-21
-1.408040569751121482e-21
-1.561755912022512921e-21
-1.670883323660218394e-21
-2.007941115520438348e-21
-2.259024328374646478e-21
-2.570709163387655760e-21
-2.871472245036772158e-21
-3.120087932435241824e-21
-3.414154988966872125e-21
-3.722841824788844715e-21
-3.895807994315073440e-21
-4.192737958060503703e-21
-4.346042282429807257e-21
-4.901916756183181148e-21
-5.087374997535280329e-21
-5.519283835354163234e-21
-5.741415795182083574e-21
-5.957235162299259701e-21
-6.062777586087791988e-21
-6.482976341094600529e-21
-6.768367960085287366e-21
-7.136119208462696245e-21
-7.438366868307682443e-21
-8.101656664568403923e-21
-8.308954360455083430e-21
-8.412805811817060912e-21
-8.537672402021005745e-21
-9.290188905917536943e-21
-9.631934546967130110e-21
-9.953531219550121914e-21
-1.022301744640967732e-20
-1.070313469779625104e-20
-1.089737597750367771e-20
-1.143728819018494939e-20
-1.156518237267771567e-20
-1.180605057706870183e-20
-1.235703655746859128e-20
-1.293106880898087227e-20
-1.342852633558683552e-20
-1.357220589660445134e-20
-1.427634351734207296e-20
-1.465591938285796354e-20
-1.492896599606672716e-20
-1.533144565528389804e-20
-1.554032354010698171e-20
-1.573621147944556030e-20
-1.640385805492937082e-20
-1.658948758321937981e-20
-1.767130462235177383e-20
-1.837873489065067371e-20
-1.872675570094020191e-20
-1.966017590330434161e-20
-1.987774660679234127e-20
-2.022711145828950973e-20
-2.048082375971765201e-20
-2.096720050442622487e-20
-2.105644028229626460e-20
-2.198525449840326059e-20
-2.217226775926624017e-20
-2.280630723656624419e-20
-2.326444391017602116e-20
-2.381686446026553108e-20
-2.409747990032398733e-20
-2.461804811576120263e-20
-2.538728543119373640e-20
-2.586688468775046799e-20
-2.610367711293580263e-20
-2.641240650721731368e-20
-2.727169089392835496e-20
-2.793014957587171662e-20
-2.844788665108507756e-20
-2.980175551781207937e-20
-3.014899716262453649e-20
-3.020608794108140501e-20
-3.075400292315535150e-20
-3.222381128292169248e-20
-3.226332749042745382e-20
-3.315328567593278521e-20
-3.378832179941088429e-20
-3.404677973324499396e-20
-3.450663165181071370e-20
-3.505125047211193377e-20
-3.559778210159637195e-20
-3.618572605037243235e-20
-3.700871262633606662e-20
-3.836442317783361709e-20
-3.870056284935082332e-20
-3.958637418561394846e-20
-3.997050166521229700e-20
-4.116976199805029861e-20
-4.185788738179932163e-20
-4.233344212451329941e-20
-4.336649398686880238e-20
-4.375568237765359913e-20
-4.466263804110581532e-20
-4.513227897704443838e-20
-4.578669332722017011e-20
-4.692112751936756360e-20
-4.803099971470360277e-20
-4.875679980474836593e-20
-4.944353864826026155e-20
-5.012043850074492620e-20
-5.210787599808402548e-20
-5.231994037079243455e-20
-5.287661919144511419e-20
-5.375281582872106274e-20
-5.496627357811625642e-20
-5.602385786261277224e-20
-5.637249289225115330e-20
-5.711249554657366038e-20
-5.729759361045988299e-20
-5.860551105049174964e-20
-6.070126315949681683e-20
-6.135617663889342554e-20
-6.170370639492514558e-20
-6.294185195102735805e-20
-6.392864962392458502e-20
-6.481844278175482710e-20
-6.634617921486276764e-20
-6.778397432021923269e-20
-6.806023043369476793e-20
-6.967834903103352548e-20
-7.140786315850746941e-20
-7.234073729557604679e-20
-7.279342666102097253e-20
-7.444948738273079151e-20
-7.487928110266762152e-20
-7.726940335722692239e-20
-7.856796807641974675e-20
-7.963905333244386486e-20
-8.111245413612810589e-20
-8.188938579781754391e-20
-8.283663718537606682e-20
-8.374797777932048664e-20
-8.627911379386133534e-20
-8.704741098762120596e-20
-8.862132953501630077e-20
-9.057065195377992446e-20
-9.187350122851327893e-20
-9.537090281948517084e-20
-9.577396650540520513e-20
-9.793344242105866161e-20
-9.923123099685495843e-20
-9.947357017259628800e-20
-1.007272107727946652e-19
-1.035329188357600132e-19
-1.061822088447793750e-19
-1.078987883297148285e-19
-1.099720131126899455e-19
-1.121496689660796323e-19
-1.139943255409659082e-19
-1.154817506063835053e-19
-1.177246779619867393e-19
-1.198239288578361128e-19
-1.214800277065238534e-19
-1.228270664934027769e-19
-1.258860252454060815e-19
-1.290867881781589132e-19
-1.295461953638498495e-19
-1.315570562166369016e-19
-1.350747356617215875e-19
-1.359553976564283138e-19
-1.373243553504691614e-19
-1.437343330225704436e-19
-1.471689299171745017e-19
-1.501038760993521424e-19
-1.543271222339064384e-19
-1.547824256465411935e-19
-1.577691813777778291e-19
-1.640978965042276982e-19
-1.660424218895408349e-19
-1.679980071294922626e-19
-1.756147028069214268e-19
-1.780490057033648898e-19
-1.789583011120353216e-19
-1.810143930093732232e-19
-1.877581662509988311e-19
-1.910863057503463170e-19
-1.922758864082248981e-19
-1.982830775826215495e-19
-2.065284319091557349e-19
-2.076555069265420644e-19
-2.107963751259222156e-19
-2.137490351663692108e-19
-2.186495977916774196e-19
-2.280559676082407301e-19
-2.399983291516252830e-19
-2.471884171898898110e-19
-2.542319732083606085e-19
-2.568721087271783352e-19
-2.633599721664989711e-19
-2.839045407569613305e-19
-3.033120290754079987e-19
-3.113091298398491484e-19
-3.237955377276628836e-19
-3.290025133807806576e-19
-3.446626605435156991e-19
-3.950204524293732895e-19
-4.488700217338200217e-19
-7.334602478934693828e-19
