-5.725037265344641753e-03
-1.944020902534046493e-03
-1.833841358362048486e-03
-1.103476760819448827e-03
-9.995448904584109968e-04
-8.849739717524905940e-04
-7.999810785316392638e-04
-6.913989815011216660e-04
-6.416069273092642839e-04
-5.595977350137475680e-04
-5.509012428638304084e-04
-4.643574394992198810e-04
-3.786525069963947291e-04
-3.595992633346108418e-04
-3.312551797556696851e-04
-2.793982119050217251e-04
-2.091034166867766699e-04
-1.883692007923140079e-04
-1.662450321322177357e-04
-1.438428284284137956e-04
-1.195213952404041357e-04
-1.109981236310647736e-04
-1.063544130384072876e-04
-8.369860909265265474e-05
-7.648275325315469231e-05
-6.616065191781229861e-05
-5.296812054294105154e-05
-4.728727964409969560e-05
-3.988598328025653506e-05
-3.654743806670452804e-05
-3.321310667438678063e-05
-2.840262475966130265e-05
-2.363335636169644759e-05
-2.219537288902194021e-05
-1.849140971863347434e-05
-1.421067862282514637e-05
-1.312152147936537460e-05
-1.114276579573554983e-05
-9.707961785308437546e-06
-7.854000757167486145e-06
-6.668423464572795825e-06
-6.026946588991933885e-06
-5.356264366108128397e-06
-5.089525615194548640e-06
-4.430309259296507678e-06
-3.917393147801929067e-06
-3.489217842066508722e-06
-3.330324456379955578e-06
-2.735369245388532136e-06
-2.360117288355816620e-06
-1.700511795226554604e-06
-1.518152234617014033e-06
-1.419363045361272688e-06
-1.328900371135671031e-06
-1.253858475276464572e-06
-9.602847416973342330e-07
-8.519095499130395398e-07
-6.814749275671875080e-07
-5.877515731339627015e-07
-4.975338321890217677e-07
-4.345643286320719446e-07
-3.139336974776864771e-07
-2.809497740120051156e-07
-8.002722889075854732e-08
-3.783176260154092960e-08
-2.936389514542000311e-08
-9.047748295574737386e-19
3.265569834217552846e-19
1.367568597720485380e-07
2.263845052599621171e-07
2.570354605297415780e-07
4.561266116345827213e-07
6.887963539097938328e-07
7.577633950707357850e-07
9.233101654589080945e-07
1.131067550567981631e-06
1.258376493829896895e-06
1.530937324360338089e-06
1.597640027088406096e-06
1.906695555617672482e-06
2.073341680970480921e-06
2.645553738259738236e-06
2.705110685703886342e-06
2.884874994705136116e-06
3.088096265088768234e-06
3.529953564784801634e-06
3.604541362478896202e-06
4.115586260897863985e-06
4.388101362334669530e-06
4.728792769516468036e-06
5.223312862860545555e-06
5.268642002584572533e-06
5.824329797079019559e-06
6.438468742511511091e-06
6.717810394631428850e-06
6.778166929786694088e-06
7.103639883219545004e-06
7.545543779918118174e-06
7.940955855980114876e-06
8.084754452308004499e-06
8.504008806776554926e-06
8.935501573111410167e-06
8.985268039753833882e-06
9.572107678691107221e-06
9.926525697813056017e-06
1.062284005480070786e-05
1.108307919309132798e-05
1.124350646626616355e-05
1.146930162236782553e-05
1.180857981543420524e-05
1.234335324792416607e-05
1.252650387794759760e-05
1.286597011742183263e-05
1.336353379564764808e-05
1.353379764410292239e-05
1.412291084032946306e-05
1.478226455874308537e-05
1.512626103755684235e-05
1.572652733101686384e-05
1.612961311838586931e-05
1.642708546441111890e-05
1.670729375640130209e-05
1.692039307641683138e-05
1.745917919311952722e-05
1.762829967627927645e-05
1.839286293770390495e-05
1.885965415527371178e-05
1.960429162436756547e-05
2.019135394853833237e-05
2.060490238937372613e-05
2.159764354348122037e-05
2.173892876100915470e-05
2.247191596826594574e-05
2.273782656040464035e-05
2.312931338759873049e-05
2.419413504768914253e-05
2.557214856997351172e-05
2.565166576739746554e-05
2.586080949943039486e-05
2.639168234580287870e-05
2.694561882411012580e-05
2.730572896028992430e-05
2.837220236048627325e-05
2.889966826166998485e-05
2.977963563046349320e-05
3.015690134864874790e-05
3.099203159218274497e-05
3.147813300248990720e-05
3.204682737043387434e-05
3.279472849653049975e-05
3.375578005328593967e-05
3.460557090768404766e-05
3.504130841942306286e-05
3.717262978518832381e-05
3.776479150865781658e-05
3.855002759404388662e-05
3.953668425414520884e-05
4.000262553946933172e-05
4.032671343262114630e-05
4.160307206892104303e-05
4.198638983648120536e-05
4.312589623075627335e-05
4.422815092831380304e-05
4.466249623838772323e-05
4.547747025446932174e-05
4.697018538982778997e-05
4.821633033994529252e-05
4.936752849819212594e-05
4.960754426059009551e-05
5.082397792146117364e-05
5.206253137253331978e-05
5.242537852125511179e-05
5.534433245159995826e-05
5.620442499418478865e-05
5.773367448674190093e-05
5.806065890810364639e-05
6.049792185111943369e-05
6.154935289633658632e-05
6.344792606575940007e-05
6.399053454847352144e-05
6.669224141755823081e-05
6.762839717467175604e-05
6.851203085910453493e-05
7.038246722779299962e-05
7.101654662900426713e-05
7.223025257737519800e-05
7.410942558038552603e-05
7.447926852846044332e-05
7.539900756221090889e-05
7.739763923223491181e-05
7.802856745289532016e-05
8.072245073110555994e-05
8.149244111694173265e-05
8.286185892399660247e-05
8.337674045381384628e-05
8.562878187929320384e-05
8.857179733853030011e-05
8.873103504191998288e-05
8.967099646387304490e-05
9.392088967812970595e-05
9.578823900053934197e-05
9.602349735422000844e-05
9.859193748322679575e-05
1.023090564035720790e-04
1.026616247638371802e-04
1.038980324269228687e-04
1.061033914767860301e-04
1.086366345965129740e-04
1.104397226467096206e-04
1.113867577083935129e-04
1.144974891556552697e-04
1.151744883803978552e-04
1.162736808485216074e-04
1.206931895547423499e-04
1.227160056900592725e-04
1.237690135711367820e-04
1.284459234301889307e-04
1.287391252169086211e-04
1.301618068801740067e-04
1.322938631500782830e-04
1.331222388198150832e-04
1.397435435509748801e-04
1.407352512174010620e-04
1.434896284895988865e-04
1.473786143761689009e-04
1.510294012739371811e-04
1.540902376155859634e-04
1.566668410840884652e-04
1.572166122384195555e-04
1.620144312557278898e-04
1.638853255257750169e-04
1.675717661760379095e-04
1.712808619895480179e-04
1.753235169751952527e-04
1.768500563481803154e-04
1.815209059815124778e-04
1.844913053236594820e-04
1.868495674623735041e-04
1.921809466467506186e-04
1.935139892053586868e-04
1.965627642810040775e-04
2.003029839710229818e-04
2.064612366851286773e-04
2.081582806891862036e-04
2.100679337039425385e-04
2.156180133482369797e-04
2.171145717330637737e-04
2.254024918023547080e-04
2.281665872805155293e-04
2.371816995951850241e-04
2.402174971530157568e-04
2.430898709178466461e-04
2.460100815059568886e-04
2.530163457810112506e-04
2.548030870501151695e-04
2.596442735171874787e-04
2.600801243155164756e-04
2.727508588292599763e-04
2.757919706077739523e-04
2.772361424968724695e-04
2.847020167083136192e-04
2.860336272030100050e-04
2.902904494074155383e-04
2.945887551249248620e-04
3.021752070317086842e-04
3.066075214327241205e-04
3.140147273676633798e-04
3.246286120049596594e-04
3.348335849321927267e-04
3.362526952486232044e-04
3.392924635725973995e-04
3.460342725721121259e-04
3.518244905508676520e-04
3.612588047174100474e-04
3.653547032098385301e-04
3.726705320453659563e-04
3.756015278814039374e-04
3.770379876899991665e-04
3.822069946809875389e-04
3.942812186177844266e-04
3.997332310984870701e-04
4.119924013183249483e-04
4.340403726286931043e-04
4.352507544621919753e-04
4.461254979773409107e-04
4.527201582394125017e-04
4.562974953035819339e-04
4.612204669389617043e-04
4.707477126762243881e-04
4.836006685279393242e-04
4.880827003115993808e-04
4.965020493157038754e-04
4.979741143355598861e-04
5.058527492235630673e-04
5.229173365746950025e-04
5.331154364171241397e-04
5.381343328391551169e-04
5.453491486402331371e-04
5.522941073645524102e-04
5.731421403591963884e-04
5.942297385299667202e-04
6.048943119149849694e-04
6.183668254108805632e-04
6.226934478545076120e-04
6.406579505651427550e-04
6.474970378614559657e-04
6.578509683667593637e-04
6.738464506053802377e-04
6.757719677024939071e-04
6.970362745326662930e-04
7.137044041243503128e-04
7.265320834815747371e-04
7.450801794635962885e-04
7.602776409735030735e-04
7.767269327889533273e-04
7.819646005908024696e-04
7.977539595081869920e-04
8.059685211192921467e-04
8.263734322112786324e-04
8.495867300651216859e-04
8.908516046848061459e-04
9.197228531556230673e-04
9.423200745340644304e-04
9.519212931078736882e-04
9.633977878652397967e-04
9.792240599828269752e-04
9.823689450108767998e-04
1.013113270570424737e-03
1.015640834318474930e-03
1.033600941954770664e-03
1.053763225667360762e-03
1.081912274375737386e-03
1.099834704377638086e-03
1.114073955110223045e-03
1.125521957084662595e-03
1.157940952949736797e-03
1.190322478021605540e-03
1.208792913317036566e-03
1.243820266336134002e-03
1.279400169060613147e-03
1.335223788786608912e-03
1.357333604049837990e-03
1.372580902816597503e-03
1.390004819387543299e-03
1.398098668073321669e-03
1.504933295133941340e-03
1.520722098835468848e-03
1.582526625071899737e-03
1.592583426799379755e-03
1.615328039613704320e-03
1.635952946482246723e-03
1.659557516443159811e-03
1.738673699423533021e-03
1.823013741936484536e-03
1.857104635287532262e-03
1.897902945209651790e-03
1.928035767041405687e-03
1.965795747196357520e-03
1.978301329118250032e-03
1.988520732100712649e-03
2.019748271219404170e-03
2.091230564654267699e-03
2.124312238641782712e-03
2.154077299540911507e-03
2.233763848686827567e-03
2.280620305043894354e-03
2.303489139392564476e-03
2.325837714959675534e-03
2.355619694519080470e-03
2.440815339054333913e-03
2.526314098974770644e-03
2.580339579509822144e-03
2.721317576275555927e-03
2.832513275472404481e-03
2.928515774317489058e-03
2.949640455475645816e-03
3.069799588111068317e-03
3.119370424551299713e-03
3.200330775946773777e-03
3.372434788712545470e-03
3.434235091224035162e-03
3.463932881227198713e-03
3.530717261939094603e-03
3.691363356500039581e-03
3.814928583615896478e-03
3.901398352799137492e-03
3.991229160036467369e-03
4.164558007142738286e-03
4.344100675094325972e-03
4.469676820295196903e-03
4.678055134401303862e-03
4.743455366843653265e-03
4.786847560245513500e-03
5.076334965901408390e-03
5.274944384417239521e-03
5.438352746104454724e-03
5.732995047472847980e-03
6.062153853108790021e-03
6.210208044095911865e-03
6.392319290036251565e-03
6.505678521350262422e-03
6.772447199225388806e-03
6.952683402583279514e-03
7.222801405680331389e-03
7.392782997149536205e-03
8.227340766452033438e-03
8.480198620458399492e-03
8.875125709742767363e-03
9.327921522771490462e-03
9.659191584920352736e-03
1.016858347243920074e-02
1.103972172866880645e-02
1.138427087433285280e-02
1.238811876791060494e-02
1.273316119086615253e-02
1.325853997967935995e-02
1.489914373425384707e-02
1.553755681615019528e-02
1.649228155215002808e-02
1.702936884665889536e-02
1.801313904224669665e-02
2.067683460973960066e-02
2.175160351824559357e-02
2.363517089160168533e-02
2.558853488115947483e-02
3.043984811764469459e-02
3.159200743110535808e-02
3.285595190099166452e-02
3.596518900132681523e-02
3.648030767097481392e-02
4.801799103433981170e-02
4.921654599808963915e-02
5.428941248967604494e-02
7.167549144219671764e-02
7.995902234525477381e-02
1.203816856007064728e-01
1.252817588112958291e-01
1.353233930328629209e-01
3.145234644314117145e-01
3.910090687630581319e-01
7.187600001383149806e-01
