-3.967126629413629172e-05
-3.422593558412759777e-05
-3.400314948288146938e-05
-2.758571902434649617e-05
-2.634970181251739029e-05
-2.549093716507033105e-05
-2.132529205382649966e-05
-1.994787636491817553e-05
-4.530950391955554431e-06
-3.918461108341357453e-06
-3.053941241280295157e-06
-2.575888611310526576e-06
-1.732319544687632653e-06
-1.439735155586147118e-06
-1.206701352811569431e-06
-8.799191737343140625e-07
-8.676652691881860285e-07
-7.766228697233813372e-07
-4.747152032790738721e-07
-4.301181308372178824e-07
-3.484839299355649561e-07
-3.140639600042200898e-07
-2.454523641802958499e-07
-2.097943262132886107e-07
-1.982158322410810143e-07
-1.422458566547522024e-07
-1.247782615414622922e-07
-1.211396925809754575e-07
-1.008695800339638253e-07
-8.356283943408672039e-08
-8.198120857526303310e-08
-6.921316474547724228e-08
-5.892124503428621686e-08
-5.168377404135380503e-08
-5.065172362848575816e-08
-4.672538762644497178e-08
-4.061117652805187552e-08
-3.255582410869472273e-08
-2.872986849096382864e-08
-1.999763186322842860e-08
-8.962600586171446636e-09
-4.234689328143949909e-09
-3.608819711825279595e-09
-1.266104619651961799e-09
-1.435426395651087320e-19
-5.479995371214858479e-20
4.044170817435168558e-09
6.599485005117631604e-09
9.998816569186207135e-09
1.573924205127662564e-08
2.041854597026136468e-08
4.007641479245104472e-08
5.097969548485261347e-08
5.328465624229975662e-08
6.320945556211522065e-08
7.116208889517381383e-08
8.587351038120829082e-08
1.257031546009288216e-07
1.641411704951464717e-07
1.732443704553476325e-07
1.877583467276730520e-07
2.065448283475646297e-07
2.152823813482428401e-07
2.273525755745797486e-07
2.503357578404848178e-07
2.834147731464596438e-07
2.878792189721413843e-07
3.467646865504844039e-07
3.573639243060704969e-07
3.640012789898579032e-07
4.022046777339281219e-07
4.226851123637476438e-07
4.344885393516992655e-07
4.437899134300451728e-07
4.594563471454619173e-07
4.757582759406081272e-07
4.857792922365282584e-07
5.192609435858747283e-07
5.366551713210764100e-07
5.492899578491575905e-07
5.574649422385674093e-07
5.764236960121551175e-07
6.110508281243386082e-07
6.210411451907206173e-07
6.352113825072742335e-07
6.994953060208983702e-07
7.052711457934205124e-07
7.211600349825653636e-07
7.771669848149432447e-07
7.874776654243933195e-07
8.045988424966893469e-07
8.117841868898361936e-07
8.410618992733056047e-07
8.835942143994570053e-07
9.077807150360080516e-07
9.500368165450303841e-07
9.770209898926934601e-07
1.003167275445932741e-06
1.017801975393238314e-06
1.044192808590181062e-06
1.057657804636819577e-06
1.115171439582137771e-06
1.141191373887569318e-06
1.217914419179476667e-06
1.231280514318306309e-06
1.254689218098256553e-06
1.274390672686141230e-06
1.331075809620564365e-06
1.361046658558759499e-06
1.369200624397890225e-06
1.384268732605946512e-06
1.408752084315437400e-06
1.495441005184534487e-06
1.532982869948774930e-06
1.562847112215876194e-06
1.596564811699422877e-06
1.668124292112816943e-06
1.703456641126574701e-06
1.710766192610529453e-06
1.725655833209524009e-06
1.798049910337302894e-06
1.809764110950195056e-06
1.849812754268861125e-06
1.928963770335118580e-06
1.934198897741257343e-06
1.982219383918057040e-06
2.065249170279584401e-06
2.091243571405847963e-06
2.129027840004914538e-06
2.196979431414469232e-06
2.204907365874458801e-06
2.224376970416426739e-06
2.313002825350724689e-06
2.459031087850871584e-06
2.547018619446198129e-06
2.564545698109183960e-06
2.588970444696148901e-06
2.593776569510428060e-06
2.633955216262443702e-06
2.691457283520842814e-06
2.772841281682165694e-06
2.809214265153379144e-06
2.880385398215382011e-06
2.935982316871504305e-06
2.951424040721964494e-06
2.956795865627206658e-06
3.075331769843245818e-06
3.107691132538538817e-06
3.162651890290179499e-06
3.192919592234084207e-06
3.195209047468076144e-06
3.351011599974237408e-06
3.379567673712210451e-06
3.432351061845450886e-06
3.520046289537207628e-06
3.613114356941063939e-06
3.702114620165918275e-06
3.732139143152374055e-06
3.791448266389166948e-06
3.832602060531319848e-06
3.901854269284259906e-06
3.927496425623943248e-06
3.960633451500941361e-06
4.260728362235783371e-06
4.278790739378124807e-06
4.316859048871534022e-06
4.338523670606709946e-06
4.437228872603262973e-06
4.473140498415760773e-06
4.558747156179832329e-06
4.649942950645985753e-06
4.718776001561845542e-06
4.821388350650293028e-06
4.921609410448636572e-06
5.032851004582681860e-06
5.097425555186876804e-06
5.128830643787532494e-06
5.159127811190250861e-06
5.243019031727487514e-06
5.372110828090499210e-06
5.542033089448867016e-06
5.608623911158104620e-06
5.680003396916506454e-06
5.884881584582477751e-06
6.019650662762671966e-06
6.075932550938694880e-06
6.191356005890496849e-06
6.282150429392218007e-06
6.427501925033462008e-06
6.446501095985625619e-06
6.539901709658459705e-06
6.646347308404127343e-06
6.660553504559617007e-06
6.744454101567450896e-06
6.944824395982475700e-06
6.987977652025120968e-06
7.102955400885337055e-06
7.242688015252439070e-06
7.337641614791790547e-06
7.494693989917186449e-06
7.588310607827636618e-06
7.832466071431986199e-06
8.105798322646414058e-06
8.325824457868958466e-06
8.472990621719499207e-06
8.488103841321987665e-06
8.546543994952485545e-06
8.577014716927079910e-06
8.906015607323665176e-06
8.926889980170125402e-06
9.252461138672393587e-06
9.419018698665782092e-06
9.630987753614561928e-06
9.750384759363099461e-06
9.922884950671581231e-06
1.011030465506100506e-05
1.032446124535698195e-05
1.068248978775319367e-05
1.072614870868114554e-05
1.093764208726041604e-05
1.124665792750854227e-05
1.143275763092313365e-05
1.149637074197457177e-05
1.159314689510465217e-05
1.176235121050801317e-05
1.189642676586666181e-05
1.210254093174080495e-05
1.260556719544557974e-05
1.280092618444673770e-05
1.291281488800150440e-05
1.327983104850826325e-05
1.332561990645475499e-05
1.358285785220880379e-05
1.372965069023716042e-05
1.400007226268445638e-05
1.422825172583693198e-05
1.437599075138503163e-05
1.498155864346286355e-05
1.521673753329070428e-05
1.536682739132558330e-05
1.546536427635045288e-05
1.562930004027247245e-05
1.575409150151205095e-05
1.586668500583377750e-05
1.678838046990176170e-05
1.697991845203915523e-05
1.745979647817832609e-05
1.758128839427491191e-05
1.767846207836362542e-05
1.779647112672552635e-05
1.854399416095273061e-05
1.868796887615541087e-05
1.941558152878567302e-05
1.949209491631532568e-05
2.003859357845788746e-05
2.043623029803599435e-05
2.059515549795087200e-05
2.093616548975118613e-05
2.106849480646715727e-05
2.121036430036340331e-05
2.155388295384566658e-05
2.230251063288282427e-05
2.276591050982448145e-05
2.294745149616227067e-05
2.364821317895453854e-05
2.407257834074994721e-05
2.427439629467196262e-05
2.446873982275793002e-05
2.475359125172643343e-05
2.489063172555547993e-05
2.565243166814989553e-05
2.587955933460253733e-05
2.622492205664199148e-05
2.661458616439943818e-05
2.686688014895243835e-05
2.783828322862517434e-05
2.918446135904927865e-05
2.936734846402227068e-05
2.977493564757463602e-05
2.993155665790459780e-05
3.137070427007331643e-05
3.167657634168542894e-05
3.192664204118680270e-05
3.248559427970165286e-05
3.321335466565361860e-05
3.341005743803378779e-05
3.370438066480608793e-05
3.419595854949407891e-05
3.514052175403480544e-05
3.558615181621033397e-05
3.620891112177227709e-05
3.683502900563933008e-05
3.776796915490697454e-05
3.910469132527562785e-05
3.932533679937805324e-05
4.140626107641515554e-05
4.200124565485531026e-05
4.240137106116558842e-05
4.343519657638258605e-05
4.426860693738965977e-05
4.438071304990168811e-05
4.476873317703575499e-05
4.542476158446087105e-05
4.588559003296673158e-05
4.685566583609556004e-05
4.817089500238032134e-05
4.882102246727863326e-05
4.965480699969841916e-05
5.081458077170198902e-05
5.116331703851347516e-05
5.174808723408583341e-05
5.398892398828137343e-05
5.420317596879697730e-05
5.683024741630624324e-05
5.689544641558470458e-05
5.745738362494167757e-05
5.829041885538365809e-05
5.913751693404068453e-05
6.036666772325527283e-05
6.134885980631255584e-05
6.306312294085853224e-05
6.397818431085693070e-05
6.486784475433061514e-05
6.694457534444980470e-05
6.846440880224270882e-05
7.015097788452121278e-05
7.115456287286676853e-05
7.375916287895450149e-05
7.533812823573321927e-05
7.659235587630912215e-05
7.842931419462438288e-05
7.975136837380486477e-05
8.012460752182708266e-05
8.043142476179191813e-05
8.395411204692383896e-05
8.425148855894135330e-05
8.590180196416207349e-05
8.667747911476810646e-05
8.989899886827693563e-05
9.075480455667883986e-05
9.164176298190024707e-05
9.623467602986258333e-05
1.010257527484912683e-04
1.013359328273895696e-04
1.030266975384858065e-04
1.037256185042266900e-04
1.074972175270295558e-04
1.079604978983705530e-04
1.098219720137860066e-04
1.120754472665264279e-04
1.137610471790257251e-04
1.195371659902304761e-04
1.232042695505871678e-04
1.281250605000750398e-04
1.288344407323194349e-04
1.294802194656428029e-04
1.339002841201321001e-04
1.364621024549873742e-04
1.410784548269818431e-04
1.428746218780044697e-04
1.434122183188576635e-04
1.453777663146923668e-04
1.481890812026736410e-04
1.527308860367063896e-04
1.555304567606829839e-04
1.569952055648426244e-04
1.641713397812485313e-04
1.650450508364248892e-04
1.692519276812935280e-04
1.697680771161502625e-04
1.839250278684125320e-04
1.916561552149248526e-04
1.925751435341211174e-04
1.948553544750313493e-04
1.958504674959726148e-04
1.989057724247918332e-04
2.082578956784463095e-04
2.096101594219756145e-04
2.213178497566339095e-04
2.235268077393552069e-04
2.354172222602047876e-04
2.470807038230017237e-04
2.572788691119842568e-04
2.593234633380869163e-04
2.628864436681611189e-04
2.665218099857912535e-04
2.696067133294145594e-04
2.746292770039336553e-04
2.893311607713688590e-04
3.016142008553164989e-04
3.124399352290766038e-04
3.201572445671851930e-04
3.256492657188245058e-04
3.431775230230434516e-04
3.576088224378746756e-04
3.789308487181754161e-04
3.829487871126718412e-04
3.939020109591721114e-04
4.091051137052843312e-04
4.182242776550643311e-04
4.475677269992252576e-04
4.691562823766474337e-04
4.979839332130605581e-04
5.023607848882561495e-04
5.085398905995127750e-04
5.459965766745047879e-04
5.899897189076677359e-04
5.915279870190153508e-04
6.107503655529137503e-04
6.537228620702027933e-04
7.337253243723741887e-04
7.542972946258898930e-04
7.679625883337833471e-04
8.165680503803814452e-04
8.470629405412843840e-04
8.779572080890381443e-04
9.264165923170217124e-04
9.750499449814933059e-04
1.083357934429788390e-03
1.197938048225576698e-03
1.211866755902858998e-03
1.274103366346043299e-03
1.312595265485429815e-03
1.532624259211092920e-03
1.675816063564152967e-03
1.910320606272092716e-03
1.996634103338425659e-03
2.344580887799955268e-03
2.605305102676558696e-03
3.169736450877594629e-03
3.484627728935675833e-03
3.972354920970659099e-03
4.130569706901197902e-03
4.454181733550293190e-03
5.917664633980255010e-03
7.397338504577898391e-03
7.734802986182333535e-03
1.755525488109104665e-02
3.345806285485390663e-02
3.642900147307716330e-02
1.222422206787663335e-01
