-1.106343504190685418e-15
-9.211727310310798961e-16
-5.788197702997385954e-16
-3.362990656137312525e-16
-3.109279059455300992e-16
-2.689931842311678069e-16
-2.309963385744765012e-16
-2.173803282567204779e-16
-2.038816811067810106e-16
-1.790525339421955643e-16
-1.702208821564847226e-16
-1.662268117508543446e-16
-1.553882023707961207e-16
-1.487426873540735874e-16
-1.435357679061175839e-16
-1.356972183317619954e-16
-1.318493672597152394e-16
-1.253898878050552956e-16
-1.225112468232406076e-16
-1.183031253119214433e-16
-1.105616596032188531e-16
-1.075328106654977210e-16
-1.066590804234620841e-16
-1.027133020694177960e-16
-1.015749051179008915e-16
-1.013515143939578152e-16
-9.890313960750487360e-17
-9.819169723651667518e-17
-9.358059969749824458e-17
-9.132615160634338502e-17
-9.054061082632201301e-17
-8.770316344074628352e-17
-8.685681249875962946e-17
-8.444025740199781339e-17
-8.325452113122296019e-17
-8.184802503140144590e-17
-8.153742455525542923e-17
-7.977190135976683003e-17
-7.972437155391380965e-17
-7.690514315528674972e-17
-7.486184122763962564e-17
-7.409142371107414128e-17
-7.156187325493243534e-17
-7.096247277092325544e-17
-7.015934159218309581e-17
-6.881774151094338114e-17
-6.704273216483253981e-17
-6.572902492222716544e-17
-6.463339740121805519e-17
-6.348273115904756643e-17
-6.268034096630359456e-17
-6.167526708604328015e-17
-6.067570313876024027e-17
-6.009954185882932669e-17
-5.935555045601775254e-17
-5.799635538257293277e-17
-5.713017112047104570e-17
-5.626380355061090141e-17
-5.526109577307641203e-17
-5.442014287961042231e-17
-5.396446181513819965e-17
-5.230256440803269487e-17
-5.169828867423624623e-17
-5.060212756924347181e-17
-4.959387480469606107e-17
-4.879911997743937667e-17
-4.791805911708252065e-17
-4.723967739994338578e-17
-4.694617631474544013e-17
-4.618234762244454486e-17
-4.581497054530542944e-17
-4.541721952235661180e-17
-4.379738386195115292e-17
-4.341773881632506338e-17
-4.312786752504170494e-17
-4.245860809153834619e-17
-4.228390107100274610e-17
-4.150226826089152245e-17
-4.098168541682757661e-17
-4.012352974960295611e-17
-3.906729365115217840e-17
-3.871863396550593695e-17
-3.839058415561903894e-17
-3.743092955037173353e-17
-3.713852263180710074e-17
-3.618573368998794904e-17
-3.570951793163186264e-17
-3.512897990569346199e-17
-3.476487244912270648e-17
-3.431200107268411074e-17
-3.391805647568207016e-17
-3.285681635596700677e-17
-3.241441379339661861e-17
-3.180176726212559710e-17
-3.080169238089215967e-17
-3.058780528949372421e-17
-3.027113546725603500e-17
-2.956706675504741024e-17
-2.878824355229270059e-17
-2.837229177868764500e-17
-2.778936590881142246e-17
-2.748366934377689510e-17
-2.730331990354488745e-17
-2.722074204455419815e-17
-2.654395929159467430e-17
-2.633584754842051234e-17
-2.544866153549775037e-17
-2.531897116532242362e-17
-2.497005316493805711e-17
-2.476263656823894213e-17
-2.411978602025124351e-17
-2.369939435657170069e-17
-2.308139149031189582e-17
-2.260534222020167677e-17
-2.155018134613692991e-17
-2.130167532718588400e-17
-2.106998150079799612e-17
-2.038059229662359959e-17
-2.020414596811733073e-17
-1.966798710499795871e-17
-1.942071462651727477e-17
-1.894576774317772876e-17
-1.856919319259172497e-17
-1.850161823949402074e-17
-1.776337822707385552e-17
-1.739488950507812674e-17
-1.729377069742766653e-17
-1.680949128055841133e-17
-1.673570186261270123e-17
-1.666679354228763827e-17
-1.612960121209859909e-17
-1.581957551928112003e-17
-1.573962107742390560e-17
-1.531443704494579188e-17
-1.485728713046090793e-17
-1.439384736074829964e-17
-1.405361389525303043e-17
-1.374371600481526416e-17
-1.352575983774977797e-17
-1.335961521864649840e-17
-1.282661421414109223e-17
-1.279600808596080416e-17
-1.215272752482683754e-17
-1.194361935943368791e-17
-1.167732439106721742e-17
-1.155225305023366981e-17
-1.111470655286990678e-17
-1.091606736686902149e-17
-1.088738695293257069e-17
-1.037975069270229128e-17
-1.031115230912713713e-17
-9.938200097620762039e-18
-9.755566078566380329e-18
-9.582587706486706300e-18
-9.024353858861302846e-18
-8.793280525209344768e-18
-8.551903581236247893e-18
-8.485747282508144280e-18
-7.989831581735914939e-18
-7.700221558732223928e-18
-7.487600178112699225e-18
-7.269385186691683559e-18
-6.997113147837511136e-18
-6.716139609739268683e-18
-6.639801333001926524e-18
-6.473909365476140580e-18
-6.118770463413512422e-18
-5.824004142745456576e-18
-5.625411249801047227e-18
-5.454289279756310767e-18
-5.209826434164446782e-18
-5.026411580326264199e-18
-4.694838001660968770e-18
-4.407224023962348500e-18
-4.281444920292239764e-18
-4.096287082454856146e-18
-4.032253704473470094e-18
-3.975575491822735145e-18
-3.854683639717845403e-18
-3.662700292811527589e-18
-3.418005233662372462e-18
-3.222965831173751974e-18
-3.163622115347217208e-18
-3.095066536397501351e-18
-2.902397653877690047e-18
-2.693235328778787504e-18
-2.542706789267518063e-18
-2.356458578019935093e-18
-2.092217884209040359e-18
-2.054784485929050955e-18
-1.820080263376633923e-18
-1.798133403455696750e-18
-1.677453740323759315e-18
-1.513420080813015435e-18
-1.455895167240649714e-18
-1.340707220037677348e-18
-1.160267744023330408e-18
-1.041855785937070885e-18
-8.135059673458329514e-19
-7.286889064344167435e-19
-6.094354156709757025e-19
-4.911750044783924481e-19
-3.502725162696598232e-19
-3.332461031030049259e-19
-3.030992041488248670e-19
-1.237654261823168722e-19
-7.433881241482024471e-20
-9.475201993850172826e-21
1.120830358195958565e-19
2.339230807130929114e-19
2.973712699783104117e-19
3.865352398637776951e-19
6.014787311600668994e-19
7.120858699746713910e-19
9.074134471815440676e-19
9.744948033829477273e-19
1.015241585363446828e-18
1.180688146316563197e-18
1.267904795050080799e-18
1.386587256977887882e-18
1.666361374950077035e-18
1.713136357147941279e-18
1.811943943890596464e-18
1.875394068247183304e-18
1.952728858170772303e-18
2.125973828567679413e-18
2.292331887158926685e-18
2.472222025283833137e-18
2.721801927458726808e-18
2.814875841087383111e-18
2.955252124743324819e-18
3.152428082775124019e-18
3.382660562751524342e-18
3.444966709942472366e-18
3.882779672506676650e-18
3.913351990622871131e-18
4.056478840426396715e-18
4.301177806940853318e-18
4.433220231948003797e-18
4.592618668700922849e-18
4.929125112853269705e-18
5.073872305805636375e-18
5.390135161326294644e-18
5.564548789545579092e-18
5.809509125600997371e-18
6.190520710985426960e-18
6.406380058041637292e-18
6.509440918474497428e-18
6.809408764936341022e-18
6.910359230507757875e-18
7.243916028281329359e-18
7.418914459076328793e-18
7.693942143059680038e-18
8.049521788383229099e-18
8.222603537965094609e-18
8.541922010239375283e-18
8.799072244120286594e-18
9.209561341466856506e-18
9.349725706718106211e-18
9.439811364857116202e-18
9.600159687515201266e-18
1.006233833791737018e-17
1.014631312296713206e-17
1.044124390443959286e-17
1.063011432989301575e-17
1.083138196172350469e-17
1.116318467949166639e-17
1.146384420536319562e-17
1.157692006450408219e-17
1.187560104050128338e-17
1.234160551551785416e-17
1.252867838737707332e-17
1.269351524625434375e-17
1.307884788075368375e-17
1.330904746699615797e-17
1.371474453194262871e-17
1.418135986560210517e-17
1.448843257655875152e-17
1.470914525575369072e-17
1.508300613576997750e-17
1.529195074112982664e-17
1.580692579294000670e-17
1.617034006683137749e-17
1.626405636164980252e-17
1.639887247138578569e-17
1.698548347113860610e-17
1.709199143911959333e-17
1.735021745482160495e-17
1.760965770117988206e-17
1.792043675468351569e-17
1.836217871849062747e-17
1.883667150873608461e-17
1.913924689658518942e-17
1.942623801061030767e-17
1.983564281835220258e-17
2.000534849860124598e-17
2.006407942976748961e-17
2.018967222627356902e-17
2.105937481440516214e-17
2.145608966192408147e-17
2.197016313868890386e-17
2.209292140352198623e-17
2.263183585614067309e-17
2.275529395716422809e-17
2.346005868891487183e-17
2.363878286407314152e-17
2.388167955194266475e-17
2.505186750890453982e-17
2.510463106139263768e-17
2.586980294081889465e-17
2.598740053808074550e-17
2.642814403943032072e-17
2.649689824922955642e-17
2.727573821264618411e-17
2.752650488750099131e-17
2.811609337510263911e-17
2.816880846757878784e-17
2.843652903276678073e-17
2.897433051452959732e-17
2.963710632074562804e-17
3.012685858716328959e-17
3.067160202082167387e-17
3.089261235343845616e-17
3.130667959127061506e-17
3.201506134886769308e-17
3.245703108746441150e-17
3.300120488070575333e-17
3.331490103726206605e-17
3.379697022658620544e-17
3.469129069268949015e-17
3.519258115913711097e-17
3.559086461196598985e-17
3.576952047262429312e-17
3.643740980700138746e-17
3.660300770849810687e-17
3.710123965886267899e-17
3.716689663622608321e-17
3.896067323232991690e-17
3.927489181713322731e-17
4.041987532444988374e-17
4.078171682022006206e-17
4.087709548724067501e-17
4.094056158173087887e-17
4.193037583871076204e-17
4.277810168515125399e-17
4.346353861375005125e-17
4.405535985142358753e-17
4.435578190881422950e-17
4.531389457880921438e-17
4.593368584742413041e-17
4.647493064128319203e-17
4.816625266061245478e-17
4.858872562935890579e-17
4.952256691071582082e-17
4.979084533692980161e-17
5.109307653442367856e-17
5.171748615768651252e-17
5.205876614818056644e-17
5.373298468529960065e-17
5.433200799903852589e-17
5.544121135958352025e-17
5.669442900848149869e-17
5.737964449513940884e-17
5.944481021131048920e-17
5.985067974295482835e-17
5.993676769228166204e-17
6.096607194098259401e-17
6.251343496620418998e-17
6.362430432755604441e-17
6.475398785537220034e-17
6.608243029371060250e-17
6.712434505805928820e-17
6.743114944203931844e-17
6.908827752252337811e-17
7.025620165584428422e-17
7.150441497207377878e-17
7.350030226057235182e-17
7.432032108152917302e-17
7.636111695039276141e-17
7.837592020989639812e-17
7.909481739312610049e-17
7.989910491915219983e-17
8.189669748627182354e-17
8.458795811165543936e-17
8.636615801290805483e-17
8.870918172773870294e-17
9.187004946810658323e-17
9.334915972148598332e-17
9.565952060687186338e-17
9.663333339487422956e-17
9.732089707077831169e-17
9.958293639611552547e-17
1.002313937755798371e-16
1.007221018045751492e-16
1.096600249023210847e-16
1.129783042279629324e-16
1.150744859869274557e-16
1.160406482229871394e-16
1.216683310324306020e-16
1.276589630432465253e-16
1.326990890256892929e-16
1.343396114808704984e-16
1.493573162115622991e-16
1.520280335883351713e-16
1.580092393905288420e-16
1.675670282780323813e-16
1.729583060648937279e-16
1.745631294015480776e-16
1.950081444069168452e-16
2.069029182998260095e-16
2.371845135678936455e-16
2.737317748316406042e-16
3.794790543247684220e-16
4.266362958063583755e-16
6.543995176609309101e-16
7.558122530396974504e-16
1.127777259614839121e-03
2.532748746933684639e-03
4.078355414620361136e-03
4.975825649702968201e-03
5.371821209498142506e-03
5.830704287957102529e-03
6.667110179933154711e-03
8.221713419727064154e-03
9.225382428975926682e-03
1.079129419919922471e-02
1.405126287046699896e-02
1.576565297848969011e-02
1.920352880302159809e-02
2.686868861891210034e-02
4.839781093033181797e-02
5.317655373411977332e-02
6.366929030601971295e-02
8.634138189424231391e-02
1.073062290082900105e-01
1.378737959742830366e-01
1.813888201012935630e-01
4.699080041852885525e-01
2.251499021737636941e+00
4.520656009448673629e+00
1.226118732836195591e+01
