1.901125047430161918e-02
1.493173913773289743e-02
1.032396740904828990e-02
5.661131939104110250e-03
4.675403278924951563e-03
3.155615252075054909e-03
2.346783487453670165e-03
1.713517217703296484e-03
1.667060883729130612e-03
1.452920112773738821e-03
1.407909564546965323e-03
1.349821471469554767e-03
1.072913094537645932e-03
1.013933427859707364e-03
9.587069768944266046e-04
8.593985464236613510e-04
8.018859347943886086e-04
7.630583855574292430e-04
7.207339911310308572e-04
7.047679760190394844e-04
5.644823338947637737e-04
5.019300990676748946e-04
4.420970204385006293e-04
3.490463255859062633e-04
1.248486079079785078e-04
1.014209178482747088e-17
5.702471621800270462e-18
5.548337499797857631e-18
4.890039152023776672e-18
4.414759212961896640e-18
4.237913689064480425e-18
4.059211080272412607e-18
3.911848213195027513e-18
3.853012110959389732e-18
3.746327927608580564e-18
3.448427999935309829e-18
3.421893787525475236e-18
3.328354722487739536e-18
3.230503999369904133e-18
3.140454729071034183e-18
3.035522433768324564e-18
2.956693345634919919e-18
2.921048130381645208e-18
2.884979678644373680e-18
2.770468321542470444e-18
2.732680948128133534e-18
2.690095578082150665e-18
2.640481553850532078e-18
2.596934629369916047e-18
2.527698586685957346e-18
2.488757711622764003e-18
2.451615008722286841e-18
2.388868911107850395e-18
2.385175958041685990e-18
2.336497861388299380e-18
2.280183646348588027e-18
2.246859070082618857e-18
2.208771627673795054e-18
2.206843385469784167e-18
2.140248672402565446e-18
2.137893970830540914e-18
2.063531581930204865e-18
2.007763431484062625e-18
1.957302617934205272e-18
1.949923523941094168e-18
1.932234064132968693e-18
1.896535787791323980e-18
1.892276826298005566e-18
1.850077190688571297e-18
1.806499920659326434e-18
1.743477557097004879e-18
1.739012103286487069e-18
1.714946113303919927e-18
1.671404321880802947e-18
1.652726110860933833e-18
1.639682718242037844e-18
1.628239235840380887e-18
1.611877888054074772e-18
1.596378924110361882e-18
1.557787561301207323e-18
1.529466399713942571e-18
1.528499052708601022e-18
1.488966678335977855e-18
1.467811503453016333e-18
1.440085320237157477e-18
1.419168179144210373e-18
1.400599208248702726e-18
1.368150437553834359e-18
1.340384945665344333e-18
1.319984080604717621e-18
1.294733542689506165e-18
1.290302830008602023e-18
1.258721637627075923e-18
1.237727163546906030e-18
1.224037027163124728e-18
1.212032141933670181e-18
1.200136092842617101e-18
1.169419423411823381e-18
1.149931808845740826e-18
1.143124092703427176e-18
1.122116819460885286e-18
1.108561522420688542e-18
1.077228546195801775e-18
1.071066923432457339e-18
1.064532092044651124e-18
1.039537779310117495e-18
1.019976894300812948e-18
1.012296861253322753e-18
1.009026830968463008e-18
9.796219141800863757e-19
9.632277813354026396e-19
9.596932794861528927e-19
9.405707148645478689e-19
9.321940206637626501e-19
9.134889552282588055e-19
9.094094186406091878e-19
8.892842498910231248e-19
8.844595751759266193e-19
8.778360936912282383e-19
8.591659487856454553e-19
8.463688221249712433e-19
8.261598098147662589e-19
8.143002698920299710e-19
8.064250536369353905e-19
7.972333343927757927e-19
7.863078011088992253e-19
7.672919571013977957e-19
7.559681590898508758e-19
7.455182122183678818e-19
7.327861372426774155e-19
7.118292885846302722e-19
7.039791240343831694e-19
6.965541110593394190e-19
6.888611172476055764e-19
6.799354545191061442e-19
6.722394528307646056e-19
6.618785233833717331e-19
6.460370342344127091e-19
6.306130000656514360e-19
6.252760980180307455e-19
6.235113168256705867e-19
6.131215635959060467e-19
5.997627400075958477e-19
5.932278248108094534e-19
5.759941657831986397e-19
5.752150548476180936e-19
5.568027068932875773e-19
5.462056027165851142e-19
5.440789716129315220e-19
5.168025280267993548e-19
5.148745755910985226e-19
5.055866351640493585e-19
4.996998000395240000e-19
4.903618774921126476e-19
4.783738809709494718e-19
4.702205252651872879e-19
4.571773708757030993e-19
4.537776166634501570e-19
4.513050027662114683e-19
4.381390064495503763e-19
4.288932737394508439e-19
4.232414746360731415e-19
4.194159519266743475e-19
4.062298082352512952e-19
4.013137429817915031e-19
3.950555804914713162e-19
3.925198281517690819e-19
3.840332818448851563e-19
3.656152042616116514e-19
3.565546250137105962e-19
3.543115396645715821e-19
3.397774272180227863e-19
3.321400717367242763e-19
3.266751872276128794e-19
3.172533481264441495e-19
3.110488612140086108e-19
3.052032180062766717e-19
2.982912787236998214e-19
2.923693871970809848e-19
2.841789057029744503e-19
2.761570677775500313e-19
2.691338701320147575e-19
2.596665650485772739e-19
2.566430473135647241e-19
2.469333125157199924e-19
2.414976583761735162e-19
2.327497820029113378e-19
2.276276462629498496e-19
2.220909943437673725e-19
2.182145837104912236e-19
2.099421353139593585e-19
1.958779230359400947e-19
1.902711292454751907e-19
1.860486152243365840e-19
1.809474071034837782e-19
1.720272687632602157e-19
1.660535908157358338e-19
1.641419764007345131e-19
1.600109058229613500e-19
1.570307778118216852e-19
1.525246869781416605e-19
1.408238801750195016e-19
1.342569401438783605e-19
1.290387327152769412e-19
1.257291696743659714e-19
1.162017373430547796e-19
1.115200059277888209e-19
1.053613940053618397e-19
1.005510513679333903e-19
9.762039874344852292e-20
9.047977433622329098e-20
8.574254772471913316e-20
7.976421444670756426e-20
7.888866941310268686e-20
7.395514791446800857e-20
7.015675861074057395e-20
6.305401107519020156e-20
5.680542260176050696e-20
5.429342487716545950e-20
4.441181311625866482e-20
4.312573035716730425e-20
4.013196620336940068e-20
3.782264499335286238e-20
3.437409737279561988e-20
3.132543872998556724e-20
2.379549410808147399e-20
2.306888376837754381e-20
1.996723452529799350e-20
1.604036887486066517e-20
1.036189597658173711e-20
6.572046671380439328e-21
4.897460300031112927e-21
2.251992784720106363e-21
-5.524990569660736196e-21
-6.835278774203898101e-21
-1.179859289144063142e-20
-1.518374288239047749e-20
-1.634281910918028316e-20
-1.842295179660641793e-20
-2.188017475497244815e-20
-2.362120179563342087e-20
-2.622009050097974710e-20
-3.269148345915378928e-20
-3.320793811009744966e-20
-3.898421303007342725e-20
-4.825111447403412111e-20
-5.190190021291643251e-20
-5.797638719800332029e-20
-6.080511218442767021e-20
-6.378233846505636238e-20
-6.864184436564868980e-20
-7.032459930484524722e-20
-7.665897259351821251e-20
-8.406971518246807473e-20
-8.993396802896471721e-20
-9.502394134520226391e-20
-9.662405718629619128e-20
-1.047892365453561975e-19
-1.096061878725622081e-19
-1.167110879262946719e-19
-1.180826655108056715e-19
-1.215161240695725201e-19
-1.305600737250842612e-19
-1.399133840162377772e-19
-1.444553660820091306e-19
-1.454326328428975362e-19
-1.540455061689487491e-19
-1.576093350884873796e-19
-1.598057096043637344e-19
-1.736909500726173197e-19
-1.797929149989234700e-19
-1.865295649695274915e-19
-1.955701394738440648e-19
-2.009506143433165844e-19
-2.053775014480443855e-19
-2.135267915051029181e-19
-2.165191302284044671e-19
-2.216210361484529544e-19
-2.240814248048652909e-19
-2.283858697912914915e-19
-2.387106530200348086e-19
-2.421929312975609394e-19
-2.462596278763565924e-19
-2.644766130502208181e-19
-2.688517309150678315e-19
-2.742478415844788313e-19
-2.812392381857774233e-19
-2.881194547467821235e-19
-2.934983937606181068e-19
-3.030582820592279024e-19
-3.108805016703418556e-19
-3.233547360613796695e-19
-3.321784757414851421e-19
-3.352043346318844970e-19
-3.419458277155568065e-19
-3.475291759064551342e-19
-3.543293604179672403e-19
-3.679929520461073187e-19
-3.732588001453314885e-19
-3.885802956078093661e-19
-3.912190109023722665e-19
-4.037818249636683377e-19
-4.133434974639547521e-19
-4.196127312795147523e-19
-4.215100760270191712e-19
-4.316794482918778648e-19
-4.402966314539000491e-19
-4.420709558745035142e-19
-4.533743741285625581e-19
-4.664893904186956226e-19
-4.705780010965347397e-19
-4.828208710055176430e-19
-4.885956226324015124e-19
-4.935559139614697394e-19
-4.989661353392126535e-19
-5.206721426135564672e-19
-5.269595628182098187e-19
-5.353866746654283676e-19
-5.458983482926138352e-19
-5.665771655766982108e-19
-5.741594610612995805e-19
-5.842870634703728712e-19
-5.882847073352279399e-19
-5.935727762100412595e-19
-6.193644318282631193e-19
-6.279411974946223690e-19
-6.290775115830091405e-19
-6.385148683400144313e-19
-6.570432057600667601e-19
-6.626803821987455638e-19
-6.756565998745761009e-19
-6.878544199209326008e-19
-6.974418006960854810e-19
-7.026430798209314495e-19
-7.091831072958492198e-19
-7.252151592793785706e-19
-7.446116964810661818e-19
-7.525040458822000284e-19
-7.666678126075186497e-19
-7.745523869900991673e-19
-7.761249281652938468e-19
-8.030525059244527372e-19
-8.201617322191751205e-19
-8.334497204056896900e-19
-8.388098417571597601e-19
-8.510712374782206816e-19
-8.760521910296938350e-19
-8.825606361255131434e-19
-9.009978637316486517e-19
-9.129746857638743108e-19
-9.224362027316246396e-19
-9.444952410816045545e-19
-9.498346172934993626e-19
-9.684198781676059734e-19
-9.747214414409716408e-19
-9.926329013946398862e-19
-1.009751691698998944e-18
-1.018437769762213458e-18
-1.028305218392870626e-18
-1.039826868298380690e-18
-1.055434567369299753e-18
-1.069631375762666686e-18
-1.100452626223029317e-18
-1.111987528071689530e-18
-1.135723498465812814e-18
-1.154521588771323860e-18
-1.166668048667671091e-18
-1.176601091676014536e-18
-1.220411345854976979e-18
-1.234282088781790303e-18
-1.237614576182336902e-18
-1.245762184870463731e-18
-1.260861771477884805e-18
-1.298625041329242206e-18
-1.326978676223924434e-18
-1.344486071482344491e-18
-1.359529317956831111e-18
-1.384613117067263154e-18
-1.405496546743561906e-18
-1.414816248998840694e-18
-1.426562658872364858e-18
-1.466156151373532115e-18
-1.499739723515326165e-18
-1.505808868504698622e-18
-1.528338074032810543e-18
-1.539363988945516414e-18
-1.560141381332932503e-18
-1.590278422375808653e-18
-1.609644982611000088e-18
-1.627991784318176019e-18
-1.639728381093220028e-18
-1.665377773255509028e-18
-1.688151229081344656e-18
-1.722919282273735160e-18
-1.747431449171794519e-18
-1.781425406301302905e-18
-1.811072537278242878e-18
-1.821255415481244868e-18
-1.841695542447760474e-18
-1.884261040609773074e-18
-1.907438179824469382e-18
-1.947273195629664920e-18
-1.986859326910721625e-18
-2.028491719524203788e-18
-2.072575690966493900e-18
-2.083848503802877183e-18
-2.107946079318138670e-18
-2.178845146648972553e-18
-2.215072837532275749e-18
-2.250575218474475789e-18
-2.302724650998270645e-18
-2.383618030984443613e-18
-2.403310942532273240e-18
-2.468228965041410380e-18
-2.521807443524577790e-18
-2.540181254770209227e-18
-2.598059863258138043e-18
-2.632294590414864937e-18
-2.648503082983815287e-18
-2.749355121544838860e-18
-2.796287075152609546e-18
-2.859264693110238622e-18
-2.876247300214633352e-18
-2.972808088707335635e-18
-3.044117117153706095e-18
-3.156638851162048164e-18
-3.179922015996163956e-18
-3.278974470267244081e-18
-3.328638059680754563e-18
-3.432346909362424216e-18
-3.530879917245802410e-18
-3.605843257031625483e-18
-3.677160841557365514e-18
-3.852208580984352575e-18
-4.096576581537458323e-18
-4.290967762449280185e-18
-4.553649793651769338e-18
-4.717657127873274349e-18
-5.191184967660511766e-18
-5.491387556350623860e-18
-9.047764025442356906e-18
