1.791328758260207418e-02
1.465596687753492264e-02
1.019719572751580719e-02
5.462912056972056736e-03
4.477590460776398849e-03
3.095055247557165073e-03
2.317555670681099422e-03
1.629466608884947007e-03
1.590772470224897060e-03
1.410577587512149922e-03
1.351281174472583699e-03
1.316197331312255912e-03
1.031821925750306315e-03
9.964065848969609705e-04
9.289022657713756148e-04
8.257651231469166067e-04
7.671762930002871744e-04
7.499014833538102933e-04
7.035652313574457511e-04
6.894427764623103179e-04
5.551578377470028696e-04
4.964907217939699014e-04
4.308469707160154103e-04
3.422193308716763006e-04
1.210932646716033468e-04
8.280241425450614348e-18
5.393682829690707450e-18
4.999593972415442933e-18
4.554986388821116867e-18
4.237932109222197484e-18
4.090615929615638626e-18
3.949699094190141122e-18
3.759293659945534240e-18
3.618932692240177538e-18
3.543168094821219448e-18
3.474891000365392492e-18
3.303341635176736967e-18
3.280164914952771981e-18
3.177135569845928504e-18
3.110096551397352412e-18
3.048519998465702378e-18
2.910701817070920688e-18
2.834471781081146763e-18
2.828624948521207842e-18
2.718295399858267602e-18
2.706903293285442835e-18
2.697988066790807407e-18
2.647399801736547676e-18
2.566675620949688190e-18
2.560306980685926931e-18
2.511002901190313313e-18
2.480157037521161602e-18
2.385535406815578062e-18
2.344679924442993085e-18
2.284292639391005942e-18
2.259144088939062992e-18
2.212352166896555539e-18
2.176065059994446543e-18
2.141912174288053811e-18
2.090577964904921302e-18
2.071426882736820529e-18
2.030761820876884553e-18
2.009993668396546031e-18
1.979051407757485855e-18
1.958414600300497257e-18
1.923834284631613463e-18
1.882489674891156331e-18
1.820538946357002663e-18
1.794772362843506001e-18
1.784888394024216320e-18
1.745690126885974109e-18
1.709029884737275667e-18
1.698239571156333442e-18
1.663949459235317253e-18
1.644229573431446049e-18
1.587928954940809304e-18
1.569063425613140382e-18
1.564539285248946597e-18
1.540630741399324691e-18
1.521198497945592620e-18
1.517842133049663951e-18
1.480846342334577177e-18
1.442850130679654581e-18
1.429794164880763560e-18
1.403967081574690970e-18
1.368587126824203585e-18
1.358623452035960545e-18
1.325373555714660490e-18
1.308469804077200394e-18
1.301381525663663278e-18
1.290518806759349561e-18
1.255942348731835034e-18
1.236080948249339244e-18
1.226953683221098348e-18
1.205258034012569684e-18
1.192992427286845564e-18
1.182780571162058792e-18
1.149180364385014827e-18
1.123912334054518466e-18
1.117077932701064346e-18
1.091683454814268350e-18
1.084559012116563555e-18
1.078701375514216545e-18
1.057249235545547635e-18
1.052786109076494544e-18
1.026992773491454115e-18
1.018782616794750472e-18
1.000744905655661565e-18
9.937680313413517853e-19
9.730888502789354957e-19
9.637428610646534592e-19
9.474468105391106028e-19
9.143456079406097214e-19
9.119917442334310420e-19
8.990672821380695367e-19
8.909509431158253741e-19
8.789359772726513003e-19
8.670994456059288473e-19
8.513185829837378495e-19
8.490311055486931305e-19
8.374175693934688831e-19
8.221012257779451198e-19
8.004073697197175980e-19
7.881809546022242377e-19
7.750470375182200206e-19
7.656208938914868941e-19
7.462407379945334658e-19
7.358228371291446713e-19
7.328921871601680502e-19
7.154778423399368901e-19
7.074676120905664086e-19
6.935211169865337745e-19
6.792717254304400779e-19
6.693010894600352193e-19
6.621759671208018973e-19
6.578666869833382550e-19
6.521133740029011936e-19
6.359240236708281756e-19
6.238841413687484746e-19
6.186725932393484125e-19
6.061954123206857186e-19
5.917884458791014851e-19
5.827070547764537441e-19
5.804268281880979263e-19
5.548860380854624696e-19
5.495997171580769981e-19
5.460079577330272819e-19
5.320860517873514424e-19
5.206045802616721817e-19
5.194663809734269102e-19
5.153693492299117951e-19
5.087232778053882866e-19
4.959551186119481114e-19
4.869848931156826828e-19
4.758622928088582524e-19
4.687234875442858835e-19
4.531725986453798351e-19
4.449172738369487212e-19
4.410459206502465457e-19
4.314696427150680382e-19
4.263741618805237942e-19
4.190656962674616278e-19
3.942586097266356651e-19
3.806684781187155942e-19
3.776627497383519259e-19
3.734847071798748183e-19
3.623644966179593493e-19
3.555520936594386774e-19
3.501059663552330748e-19
3.444897866933290901e-19
3.370095515204771215e-19
3.272489055094397675e-19
3.162453498577391527e-19
3.149265319695611845e-19
3.084477624781225220e-19
2.958031767834483258e-19
2.875114920280343706e-19
2.857967054226012487e-19
2.777941904476611768e-19
2.763098510237804103e-19
2.696853848627830719e-19
2.589656326918398768e-19
2.555339013256786250e-19
2.457456852097650554e-19
2.443691502858825713e-19
2.362037443894550745e-19
2.278823532705977982e-19
2.208249650506115106e-19
2.182898263908844520e-19
2.058772655718513380e-19
2.023226155181430644e-19
1.986608065994760121e-19
1.950605577132252440e-19
1.930569685227174417e-19
1.842393085208545298e-19
1.709845439502934795e-19
1.641324507410481211e-19
1.570425385253590140e-19
1.536839913844845223e-19
1.522183725245236226e-19
1.397803978295789317e-19
1.379802460731078258e-19
1.325984622246598547e-19
1.261554815465777608e-19
1.217733089968980294e-19
1.157029095116072497e-19
1.117484486461055049e-19
1.103834117799302504e-19
1.065279372004180661e-19
1.000305662466928984e-19
9.282393323449548730e-20
8.628134097685238561e-20
8.422114088830105454e-20
7.806177679728908232e-20
7.240135696897056227e-20
6.962627247914426416e-20
6.753354006882989584e-20
6.290151432970781132e-20
6.165831605202117116e-20
5.237220818217601752e-20
5.087966359550751445e-20
4.639169351233776820e-20
4.082611244309278659e-20
3.824241195153129456e-20
2.944197503501994364e-20
2.600761138027924022e-20
2.243747141413352533e-20
1.914998950874575078e-20
1.346987096061042446e-20
1.239502475634208436e-20
6.579952190281570983e-21
4.278942214654335757e-21
1.870543303926445850e-22
-2.383659046062526733e-22
-2.936813336465015241e-21
-1.139614081106185714e-20
-1.264095403521508929e-20
-1.603515572815909865e-20
-1.927501801065084580e-20
-1.994035235361618225e-20
-2.673848106062574600e-20
-2.728138160565195329e-20
-3.138225936041190774e-20
-3.611489718687424120e-20
-4.140102673643792234e-20
-4.665074964295069494e-20
-4.940550039649762156e-20
-5.294969489949344018e-20
-6.301714669665329859e-20
-6.484753976774636372e-20
-6.913221984092574225e-20
-7.367907832924844313e-20
-7.934346375043643276e-20
-8.209721841873970322e-20
-8.318717787827291710e-20
-8.727737116983659528e-20
-9.576489630624403816e-20
-1.031306793404754831e-19
-1.103625355264291963e-19
-1.145589786415119667e-19
-1.199155450508870401e-19
-1.253212993910489606e-19
-1.292558580447787103e-19
-1.342899021031910874e-19
-1.395968600748625556e-19
-1.472644788543974873e-19
-1.562191463446510697e-19
-1.620788785614873568e-19
-1.637770351904233596e-19
-1.722072155237116497e-19
-1.761357006004227746e-19
-1.842641911017885593e-19
-1.906555576310733138e-19
-1.976432544202019221e-19
-2.029992873643123753e-19
-2.100545142545831482e-19
-2.152440081347788537e-19
-2.242855591556303090e-19
-2.255080052173462591e-19
-2.337327711246757468e-19
-2.396915831338149809e-19
-2.417267397565980252e-19
-2.458871872799782702e-19
-2.631068057088095349e-19
-2.651603218515090020e-19
-2.712738448457966621e-19
-2.798094592999186374e-19
-2.812102877657683741e-19
-2.864638850807997176e-19
-3.075650872042345761e-19
-3.116089718431444049e-19
-3.174502000748582993e-19
-3.262377037685446340e-19
-3.322792808501059340e-19
-3.392864521061056755e-19
-3.466338389431096249e-19
-3.476457835315330944e-19
-3.579179882080925160e-19
-3.689578413199726191e-19
-3.722579470016429413e-19
-3.869751825659417990e-19
-3.985802715010905697e-19
-4.052987409283686483e-19
-4.133331039786756808e-19
-4.244146525986210413e-19
-4.255221891342594778e-19
-4.307741006082281398e-19
-4.362263178789442807e-19
-4.491307717341284677e-19
-4.518946714060700080e-19
-4.624252493829582770e-19
-4.656972174188621404e-19
-4.730194222438615516e-19
-4.828884192830623845e-19
-4.984305403186304253e-19
-5.046594827608954607e-19
-5.082617369511937063e-19
-5.423404288992118051e-19
-5.471599109830032107e-19
-5.578463240174255024e-19
-5.708618854363563031e-19
-5.790825621844167382e-19
-5.835139945775316443e-19
-5.909399663670597432e-19
-5.974012456383748251e-19
-6.215022400756842341e-19
-6.299708524238195980e-19
-6.423225143497685534e-19
-6.471663423778004566e-19
-6.560158971206986936e-19
-6.619788115690656149e-19
-6.712914801040581739e-19
-6.792634083879756210e-19
-6.867250938857514850e-19
-7.104846772911706207e-19
-7.151857133301035580e-19
-7.280374619896531445e-19
-7.288141091762375267e-19
-7.348582574585165409e-19
-7.562829397530592787e-19
-7.616272730278498055e-19
-7.648785858315257174e-19
-7.858445699699449103e-19
-7.974863909083518824e-19
-7.995012493517322007e-19
-8.281387652735694196e-19
-8.326462144474453698e-19
-8.498291678939735578e-19
-8.601703225487535571e-19
-8.669912492374547369e-19
-8.959078902260419848e-19
-9.130922976898240381e-19
-9.170274017597805864e-19
-9.258233373081491675e-19
-9.320114694542305994e-19
-9.544576169988306351e-19
-9.657872471973878611e-19
-9.897848017176946129e-19
-1.012140010247696157e-18
-1.021668525018662260e-18
-1.043810177973665942e-18
-1.048291735242413333e-18
-1.056106919247044492e-18
-1.066006254617702254e-18
-1.074975641445042033e-18
-1.097602979967420923e-18
-1.111786588936979230e-18
-1.129992202341999058e-18
-1.149426313619821552e-18
-1.164377678870635298e-18
-1.186090626656292764e-18
-1.211590684433244095e-18
-1.228583876373855703e-18
-1.260163149060206321e-18
-1.268689954371503418e-18
-1.281293597659893425e-18
-1.300542491920090048e-18
-1.324889004199948761e-18
-1.327043368577530500e-18
-1.344076356581308324e-18
-1.377410167244890024e-18
-1.401411045554290735e-18
-1.412561933484315016e-18
-1.422397302748376030e-18
-1.462521148709021922e-18
-1.478844721319651093e-18
-1.502564521509330463e-18
-1.519802339110531981e-18
-1.524592071157447107e-18
-1.553044015872585757e-18
-1.568207447266140755e-18
-1.597629247023772488e-18
-1.626706821817483080e-18
-1.646015497476029410e-18
-1.683683501850658930e-18
-1.696536224722316051e-18
-1.722633917427767915e-18
-1.731680790098207492e-18
-1.741512510333316346e-18
-1.789876964006693615e-18
-1.826125741928395632e-18
-1.844069017881717375e-18
-1.868351372670141748e-18
-1.909287926877453598e-18
-1.966662533253204942e-18
-2.012271616284870657e-18
-2.054886813531193474e-18
-2.080426050324772604e-18
-2.107222823949019483e-18
-2.124918425731764453e-18
-2.189864475066309465e-18
-2.267670738117555650e-18
-2.273437317683390997e-18
-2.351492748416309966e-18
-2.358845442116815942e-18
-2.372695468542080594e-18
-2.487243737718047347e-18
-2.511874779993629164e-18
-2.541681669067057109e-18
-2.606223092760483280e-18
-2.628840711331349568e-18
-2.753448770127186654e-18
-2.783171889251149742e-18
-2.815783828103435648e-18
-2.956983541373655317e-18
-2.977918366896277521e-18
-3.093658501935384134e-18
-3.214296225478877189e-18
-3.274818926190958622e-18
-3.344005853495642579e-18
-3.435609158966027150e-18
-3.553782791449321786e-18
-3.675894991049640367e-18
-3.767900430967622989e-18
-3.876943789473670988e-18
-4.036167723809100051e-18
-4.211412295368253837e-18
-4.367248156622155718e-18
-5.089268183367149607e-18
-5.866003060465241122e-18
-9.840494775296752402e-18
