1.300033198940300609e-02
1.230631806871216802e-02
9.002740914661380017e-03
4.278409539884753601e-03
3.395791793990934632e-03
2.634368907317604074e-03
2.049304736814303637e-03
1.274887926526867537e-03
1.256660109928283862e-03
1.175314163862821535e-03
1.135646964274558560e-03
8.866770835519650375e-04
8.500003128319467147e-04
7.792481354951882747e-04
7.558548227726859508e-04
6.555666727212853661e-04
6.143049129049859593e-04
5.930942349887426135e-04
5.864910196057388728e-04
4.907349741491998313e-04
4.745488437940652564e-04
4.450167763281541694e-04
3.631778913432469964e-04
2.875548709456329202e-04
9.407946608322036337e-05
8.318479314133805143e-18
4.926839395370020689e-18
4.036236566420435041e-18
3.803456875320852115e-18
3.635428633281383220e-18
3.366678649496794091e-18
3.235918090635830437e-18
3.149130209090692973e-18
3.115549258829562510e-18
3.063560986337652681e-18
2.867862010312959298e-18
2.781049428338112930e-18
2.702516630086326902e-18
2.593314476829459385e-18
2.534664517866854867e-18
2.482626000876866086e-18
2.413773130000757642e-18
2.371103497494024125e-18
2.348683062445480348e-18
2.280084839274013565e-18
2.239368179983956539e-18
2.183105966632874405e-18
2.155437212170243489e-18
2.131407248731732764e-18
2.049543544748461199e-18
2.033040771151786026e-18
2.000234883786014286e-18
1.978141319431368569e-18
1.915168970385480745e-18
1.905371021522795786e-18
1.870479466030386567e-18
1.857315034175642005e-18
1.817872740807035620e-18
1.780533472219390486e-18
1.770465943133369648e-18
1.727473376248188218e-18
1.672266288875240343e-18
1.631218703069367181e-18
1.608691174120583094e-18
1.590655139287988045e-18
1.570615872945577496e-18
1.553213296769717286e-18
1.517876882009428342e-18
1.504496536258571656e-18
1.468217943304178561e-18
1.444169868192961292e-18
1.427532558090431151e-18
1.418511647243046900e-18
1.371558112735471187e-18
1.352849701676423987e-18
1.325471981960637730e-18
1.301764323806467245e-18
1.294624920876544348e-18
1.280709326800599364e-18
1.254176616912976144e-18
1.230067240076012629e-18
1.227042332375261095e-18
1.190948738680273606e-18
1.178464187630319767e-18
1.155377326427622618e-18
1.151347310163258706e-18
1.119812776179781397e-18
1.107035339327519034e-18
1.101163876145248153e-18
1.073938692809451635e-18
1.070530000891158211e-18
1.053674381171262922e-18
1.044059620048615115e-18
1.034463937821904116e-18
1.011602353766313704e-18
1.003302044483179538e-18
9.800322647902867013e-19
9.585178412649092753e-19
9.473322955503676856e-19
9.427024654588514045e-19
9.339798793164756598e-19
9.236265370633997386e-19
9.069152663028623890e-19
8.930532972797508765e-19
8.877282056511002031e-19
8.677933404694655356e-19
8.609180975032328777e-19
8.453268102779168692e-19
8.226800741135214320e-19
8.126841739853742489e-19
8.089187236758879893e-19
7.861600022391168549e-19
7.799376885605757050e-19
7.725733905803530438e-19
7.616678561197199536e-19
7.386646334742383186e-19
7.365869336889148562e-19
7.238442456957104895e-19
7.156597879214602434e-19
7.018302091515481516e-19
6.857850331869311269e-19
6.797460201008542852e-19
6.659210280397305889e-19
6.633354431115520356e-19
6.501420192150844442e-19
6.412532886599373098e-19
6.390991519529695034e-19
6.224946041209500289e-19
6.208456267473296701e-19
6.107928162255314037e-19
6.085867631530104793e-19
5.871904517427081830e-19
5.761278581429555667e-19
5.700473612868562265e-19
5.685675884968559024e-19
5.576526921372538429e-19
5.534886539728493651e-19
5.368608357192292091e-19
5.329386341978047963e-19
5.173107118979919732e-19
5.106027945004778882e-19
5.078473726009433982e-19
4.985579214628871956e-19
4.937204076642404264e-19
4.862297172028331115e-19
4.825088214015275109e-19
4.639626046095276975e-19
4.547780477851565349e-19
4.414375012360489401e-19
4.340144898966146630e-19
4.291016638781605897e-19
4.135044780879940553e-19
4.114999221782779224e-19
4.074665504596074332e-19
4.000261312679937921e-19
3.962259066154055089e-19
3.814826201169120067e-19
3.756451366169465079e-19
3.749165919875738157e-19
3.624359153251583037e-19
3.603681183975159234e-19
3.451445188958955177e-19
3.390936522964701792e-19
3.321633811701711155e-19
3.284466323865369634e-19
3.248259738963536539e-19
3.150668817631442283e-19
3.137256337148560359e-19
3.056021002915365868e-19
2.991437856797251207e-19
2.883331929074728073e-19
2.842600079321908050e-19
2.813032579566774831e-19
2.726798629540933550e-19
2.650303731446309159e-19
2.609876890198901207e-19
2.564312073311183271e-19
2.438417700729355495e-19
2.403949673490372360e-19
2.357689137733014457e-19
2.335628962759860195e-19
2.207456153788941638e-19
2.153789282611190359e-19
2.070163251167824407e-19
1.996105853629168826e-19
1.914887965502081230e-19
1.879189698181784396e-19
1.832780529341790541e-19
1.791765129707474442e-19
1.743530392289582044e-19
1.725545569907596817e-19
1.660094710040541413e-19
1.627581475384239425e-19
1.593753633360803987e-19
1.481909210421230361e-19
1.420541168942664985e-19
1.364963650806612062e-19
1.338763545172129393e-19
1.309298618212248059e-19
1.278967818050394958e-19
1.213138783412351433e-19
1.159881278403916413e-19
1.094624547970776780e-19
1.066920248772439014e-19
1.018449001164411748e-19
9.918773223623587507e-20
9.072629586304048485e-20
8.492767302306112609e-20
8.358401831186987098e-20
7.979846986777329375e-20
6.945344612975230010e-20
6.775487161465577604e-20
6.504495122164241307e-20
6.269359978252234027e-20
5.738247813776810357e-20
5.239133824093581704e-20
5.125536260381347469e-20
4.976170550268918124e-20
4.293523439584475876e-20
3.576035109386141751e-20
3.447435729914727364e-20
3.364663998260477971e-20
2.861452410259445810e-20
2.367438081736831815e-20
2.143532061862199991e-20
1.616959260020883183e-20
1.362838910981350274e-20
8.469803329376139814e-21
6.155922874568263531e-21
5.561448960209582732e-21
3.853769917603288081e-21
2.216023577866708577e-21
5.508408620339233180e-22
-2.020747357510313213e-21
-4.544252564613836644e-21
-5.788970011183266232e-21
-9.857845029745362054e-21
-1.144081401956220270e-20
-1.664162334294606975e-20
-1.824401829570889263e-20
-2.089936795384723925e-20
-2.280607898014467158e-20
-2.933382081490880609e-20
-3.232132909085288093e-20
-3.437765738971711549e-20
-3.769042828646712078e-20
-4.085458104428467056e-20
-4.520340570697196710e-20
-4.827826430183887907e-20
-5.118206683505124291e-20
-5.517514327268055038e-20
-5.859913951820116853e-20
-6.176565477882172137e-20
-6.954241395802789983e-20
-7.282323719791132236e-20
-7.506783670120341652e-20
-7.706823186295065168e-20
-8.110011256025530997e-20
-8.592568393513477783e-20
-9.521057256978450437e-20
-9.916315511017157109e-20
-1.036527113581422618e-19
-1.087170704107186050e-19
-1.100866662817771155e-19
-1.187087503925365231e-19
-1.202156310862290761e-19
-1.282364673698148836e-19
-1.349929260736207272e-19
-1.416225464584289856e-19
-1.441423269476833909e-19
-1.448814014757948040e-19
-1.486646958450420061e-19
-1.581328376743570599e-19
-1.617047750658638418e-19
-1.730294087386880282e-19
-1.763829971105664005e-19
-1.788871823872102446e-19
-1.851456059047398585e-19
-1.899173801136332415e-19
-1.961475851517789851e-19
-2.006699174028270783e-19
-2.035082162496604616e-19
-2.070520820569331797e-19
-2.195728343366295028e-19
-2.224857749399490249e-19
-2.282587951586181515e-19
-2.366375954560514317e-19
-2.426362054727589987e-19
-2.447979876423980597e-19
-2.536446860834243954e-19
-2.579804017120776694e-19
-2.660683326447176539e-19
-2.704865172585632213e-19
-2.750339484867545001e-19
-2.857347567234392336e-19
-2.963171031049875551e-19
-3.002313976067377625e-19
-3.098250002652416296e-19
-3.143760159746142294e-19
-3.170246428352709301e-19
-3.263300345114466357e-19
-3.322451270757472890e-19
-3.375245372806998225e-19
-3.455579383439174535e-19
-3.590676115056569000e-19
-3.618031264458810613e-19
-3.665265456165419571e-19
-3.689920299893699987e-19
-3.776794817815735485e-19
-3.827874311285987062e-19
-3.915508524387662787e-19
-3.987431758031349799e-19
-4.037441130654685775e-19
-4.069381864948630533e-19
-4.217124847485356859e-19
-4.256918927753592945e-19
-4.273114497656026124e-19
-4.417808558224213521e-19
-4.482934397234988144e-19
-4.521915103254591278e-19
-4.562066582028564698e-19
-4.661547764943431219e-19
-4.791419634687429191e-19
-4.849590532336723147e-19
-4.924394810681332504e-19
-4.933863261731006870e-19
-4.981550637704369500e-19
-5.145805265028560348e-19
-5.154247755807158608e-19
-5.287316982425687187e-19
-5.403640154463802992e-19
-5.483286383390783191e-19
-5.664279538116800950e-19
-5.740906418836162706e-19
-5.789777310828102720e-19
-5.907418838631285783e-19
-5.986299724827026929e-19
-6.066466628792774629e-19
-6.280821046231810688e-19
-6.303899447986444539e-19
-6.327835537669855957e-19
-6.506433789752931620e-19
-6.623564234802657897e-19
-6.673867334976216292e-19
-6.735585979424972532e-19
-6.884943081386315108e-19
-6.936816474016931852e-19
-7.024231230556222382e-19
-7.212294275796583462e-19
-7.378962911757647961e-19
-7.501568597993857973e-19
-7.544241601666769754e-19
-7.572693017093847478e-19
-7.762615762923082396e-19
-7.810935399403693136e-19
-7.854952202799655401e-19
-8.014035048099292947e-19
-8.202593535804556911e-19
-8.458714357829079244e-19
-8.530252828964640663e-19
-8.695472918974374026e-19
-8.717290556663326695e-19
-8.841421303526350421e-19
-8.901526940454516181e-19
-9.022136879682922384e-19
-9.204656649811586199e-19
-9.279781065011267254e-19
-9.494603756016350171e-19
-9.720851814292419618e-19
-9.757387112677928437e-19
-9.940491809950558944e-19
-1.013793142834765365e-18
-1.026592578175636722e-18
-1.044700420898142021e-18
-1.055050870983120057e-18
-1.067457013521984859e-18
-1.085360057809802225e-18
-1.102981835985424861e-18
-1.128903864119313038e-18
-1.148573368835697111e-18
-1.150417619117630942e-18
-1.163144371261427067e-18
-1.204427528156984256e-18
-1.230270237044055289e-18
-1.237286235630364865e-18
-1.268075059646193754e-18
-1.275936572846756111e-18
-1.292072851100002291e-18
-1.308408852363413116e-18
-1.332438255668774824e-18
-1.351210134162784321e-18
-1.367696196656745215e-18
-1.382114955285947700e-18
-1.395635039342430221e-18
-1.414061914202228886e-18
-1.439725315226581200e-18
-1.492019209745269326e-18
-1.501886365679085307e-18
-1.538815916118437913e-18
-1.558170591616172443e-18
-1.566260660163251692e-18
-1.593297374175665929e-18
-1.627572449454462661e-18
-1.640722630220677804e-18
-1.660853182497236531e-18
-1.680653163967723637e-18
-1.732195116558167174e-18
-1.763427030653145776e-18
-1.843619555371844906e-18
-1.896473827154898277e-18
-1.915767141295858628e-18
-1.927683269753987115e-18
-1.966070985279426587e-18
-1.987925013398717501e-18
-2.031338862175710727e-18
-2.087802057219120151e-18
-2.101067149997370054e-18
-2.141949262316983332e-18
-2.171116170979572503e-18
-2.229621139633627437e-18
-2.264298762718328472e-18
-2.337139453558727025e-18
-2.370884921584097386e-18
-2.400832730903402119e-18
-2.455165729063734040e-18
-2.466740324538056511e-18
-2.598817646041809292e-18
-2.620539272168390568e-18
-2.691882531310017955e-18
-2.785537514277628688e-18
-2.875380650536507323e-18
-2.920161570161852428e-18
-3.004209248407326308e-18
-3.177219663536273708e-18
-3.233944537047080969e-18
-3.340329036375984445e-18
-3.475913985987085711e-18
-3.808635302962139037e-18
-4.251675787741145042e-18
-5.656192069979662979e-18
-8.062893842271961563e-18
