4.762428005918218146e-03
4.110466295998665802e-03
3.414246882111667686e-03
3.323222638266112080e-03
3.104849713391318912e-03
2.655212130243727806e-03
2.501222476585542292e-03
2.359201181878280672e-03
2.286092935865569054e-03
2.077716052840032114e-03
1.980790988850339787e-03
1.850296868867295358e-03
1.789660995974188748e-03
1.728873906326536085e-03
1.687925101289263928e-03
1.644920982354800823e-03
1.580949481329874942e-03
1.485543099079818762e-03
1.430814585385248175e-03
1.390068302796420262e-03
1.332278366014058146e-03
1.251724015564044694e-03
1.217227869020337007e-03
1.184270793889046804e-03
1.108503807303920161e-03
1.071867918275197420e-03
1.024316613576065332e-03
9.923152217191217022e-04
9.724582313246439482e-04
9.208689550269659636e-04
9.044620691237357894e-04
8.383933723503323105e-04
8.277676160771787247e-04
8.121014895578095158e-04
7.836568477485696734e-04
7.588586841030752449e-04
7.300642040736418778e-04
7.144386631941988504e-04
7.065636250910137858e-04
6.700256361227655564e-04
6.337684902281361284e-04
6.071475106934413586e-04
6.008418815782595734e-04
5.775172483680010181e-04
5.533859177891820979e-04
5.407600485634608085e-04
5.331452440911176038e-04
5.194980455229691483e-04
5.113126607122819639e-04
4.898818362590328952e-04
4.811860760690198817e-04
4.663681896012328710e-04
4.508953644796289718e-04
4.457410658705150837e-04
4.258099837098232093e-04
4.226503131119280958e-04
4.028062200551132022e-04
3.881893808696661478e-04
3.805668310341510960e-04
3.694740776325628742e-04
3.680245500218355843e-04
3.645417461708930500e-04
3.594977744167895018e-04
3.542499811892203701e-04
3.372046761607527874e-04
3.313979216028448594e-04
3.254323011284983953e-04
3.195058844055216748e-04
3.115016665587755666e-04
3.025154035890929719e-04
2.966446920259687434e-04
2.944105484278309215e-04
2.885760785811666623e-04
2.808348665827146463e-04
2.715467983741159008e-04
2.701427570018778658e-04
2.656600471204058583e-04
2.550594268414082730e-04
2.446377698091977467e-04
2.415455969039487325e-04
2.331010177016067445e-04
2.310627381701049884e-04
2.276150794214330483e-04
2.201251526932505647e-04
2.133632660728613313e-04
2.104341961616360999e-04
2.050058922042633978e-04
2.019116845070175132e-04
1.986309357006511985e-04
1.917560588116280513e-04
1.911766456682750988e-04
1.851796685285199743e-04
1.833437820713170320e-04
1.812623327402704092e-04
1.775869647815663270e-04
1.740102586677132754e-04
1.702155170955646458e-04
1.688121575108757438e-04
1.662973607099964962e-04
1.596344772245860441e-04
1.584082267217532610e-04
1.520276386453577348e-04
1.471458352899640695e-04
1.427945797626832168e-04
1.411128069397572695e-04
1.394304773000838271e-04
1.381591675529941332e-04
1.338110458319518778e-04
1.291095399090242811e-04
1.274093124427577955e-04
1.253406048912308435e-04
1.236483343928636790e-04
1.180301712253466927e-04
1.147005063451784964e-04
1.124467048857637723e-04
1.093571402323569258e-04
1.078608159414165649e-04
1.041018811105776727e-04
1.039830541767316878e-04
1.030914631201178771e-04
9.689660349349748679e-05
9.616453994002928808e-05
9.555023323375813106e-05
9.198544120410948261e-05
9.040695859016618973e-05
8.939416457289260437e-05
8.704101782818152644e-05
8.594799910857647959e-05
8.365813701802849226e-05
8.229872109398075452e-05
8.074133043187822127e-05
7.893185469620039082e-05
7.642200467716555028e-05
7.624596221913135794e-05
7.392826583747471496e-05
7.087631851096383689e-05
7.059281622437848212e-05
6.804744015683005887e-05
6.688799701717152530e-05
6.511255866021686519e-05
6.383888723318615179e-05
6.101249924065601566e-05
5.915818209258548140e-05
5.788596108569345699e-05
5.646712536131526835e-05
5.588783086582779438e-05
5.461092317311715496e-05
5.340159818809206340e-05
5.229725053152600332e-05
5.046670951747186902e-05
4.966085878055466002e-05
4.888687992138932492e-05
4.799160782070799899e-05
4.703452065513749050e-05
4.587888068290465115e-05
4.504048204514753465e-05
4.371432795863685954e-05
4.362274436425152171e-05
4.249212141733731753e-05
4.144010579578398811e-05
4.063978625092869791e-05
3.982364530255014576e-05
3.825600673688141234e-05
3.710913227043134954e-05
3.595174381797078028e-05
3.574360419694377834e-05
3.476424340802634092e-05
3.304250823722351265e-05
3.228202400463006427e-05
3.192874370820912854e-05
3.107743237354343641e-05
3.046310234635725946e-05
2.980740270021503996e-05
2.943081341761001640e-05
2.896076582104934071e-05
2.871151311110173047e-05
2.740184986341962615e-05
2.719331146441358865e-05
2.692549974623372825e-05
2.553757489790539688e-05
2.531813457796561022e-05
2.454225883786414992e-05
2.408457441280931172e-05
2.337945026636916677e-05
2.292668130769067773e-05
2.227234983541931669e-05
2.147266145265140706e-05
2.061775522738220804e-05
2.013555073136936573e-05
1.942827700824745009e-05
1.919012004789932607e-05
1.861391322897803751e-05
1.770388321883388776e-05
1.742872733322011383e-05
1.721953031654411905e-05
1.659636045306041679e-05
1.652136818152196245e-05
1.593096223885449874e-05
1.564621735505139263e-05
1.507573708622119968e-05
1.457470766512072479e-05
1.437812745434087432e-05
1.373925411177405088e-05
1.336914523189639284e-05
1.288038916177450525e-05
1.240383581457768604e-05
1.178508034453628779e-05
1.148654252177726161e-05
1.117327979902665307e-05
1.050986752026282911e-05
9.963693029073799454e-06
9.761001460651205723e-06
9.504096148288142173e-06
9.030248369398845764e-06
8.892199882210581244e-06
8.851629012602872188e-06
8.433991411541633023e-06
8.387383636254473984e-06
7.810799307716797353e-06
7.430021002928182692e-06
7.236814280236861782e-06
6.666781965003580375e-06
6.622338882118212249e-06
6.237607241938204727e-06
6.099241954782960326e-06
5.795495360055858367e-06
5.524203567687084648e-06
5.222861148550236513e-06
4.995711680686822910e-06
4.802987488063821329e-06
4.584183842160058441e-06
4.380711779359381572e-06
4.099904155378648559e-06
4.024204225866722992e-06
3.859686488417989351e-06
3.673911192479892906e-06
3.344771186186991437e-06
3.145145909184336980e-06
3.030198019663694707e-06
2.905860672274131683e-06
2.823363198744117231e-06
2.597396609014127437e-06
2.574638084844175868e-06
2.281333495500787617e-06
2.244125063903839003e-06
2.186982263463505021e-06
1.986875782565876044e-06
1.873355329101931929e-06
1.817352340651629298e-06
1.588490503508908701e-06
1.406842283788149109e-06
1.392041943600544848e-06
1.302050607898791816e-06
1.210332130592887233e-06
9.939450801187993055e-07
9.018754622538703088e-07
7.111020956786370114e-07
6.007230768715242528e-07
4.967990565267057514e-07
4.348589275531489267e-07
3.608920465468792600e-07
2.240142608260917519e-07
1.325706432832457844e-07
5.764745245165780505e-08
6.114238608753740721e-09
3.657054119410965441e-20
-1.363778589207580855e-20
-7.033043026511487359e-08
-1.227445589082343497e-07
-1.972066126037033265e-07
-2.900000087030512746e-07
-3.171087650743738127e-07
-3.942900884771674021e-07
-4.475796966989654974e-07
-5.149374910689503694e-07
-6.029799955687951694e-07
-7.219727968986043665e-07
-7.358837805545460613e-07
-8.842576889034607825e-07
-9.170104928801479271e-07
-1.028128233288407497e-06
-1.156333091648612218e-06
-1.225909003675026741e-06
-1.421284670359384359e-06
-1.508744206640308528e-06
-1.593572829590484336e-06
-1.769112311718394275e-06
-1.880544098725449751e-06
-1.961349248482393412e-06
-2.154959861692917943e-06
-2.277408562799915821e-06
-2.391169312920035470e-06
-2.474001547125953956e-06
-2.607079717418174662e-06
-2.655116297471321672e-06
-2.899370162820916493e-06
-3.211813473830907939e-06
-3.409878764937411152e-06
-3.596254937700258331e-06
-3.663871111891490006e-06
-4.017478457034180493e-06
-4.394667045244941843e-06
-4.641315010461471977e-06
-4.834429948620654540e-06
-5.068366726242339769e-06
-5.171178976559538641e-06
-5.411005831715202462e-06
-5.931453871132405588e-06
-6.131716579686499229e-06
-6.411950990373261232e-06
-6.565513411004037506e-06
-7.143624630018169994e-06
-7.301630731519856612e-06
-7.560284602805636863e-06
-7.875076264516012127e-06
-8.357893062227786306e-06
-8.629642707423971701e-06
-8.948554693139771493e-06
-9.307070316079304843e-06
-9.675225909494005700e-06
-1.008297069759546900e-05
-1.084816905073234969e-05
-1.092524644092492602e-05
-1.134645530319720100e-05
-1.174976698083779076e-05
-1.261282902985424197e-05
-1.330805474863301765e-05
-1.440963169289997954e-05
-1.465402695322291498e-05
-1.512257876171163155e-05
-1.578502895277686098e-05
-1.598654555924955279e-05
-1.662941453948342445e-05
-1.756569377398876398e-05
-1.777654407215697698e-05
-1.862338894858357733e-05
-1.940306980813940929e-05
-2.022193731222357956e-05
-2.113194977839221014e-05
-2.192231755660857358e-05
-2.245624073253133464e-05
-2.339347437862810601e-05
-2.462106248577704750e-05
-2.533195786539826794e-05
-2.618361149723933594e-05
-2.776544276581452062e-05
-2.896952068768761073e-05
-2.943235694459845348e-05
-3.103016868488725190e-05
-3.219662177327597464e-05
-3.331250431767561492e-05
-3.419115092295940391e-05
-3.595274013702352541e-05
-3.653938166271209224e-05
-3.806002403711443297e-05
-4.009814423465133700e-05
-4.047073217341224164e-05
-4.147457225609089200e-05
-4.502154155065747561e-05
-4.637093997491408546e-05
-4.697246115746778672e-05
-4.798153796618829321e-05
-5.102503555621623567e-05
-5.194825721481701613e-05
-5.366217602950233744e-05
-5.506172028106147279e-05
-5.617081358946427843e-05
-5.976422642539987911e-05
-6.098943731924709433e-05
-6.283912922098144861e-05
-6.498802066762033377e-05
-6.788913388208001000e-05
-7.092227551025224953e-05
-7.281039734285450369e-05
-7.461393432075995942e-05
-7.766669015424569470e-05
-8.148510763281976771e-05
-8.724262517073908636e-05
-8.849966041761574359e-05
-9.100446945921595221e-05
-9.149283398513747092e-05
-9.431491592742178979e-05
-9.835211482316822231e-05
-9.939314577816741215e-05
-1.046910080310942809e-04
-1.089491523065433436e-04
-1.128677121636443290e-04
-1.149622615551457481e-04
-1.163327291137782472e-04
-1.181690898782857761e-04
-1.287747126152193403e-04
-1.364312523529968521e-04
-1.405583549647435168e-04
-1.419560397332104496e-04
-1.445869923796473308e-04
-1.498249542151562251e-04
-1.523612524252048980e-04
-1.559297938003446470e-04
-1.653442640106379715e-04
-1.738957095698554292e-04
-1.799544356925692271e-04
-1.905069564306248117e-04
-1.932900191178866232e-04
-1.978506416563115104e-04
-2.030132926852284460e-04
-2.083225426502223802e-04
-2.167436201837426128e-04
-2.279178874405493843e-04
-2.302045511820577795e-04
-2.496173224813819764e-04
-2.574734309082214105e-04
-2.590875831063861145e-04
-2.621469471819708164e-04
-2.677884874616904567e-04
-2.858722995285214010e-04
-2.956536811809052441e-04
-3.203908216591144320e-04
-3.294732158329013506e-04
-3.422881732537576402e-04
-3.445211547122716163e-04
-3.601970992712192092e-04
-3.698457055799861414e-04
-3.732823921169464514e-04
-3.977806551241582942e-04
-4.235399432283681442e-04
-4.374454817828079406e-04
-4.666898545506123507e-04
-4.877879956338574199e-04
-5.278059203827577522e-04
-5.606502613127791346e-04
-5.817442691734847496e-04
-6.101457388963937032e-04
-6.462284112025106202e-04
-6.621918197343287186e-04
-7.463392869709465152e-04
-7.622112374136004410e-04
-8.279890429366959775e-04
-8.936808788250668592e-04
-1.105353956663362568e-03
-1.201108095266484365e-03
-1.228104191512355064e-03
