9.478131629853808748e-04
6.782635928559761383e-04
3.803525860815141373e-04
2.241150091883068178e-04
1.870052592457725977e-04
1.217822904511170630e-04
1.040419613701064496e-04
8.964796352730553994e-05
7.257164101916227766e-05
6.268732252336117229e-05
5.538874161224239309e-05
5.516758174540445516e-05
4.702855889837995992e-05
4.163501904687660812e-05
3.812025225040918734e-05
3.163548848267003536e-05
2.979241127651150988e-05
2.955949937140870526e-05
2.787905039738168065e-05
2.025959842983167633e-05
1.715354549649658242e-05
1.504188648544468629e-05
1.384040162891604247e-05
8.583722026675367044e-06
5.273049864493687854e-06
3.185929414251535640e-18
1.663769341994495067e-18
1.201887745103698235e-18
1.105433389768060654e-18
1.036656173936770823e-18
1.030951844753934227e-18
1.003849656184248445e-18
9.752707813065641635e-19
9.375158809631936889e-19
9.001056218991232502e-19
8.637485690503405730e-19
8.472785407138406776e-19
8.313575326257247332e-19
7.833434175420150443e-19
7.698475620317412626e-19
7.385530573511108020e-19
7.286351715694948964e-19
7.162919666709870474e-19
6.804738958540924125e-19
6.798403675751297131e-19
6.616208696663817328e-19
6.409413224624905244e-19
6.200737376274806076e-19
6.154300372966570111e-19
5.924675597026810018e-19
5.896409024474189173e-19
5.706760107012287090e-19
5.485645440110900388e-19
5.384918855010799465e-19
5.317803942340972857e-19
5.139686124434174033e-19
5.063354822309339723e-19
4.997688385866496844e-19
4.910162343154621595e-19
4.727448733394774981e-19
4.648675087565862962e-19
4.555491962336240721e-19
4.464863735580680953e-19
4.427089983892735272e-19
4.394291300817342752e-19
4.285504282217040355e-19
4.245336968930961304e-19
4.147612141223567621e-19
4.049335022125034334e-19
4.028127397199369389e-19
3.958484132764491355e-19
3.888512549677058749e-19
3.838250722860709357e-19
3.780998203945560155e-19
3.766730332902320653e-19
3.649803727113788633e-19
3.545726208889192841e-19
3.520740739892452347e-19
3.434406138455403046e-19
3.396985586590340277e-19
3.289843328189108982e-19
3.224929175348491559e-19
3.200247062711820001e-19
3.154221388424215219e-19
3.099855085366708892e-19
3.088974097738173141e-19
2.994682117056421635e-19
2.928876087147003633e-19
2.897801922298487247e-19
2.871419027080897456e-19
2.803064848845254713e-19
2.747127461920197829e-19
2.697114955438742155e-19
2.667977486766742166e-19
2.649358328369835662e-19
2.600940827338555550e-19
2.551580685130637065e-19
2.525383460601457613e-19
2.506806816554710450e-19
2.434752942373473084e-19
2.333453122694989467e-19
2.314323055221461220e-19
2.286387827951767915e-19
2.263763892637204070e-19
2.240773609305275177e-19
2.222680726366414919e-19
2.162842039306824013e-19
2.127686990562467223e-19
2.091639299236436736e-19
2.079816802789918654e-19
2.042312366207652350e-19
1.989343986128377268e-19
1.973385915283211344e-19
1.905668367856288679e-19
1.893201645115075671e-19
1.861916372832757954e-19
1.843230600926080920e-19
1.820994723145931829e-19
1.796352277690580557e-19
1.782833706247921212e-19
1.696932123779923248e-19
1.679485234081331323e-19
1.658245910911925612e-19
1.620615846857757053e-19
1.613649781541201946e-19
1.565610133723211988e-19
1.528525848260214381e-19
1.505620995313992994e-19
1.498166979746917892e-19
1.468264357374799949e-19
1.443367378529599953e-19
1.421560301405768839e-19
1.406526561206364192e-19
1.358203424142187988e-19
1.346146426814490544e-19
1.295234848056052994e-19
1.288974327394488972e-19
1.260236587644951955e-19
1.252059355170400258e-19
1.225571255332716934e-19
1.208847056573496225e-19
1.163403783458386387e-19
1.153624984449698954e-19
1.147708236445927448e-19
1.114177775077314241e-19
1.076576497968291992e-19
1.068479770677208215e-19
1.048014732073394558e-19
1.030212484760618684e-19
9.993673541085819073e-20
9.922828926718941449e-20
9.758031039508181400e-20
9.500111851968830835e-20
9.431138084280171377e-20
9.069964785389492698e-20
9.022041431655603728e-20
8.674950184910246269e-20
8.492609571256155153e-20
8.304944160143726062e-20
8.084908121394722269e-20
7.962994871396642628e-20
7.848493550815298946e-20
7.742178020837404332e-20
7.405873019228505125e-20
7.328216418892620910e-20
7.285351199802783723e-20
7.153712462424582577e-20
6.944650863317087830e-20
6.829109464559575713e-20
6.512282857172223954e-20
6.407776662161429716e-20
6.171097223580508050e-20
6.113141885033164609e-20
5.948013502057104801e-20
5.843732490165579466e-20
5.530628293766951293e-20
5.511698260892196563e-20
5.325399918472610468e-20
5.102447209911861204e-20
4.940780116833196296e-20
4.879407378968368250e-20
4.814173851098640553e-20
4.656062587827603021e-20
4.550778297698425679e-20
4.505465903423800443e-20
4.330610533921492266e-20
4.209678761278470606e-20
4.117477619603316330e-20
3.977809432799591794e-20
3.888186679865094895e-20
3.815657860806227738e-20
3.635722710470753465e-20
3.530057641655063791e-20
3.381722231325617952e-20
3.247814776879842220e-20
3.198721879300131671e-20
3.051755279304058926e-20
2.925121053933010834e-20
2.850069168594598755e-20
2.715549872422635668e-20
2.530271098427037607e-20
2.468882803508833034e-20
2.417950952631354651e-20
2.342049688858583530e-20
2.209109838906473093e-20
2.132674730295737529e-20
2.122812440685700740e-20
2.030173597624757609e-20
1.836630306545409254e-20
1.765825322752159817e-20
1.738312202321357188e-20
1.570126876975940077e-20
1.566988008303744039e-20
1.390230295463543389e-20
1.270377621620852215e-20
1.231557591764857238e-20
1.145908892136846487e-20
1.086195405054993583e-20
9.973447110368779929e-21
8.859664287915967999e-21
8.691550625347054893e-21
7.792014743147984892e-21
6.792832962312524561e-21
5.905017750415767340e-21
5.207634368652133394e-21
4.564820224099522632e-21
4.248127166661650514e-21
3.622165794577138419e-21
3.125610495528358331e-21
2.638583945364843207e-21
1.654896541029151426e-21
1.448147736985197829e-21
9.323215359897252072e-22
-1.532247690736764438e-22
-8.946298980569197180e-22
-1.182080218030287553e-21
-1.657959597821001878e-21
-2.181764217910452702e-21
-2.692271088277567227e-21
-2.954449914573545651e-21
-3.955698512340614260e-21
-4.670194462407828114e-21
-5.003913068968719099e-21
-5.848277301535466319e-21
-6.659972479795072995e-21
-7.624787415034311951e-21
-7.944487505300628020e-21
-8.399230732372429816e-21
-8.962887574854326835e-21
-9.206495008904549843e-21
-9.585553722176527536e-21
-1.090850597964360246e-20
-1.166229420466172936e-20
-1.454202276936990595e-20
-1.519788001666538383e-20
-1.542521720954777075e-20
-1.634357205950393399e-20
-1.771030229696836517e-20
-1.866197257969635036e-20
-1.912770071264647123e-20
-2.044433045921277073e-20
-2.084617563976234931e-20
-2.170142972285491726e-20
-2.290283741005038596e-20
-2.502491642118855455e-20
-2.525237342150977739e-20
-2.549986746192989809e-20
-2.639916931015192241e-20
-2.900259072521143386e-20
-3.038274816249551734e-20
-3.084986987345907010e-20
-3.189900622313402577e-20
-3.297949727305703121e-20
-3.374945737589157171e-20
-3.450561253235516231e-20
-3.539874653493423750e-20
-3.616282858077984269e-20
-3.884859152886722933e-20
-3.935042448692056265e-20
-4.027198944974247270e-20
-4.134152387233630428e-20
-4.311121186131878114e-20
-4.371988336982381535e-20
-4.476898741020984227e-20
-4.577985908571119279e-20
-4.754521016911887254e-20
-4.809190742500124556e-20
-5.039341087187010978e-20
-5.054006991413741396e-20
-5.206510575464265938e-20
-5.485445138287028510e-20
-5.701089231471735117e-20
-5.875922307329203154e-20
-6.013632840233654069e-20
-6.165650559793297017e-20
-6.229054831452130520e-20
-6.373982775284724082e-20
-6.465087745348691974e-20
-6.754139710729040230e-20
-7.016582255386609138e-20
-7.220645495946439450e-20
-7.271384999568077932e-20
-7.511723593567992012e-20
-7.652777888301228837e-20
-7.923279872548533754e-20
-7.986223945664080044e-20
-8.078422530426877691e-20
-8.441801706660312586e-20
-8.646650034398008252e-20
-8.734891448400333348e-20
-9.018271737043209782e-20
-9.047381729261552660e-20
-9.195820623688539172e-20
-9.313796668254815953e-20
-9.635699505530974099e-20
-9.681267629152418030e-20
-1.006203887628910221e-19
-1.024971458226850205e-19
-1.044377229994697166e-19
-1.053104291952715881e-19
-1.084312826273364346e-19
-1.117875284124886059e-19
-1.137312503527679436e-19
-1.144799421704045921e-19
-1.155981141664259616e-19
-1.182605237306916379e-19
-1.204189667912931683e-19
-1.218242885089757188e-19
-1.223242347519570490e-19
-1.243105743386577177e-19
-1.251394903625319294e-19
-1.294354891861449111e-19
-1.303218252571987838e-19
-1.313414575248479966e-19
-1.357169174699069841e-19
-1.412278699996326719e-19
-1.461944381903146908e-19
-1.492332516907204170e-19
-1.500167173532503830e-19
-1.512267947062539624e-19
-1.554097258934721062e-19
-1.589542762263201066e-19
-1.594931013099745775e-19
-1.603351645358563490e-19
-1.641644563177676441e-19
-1.649981961532662490e-19
-1.709541853513034883e-19
-1.747964104532041811e-19
-1.783986219466778248e-19
-1.828728726920057890e-19
-1.840180908417074255e-19
-1.863999164262451777e-19
-1.881424093844790897e-19
-1.911392313988786306e-19
-1.940083449477301586e-19
-1.996701704450639003e-19
-2.046286852844206496e-19
-2.054277062226956337e-19
-2.067834880727112988e-19
-2.146506386193580783e-19
-2.180779103083702978e-19
-2.197672203839585280e-19
-2.244736266224071510e-19
-2.278613358957776605e-19
-2.354155202171083716e-19
-2.375494482607862946e-19
-2.386400169613623092e-19
-2.402508719057779258e-19
-2.414783747482946676e-19
-2.511162189139460713e-19
-2.519810634385786433e-19
-2.574831807122562119e-19
-2.598241289236872784e-19
-2.635053857489187956e-19
-2.697735151631292613e-19
-2.789209941744476999e-19
-2.820252058815100259e-19
-2.916579617109491863e-19
-2.957037537950434079e-19
-3.004508083643035336e-19
-3.059413778977062098e-19
-3.084379432727016696e-19
-3.129219454587074763e-19
-3.197240046791670783e-19
-3.273528712492699488e-19
-3.313278429991479053e-19
-3.389381326679571895e-19
-3.431130008484829658e-19
-3.528632876567702236e-19
-3.582677370610738231e-19
-3.637668188198964211e-19
-3.681592296299838741e-19
-3.730526177324611094e-19
-3.784069983063527552e-19
-3.876494037847627411e-19
-3.962926619471908544e-19
-4.035177741524795722e-19
-4.068133116893704773e-19
-4.222819225278182681e-19
-4.271727871971842083e-19
-4.352150417529302350e-19
-4.450089555483978677e-19
-4.482335135393645155e-19
-4.586124133647541942e-19
-4.695783508959214682e-19
-4.818948620479916161e-19
-4.846222508026170777e-19
-4.968476279691133487e-19
-5.075212170738353287e-19
-5.123106427282035063e-19
-5.202900062990967050e-19
-5.272222282397614959e-19
-5.367853264698018498e-19
-5.589828393777385472e-19
-5.723637656655949706e-19
-5.866436352179595999e-19
-5.966353601238813117e-19
-6.121382264599760417e-19
-6.460458385220183681e-19
-6.695485854535851960e-19
-6.740716564471613565e-19
-6.921776641491452763e-19
-7.074166504256815222e-19
-7.159526868533789102e-19
-7.264292176466181519e-19
-7.505119495661638408e-19
-7.673360966788134776e-19
-7.712451579915396242e-19
-7.843005939217587534e-19
-7.986205989942282185e-19
-8.523828864008031419e-19
-8.650575720621113436e-19
-8.775847491078859324e-19
-9.554018534701523979e-19
-1.000866650124438024e-18
-1.013614864078674133e-18
-1.084409544398436399e-18
-1.129491990862894241e-18
-1.295842984879878833e-18
-1.633634422233900552e-18
-2.455559878140531913e-18
