-5.568468094182494298e-03
-2.061642440228030927e-03
-1.950159406755986886e-03
-1.371845943494456833e-03
-1.248486119643924148e-03
-1.023913069259651826e-03
-1.002071107432788355e-03
-9.542720456291362528e-04
-8.860785869194131312e-04
-7.611937897226195076e-04
-6.810059054984553403e-04
-4.870826032163576790e-04
-4.105962860876097081e-04
-3.414949544543480426e-04
-2.810689025631432961e-04
-2.267008429566129402e-04
-2.028885359892372326e-04
-1.792533228781483304e-04
-1.596838479225978129e-04
-1.335777598376729908e-04
-1.273441147519510435e-04
-1.084105432741038725e-04
-9.345299363788801925e-05
-7.914264027998583226e-05
-6.122510324782117874e-05
-5.947887634480977071e-05
-5.548988747738396407e-05
-5.249589477734267138e-05
-4.618037459364444859e-05
-3.830568781841417659e-05
-3.730478976638850456e-05
-2.913480120288118960e-05
-2.762937240952652529e-05
-2.482092594397179201e-05
-1.871962407360103919e-05
-1.647904558423186371e-05
-1.577795751752668118e-05
-1.121928280134465439e-05
-9.989343303194969485e-06
-9.091829353760926113e-06
-7.601849406724034945e-06
-6.524036235770089288e-06
-6.215031069114821821e-06
-5.015133571872574775e-06
-4.460924908227398774e-06
-3.960136910582794936e-06
-3.174937606842063112e-06
-3.047171687465715781e-06
-2.575245533834738506e-06
-2.151152304551230866e-06
-1.883592952079264399e-06
-1.797872983837114310e-06
-1.503170137846757503e-06
-1.296867939707340360e-06
-1.180934930351055416e-06
-8.560125372483540751e-07
-7.612245358721168447e-07
-4.297592160009585962e-07
-4.163987441913489181e-07
-1.828031480783716057e-18
1.885161539111568941e-19
1.330713160456914411e-08
1.244846140394875597e-07
2.199739448134845831e-07
2.848234332614669919e-07
3.666349639488320124e-07
5.888825642696862375e-07
7.033409603239419656e-07
7.915610820284488021e-07
8.632957750357431834e-07
2.110801565895825686e-06
2.597463225263566602e-06
2.635221947324432548e-06
2.893745573994567839e-06
3.043095461657167208e-06
3.261954350739934591e-06
3.856017119833997070e-06
4.360230955172443988e-06
4.536793877540873779e-06
4.842511856322098286e-06
5.150557219581839004e-06
6.477706760901552858e-06
7.003585015827004553e-06
7.234138209938608981e-06
7.680134479693202220e-06
8.228156743772832595e-06
8.491993969817342543e-06
9.467932037424755341e-06
1.039620530177789235e-05
1.197929165449771426e-05
1.233095882582741249e-05
1.253477239974594144e-05
1.277201928427544742e-05
1.325120844600804407e-05
1.376730118183292586e-05
1.505210418981192524e-05
1.561881387632096049e-05
1.603340157416455360e-05
1.657806492904750656e-05
1.744672514461978493e-05
1.771646567249780010e-05
1.821650786289322243e-05
1.878706844626337830e-05
2.019245903016546030e-05
2.032514867477085480e-05
2.056329810119997422e-05
2.139171263513339147e-05
2.288439597224795112e-05
2.330690745263884657e-05
2.356840354192309860e-05
2.475234407814600325e-05
2.582940571439913861e-05
2.603564426956550692e-05
2.678020270959672225e-05
2.759953320205486713e-05
2.801474863342204535e-05
2.895186757784094295e-05
3.003052880209988547e-05
3.091952522246509518e-05
3.172925240334682680e-05
3.209973013196671917e-05
3.336545791988576994e-05
3.370849663423256849e-05
3.426194051468231207e-05
3.578680421275952318e-05
3.669254895549880883e-05
3.747300902464376950e-05
3.843839652309177991e-05
3.918192220657307911e-05
4.057900905138025647e-05
4.193719214507164494e-05
4.308328801093321177e-05
4.448168870913092685e-05
4.517233558120391864e-05
4.716433087993456019e-05
4.740228352875830339e-05
4.875915613067792421e-05
4.981275856173805126e-05
5.066327873582656056e-05
5.168103405884373971e-05
5.307702078712176640e-05
5.476461722139684896e-05
5.565971520262755310e-05
5.705709690690604914e-05
5.764139368762257403e-05
5.834578314295542405e-05
6.017524784763010685e-05
6.208086387969824699e-05
6.473698159032207061e-05
6.593194282382908915e-05
6.612385861959614824e-05
6.680677868540585256e-05
6.912104851404194999e-05
6.969241178041199719e-05
7.114752303327427207e-05
7.312469324539864048e-05
7.349319631328299471e-05
7.600835029474842990e-05
7.757958771900612242e-05
7.875998482184883595e-05
8.207947034639500846e-05
8.305429690725547637e-05
8.481074771339278432e-05
8.616460249764886880e-05
8.768570830403121590e-05
8.988320402049255055e-05
9.368444272429398562e-05
9.424589701419159335e-05
9.574077603646638545e-05
9.732191563464198539e-05
1.011350677573316057e-04
1.023276494341328119e-04
1.029329481110811235e-04
1.035669766550358203e-04
1.071070039206821549e-04
1.113879679635469992e-04
1.130422027595496349e-04
1.154103596110109400e-04
1.186021712461960841e-04
1.192647056122610324e-04
1.210932249668409874e-04
1.225141009929315737e-04
1.253233281489526919e-04
1.276123383281429103e-04
1.307034351836226164e-04
1.331620844980584085e-04
1.347356088917095983e-04
1.378090990585820240e-04
1.396178240389529606e-04
1.399217224423540587e-04
1.417776544355815673e-04
1.460779816041057693e-04
1.495646879306819087e-04
1.518102031526454205e-04
1.546490796955844716e-04
1.577329850568199676e-04
1.595065423395982394e-04
1.613873340316637436e-04
1.650741739949145037e-04
1.683994842021030393e-04
1.729939561536022595e-04
1.751199551873484082e-04
1.757679049343908084e-04
1.837994114838116305e-04
1.849875841801524494e-04
1.916409442663256143e-04
1.935258102588484071e-04
1.971407468941465194e-04
2.005371211600241060e-04
2.044922757962915863e-04
2.058600321270381286e-04
2.099755648349209902e-04
2.132333661815480656e-04
2.194204559160255099e-04
2.260547516059809047e-04
2.298810269715683200e-04
2.327171164432930383e-04
2.369866543808339004e-04
2.400130055880210066e-04
2.441004715056379433e-04
2.488580550857414915e-04
2.543231753058567291e-04
2.601732388670618089e-04
2.677464146356741239e-04
2.717342940232475188e-04
2.745686435925442665e-04
2.789560712999114675e-04
2.879225125570596469e-04
2.929083844949118562e-04
2.952864719542463729e-04
3.011994199073815309e-04
3.017812009724132882e-04
3.054687134414685377e-04
3.151455814956188200e-04
3.195615752110002490e-04
3.236039855482293419e-04
3.242481853609148392e-04
3.385208042635322692e-04
3.505874731244567363e-04
3.614453985515662677e-04
3.663479977807794887e-04
3.696526361855589221e-04
3.723644212386106986e-04
3.810146648766443494e-04
3.848691390808968416e-04
3.924786857430407261e-04
4.002074296963954616e-04
4.009397488456066766e-04
4.075956021717896624e-04
4.162473482453261453e-04
4.261868354307888403e-04
4.333679499406585100e-04
4.431601648517923247e-04
4.568701038945348022e-04
4.645536443822506113e-04
4.772744146565721787e-04
4.803964648521078830e-04
4.831075108451493658e-04
4.891550857355570154e-04
5.063754037207705621e-04
5.078426740335993282e-04
5.121555732067594336e-04
5.273030708526555733e-04
5.461115968114304111e-04
5.555503191950964936e-04
5.593034222061338051e-04
5.744361019958608679e-04
5.863460289386093890e-04
5.900962008087254655e-04
5.966830711391907629e-04
6.137919698855294525e-04
6.244622973877084248e-04
6.294857909459987411e-04
6.360359951945841490e-04
6.563432198904042662e-04
6.755987036968682646e-04
6.856701112080466638e-04
7.021453097799137911e-04
7.204300908515471908e-04
7.217667720113491499e-04
7.307287729088511119e-04
7.328700168569886189e-04
7.496388949919814129e-04
7.703487605682352544e-04
7.768660228282420893e-04
7.903557599018877977e-04
7.961934480579950556e-04
8.174419377822744921e-04
8.451981054867225684e-04
8.560108932166744919e-04
8.864020090063275863e-04
8.995045978154456645e-04
9.101876015417137032e-04
9.362610670839057857e-04
9.633311776899045617e-04
9.802315255384851534e-04
9.953395081420508220e-04
1.007470427163874695e-03
1.027220760274652608e-03
1.047312319088888454e-03
1.052243398961056698e-03
1.062473507406363864e-03
1.077714073512860962e-03
1.082025785880888057e-03
1.129951476999107663e-03
1.161742280742912537e-03
1.181881523249862787e-03
1.191161129557954251e-03
1.193968091803753948e-03
1.230413329608794331e-03
1.246045932750937130e-03
1.296708339530530793e-03
1.302221213910219506e-03
1.316334551500161244e-03
1.346709524966605313e-03
1.391626766718531520e-03
1.431119903292618666e-03
1.460624299836114481e-03
1.470179404477247112e-03
1.484219593957861356e-03
1.570923964475763254e-03
1.621198803554889205e-03
1.638248660171690669e-03
1.651809983809880093e-03
1.701242145315476828e-03
1.739424058318487457e-03
1.756164097002574321e-03
1.773273316984311319e-03
1.782828934962313707e-03
1.856146155255853237e-03
1.886729031116670188e-03
1.903964723803556981e-03
1.940412830520080959e-03
1.974448885198989805e-03
1.990345939526578199e-03
2.073646839958724272e-03
2.097818200411527209e-03
2.154613884839106167e-03
2.195311426300184960e-03
2.228906019957341451e-03
2.274255834070131304e-03
2.352340640781415415e-03
2.424281535597470373e-03
2.460192245751642061e-03
2.498106230046012125e-03
2.603301173353311446e-03
2.680110239524152553e-03
2.695350834608612692e-03
2.787879203306564344e-03
2.795991953272347185e-03
2.886329432815372496e-03
2.895346975574991048e-03
2.937472472433165071e-03
3.084873526986578202e-03
3.133474208521830687e-03
3.323157827770956575e-03
3.359885015399308519e-03
3.459021277784620884e-03
3.474167318491414025e-03
3.544411586699359150e-03
3.572505591389591069e-03
3.601615256876322581e-03
3.648530357417821123e-03
3.712601213292479867e-03
3.788337649676031416e-03
3.879338119969068938e-03
3.993427918463455378e-03
4.062885269492698577e-03
4.298125742417857956e-03
4.355966804613677079e-03
4.489372248264831590e-03
4.563271585773006310e-03
4.716786317419728244e-03
4.760615868122724040e-03
4.970402084504401373e-03
5.045034304367497675e-03
5.289314662681950802e-03
5.373419752850886605e-03
5.562195288846657343e-03
5.728822427838414603e-03
5.834270935468212349e-03
6.004945569292868303e-03
6.332404741611212355e-03
6.504504910377678119e-03
6.714346675966381336e-03
6.813739813250080206e-03
6.942737646146703891e-03
7.171076721526626827e-03
7.288433580904417862e-03
7.500198431169337668e-03
7.698441943832696338e-03
8.030123828101143335e-03
8.222165260687346738e-03
8.618864598092589729e-03
9.062294811317612303e-03
9.594007837284843770e-03
9.727869005992288362e-03
9.910293716109545500e-03
1.068933305025121863e-02
1.076987256849353675e-02
1.093135624018332606e-02
1.153511012041884103e-02
1.171296124561081557e-02
1.233726305220360364e-02
1.243986838612951354e-02
1.349937617132328758e-02
1.391080458654756109e-02
1.442376424014307074e-02
1.484822049139814318e-02
1.587581305571645479e-02
1.658918287029966659e-02
1.875603144648992082e-02
1.955526041013658581e-02
1.983465178374530999e-02
2.177871197481364568e-02
2.269681495636035468e-02
2.468886459147628248e-02
2.513551428924025791e-02
2.787148708259162139e-02
2.890856351254647572e-02
3.050163128449012023e-02
3.226870676858407255e-02
3.338198256532989849e-02
3.564477629316745166e-02
3.989526454248048387e-02
4.584524947114718141e-02
4.656182292287247559e-02
5.736734708698877638e-02
5.946849136928770291e-02
6.707864266158843070e-02
6.757242996674317492e-02
8.183133175158312234e-02
8.869829591056500873e-02
9.915666252930363522e-02
1.096621869468986099e-01
1.600001875690804098e-01
1.647655792491062587e-01
2.116857745929610346e-01
3.540177635473890083e-01
4.426813759787633917e-01
6.104400003243768413e-01
