1.757450581576453646e-02
1.533132147013221286e-02
1.168780624846780386e-02
5.455722616380482767e-03
3.987084892396451120e-03
3.772188635160098232e-03
3.351552705798906129e-03
2.031272717855546039e-03
1.916217514764082279e-03
1.880458953310195106e-03
1.702727104257216809e-03
1.610185368626777845e-03
1.476416338987251390e-03
1.440089852576974597e-03
1.396048728022084452e-03
1.347967489354426167e-03
1.250383153642742285e-03
1.218162696276675269e-03
1.148304575992507761e-03
1.086610912889710446e-03
9.468617278257846805e-04
9.304729366528044759e-04
9.166031258478863578e-04
8.691981655504122002e-04
8.553180800650776001e-04
7.656200156437703011e-04
7.534427276336874615e-04
7.176607685003082680e-04
7.148174760563621609e-04
6.865928741011447390e-04
6.711390811146870829e-04
6.530178739517325829e-04
6.107377164369013180e-04
5.849405068795362215e-04
5.621696272514485398e-04
5.390106283964025448e-04
5.204244505215156183e-04
4.941411005688914554e-04
4.918113725016436642e-04
4.770666500901252346e-04
4.634691924090593245e-04
4.506483349802776735e-04
4.364348181506745713e-04
4.251900985522041984e-04
4.141079758173737751e-04
4.049097590664638819e-04
3.973663825084524466e-04
3.911843994900447100e-04
3.662914652641715164e-04
3.559912938700665738e-04
3.458250255510333113e-04
3.412216690311152892e-04
3.327022462331546211e-04
3.315259074146599538e-04
3.165222312948826771e-04
3.114821932171677669e-04
2.987798849935153133e-04
2.980830736817133308e-04
2.899617051183823947e-04
2.777825023644603787e-04
2.705991542891353439e-04
2.656762019306986252e-04
2.599751814753018171e-04
2.495252977207568007e-04
2.418665881040103739e-04
2.371451946990532059e-04
2.364383016150407250e-04
2.193563080201072282e-04
2.156799398322762457e-04
2.089890185002422733e-04
2.079171061215356669e-04
2.043683052889271599e-04
1.995718042618954756e-04
1.944962294831346461e-04
1.873281118564473692e-04
1.850045414179953766e-04
1.821975290948214398e-04
1.798626534984322414e-04
1.763216488494194056e-04
1.749437667097686669e-04
1.626354271651203642e-04
1.599987448411613322e-04
1.567139390569328018e-04
1.530071965194862655e-04
1.501697365668024423e-04
1.456574648286176454e-04
1.423660052768658841e-04
1.370456299891314729e-04
1.347823002252969459e-04
1.337997649611896993e-04
1.281108996305999330e-04
1.248437295113082653e-04
1.211857791239948664e-04
1.210994088777702922e-04
1.180739352002478963e-04
1.149707441738433486e-04
1.100129880659893273e-04
1.088393516376713659e-04
1.055024628266857702e-04
1.035591430733551134e-04
1.004920723910001761e-04
9.773781141439962222e-05
9.634849069878389930e-05
9.408701138215560308e-05
9.129075882714573370e-05
8.928867864908076907e-05
8.743929220358233562e-05
8.677797790744840435e-05
8.568871050357654284e-05
8.033175593376567104e-05
7.943906587786865386e-05
7.754182743546200718e-05
7.674986993813534249e-05
7.512920366381067492e-05
7.346239625631829451e-05
7.209517982957636703e-05
7.116855404036104109e-05
6.958244719846299253e-05
6.686695020771786784e-05
6.465867158079895074e-05
6.411830424948726959e-05
6.311432223267240862e-05
5.933760297112493218e-05
5.806453945504802674e-05
5.720191702551582244e-05
5.680053059062416970e-05
5.515744374454711646e-05
5.333514909953259635e-05
5.250725914057237403e-05
5.197425480095489931e-05
4.952557072884407205e-05
4.922260178754775601e-05
4.750507055516381644e-05
4.611511819774561922e-05
4.537697549736507605e-05
4.489080831917586768e-05
4.372604721101554107e-05
4.155968631466428609e-05
4.029266265690250145e-05
3.966470760911239605e-05
3.797173218815887760e-05
3.728681352032895720e-05
3.680950365316338431e-05
3.619297319126580276e-05
3.484970556771870980e-05
3.377640577541759674e-05
3.359829932424746865e-05
3.262917336592817608e-05
3.203488164258683609e-05
3.103766759490663032e-05
3.018591357756067792e-05
2.943195259180674900e-05
2.882368810953875511e-05
2.824857407736709977e-05
2.780527852132466847e-05
2.650028214319409623e-05
2.630500073046180282e-05
2.576510707329598439e-05
2.510098917002925249e-05
2.430227209362516676e-05
2.411445210639603514e-05
2.368535456745644434e-05
2.309768648311001109e-05
2.246148099269402882e-05
2.184499314902608490e-05
2.103474287290714947e-05
2.081378640450815530e-05
1.986676254563244146e-05
1.978683290155207303e-05
1.953203141912719987e-05
1.876471460506458418e-05
1.860823712818757798e-05
1.810794860738695146e-05
1.775312029691054967e-05
1.707819687209295330e-05
1.654946850135250683e-05
1.613171599328323252e-05
1.561952445874897587e-05
1.549597247602828333e-05
1.485635807248989519e-05
1.451201397804296047e-05
1.425401893277821479e-05
1.367770377458616614e-05
1.312874398966457738e-05
1.296768591712369053e-05
1.257024137932133276e-05
1.210072333290240896e-05
1.189125767280573051e-05
1.154293446049044660e-05
1.150090161674603211e-05
1.124480471466518964e-05
1.103376755536026966e-05
1.073396800741864492e-05
1.009047231167928255e-05
9.890284208370789820e-06
9.640232678331755488e-06
9.234455890633081881e-06
9.187113377745162224e-06
8.758239439870933547e-06
8.530714366865722024e-06
8.064948373098022562e-06
7.786697824382762402e-06
7.607532304539904606e-06
7.293764382738604385e-06
7.146915473660422098e-06
6.762514318894604544e-06
6.583846719071324548e-06
6.304480326166638852e-06
6.122841599939131558e-06
5.767066511238923835e-06
5.387504728191990056e-06
5.231862137335595322e-06
5.098940781521044718e-06
5.048975869080313852e-06
4.950132163067103791e-06
4.839724939079619778e-06
4.524146863160932738e-06
4.316169614114522625e-06
4.257646030184861563e-06
4.053611875749301880e-06
3.938794584307634035e-06
3.759825228296895655e-06
3.591720739393159459e-06
3.330246664538132076e-06
3.270485234224608866e-06
3.227926186122529624e-06
3.091905060935326951e-06
2.927487584099127196e-06
2.815335254190717249e-06
2.685608937819669423e-06
2.663182529543110132e-06
2.537726103623028519e-06
2.513934179678984765e-06
2.317948336795955033e-06
2.248682169948739763e-06
2.089533628787625526e-06
2.021090222879638963e-06
1.793725371662716989e-06
1.752583420933892105e-06
1.621619834294281710e-06
1.496546406643902565e-06
1.434804687035673817e-06
1.332862042897022219e-06
1.248683935629046969e-06
1.161278873395261064e-06
1.054982556931209065e-06
9.398787932348862978e-07
7.887978282822425267e-07
6.962876509454484301e-07
6.311184450290046051e-07
5.680906286171891824e-07
5.119108618889456553e-07
4.411534345909067201e-07
4.126403166704329331e-07
2.541940256374352443e-07
2.297635756621577747e-07
1.466129223128945255e-07
1.125333886194920486e-07
5.339857595783641157e-08
2.399904106187219515e-08
1.113774228709288393e-19
9.570077965713436467e-21
-1.896609622909768621e-08
-7.493917513918968806e-08
-1.534792804705318354e-07
-2.248803795630819445e-07
-2.624934195372807587e-07
-3.697577204105222849e-07
-4.023878943685458641e-07
-5.007142493937523144e-07
-5.468119430965159283e-07
-6.528011439637858902e-07
-7.633689580981223260e-07
-7.948586121301069137e-07
-9.986941632971971448e-07
-1.036686073399789542e-06
-1.111862467451110697e-06
-1.205020622508096690e-06
-1.315113791403402474e-06
-1.461863458609809022e-06
-1.683328691844596499e-06
-1.737624739475797627e-06
-1.956282793728713415e-06
-2.126070155670696899e-06
-2.296183972009339829e-06
-2.407507454585506408e-06
-2.480173425302774511e-06
-2.631956630338853806e-06
-2.850248523324949987e-06
-2.992876718385650503e-06
-3.159781519195196830e-06
-3.378267932118322930e-06
-3.577166690264359730e-06
-3.897269088615247924e-06
-4.156987807420418551e-06
-4.344375713292084656e-06
-4.817377410111133936e-06
-4.869690204469206891e-06
-5.108162084809754774e-06
-5.335278497256865079e-06
-5.513955243167242863e-06
-5.633009856345813345e-06
-5.899720544895345601e-06
-6.183477125989060142e-06
-6.415370075778173821e-06
-6.802570731068245144e-06
-7.199925298928501802e-06
-7.426529853776300341e-06
-7.576642935298161541e-06
-7.923936438665611087e-06
-8.599998820337669038e-06
-8.911446826535444421e-06
-8.996649129460341436e-06
-9.861550373221260280e-06
-1.002592495786998565e-05
-1.055118125065136860e-05
-1.068515260866825968e-05
-1.137697064987438134e-05
-1.185200940979523511e-05
-1.230065138112463788e-05
-1.256670003976905185e-05
-1.299196225401435886e-05
-1.375730447259127103e-05
-1.435119861961495194e-05
-1.453006359462570142e-05
-1.587634259734472820e-05
-1.616987062342064739e-05
-1.648864407490323907e-05
-1.770187216942873846e-05
-1.794654070140596529e-05
-1.863776379241117905e-05
-1.866112616017309115e-05
-1.947530588690497347e-05
-2.051427710701096940e-05
-2.134005657640186384e-05
-2.151954617520129300e-05
-2.290134684787664926e-05
-2.355502241781195827e-05
-2.496579097205126982e-05
-2.579173730534196755e-05
-2.591992917989600318e-05
-2.651563654709220672e-05
-2.734094458972085648e-05
-2.947168362193072744e-05
-3.005009880786958953e-05
-3.027684495082933182e-05
-3.140863438057082149e-05
-3.195611546108455823e-05
-3.477336635866325556e-05
-3.590762652962975194e-05
-3.646068828266825924e-05
-3.769078879505448809e-05
-3.979042047213280286e-05
-4.131671388466770452e-05
-4.217392610869732982e-05
-4.350090933041324140e-05
-4.530956344596483501e-05
-4.669385934188754068e-05
-4.780831728924647862e-05
-4.949720069608146188e-05
-5.114581933583805981e-05
-5.383320997233285348e-05
-5.513526324882796214e-05
-5.674090029978351088e-05
-6.062536400563042332e-05
-6.110764670727994116e-05
-6.369342266052821435e-05
-6.599375729014347956e-05
-6.645333335401536689e-05
-6.743785798913323000e-05
-6.964500713416172533e-05
-7.166368130059149919e-05
-7.417472671046888562e-05
-7.730719071553862761e-05
-8.067871070355956363e-05
-8.240192467150280451e-05
-8.346463732760711087e-05
-8.930602439842097527e-05
-9.475221256327446715e-05
-9.808671638960765192e-05
-1.004567658727458667e-04
-1.055138143575801672e-04
-1.095245338876408198e-04
-1.111290030954220572e-04
-1.141924362618236977e-04
-1.177576817393244482e-04
-1.194026936054683684e-04
-1.266055331481708598e-04
-1.278453453634197947e-04
-1.311939131316976041e-04
-1.333132219245406229e-04
-1.451117518361306655e-04
-1.483577344259925175e-04
-1.509465934607027819e-04
-1.535316868663260954e-04
-1.592307930319454827e-04
-1.642490464214520424e-04
-1.659057445615400180e-04
-1.703341592501194518e-04
-1.733218882737297883e-04
-1.758444266471673623e-04
-1.840012765268933049e-04
-1.876054501134971240e-04
-2.002332385894154418e-04
-2.065110320060414416e-04
-2.147859871448146727e-04
-2.283210783465465337e-04
-2.380547625867982279e-04
-2.459507356239774649e-04
-2.476447502071018334e-04
-2.539812156516002757e-04
-2.638938522206546304e-04
-2.795242691889686035e-04
-2.888839449397608570e-04
-3.057254375666499237e-04
-3.081495372541286841e-04
-3.208731563656237935e-04
-3.350061568805116712e-04
-3.644707337674281508e-04
-3.774460288367491550e-04
-3.860314754283065909e-04
-4.036332590943105436e-04
-4.126649986851432415e-04
-4.272375094526669175e-04
-4.598656349676760974e-04
-4.932565144913428345e-04
-4.991104529043305588e-04
-5.528265215613905074e-04
-5.639949793643745995e-04
-5.918638054576192027e-04
-6.103085421410988851e-04
-6.229991166250848636e-04
-7.077924594637188642e-04
-7.274436054438937309e-04
-8.608324152850697474e-04
-9.154052466937333613e-04
-9.727434053003801515e-04
-1.040819584701043561e-03
-1.178561181525409132e-03
-1.561303316277350009e-03
-1.798935029750411974e-03
