8.066766375109060846e-05
5.608170652301734433e-05
3.085440115663939394e-05
1.863635780858531442e-05
1.592770594942593588e-05
1.038653638728598751e-05
8.352692742907522766e-06
7.339106980720447342e-06
6.065817946336014685e-06
5.207300907366740811e-06
4.549549770463466926e-06
4.507062554251340848e-06
4.021664715034090514e-06
3.445079193486654382e-06
3.124790159545780715e-06
2.614689759414400647e-06
2.463590757277783865e-06
2.414919576705329654e-06
2.263258478545109684e-06
1.598186619921686259e-06
1.367426632452859251e-06
1.134448502624089286e-06
1.058248996046420953e-06
6.484936473194774813e-07
4.228737728195725084e-07
1.995440824915904320e-19
1.259011795262110995e-19
9.355503233896381044e-20
8.471656924407992182e-20
8.014588068312134075e-20
7.623233148530087721e-20
7.056641764324036126e-20
6.599975773011510681e-20
6.299619554653018437e-20
6.235811879538986294e-20
6.034869615336023560e-20
6.001316489125775469e-20
5.717867232819152330e-20
5.643000280488711426e-20
5.494186030066107791e-20
5.300935089603409614e-20
5.157346293315698209e-20
4.902467767806875323e-20
4.800500737011487013e-20
4.693283768400321627e-20
4.478529565209243022e-20
4.439730439644616352e-20
4.325741644257840598e-20
4.277760748995556994e-20
4.268499373712884138e-20
4.108287628510569724e-20
4.039697421923409740e-20
4.008718589584905898e-20
3.789262949923832867e-20
3.678769964264255104e-20
3.656049085235696560e-20
3.561958293540910261e-20
3.548652902002103567e-20
3.487463436005422526e-20
3.455042423295633313e-20
3.367142145375324783e-20
3.333895524725542727e-20
3.178064370416090454e-20
3.127597010691759514e-20
3.093201125411433829e-20
2.991426511762011037e-20
2.966820170015787665e-20
2.932392330193388919e-20
2.896923102316938995e-20
2.860793854892585146e-20
2.830944705368175582e-20
2.733521292237773964e-20
2.679568257302972875e-20
2.642416718304699545e-20
2.607131610419438553e-20
2.505234824096955181e-20
2.476901854240358231e-20
2.432454826339563211e-20
2.393737607651867546e-20
2.352070925850878574e-20
2.340953522408985392e-20
2.304811359512700739e-20
2.269894031709023511e-20
2.230761152916970698e-20
2.203147817831595630e-20
2.114108761216308024e-20
2.083964536247337732e-20
2.039075669288709151e-20
2.030799896142787549e-20
2.005090430589776056e-20
1.961954024459997883e-20
1.935332292509474994e-20
1.900042655159250660e-20
1.875995782866027534e-20
1.849185873649390792e-20
1.766108673930370590e-20
1.758229188681152327e-20
1.730422497798433981e-20
1.721055640654436043e-20
1.684787481783434123e-20
1.641771515411910564e-20
1.618496839351683186e-20
1.604490465161582130e-20
1.571659071602530496e-20
1.493322094053418868e-20
1.488215279300506912e-20
1.481425416741877511e-20
1.465397819624854644e-20
1.460084891941140160e-20
1.428558550404494391e-20
1.386333055200245899e-20
1.360820338964509784e-20
1.352359288462080825e-20
1.336467782864911165e-20
1.321026054409059058e-20
1.296744723204001646e-20
1.272028024578163066e-20
1.259672932377808158e-20
1.240767337015364488e-20
1.217091305400766793e-20
1.188191291842447085e-20
1.174424554535722162e-20
1.137630422766052128e-20
1.128008432128771616e-20
1.113292139847489992e-20
1.094879209281198994e-20
1.077859399763257204e-20
1.064183985371573594e-20
1.047609922238408877e-20
1.037011271601654607e-20
1.009513281156939673e-20
1.002028064008965947e-20
9.767939492678413869e-21
9.615504184168503117e-21
9.468351828495964200e-21
9.121421178014490835e-21
9.022157766386633439e-21
8.726759484143646826e-21
8.469640617327991683e-21
8.352819044945730133e-21
8.176754902171920693e-21
8.138091822461187746e-21
8.022551932920959618e-21
7.754746175824789664e-21
7.577460237702030330e-21
7.447960304958501672e-21
7.268009654117111683e-21
7.121589031912017267e-21
7.035588789485521394e-21
6.724300638456436283e-21
6.674740337354493773e-21
6.570324243191780061e-21
6.463855612584474742e-21
6.440042026245307745e-21
6.243027403154785870e-21
6.075232763924399119e-21
5.781230333633562650e-21
5.733220799183696091e-21
5.676154233358440096e-21
5.600278931496542979e-21
5.410815683351116815e-21
5.298747931562142311e-21
5.270649085782941152e-21
5.115968203564416616e-21
5.023188595345823678e-21
4.795404698391465743e-21
4.738768263277266119e-21
4.560063712329801338e-21
4.439732272750474735e-21
4.309333668208438239e-21
4.265878539470823606e-21
4.111918208912609556e-21
4.087885350189867843e-21
3.933945441153286709e-21
3.762668595749042808e-21
3.707736531825105552e-21
3.613906396593879672e-21
3.555924828358594087e-21
3.493537506386132771e-21
3.446339712194100499e-21
3.421806784430555528e-21
3.264178311230092345e-21
3.211213595131755390e-21
3.089069807683482528e-21
2.961992000087468037e-21
2.938995709476902882e-21
2.842602105845424950e-21
2.828293321011594162e-21
2.732688341591458541e-21
2.659539680791530117e-21
2.601783737295043689e-21
2.540162098015844114e-21
2.436371255300724786e-21
2.395757910955697324e-21
2.236687083646810572e-21
2.130900955096238036e-21
1.952725092218156359e-21
1.906872283375023393e-21
1.840503856914836351e-21
1.806412793324103082e-21
1.643067298901307106e-21
1.620499165425516398e-21
1.572572610649765014e-21
1.490017306453679164e-21
1.394438642690169549e-21
1.365375675169898682e-21
1.278550516625060177e-21
1.274985435435126345e-21
1.170817307456720892e-21
1.107753501687102929e-21
1.052930368060698263e-21
9.642165557091779206e-22
9.181571646934710908e-22
8.738875209915271636e-22
7.574240242013732647e-22
7.096279947924827960e-22
6.520752612051300328e-22
5.745166608253125557e-22
5.326223755977588090e-22
5.169667110815965569e-22
4.375358508850660271e-22
4.215223634870193252e-22
3.663711106714615011e-22
3.467044710986212583e-22
2.948705897708626492e-22
2.742505893646304893e-22
1.763031669232964965e-22
1.514412662480730987e-22
1.350402679956479881e-22
1.244516495613422915e-22
6.975704416152138467e-23
9.185557772199575394e-24
-1.575378373887878048e-23
-6.928873331935689081e-23
-1.025728774991149668e-22
-1.398255907409944931e-22
-1.763081905968495054e-22
-1.893288795259837138e-22
-2.346182824812922320e-22
-3.036644603795621853e-22
-3.403474422546697042e-22
-3.580900927318610810e-22
-4.518412765451247775e-22
-4.834668956734426020e-22
-5.513678570444602261e-22
-6.093851508456697622e-22
-6.952889649270092150e-22
-7.019740829466615695e-22
-7.237774759063573557e-22
-7.967483609185525315e-22
-8.825837804409073415e-22
-9.212430371632943356e-22
-1.009782646577955253e-21
-1.066181396959108996e-21
-1.072055610768003938e-21
-1.125599231258383214e-21
-1.199348955370611546e-21
-1.300602562382003288e-21
-1.314152818154845094e-21
-1.352954602258774807e-21
-1.468786458916744523e-21
-1.534534258718591541e-21
-1.598317026785468505e-21
-1.688157557231119021e-21
-1.753678666443768572e-21
-1.828629733539260130e-21
-1.879418602403954415e-21
-1.896748825362033351e-21
-2.009367458347618602e-21
-2.025243329208281055e-21
-2.052015790302878954e-21
-2.194613049202313771e-21
-2.254013737832474210e-21
-2.296889840888387402e-21
-2.464252060930752848e-21
-2.582508683108648673e-21
-2.673181335100109774e-21
-2.723540507593936001e-21
-2.861868063392603938e-21
-3.014673157333718123e-21
-3.110953738655168808e-21
-3.124280017688875882e-21
-3.234369731128007772e-21
-3.293090594872757642e-21
-3.339081168827763584e-21
-3.418423377291391031e-21
-3.530696649145686371e-21
-3.613241771639020574e-21
-3.698300529094189904e-21
-3.739812224851142278e-21
-3.867637472676242391e-21
-4.006800739199891363e-21
-4.075011885927765529e-21
-4.172958756765200717e-21
-4.226821178914914416e-21
-4.332898564661433527e-21
-4.585721295516550994e-21
-4.687826243671722225e-21
-4.853063279590883579e-21
-4.905279469943904757e-21
-5.025924339077922603e-21
-5.053475772509517942e-21
-5.225307890172762947e-21
-5.455271891092546920e-21
-5.564428635867221289e-21
-5.622940069537993809e-21
-5.695254760264968041e-21
-5.942119943069201411e-21
-6.096903602852481742e-21
-6.168474913263983075e-21
-6.303319625935936125e-21
-6.401981358720148844e-21
-6.479606380603252418e-21
-6.511991191089346377e-21
-6.845486680754624677e-21
-6.949924659197395116e-21
-6.970500560692575142e-21
-7.238280503169688914e-21
-7.425788411067239678e-21
-7.526652995946419706e-21
-7.648138774865066303e-21
-7.852144671882947373e-21
-8.063752469838404728e-21
-8.212484298955763957e-21
-8.291316423222897989e-21
-8.493037034919319783e-21
-8.642949144150214823e-21
-8.707185225932069019e-21
-8.961058180504911196e-21
-9.098861830592861478e-21
-9.408685785933301219e-21
-9.553729985195961577e-21
-9.707478184887553686e-21
-9.862362632320179975e-21
-1.009655747238033290e-20
-1.011728364235663836e-20
-1.027651033881297987e-20
-1.046769905113833753e-20
-1.069131315978037206e-20
-1.116255051364937203e-20
-1.131497553332082515e-20
-1.139113447873886657e-20
-1.151323766111134833e-20
-1.178526814414400140e-20
-1.195234294400137300e-20
-1.220755378583676555e-20
-1.230950637547064231e-20
-1.262817740795357166e-20
-1.282405688974180099e-20
-1.300432925779556091e-20
-1.336311594361831371e-20
-1.345948334318106194e-20
-1.352160705426979966e-20
-1.393013970402175605e-20
-1.411915447750421141e-20
-1.456327443510985543e-20
-1.505485159551185951e-20
-1.530999680478725134e-20
-1.547212772165114485e-20
-1.561244774804636126e-20
-1.590000717382161364e-20
-1.641914503818446619e-20
-1.648152448788236199e-20
-1.675148902967597998e-20
-1.700227425696651616e-20
-1.745237426835039719e-20
-1.773098671371278415e-20
-1.789836798818934811e-20
-1.812296161433769364e-20
-1.831162847527030617e-20
-1.878893403428903214e-20
-1.918042768862793464e-20
-1.945492338578377732e-20
-1.972035196634374430e-20
-2.021706138727415203e-20
-2.070847257049721043e-20
-2.085540484914730501e-20
-2.132029937043881671e-20
-2.169842455690810074e-20
-2.191860633198155143e-20
-2.251266170782488409e-20
-2.291207095793031640e-20
-2.322528593747500211e-20
-2.383215214133923616e-20
-2.387025500343553775e-20
-2.454767818875552478e-20
-2.467714670322881655e-20
-2.492633938832215805e-20
-2.510636296274511823e-20
-2.592647729204552034e-20
-2.604438533930898781e-20
-2.647658986271835808e-20
-2.694817602273731294e-20
-2.731051924778041403e-20
-2.812674721464668946e-20
-2.871904313877818319e-20
-2.927133350724685701e-20
-2.961751347296425213e-20
-3.012868733215835940e-20
-3.083294515226235507e-20
-3.133088769661593001e-20
-3.186389216026886740e-20
-3.237573555428511665e-20
-3.295236882311405325e-20
-3.323781226926404117e-20
-3.371521259593627087e-20
-3.488692963663453324e-20
-3.573491773722637541e-20
-3.669595549022878507e-20
-3.689861350782058767e-20
-3.754923589999719253e-20
-3.784032363680419877e-20
-3.918814473199164540e-20
-4.017176642219459642e-20
-4.033096019214855400e-20
-4.151227588009420742e-20
-4.247174732380680816e-20
-4.425829893293846152e-20
-4.505107780109778228e-20
-4.630419255510847729e-20
-4.708700989713060815e-20
-4.854838709270053281e-20
-4.931510904115467726e-20
-5.002440404590740449e-20
-5.143474074257398075e-20
-5.276957678938813621e-20
-5.459686716519200933e-20
-5.685850828298589238e-20
-5.807653589652475318e-20
-5.903159192871245425e-20
-6.037566374010919262e-20
-6.182356321082033178e-20
-6.738677913447390448e-20
-6.881434913318583023e-20
-7.222009698954821331e-20
-7.296718840984116921e-20
-7.696401617069478142e-20
-8.281574710791762821e-20
-9.611467030609532540e-20
-1.016465197332593595e-19
-2.102896850488994646e-19
