2.345751456937392523e-03
2.106256476814017016e-03
1.596073533895913743e-03
1.397339844497159315e-03
1.283977416423346491e-03
1.151195939140447089e-03
1.087351476382553486e-03
1.031445115467172690e-03
9.825393129064801789e-04
9.324053928406635106e-04
8.635278069306313647e-04
7.855811670260678210e-04
7.752764118367855761e-04
7.039547884439587922e-04
6.759119994774055295e-04
6.220002549419789261e-04
6.009624956027514618e-04
5.754048260584476195e-04
5.516908613562886751e-04
5.239565226195714350e-04
5.120860986670885268e-04
4.866106704811971515e-04
4.710658232068063822e-04
4.472540894551104850e-04
4.402028307279927410e-04
4.327200922218884822e-04
4.059290585676644672e-04
3.926373575588261227e-04
3.840275073188531064e-04
3.646395746824288042e-04
3.440643231902902762e-04
3.405366182052964232e-04
3.273580327373917689e-04
3.131664512104968389e-04
2.989227537877299024e-04
2.902275970571429817e-04
2.758370482601574486e-04
2.633890900417828898e-04
2.597383267564358457e-04
2.516078867580842713e-04
2.400393031858506624e-04
2.317425083776212277e-04
2.195392260106545680e-04
2.169672948001100349e-04
2.083824231142130301e-04
2.034622419551123155e-04
1.939838359141539252e-04
1.929152548132803582e-04
1.912411689746339346e-04
1.824058990601008215e-04
1.787174261776681918e-04
1.754474994709168448e-04
1.746681571144153926e-04
1.729130588614224257e-04
1.701828967369505420e-04
1.587145047026525669e-04
1.572884961490328306e-04
1.460104442537343513e-04
1.406760866245141003e-04
1.375710064810486770e-04
1.317066243041646145e-04
1.276615152859867546e-04
1.239840760860108887e-04
1.233333278653268676e-04
1.158428102877323714e-04
1.128997575468178825e-04
1.090789497298433276e-04
1.047918122652346400e-04
1.021908294023835879e-04
9.875189756430639788e-05
9.725476198052030764e-05
9.544019123431410432e-05
9.143889742768809880e-05
8.864107196160904228e-05
8.752985624526563025e-05
8.509692731370195433e-05
8.044302668479899881e-05
7.743183585182237844e-05
7.542709222251481630e-05
7.489642154428237310e-05
7.168307317639087514e-05
7.041021592143627381e-05
6.895921081076927404e-05
6.488370350334858865e-05
6.274398062332104905e-05
6.111864442892063357e-05
5.694741517133161478e-05
5.583004021056991247e-05
5.331532259668047527e-05
5.175822120477607580e-05
4.972667363936116220e-05
4.838316512800379393e-05
4.643881124810016854e-05
4.537223143230857789e-05
4.432759608765327465e-05
4.375064631485034580e-05
4.087925024450805758e-05
3.972892129135009004e-05
3.699050634446908291e-05
3.635669063667630233e-05
3.580863511168410327e-05
3.497485166760055274e-05
3.362388548600977236e-05
3.296399307082268699e-05
3.220016212042516084e-05
3.075267519290579007e-05
2.971637648913289052e-05
2.960072342188484993e-05
2.760011682923116819e-05
2.706777002923158122e-05
2.634429344318713198e-05
2.585370734515050523e-05
2.509815905078543333e-05
2.420635231949026136e-05
2.407069066960186151e-05
2.264243387481632472e-05
2.188051311962550146e-05
2.123690602774929706e-05
2.001640165320160345e-05
1.944630953343940704e-05
1.876236026817188035e-05
1.852074385596355581e-05
1.777633508473308685e-05
1.700306310038203925e-05
1.658816426870988585e-05
1.591470507930012131e-05
1.492526465106788106e-05
1.448639115398876645e-05
1.422583258302887234e-05
1.362527059156579552e-05
1.288718913708793973e-05
1.236210914830099773e-05
1.224742468530190405e-05
1.152064772510615745e-05
1.106462982859275208e-05
1.072437053162291408e-05
1.049066702461543891e-05
1.004962550049982319e-05
9.628631094582615465e-06
9.387977550026867707e-06
8.649194283262263250e-06
8.260367079548934361e-06
7.942822901639646628e-06
7.547046645822643082e-06
7.260529778968312402e-06
6.950059523976605677e-06
6.539630459628296521e-06
6.453787317261794581e-06
6.013927226279841483e-06
5.666389486315156237e-06
5.488385952417562375e-06
5.238809755406380629e-06
4.787357586063681829e-06
4.678685827580930908e-06
4.535447147697015629e-06
4.332064928911054487e-06
4.047283037441586618e-06
4.039471265453994714e-06
3.546591057124999741e-06
3.304588915773606422e-06
3.105461904045052029e-06
2.916146626307275879e-06
2.899118515589008761e-06
2.756033395637152235e-06
2.641997527084888685e-06
2.425390977866591665e-06
2.357426261807537862e-06
2.105260656849393195e-06
2.013951814727915571e-06
1.859245325008499881e-06
1.643514327053231578e-06
1.488075320702643514e-06
1.399586088583751441e-06
1.197020738008771011e-06
1.142410779728248108e-06
1.093401972712526170e-06
1.019584038149078710e-06
8.698165973971947989e-07
7.797411189438499763e-07
7.057653347382105095e-07
5.852447344278623731e-07
5.318195022681656022e-07
4.863911382212112852e-07
3.775251464647312316e-07
2.801922403712068379e-07
2.577528163182388937e-07
2.301702902971362418e-07
1.689338774743739461e-07
9.554956074788323826e-08
1.926674266411487057e-20
-2.360362475694843628e-20
-3.022090186190485525e-08
-5.775120181732469599e-08
-1.040091235209522597e-07
-1.623455871973445955e-07
-2.145548221600640219e-07
-2.769435142777211183e-07
-3.080169127771805717e-07
-3.517977841408801827e-07
-4.306702102837124137e-07
-5.853507316445341986e-07
-6.174069305682051082e-07
-7.247378370431362698e-07
-8.831026123672373931e-07
-9.371890740060116765e-07
-1.014551576477260173e-06
-1.136588860564369883e-06
-1.196737630953153510e-06
-1.269232994932726316e-06
-1.370352410294929665e-06
-1.458663848635568044e-06
-1.507894850316340921e-06
-1.769347123988828265e-06
-1.799045930893943762e-06
-1.905512127393027795e-06
-1.971187098918418626e-06
-2.143875395941084232e-06
-2.216472334942793083e-06
-2.271461753643090964e-06
-2.440360779150940096e-06
-2.490985660938186000e-06
-2.604945373416987531e-06
-2.766290517352131395e-06
-2.931025109691418490e-06
-2.941086887151496572e-06
-3.132663306091452635e-06
-3.220589481924985798e-06
-3.430229634388670730e-06
-3.631062985652568727e-06
-3.762778406536731761e-06
-3.839949085817093231e-06
-4.017285775710498246e-06
-4.346255768831283068e-06
-4.465497410435271159e-06
-4.678886827565712945e-06
-4.750754795163019885e-06
-4.888270768926748181e-06
-5.003912772296206385e-06
-5.457058125058928351e-06
-5.588887087020416281e-06
-5.827819569369029882e-06
-5.978808226047744094e-06
-6.135409268255078788e-06
-6.271810342163010074e-06
-6.422469604368630628e-06
-6.696760273768930770e-06
-7.055271407398507152e-06
-7.466325819796958631e-06
-7.917408624935817822e-06
-8.089962355329812998e-06
-8.484268224212796017e-06
-8.757878592015736063e-06
-9.043020069951517346e-06
-9.192739567681055304e-06
-9.413832960026170460e-06
-9.845783857029379363e-06
-1.002635180085021939e-05
-1.072831249120517504e-05
-1.089755273886508231e-05
-1.116076390977798217e-05
-1.138889390742801544e-05
-1.150947868045780801e-05
-1.156290295066719237e-05
-1.184038456657017968e-05
-1.231545346421359189e-05
-1.241676204447729229e-05
-1.276833884153022820e-05
-1.324053089403203918e-05
-1.360691268151637485e-05
-1.408009505809150556e-05
-1.422132102643215064e-05
-1.504860013434540232e-05
-1.534470580160978155e-05
-1.586172796298177440e-05
-1.605739372497076698e-05
-1.667120821409122215e-05
-1.693496126816549432e-05
-1.773783766615498657e-05
-1.807929346002483951e-05
-1.811854300712333063e-05
-1.877541983673127680e-05
-1.936776984271358033e-05
-2.004224831715775563e-05
-2.011063026122236115e-05
-2.133969567990683273e-05
-2.162077934504364558e-05
-2.191257211369478726e-05
-2.224616485224572903e-05
-2.270470284653722812e-05
-2.317186724039065475e-05
-2.370298656290516234e-05
-2.422948611247096332e-05
-2.540205752783488062e-05
-2.586438727074899635e-05
-2.656608242767730655e-05
-2.683883858946688934e-05
-2.724907520745539549e-05
-2.893225098243604347e-05
-2.962512950080694392e-05
-3.001605862979736232e-05
-3.047341407559285597e-05
-3.151704743451316885e-05
-3.191473032438518894e-05
-3.233879514455241587e-05
-3.436265141500785298e-05
-3.443993246270333781e-05
-3.571092791619220256e-05
-3.681729071540007329e-05
-3.719904069167430117e-05
-3.751729134647624817e-05
-3.902235122042782935e-05
-4.014036955063850882e-05
-4.207490553124675845e-05
-4.242010139449661668e-05
-4.363607098080907388e-05
-4.475917190579887747e-05
-4.511271099586600081e-05
-4.703560358161092006e-05
-4.735504753976002101e-05
-4.971125930265184558e-05
-5.120226192479182135e-05
-5.179988332753431045e-05
-5.269253661903240904e-05
-5.459023158256143374e-05
-5.525084979702088672e-05
-5.641580290896900768e-05
-5.692970123686442297e-05
-5.881320445105327644e-05
-6.031173246960581458e-05
-6.155278366494811579e-05
-6.336186906362311375e-05
-6.455313948306546853e-05
-6.693161878462171375e-05
-6.768381010510300384e-05
-7.032342327844497934e-05
-7.093618705235963100e-05
-7.355489211293117003e-05
-7.411226314119677785e-05
-7.563507201707255249e-05
-7.819112091319357157e-05
-7.915989874844172268e-05
-8.160108419508695803e-05
-8.394550703896868282e-05
-8.535029038640163897e-05
-8.612599252186914172e-05
-9.040717403712003261e-05
-9.200689494119479992e-05
-9.344068046867443599e-05
-9.568736178404688749e-05
-9.803325025714675338e-05
-1.001806546776572935e-04
-1.035499892788324308e-04
-1.038793618341718363e-04
-1.066625310882515722e-04
-1.103724010030501080e-04
-1.128625638161289617e-04
-1.153890895623773603e-04
-1.171420842149168844e-04
-1.206856435409336373e-04
-1.224446154328632358e-04
-1.248401411239231527e-04
-1.263012079941398921e-04
-1.265367720748311609e-04
-1.311363921004454953e-04
-1.360443377963478195e-04
-1.400439614992256298e-04
-1.426254556748293148e-04
-1.434792195803358608e-04
-1.492809012479568050e-04
-1.557513995758218455e-04
-1.588263146406626862e-04
-1.611302934493721124e-04
-1.666768047963976978e-04
-1.682529519663180859e-04
-1.713666923875798592e-04
-1.788476906671532609e-04
-1.842659367453749792e-04
-1.861338627825969956e-04
-1.884395245389319188e-04
-1.933152161442141278e-04
-1.959513710430036489e-04
-1.991245829834479880e-04
-2.040994147387640417e-04
-2.117381843052731352e-04
-2.141440184113723767e-04
-2.275499597209454416e-04
-2.304406990570835373e-04
-2.349638254883763106e-04
-2.468548883096731796e-04
-2.534280588769122840e-04
-2.595795299635569420e-04
-2.611281748987939180e-04
-2.648002988601873969e-04
-2.747683332188319174e-04
-2.838507901417265038e-04
-2.887898624850729064e-04
-2.958156236586563471e-04
-3.009618982688844397e-04
-3.099409296921380296e-04
-3.170625458788183925e-04
-3.268949733809477210e-04
-3.293172751765461323e-04
-3.479524984003410227e-04
-3.554857846405409653e-04
-3.640369221253839539e-04
-3.810334670390950833e-04
-3.892233324003136104e-04
-3.930278032470525883e-04
-4.114126578184833303e-04
-4.266179810872070379e-04
-4.307358925271486663e-04
-4.532886191696940733e-04
-4.685545043454501010e-04
-4.714174731957108217e-04
-5.019534243998065000e-04
-5.098551808156156573e-04
-5.350019076289869516e-04
-5.446206775040858192e-04
-5.740490075278244795e-04
-5.919102227280220773e-04
-6.256324989959142395e-04
-6.619376404432708192e-04
-6.836293439953100440e-04
-6.869687823110643852e-04
-7.077461761747672487e-04
-7.555803584319467203e-04
-7.971608907675886962e-04
-8.205883548282313835e-04
-8.590208075489830317e-04
-8.699324065978932853e-04
-8.763412935535196992e-04
-9.029504842880421971e-04
-1.022206197912728202e-03
-1.052377209020170052e-03
-1.195503305457458042e-03
-1.240523182242241366e-03
-1.290430260474849117e-03
-1.353535981226787217e-03
-1.619433199258609596e-03
-1.696319568705525983e-03
-1.726434561759232879e-03
