2.734300163727209580e-03
2.442372731188925759e-03
1.867097625437774341e-03
1.652751300574717939e-03
1.546438388279205252e-03
1.358086015865520588e-03
1.299728218623329721e-03
1.225515165665371116e-03
1.160322967944280156e-03
1.104486787354404774e-03
1.028722804078728223e-03
9.487749998095485133e-04
9.289763212726514716e-04
8.388213033404319941e-04
8.303112281320040909e-04
7.565869688496058582e-04
7.213903566912824436e-04
7.035216210466773302e-04
6.701623850364147239e-04
6.472249688468193493e-04
6.055211673249856052e-04
5.874069758534359881e-04
5.695301968305471448e-04
5.619429891285266515e-04
5.425288280890601259e-04
5.361473582196569013e-04
4.890319390643547200e-04
4.812417660485418026e-04
4.703078748021794213e-04
4.444610502347758649e-04
4.224001282931937984e-04
4.196577770311992958e-04
4.044391031974293158e-04
3.824580259134970593e-04
3.694537044458792350e-04
3.526573322712251639e-04
3.427968105133944940e-04
3.270341575534665567e-04
3.147627091018296154e-04
3.035521128086041023e-04
2.939714796260310247e-04
2.866842351491251557e-04
2.764808636106674171e-04
2.660706214036675957e-04
2.523624381291884270e-04
2.405240652685739010e-04
2.290651112489788636e-04
2.220416643510223799e-04
2.192349712914410027e-04
2.159390708624205936e-04
2.133027864803397418e-04
2.107669222983429846e-04
2.079341553127775095e-04
1.977871469097215523e-04
1.920613534932424796e-04
1.914748094626517909e-04
1.840583379789724103e-04
1.816735337760294329e-04
1.783672230427064238e-04
1.695489856548681594e-04
1.658580052965120456e-04
1.631330187183562496e-04
1.556267207904183086e-04
1.528295493090194913e-04
1.461158263402852805e-04
1.417281764677713943e-04
1.412184494836604448e-04
1.351210140754578227e-04
1.307561690445728747e-04
1.284695774288808665e-04
1.218105192997521129e-04
1.164573636617554535e-04
1.116692555855737192e-04
1.109307903990459606e-04
1.076439131813904083e-04
1.035987717491218226e-04
9.983105008158560726e-05
9.865316937132011590e-05
9.552719369504472635e-05
9.405326865393193452e-05
9.099405967164067880e-05
8.875615822240229085e-05
8.486947500381429382e-05
8.391382463739921319e-05
8.012042068546729526e-05
7.875295028631156241e-05
7.326600583214355126e-05
7.300343614810002270e-05
6.885387805843535430e-05
6.795864620487245119e-05
6.543747129291515251e-05
6.464379390122995076e-05
6.155879727488987514e-05
6.011796026760658166e-05
5.803823328049633574e-05
5.716030251439152928e-05
5.411816887536213236e-05
5.299231648390186029e-05
5.086394514642377592e-05
4.829671034923384775e-05
4.731082272441472438e-05
4.497605971628169475e-05
4.484993847007049159e-05
4.340664023390176669e-05
4.049765814542042767e-05
3.949227157136890907e-05
3.915419780413782026e-05
3.763538952415749160e-05
3.651728511278716250e-05
3.472145429634244923e-05
3.425960514240874251e-05
3.373206154302462503e-05
3.185349617075024621e-05
3.139064163837499615e-05
3.117919555363413191e-05
2.978309949285377426e-05
2.919870847280992939e-05
2.780457290849295805e-05
2.716373307681308025e-05
2.648974497010382772e-05
2.508534703162283033e-05
2.486371034572663590e-05
2.474088400891698194e-05
2.345435147434995273e-05
2.275317434863866265e-05
2.208656528141818287e-05
2.113187386759852389e-05
2.086032962405077527e-05
1.977374375302213709e-05
1.948089094617637269e-05
1.913759954950479300e-05
1.828052626172354148e-05
1.681169069594533550e-05
1.617089244044623913e-05
1.543204914252463482e-05
1.496764840749858435e-05
1.490012766189478796e-05
1.378108577018879508e-05
1.352554210616297040e-05
1.315007261756539595e-05
1.260120663336140733e-05
1.227779132292981524e-05
1.158917684294739576e-05
1.141990923418441513e-05
1.080831547564648333e-05
1.029652709409111431e-05
1.002313165088398312e-05
9.761697695823639450e-06
8.999641248090613791e-06
8.934489692732506524e-06
8.600367432976069396e-06
8.455815721719846039e-06
7.828502934786534827e-06
7.330546095859972622e-06
7.259433370969752812e-06
6.391312805792181508e-06
6.321850778429823848e-06
6.055896521823871139e-06
5.732927337853333336e-06
5.524332627133942666e-06
5.411003436386812547e-06
5.135103633023069069e-06
4.947798680766479013e-06
4.725288020508862296e-06
4.531069927894081797e-06
4.323907113166912164e-06
3.985958314505740309e-06
3.768881639642938691e-06
3.493224234735900843e-06
3.323912852482947362e-06
3.261723007479925231e-06
3.082481128945566457e-06
2.848674537924321102e-06
2.812985818374021812e-06
2.644971383386882868e-06
2.464252354250295717e-06
2.135255198380555831e-06
2.074842254073846648e-06
1.953452747478519218e-06
1.746823060151752468e-06
1.531984974344125797e-06
1.423740390356748255e-06
1.394468751266478459e-06
1.328369743344021899e-06
1.232614913080485341e-06
1.097198246646988588e-06
9.068611241860718136e-07
8.790276670098888561e-07
7.838743669714954386e-07
7.246230022201544743e-07
5.811632903289642708e-07
5.670579596976605975e-07
4.441695564758557680e-07
4.187964900340824791e-07
3.511412497579080189e-07
3.216561223962346518e-07
1.790183260340889336e-07
1.235896539805755484e-07
7.528186406719710403e-08
1.009516431594339163e-08
1.818622984071350945e-20
-4.715176845590216786e-20
-4.508342393140127348e-08
-8.909669217162457312e-08
-1.317938510255721208e-07
-2.427227833264756437e-07
-2.952053926376881931e-07
-3.809217421786932123e-07
-4.524475258491052399e-07
-5.156476146189230724e-07
-6.179136246861718840e-07
-6.422403419467981605e-07
-7.872766863212827619e-07
-8.560405569445604131e-07
-9.917352233898144565e-07
-9.958964470928985434e-07
-1.058074907818525428e-06
-1.182888476634591000e-06
-1.279345714836479759e-06
-1.327253340845738386e-06
-1.472869520408104377e-06
-1.554560403249526746e-06
-1.589695276719404793e-06
-1.700148138464732418e-06
-1.909691453487857016e-06
-1.963868452851619490e-06
-2.110405696448947434e-06
-2.166562516980006228e-06
-2.249600773166262164e-06
-2.370750715624756966e-06
-2.517755065827124926e-06
-2.612617356823897985e-06
-2.700951709077567156e-06
-3.092118215721435021e-06
-3.219811257627324179e-06
-3.349567607988331169e-06
-3.471692801688772653e-06
-3.535441834322874548e-06
-3.778107157245008837e-06
-3.932816180531955002e-06
-3.979907460436294983e-06
-4.155158584527226497e-06
-4.397052047017438731e-06
-4.491883782290207007e-06
-4.634764096665347200e-06
-4.890666108857962123e-06
-4.957284562637731598e-06
-5.230919505587517400e-06
-5.402241703329229745e-06
-5.567963446082209263e-06
-5.733166362431152651e-06
-5.975155540263531496e-06
-6.369157630478556440e-06
-6.603312803138982771e-06
-6.831450043210021701e-06
-7.276350816998523737e-06
-7.436593062255321682e-06
-7.622749528834580687e-06
-7.942515403611473773e-06
-8.135684338900520143e-06
-8.490562748880850358e-06
-8.796610571512916672e-06
-9.233827246840007182e-06
-9.710575595767565507e-06
-9.852075365974347480e-06
-1.011124331228499467e-05
-1.033534694286726284e-05
-1.035743621854784992e-05
-1.070043914933652502e-05
-1.098304227457931755e-05
-1.176138071895793613e-05
-1.203633912584884539e-05
-1.218028699800223250e-05
-1.253041575822549215e-05
-1.281025626269891646e-05
-1.347968785445203953e-05
-1.368988481759973012e-05
-1.420247366704131006e-05
-1.456949652982436933e-05
-1.492446239248062593e-05
-1.535841428897052478e-05
-1.580557622245008393e-05
-1.651578130087002634e-05
-1.666537278127017130e-05
-1.685742464433978027e-05
-1.695701045325586931e-05
-1.749355391880881442e-05
-1.793832939847113918e-05
-1.849156277641329001e-05
-1.887908458077736595e-05
-1.956621298728257756e-05
-2.014612804067091042e-05
-2.037488414575151381e-05
-2.109676229308033905e-05
-2.156754115078518531e-05
-2.244425139467784834e-05
-2.278537152728656240e-05
-2.328450562213866000e-05
-2.453020174206695114e-05
-2.488557578380738857e-05
-2.515602766306804838e-05
-2.638593552349853847e-05
-2.727050056322526044e-05
-2.781656524161395765e-05
-2.967609405368485564e-05
-3.028036497412090380e-05
-3.044333675005381971e-05
-3.170012585593488406e-05
-3.208263811387792230e-05
-3.224095042223236663e-05
-3.356242739950692113e-05
-3.433312590204821833e-05
-3.535593694749678402e-05
-3.654065636052659775e-05
-3.705604033855600788e-05
-3.752014936843200423e-05
-3.814539881195391487e-05
-3.939431511011348789e-05
-4.091579149570158451e-05
-4.221847803442843567e-05
-4.254633994552144187e-05
-4.324282643201859380e-05
-4.476324169441460920e-05
-4.632031675103542509e-05
-4.738992684300615552e-05
-4.909774637186224461e-05
-4.966232268956337700e-05
-5.092232974061563561e-05
-5.224177689324634605e-05
-5.412943514030339753e-05
-5.639522308136408211e-05
-5.731995073982451902e-05
-5.789527268556096727e-05
-6.100403113711941349e-05
-6.266905316985382031e-05
-6.305791555358961011e-05
-6.408889768142627709e-05
-6.512754697435024114e-05
-6.658587490579863399e-05
-6.830553331937840988e-05
-7.007445733024736888e-05
-7.247641562450948805e-05
-7.617279064596645111e-05
-7.678350285347354163e-05
-7.749689247742108601e-05
-8.213540385776203702e-05
-8.308737324002094752e-05
-8.362499536552821125e-05
-8.654475344093106779e-05
-8.862911992034174489e-05
-9.278457875896860458e-05
-9.377234548098901414e-05
-9.758666413332707892e-05
-9.844756821092109206e-05
-1.000174324327517448e-04
-1.005245465611671223e-04
-1.031080233669990801e-04
-1.090117594675957903e-04
-1.131508128424862171e-04
-1.143140965006206084e-04
-1.175443463431064819e-04
-1.199981082704437837e-04
-1.206861616354920353e-04
-1.222605602291817150e-04
-1.279756848704490424e-04
-1.310982806401856347e-04
-1.333615782417158749e-04
-1.354760764372368994e-04
-1.411655131659468642e-04
-1.417942786229701459e-04
-1.470147506388232877e-04
-1.496958245054460504e-04
-1.525070660155433959e-04
-1.567339020242963668e-04
-1.599945125318945837e-04
-1.669552717581514537e-04
-1.703887370496446198e-04
-1.726574482352199341e-04
-1.777813470093093191e-04
-1.792279037253278725e-04
-1.823164803426359948e-04
-1.882309919599497062e-04
-1.904719265453051606e-04
-1.970772060527733517e-04
-2.005938505935089529e-04
-2.157886417915998601e-04
-2.168126110298780184e-04
-2.238536705512343705e-04
-2.324201898764097077e-04
-2.349893430586675561e-04
-2.412154409746041634e-04
-2.490808243858923352e-04
-2.504681510836190869e-04
-2.610675798707820061e-04
-2.683664744033344585e-04
-2.751516578715409978e-04
-2.796649276204206868e-04
-2.838548770323861105e-04
-2.911220727250370881e-04
-3.026819540676819651e-04
-3.105153209181222402e-04
-3.161402514363479983e-04
-3.291581045687848057e-04
-3.390173266438494437e-04
-3.456213697520454996e-04
-3.606933550861392409e-04
-3.716787023645901685e-04
-3.785918672954893946e-04
-3.932202666967494348e-04
-4.073198997399137119e-04
-4.207399544339863779e-04
-4.364119830476728256e-04
-4.512861073977855048e-04
-4.544593781831130744e-04
-4.796299866231877422e-04
-4.925313802227323590e-04
-5.158754757368995848e-04
-5.268490164079548798e-04
-5.532248032150970281e-04
-5.735513809422342979e-04
-5.970055747195277809e-04
-6.289200978499060639e-04
-6.579000488849957688e-04
-6.600370759680284543e-04
-6.932376048747106254e-04
-7.377859101855174752e-04
-7.723360118374510358e-04
-7.950983777781185169e-04
-8.314959771630642434e-04
-8.382951027593790998e-04
-8.466542140778601094e-04
-8.658852543223144503e-04
-9.899799495747532360e-04
-1.015375099444609016e-03
-1.164111008472472298e-03
-1.204822309020126036e-03
-1.246120035253894072e-03
-1.308234624114437998e-03
-1.582139659985074822e-03
-1.660803011812363346e-03
-1.692725396433812819e-03
