2.274560731570516962e-03
2.041501595258342436e-03
1.545455283058706514e-03
1.351609425283577595e-03
1.239712735950235451e-03
1.110770499918574492e-03
1.049959162418577768e-03
9.965451962441816518e-04
9.509804277110036914e-04
8.989727817035971956e-04
8.330742568952559900e-04
7.586772747128740042e-04
7.443119157120077359e-04
6.787757750610241012e-04
6.471670252925201729e-04
5.997408481215387929e-04
5.813539785625597076e-04
5.509663053084435215e-04
5.292172048847398284e-04
5.014973833389027753e-04
4.972587449733092664e-04
4.695311891488541055e-04
4.503349017984247687e-04
4.287048006242708399e-04
4.215744528938239239e-04
4.142903133640067734e-04
3.901702869864059529e-04
3.767995594494065958e-04
3.673161518177763592e-04
3.515850419332264927e-04
3.300785464426001328e-04
3.257421455772166355e-04
3.123032335948334667e-04
3.020638116380381212e-04
2.861395835930329815e-04
2.776101304396338867e-04
2.641231438083984631e-04
2.506716837353784272e-04
2.501316654787844995e-04
2.407666513831654292e-04
2.307875386463806571e-04
2.217065824738186162e-04
2.108415312215109762e-04
2.079973313428584182e-04
2.059234447696738361e-04
1.963187093622821978e-04
1.928513775358487619e-04
1.860916078512855724e-04
1.837411506637258950e-04
1.755534555871157807e-04
1.723570172093065065e-04
1.715636703173026789e-04
1.688801028742315902e-04
1.658076956542112580e-04
1.623609422414891890e-04
1.526785831147753011e-04
1.497690902062636103e-04
1.395576729707452709e-04
1.349776553071418484e-04
1.316351397096980570e-04
1.262414822152449750e-04
1.214450804103713819e-04
1.193861973856663768e-04
1.182663984574586333e-04
1.097629774452689401e-04
1.075134223832303193e-04
1.045562484334068689e-04
9.835952473591773348e-05
9.748225304771587806e-05
9.521808799803019047e-05
9.402108825520435976e-05
9.052847079244543153e-05
8.722366501155407218e-05
8.494452131684686043e-05
8.336500600260067777e-05
8.116878936445751243e-05
7.671204657473207431e-05
7.418217642721870253e-05
7.193737025567166184e-05
7.146368882949458666e-05
6.802039070451042745e-05
6.625921591961444004e-05
6.549722184480180598e-05
6.239769496670353490e-05
5.977369558264407394e-05
5.831588018614992404e-05
5.398688441979131012e-05
5.267315355101835828e-05
5.048935351456956393e-05
4.929003028542859480e-05
4.712543187519167593e-05
4.549187554442308363e-05
4.409358758603667698e-05
4.304231259579877961e-05
4.153027075504994210e-05
4.101961117263200232e-05
3.845031248798062043e-05
3.778698205181528898e-05
3.520768297886894561e-05
3.477145600969956777e-05
3.360703861436261476e-05
3.323232856995981713e-05
3.205990168019308162e-05
3.085143452652856213e-05
3.028036611579982507e-05
2.939917122082835575e-05
2.802221998459182578e-05
2.772736548007205963e-05
2.628842737070815822e-05
2.588159501361166293e-05
2.530474502209299257e-05
2.449207696847192524e-05
2.389233725966281142e-05
2.301685829407279182e-05
2.285908814283886902e-05
2.133778926085547244e-05
2.082363449237624204e-05
2.003080993187799397e-05
1.877434997809265588e-05
1.816993653076609010e-05
1.750360826074291598e-05
1.742818726951739117e-05
1.681043410451290562e-05
1.603403244994569746e-05
1.577408260782420159e-05
1.470029994531313940e-05
1.380576586745628900e-05
1.354745232353888008e-05
1.291353406625255115e-05
1.253574630159400920e-05
1.198357013882350556e-05
1.155963006436209900e-05
1.146012578815990090e-05
1.069034945265385711e-05
1.035822869174250420e-05
1.015423766668908858e-05
9.782627501459134915e-06
9.404453060937294364e-06
9.008822823906883801e-06
8.648920825055943085e-06
7.958789276424447779e-06
7.807000423314537546e-06
7.350034048258160170e-06
6.959754032018126461e-06
6.662473398959769234e-06
6.391873420765308124e-06
6.067622440408546248e-06
6.006524733589380604e-06
5.605013205397678641e-06
5.132253819773589531e-06
5.027075880036456586e-06
4.866877889522558859e-06
4.422804629371438335e-06
4.290159999451086840e-06
4.175534059356762729e-06
4.029937703596068333e-06
3.737458106859917241e-06
3.556203744983513212e-06
3.261772197632807402e-06
2.993212529866876827e-06
2.822997569591101395e-06
2.654512102614848319e-06
2.516645130256403850e-06
2.403305909250140345e-06
2.371582204391091324e-06
2.157174202785631194e-06
2.132189626765812602e-06
1.941052728134784094e-06
1.815815595982232083e-06
1.610703161628465858e-06
1.473091839084987333e-06
1.282184736851150254e-06
1.189405392293282479e-06
1.067660850575667552e-06
1.001363013272973982e-06
9.128283467264118400e-07
8.808029480852932523e-07
7.683005470612102965e-07
6.386487068289666700e-07
6.003991853763561255e-07
4.772152925172369129e-07
4.372697595594569203e-07
3.443207840312881668e-07
2.350648862234165114e-07
2.055650076300068541e-07
1.531440813164467320e-07
1.383826164370807922e-07
4.461930707608564038e-08
3.172697135005448376e-20
-9.978570625312705310e-21
-7.060537567025046201e-10
-5.580427162681275697e-08
-9.714441339697884090e-08
-2.272121010742113151e-07
-2.358103237489682362e-07
-3.059614415269003993e-07
-3.749380199931051106e-07
-4.191441185596567330e-07
-4.926333900825990002e-07
-5.208841926445509942e-07
-6.324847219379789103e-07
-7.480454681101697136e-07
-8.883203503455253347e-07
-1.014052977696019206e-06
-1.127707599708051308e-06
-1.153226229695558882e-06
-1.265117402330920090e-06
-1.290605863478570825e-06
-1.365957926115432146e-06
-1.529828150221667881e-06
-1.595197134832180195e-06
-1.629173416385113614e-06
-1.960709948424278177e-06
-1.961634164303473946e-06
-2.064085152070459369e-06
-2.152992108524759074e-06
-2.318978005909540901e-06
-2.387675186718273362e-06
-2.460703919022320939e-06
-2.666121992442817311e-06
-2.789269982412125868e-06
-2.877123603747821372e-06
-2.962299443734846174e-06
-3.094886022724085814e-06
-3.168927756566202298e-06
-3.406916920009285507e-06
-3.430391615366902469e-06
-3.645324985049317181e-06
-3.849282016471362529e-06
-3.900864638825269330e-06
-4.254756364625579581e-06
-4.272887978132228201e-06
-4.611994813995144900e-06
-4.717861586579598769e-06
-4.897727071796129840e-06
-4.993595132521720260e-06
-5.104765672288939680e-06
-5.284523016613998543e-06
-5.699409690311222153e-06
-5.793506370385325150e-06
-6.046040921437911699e-06
-6.276568861324937706e-06
-6.402020156861189117e-06
-6.488678715988084470e-06
-6.866865102890695900e-06
-6.958077852666709000e-06
-7.392235882839970031e-06
-7.861861073490709683e-06
-8.238291346980256108e-06
-8.388735806650811320e-06
-8.816710619751907220e-06
-9.066725712371377402e-06
-9.350287369322076122e-06
-9.604820339346560262e-06
-9.734420419880905777e-06
-1.027069113248643599e-05
-1.049805285121254733e-05
-1.098358814824837035e-05
-1.129670746695770411e-05
-1.152263163553401118e-05
-1.172746273395450975e-05
-1.193267636821059012e-05
-1.212223671986624499e-05
-1.256211487257892852e-05
-1.275390337843866921e-05
-1.301870619247050138e-05
-1.329598385855510383e-05
-1.399306069195737311e-05
-1.453840017902207825e-05
-1.465391715936633549e-05
-1.476179923988741710e-05
-1.556194023907640152e-05
-1.581980183696828150e-05
-1.641197261297865331e-05
-1.656877089803347958e-05
-1.741765358599017198e-05
-1.748007514230708203e-05
-1.807258797858094326e-05
-1.850916834650215916e-05
-1.873949614197060085e-05
-1.910399047102873498e-05
-1.969732788680054016e-05
-2.043328380927621969e-05
-2.066043355988783609e-05
-2.191523993540962382e-05
-2.212743238752565929e-05
-2.272793025348914973e-05
-2.318112373615249938e-05
-2.371381293396578112e-05
-2.440298931499428704e-05
-2.475594519371619552e-05
-2.503427503009429808e-05
-2.617724807462191400e-05
-2.675487688010728799e-05
-2.716046401718457065e-05
-2.778713536318000546e-05
-2.850602297581975798e-05
-2.951978039478416073e-05
-3.060855375059843094e-05
-3.064604835100661354e-05
-3.182383307498765952e-05
-3.232864845743472766e-05
-3.254626329978918775e-05
-3.303061691073331358e-05
-3.480398244210166899e-05
-3.521426500578047491e-05
-3.642631849319471484e-05
-3.765914230717201400e-05
-3.798474525971020732e-05
-3.956708059016732741e-05
-4.062830109681684303e-05
-4.106568791132413705e-05
-4.271445965896444007e-05
-4.375063621295491073e-05
-4.436231912272584386e-05
-4.583560330543423313e-05
-4.683660827045579047e-05
-4.840788954781134637e-05
-4.928572073518327942e-05
-5.085773900188443077e-05
-5.188236698376433629e-05
-5.366261616380032970e-05
-5.402430116172502367e-05
-5.586487215143628180e-05
-5.660558342604134918e-05
-5.830448304756577623e-05
-5.918654793693872696e-05
-6.029615719313292032e-05
-6.111975368221205386e-05
-6.364545289320709958e-05
-6.524029744410414261e-05
-6.614495666349697826e-05
-6.817895679159827150e-05
-6.893434993705672260e-05
-7.135127485871151694e-05
-7.183684022669837926e-05
-7.511299141535834629e-05
-7.538604605262118872e-05
-7.645361510342904207e-05
-7.980974895479720920e-05
-8.015277757031201303e-05
-8.288629420804386502e-05
-8.530045217602036801e-05
-8.730379450473747306e-05
-8.747099106717304523e-05
-9.156906910149770738e-05
-9.327659353573072919e-05
-9.471947264860762917e-05
-9.734925741760187519e-05
-9.913044269093060639e-05
-1.012831446102386185e-04
-1.041466014954838074e-04
-1.053411682586021940e-04
-1.074939470559329121e-04
-1.108823549141479703e-04
-1.124542568287868662e-04
-1.147001666514717256e-04
-1.180187450362243993e-04
-1.218106139899280876e-04
-1.240783396867576043e-04
-1.264081787470078635e-04
-1.275373945946516811e-04
-1.276763312945402651e-04
-1.322139126888654051e-04
-1.371833556671663229e-04
-1.424013229901597449e-04
-1.439210170538994505e-04
-1.456637666366864567e-04
-1.512108793937939606e-04
-1.573538865885086861e-04
-1.607177253772720555e-04
-1.627076276671180952e-04
-1.679708331743550082e-04
-1.700028522574053712e-04
-1.728714758887214473e-04
-1.802232239177340713e-04
-1.853727484982097017e-04
-1.875557686370785213e-04
-1.904745873294845461e-04
-1.949183492021784104e-04
-1.977849743293804167e-04
-2.006475346243108372e-04
-2.061175881846858174e-04
-2.135083858261706572e-04
-2.168056507023375344e-04
-2.288624357895984774e-04
-2.319554121601287238e-04
-2.366164293951874967e-04
-2.486865787849257725e-04
-2.555312594565728478e-04
-2.607972238278346341e-04
-2.633610590028603654e-04
-2.667745252335219897e-04
-2.762718603370760201e-04
-2.859051586041788163e-04
-2.905090286773609888e-04
-2.977363225028555266e-04
-3.029414714785846744e-04
-3.125976910978997352e-04
-3.185188759402684546e-04
-3.290099271387475098e-04
-3.311716924772421648e-04
-3.503115009460719648e-04
-3.573098945425847448e-04
-3.661342862588344549e-04
-3.834945472446081474e-04
-3.908565736104932780e-04
-3.951180041679167921e-04
-4.134418998793083994e-04
-4.285006382967200111e-04
-4.320750855833330900e-04
-4.550176298050090861e-04
-4.702359991830679358e-04
-4.735040922544447232e-04
-5.043524470866759613e-04
-5.115451831369950122e-04
-5.370943785766407437e-04
-5.465324416437115831e-04
-5.763813362720966987e-04
-5.937931809896132822e-04
-6.290957416454841548e-04
-6.655449361890309300e-04
-6.862516957579523633e-04
-6.897938300796956947e-04
-7.091301224870076060e-04
-7.574131387940467516e-04
-7.995469432298304415e-04
-8.231602096036781365e-04
-8.610451966789284131e-04
-8.724217314381829853e-04
-8.812831612932680875e-04
-9.070597409538750690e-04
-1.025588806393870102e-03
-1.056332520799840424e-03
-1.198872128392922294e-03
-1.244159061886688155e-03
-1.294971946568301184e-03
-1.358278493939082433e-03
-1.622717821008748916e-03
-1.699929990681838194e-03
-1.728858704801580163e-03
