1.739978620945710486e-02
1.458315846341011641e-02
1.017044364980021140e-02
5.378057054005477497e-03
4.392511280034781807e-03
3.075098560471330872e-03
2.311183249074286877e-03
1.591191920242827516e-03
1.559387344098166596e-03
1.407866710017322085e-03
1.344141923491762531e-03
1.265881903632339262e-03
1.014268215783896854e-03
9.908549226921364514e-04
9.203618071650220694e-04
8.099278949752646874e-04
7.538888941723637322e-04
7.427958849238247346e-04
7.020527739777986196e-04
6.754760569628025799e-04
5.522254951503427576e-04
4.953925232397525134e-04
4.263908130910352718e-04
3.396306995545259597e-04
1.195947271407711999e-04
9.217389902497297703e-18
5.570966250837110618e-18
4.963144548047004051e-18
4.702697174130612781e-18
4.265486482119140034e-18
4.052959457045030399e-18
3.762328367130252945e-18
3.668571206372053460e-18
3.580504362197409504e-18
3.426247613832840317e-18
3.420253035044707026e-18
3.340841564551083999e-18
3.213726861434822085e-18
3.081344425560413878e-18
3.029985851965510993e-18
2.978216007170703990e-18
2.924365707956966436e-18
2.872437651634145257e-18
2.818312895407782634e-18
2.669674927644553810e-18
2.623739684398171120e-18
2.569290831285136871e-18
2.524128243068255339e-18
2.501650924638841974e-18
2.439344930339025877e-18
2.412412628882649120e-18
2.362866465248687006e-18
2.338162263267948194e-18
2.326320677294991717e-18
2.293235123737845518e-18
2.201469523357838658e-18
2.154564726958940231e-18
2.134768792338824836e-18
2.086179794384855915e-18
2.054227224788101768e-18
2.028276243653641235e-18
1.980008490258357018e-18
1.956306538219604857e-18
1.919451179257821718e-18
1.862537943793485863e-18
1.854390308908454715e-18
1.813900811485171777e-18
1.779134591244162193e-18
1.762999981668215107e-18
1.742849431569103088e-18
1.722579429510115642e-18
1.688379632366839131e-18
1.678488956524511321e-18
1.607763144255095256e-18
1.599111154849855307e-18
1.560116051696522208e-18
1.533361498379267919e-18
1.524705398348678243e-18
1.491105617279808565e-18
1.462814828192637636e-18
1.456302096594714463e-18
1.443487322317953089e-18
1.439767634674833049e-18
1.409871177043862877e-18
1.385412221263763357e-18
1.356433482550546977e-18
1.347345232782626957e-18
1.317388744625358264e-18
1.302033095274431385e-18
1.294413386633615307e-18
1.269757432644032319e-18
1.257677427055582338e-18
1.229773710865226312e-18
1.220292472115231450e-18
1.202388166233820252e-18
1.184141585769662741e-18
1.177638974525919939e-18
1.158714263292971682e-18
1.134490296319893936e-18
1.124064574484480142e-18
1.113770094417677839e-18
1.093196521352787471e-18
1.070097339738006439e-18
1.053574530881413297e-18
1.040925905123074546e-18
1.039016810289806836e-18
1.015070840892581352e-18
1.003757565702718287e-18
9.753082669892238647e-19
9.566013406412881514e-19
9.363748728811818346e-19
9.309740517003518283e-19
9.201905244813671407e-19
9.076938320076864643e-19
8.957253316887492077e-19
8.868982889952441720e-19
8.804173596660078466e-19
8.782893383186348233e-19
8.640643388606232727e-19
8.535013935539328275e-19
8.304569124400974685e-19
8.182231213623591643e-19
8.074522973131354815e-19
7.973989465716241628e-19
7.853536452852385568e-19
7.678798115912255033e-19
7.597137938245158735e-19
7.427030986044898558e-19
7.345821152324856518e-19
7.271575330793286205e-19
7.229602962540083757e-19
7.032026300310443084e-19
6.955387957468937411e-19
6.913438015812457490e-19
6.847392370892146008e-19
6.644035428943458396e-19
6.589422472357173690e-19
6.476429592912555602e-19
6.357748588296772110e-19
6.208536970775243162e-19
6.136939215022362720e-19
6.011519443315535352e-19
5.969628904827081736e-19
5.890869835306245323e-19
5.844835476414721298e-19
5.534588604363114421e-19
5.444653031014923556e-19
5.374234375682119555e-19
5.357789421975881601e-19
5.224804522036210047e-19
5.149474487551439373e-19
4.970957506780188142e-19
4.931023612080655296e-19
4.794132685487140224e-19
4.724518398643424988e-19
4.677600599103143568e-19
4.605513957903725637e-19
4.477516312032741362e-19
4.408835979327715994e-19
4.332810801197896007e-19
4.256276199982690954e-19
4.158056307396170184e-19
4.050763792705875294e-19
3.937302463025868245e-19
3.921195597631391968e-19
3.890491998659420619e-19
3.666223859671623707e-19
3.640395579702598038e-19
3.545472799089431549e-19
3.512849045979168431e-19
3.431086369275861368e-19
3.341711102420021836e-19
3.250882963425151485e-19
3.214738855622829615e-19
3.173051513223447014e-19
3.121024501458047676e-19
3.043766249871127787e-19
2.990363609627911017e-19
2.924497865572332371e-19
2.900650076264616224e-19
2.764286933277004859e-19
2.681347237726446826e-19
2.630474702026475400e-19
2.574210556820504517e-19
2.451181848276837338e-19
2.391885381000518695e-19
2.332583755592236067e-19
2.301822817748867540e-19
2.198788633385594667e-19
2.169686229752039701e-19
2.049676450671234215e-19
2.030046900407095056e-19
1.986613101061030364e-19
1.895895268370083787e-19
1.889255677447631571e-19
1.795692163809299185e-19
1.736471350629911759e-19
1.707203378270989733e-19
1.564840230116128832e-19
1.537221702578545320e-19
1.477715576380098005e-19
1.445855771114014835e-19
1.375099868057185214e-19
1.304550338763015153e-19
1.235332245686204549e-19
1.216511291747033313e-19
1.155586743494017746e-19
1.095164993997953295e-19
1.031618338214006689e-19
9.187633833628878069e-20
8.979881542951235570e-20
8.391586041377765383e-20
7.970789535826847804e-20
7.788403337992027316e-20
6.882453588319221139e-20
6.627092765401550918e-20
6.125885784211644604e-20
6.001132819229058439e-20
5.377510896258301527e-20
5.192176114256072791e-20
4.613478147363182321e-20
3.935704744383762753e-20
3.686595737622342575e-20
3.407623346688769632e-20
3.036133313248529625e-20
2.670496321545415125e-20
2.496659612268671667e-20
1.907159770908663734e-20
1.449740187336441041e-20
1.296113792471554070e-20
1.158834695071747758e-20
1.032895404954652194e-20
6.807923572261665108e-21
2.299560913377363744e-22
-2.619313115924394941e-21
-4.933450475163777614e-21
-1.067798893007681124e-20
-1.584819878520081065e-20
-1.820083785504188201e-20
-2.267541274739975711e-20
-2.345405870409622319e-20
-2.396951203832331077e-20
-3.100557550333611175e-20
-3.721283961445077713e-20
-4.567346773489438146e-20
-4.990629641554225901e-20
-5.260370975849942826e-20
-5.744524301299919954e-20
-6.057903755595442440e-20
-6.210843001351228947e-20
-6.742680101477910990e-20
-7.577390068447647960e-20
-7.632564910084144482e-20
-7.835546638723992170e-20
-8.261561862914275559e-20
-8.411455837943965361e-20
-9.107359331352711316e-20
-9.543301322156829922e-20
-1.062374939225216248e-19
-1.120993593687894675e-19
-1.159487316247681047e-19
-1.222259221803262168e-19
-1.333262701052775693e-19
-1.374348742838725675e-19
-1.422270975572388765e-19
-1.486729673924922985e-19
-1.516571236268270354e-19
-1.549662509639594296e-19
-1.602343889051027072e-19
-1.611303593249639911e-19
-1.694584083094147092e-19
-1.713562400215479838e-19
-1.775045175727683095e-19
-1.880492690812868110e-19
-1.911381826980597820e-19
-1.950239790461519126e-19
-2.078880867440431278e-19
-2.096972488043074333e-19
-2.258985152951744969e-19
-2.280864800800005701e-19
-2.310373070806192270e-19
-2.397520741926256341e-19
-2.484492596540431610e-19
-2.565570158105463179e-19
-2.634167764839672963e-19
-2.720104742813914306e-19
-2.749956793386525133e-19
-2.764587444835642476e-19
-2.904006410117347847e-19
-2.952521090641149768e-19
-3.001483198125962940e-19
-3.051323752828506469e-19
-3.132227291156474899e-19
-3.170114084366224213e-19
-3.288478242940247636e-19
-3.346672374258025744e-19
-3.485857263378935397e-19
-3.581254897352402291e-19
-3.634354988353782514e-19
-3.747462133493580331e-19
-3.890565770565794841e-19
-3.913181150803582888e-19
-3.976116874065661875e-19
-4.043954962040162238e-19
-4.098193321193900714e-19
-4.214518125757033568e-19
-4.285983581894543724e-19
-4.313397556584427152e-19
-4.379310868073033345e-19
-4.539794761487571582e-19
-4.669317245656907533e-19
-4.787551598381871665e-19
-4.904892716362078014e-19
-4.957428074394446632e-19
-5.002887646657238268e-19
-5.127081169414684174e-19
-5.191236261689955829e-19
-5.322529537649464870e-19
-5.457494551202790865e-19
-5.508863229323908341e-19
-5.582497467355429877e-19
-5.691084206494412444e-19
-5.867065070396169845e-19
-5.952887857471349745e-19
-6.073157343091276439e-19
-6.106497881377401057e-19
-6.232682914260980796e-19
-6.330355887360726241e-19
-6.346035283824300748e-19
-6.476825914532612333e-19
-6.587035888721743462e-19
-6.726754987343816000e-19
-6.816074158770309319e-19
-7.025974322314839383e-19
-7.083056320577731456e-19
-7.132854916905296504e-19
-7.227865591978398356e-19
-7.302313853210315773e-19
-7.353148500278190956e-19
-7.403615083559222242e-19
-7.529172220611118933e-19
-7.727438110812905028e-19
-7.792627179136841965e-19
-7.893068134706717319e-19
-8.059656841889126218e-19
-8.284842557367010294e-19
-8.392818878513478588e-19
-8.418558402130458923e-19
-8.641395550927534797e-19
-8.667418461153793133e-19
-8.784497569321177668e-19
-8.904934278266105084e-19
-9.142991415662649230e-19
-9.262288507842026432e-19
-9.470620941782791700e-19
-9.515361109410673064e-19
-9.679765106424437835e-19
-9.755583132273147971e-19
-1.002508595622586937e-18
-1.010464547574250163e-18
-1.018184787747676704e-18
-1.042718751371657457e-18
-1.057947572604880984e-18
-1.066631912466090317e-18
-1.078456478025190500e-18
-1.096015705919599507e-18
-1.104107398615018644e-18
-1.122977646490337384e-18
-1.141163294959646034e-18
-1.168940337655606634e-18
-1.174180255620651757e-18
-1.189881357747704219e-18
-1.219930650602214159e-18
-1.246880329088565365e-18
-1.254499761731104564e-18
-1.273429843723546505e-18
-1.288254213477955588e-18
-1.304161923755610156e-18
-1.331561561088465425e-18
-1.343285056980893645e-18
-1.368515077979813828e-18
-1.381219001753588665e-18
-1.406128239409630991e-18
-1.435469396019509774e-18
-1.443109122686561996e-18
-1.454222436143252513e-18
-1.509967919823859277e-18
-1.523204396131308254e-18
-1.538006540229241379e-18
-1.559096715743692750e-18
-1.561448174327899604e-18
-1.577723273345868277e-18
-1.651680477059143649e-18
-1.659362916345794547e-18
-1.672908287423897023e-18
-1.679629958239333683e-18
-1.713489686230403003e-18
-1.744918726001160247e-18
-1.769835002423934087e-18
-1.799607918554964479e-18
-1.819941934878064857e-18
-1.869441129226517201e-18
-1.892849991241448685e-18
-1.937351496565780695e-18
-1.983675583449197598e-18
-2.003236749749453874e-18
-2.012176507182888119e-18
-2.062133396279386629e-18
-2.121156602705272527e-18
-2.128159324747258046e-18
-2.184470980759951874e-18
-2.227178516506704978e-18
-2.282711372941839392e-18
-2.321009823001214816e-18
-2.358703606797030353e-18
-2.372464531086315716e-18
-2.422200532898087668e-18
-2.498307260753322331e-18
-2.566491551059723213e-18
-2.644791443520853188e-18
-2.660547210433057609e-18
-2.764700091045206569e-18
-2.851716277955980718e-18
-2.892576097655985829e-18
-2.965684446675081462e-18
-3.031028490020469515e-18
-3.063411836682327594e-18
-3.142402999082424200e-18
-3.164828585149513852e-18
-3.298743925766663592e-18
-3.400725442521276598e-18
-3.502389665604642754e-18
-3.805592971088110258e-18
-3.833916329863811423e-18
-3.869742726521887681e-18
-4.123314188989413450e-18
-4.200963603949785684e-18
-4.791193701779092160e-18
-5.202534227619806278e-18
-6.100960976841778546e-18
-9.098291767012109882e-18
