1.896855352670977907e-02
1.492595044202099999e-02
1.032164209117376365e-02
5.655170211491949116e-03
4.668704014136178422e-03
3.154079001255630753e-03
2.346231354196258966e-03
1.711033906866799579e-03
1.665032096737826617e-03
1.451132221419063366e-03
1.407162791153057776e-03
1.349649379700857419e-03
1.071741602093024930e-03
1.013381465608132826e-03
9.578829693821719338e-04
8.585606441330286736e-04
8.009416890909543292e-04
7.629556751136543817e-04
7.202240337437377246e-04
7.046121516950343234e-04
5.642811288123201043e-04
5.018236655654164562e-04
4.417368194310463737e-04
3.488549487836622087e-04
1.247538556068785223e-04
9.299099991705787097e-18
5.646415984477950034e-18
5.214495657853806720e-18
4.932299681492394720e-18
4.361116009218473438e-18
4.291981119870620062e-18
4.062657607818067182e-18
3.966535567193323057e-18
3.766777729224972445e-18
3.664544337027926619e-18
3.483467325014059401e-18
3.448518341114345260e-18
3.375295968307621841e-18
3.284200656572850510e-18
3.230779270794601395e-18
3.150152265544777820e-18
3.077453570622215145e-18
3.070402503304979546e-18
2.953750130199536989e-18
2.907031523248480494e-18
2.840787988954036437e-18
2.791022411978056071e-18
2.754269266254821808e-18
2.705866012326326835e-18
2.687338689978999853e-18
2.589702216814474305e-18
2.507634228930489616e-18
2.464972857960714929e-18
2.425137723653093824e-18
2.394013716758586633e-18
2.352778773437447191e-18
2.281518409203874321e-18
2.238493009622255710e-18
2.181976039174372054e-18
2.154080237307016928e-18
2.127254594135172129e-18
2.103373184335874486e-18
2.054608975074860474e-18
2.035666675343885590e-18
2.018820169140632983e-18
1.971899589527086246e-18
1.965963686951802228e-18
1.903873969714377914e-18
1.866514279452322985e-18
1.863399933468757813e-18
1.785242810696950876e-18
1.784641149609852797e-18
1.753541410083814512e-18
1.724620027073600452e-18
1.718897209875273907e-18
1.666574027583728951e-18
1.660866807502901550e-18
1.643797020773062844e-18
1.625060643124456862e-18
1.597244243341499187e-18
1.549764219142359999e-18
1.526450599645510685e-18
1.505698612831256533e-18
1.499420889273712686e-18
1.476129055260026197e-18
1.435189515701124035e-18
1.425052857834607722e-18
1.380670939544460275e-18
1.372719132437938486e-18
1.358077294301160263e-18
1.330286967779709866e-18
1.306265214352009662e-18
1.295497131133683987e-18
1.273541221072583745e-18
1.238187153179621091e-18
1.230717008864202452e-18
1.217848822969958318e-18
1.205114234067505162e-18
1.197689857920056614e-18
1.179872561182374437e-18
1.157415724089496020e-18
1.142947466256336902e-18
1.117327469120410680e-18
1.103720502713243708e-18
1.098671395149969521e-18
1.080013165362397914e-18
1.068088541558381125e-18
1.059824766570209733e-18
1.044686285793443729e-18
1.032997712452777923e-18
1.022822545545944061e-18
1.002599711984472397e-18
9.830202993650702366e-19
9.751008573071570942e-19
9.642346794643357529e-19
9.307870768484018282e-19
9.178783559930710525e-19
9.122020539674742801e-19
9.051342049560565051e-19
8.941550097148232422e-19
8.881876203881557269e-19
8.566004477279899419e-19
8.335855375215766263e-19
8.308838552312194971e-19
8.217040675044127961e-19
8.077948886134035011e-19
7.939069635393829444e-19
7.780020422138509232e-19
7.688091330416706761e-19
7.452424073204421107e-19
7.344182133604301999e-19
7.313066730614386198e-19
7.186095842520583287e-19
7.161606621587055821e-19
7.007717266853294618e-19
6.948448138373029048e-19
6.868236038898462498e-19
6.729030003956598477e-19
6.673203291071225094e-19
6.427712593913096661e-19
6.367533529197911500e-19
6.327842350201172778e-19
6.206571040889979355e-19
6.122040956154356950e-19
6.082937433446586847e-19
5.938979846796219041e-19
5.705774970075439570e-19
5.643282698204447789e-19
5.528953911528874047e-19
5.453243287651060151e-19
5.316033065627881834e-19
5.240484514130582303e-19
5.137375641819231586e-19
5.062354884270206675e-19
4.984113080764856303e-19
4.914343962929467596e-19
4.790291973084796513e-19
4.699883801040689129e-19
4.634047704728177592e-19
4.549582979978650197e-19
4.416476660888180531e-19
4.347829246248075517e-19
4.193346449950545656e-19
4.159030599723062007e-19
4.060163654503707847e-19
4.003644346427095288e-19
3.946829786747229810e-19
3.831000176861072831e-19
3.754697753017776108e-19
3.596505111856448713e-19
3.566129655321932930e-19
3.523702908504599571e-19
3.484722372984917111e-19
3.280025253494022081e-19
3.269906839863928188e-19
3.183032551214863291e-19
3.166677886355924081e-19
3.077016781850999073e-19
3.057931793666824296e-19
2.987313668319694158e-19
2.860472365234320901e-19
2.803094487989642622e-19
2.775827830050949503e-19
2.717423811884970265e-19
2.659316157939676057e-19
2.517203971277320749e-19
2.479777028017960011e-19
2.389317329035861258e-19
2.305170274756702624e-19
2.251858631782333426e-19
2.158073479036195917e-19
2.075081241033799048e-19
2.002105763861380520e-19
1.940551104202141211e-19
1.892302031022674165e-19
1.821987831298786474e-19
1.806063764415008521e-19
1.682842381904827985e-19
1.609239815920811001e-19
1.578324870570601484e-19
1.511514999951029142e-19
1.443200664188582765e-19
1.410001525190505292e-19
1.326413390808240595e-19
1.265535450361761736e-19
1.220865498705374417e-19
1.129591611296938427e-19
1.086409895185900255e-19
1.041609595994527767e-19
9.992165377548717359e-20
9.650638182177063241e-20
8.854455339090965097e-20
8.720264517247657551e-20
8.342635898998657383e-20
7.529540942864641817e-20
7.468070787455971313e-20
7.163150411360262648e-20
6.311032988030921237e-20
5.898561209810992041e-20
5.298082856532360252e-20
5.155010201687109868e-20
4.681427150258400570e-20
4.413678972411165111e-20
3.819253790274663511e-20
3.693602283570864560e-20
3.251393986481914001e-20
2.927027723685944095e-20
2.496880977791168540e-20
2.242568702017524864e-20
1.858830122103128239e-20
1.694220234197456582e-20
1.175716952770177777e-20
1.012614343713404809e-20
4.955545526818484332e-21
-1.351345038800670078e-22
-1.896450550390349596e-21
-4.832902672963360194e-21
-6.288670576907605414e-21
-8.596388764282545832e-21
-1.518248541993680941e-20
-1.871914774967476050e-20
-2.374884367988699157e-20
-2.741074106840343687e-20
-3.027753606392254878e-20
-3.238667043867282701e-20
-3.458010199288731130e-20
-4.257667224774496428e-20
-4.766426322772819664e-20
-5.394888929849036204e-20
-5.705073559420324131e-20
-6.207469053726519963e-20
-6.963777781575325521e-20
-7.697569738659893429e-20
-7.857699850143687850e-20
-8.102663317223817385e-20
-8.705224182578991922e-20
-8.972103309716796101e-20
-9.493619257885578578e-20
-1.000252699351881841e-19
-1.084372025002250051e-19
-1.131588960744910419e-19
-1.189901268001555330e-19
-1.252599957244057662e-19
-1.355184945144030062e-19
-1.414592299830434109e-19
-1.439358396874646225e-19
-1.500140676404231715e-19
-1.560640054485260438e-19
-1.601329003140366576e-19
-1.671205150177702352e-19
-1.731594163922781310e-19
-1.797889596577053072e-19
-1.852345171458142990e-19
-1.912270989460931770e-19
-1.952503456691800721e-19
-2.008150148455053110e-19
-2.087884373726464958e-19
-2.184802943509871932e-19
-2.278864168619446254e-19
-2.339984043778587993e-19
-2.431625397077136273e-19
-2.491186641865280954e-19
-2.555084486215984903e-19
-2.666416013391001795e-19
-2.761415005806827361e-19
-2.798378820978761860e-19
-2.829871731481899491e-19
-2.895759305653583437e-19
-2.962140653257556454e-19
-2.994116484734423823e-19
-3.067864547070101530e-19
-3.134798456281956034e-19
-3.252659134235534888e-19
-3.315598717377158716e-19
-3.380829415702649723e-19
-3.467325901606282121e-19
-3.597759343430240156e-19
-3.641460743975155761e-19
-3.723230131243088039e-19
-3.818848821322260989e-19
-3.909997818502410468e-19
-3.991190681972037673e-19
-4.032633596300735361e-19
-4.073884756336992910e-19
-4.146609560081633653e-19
-4.171867008998295560e-19
-4.407143448436983208e-19
-4.429028969224112482e-19
-4.495077548960851101e-19
-4.543807052147266972e-19
-4.605050215510940055e-19
-4.808901046098084413e-19
-4.888537098073416876e-19
-4.912550050314148950e-19
-4.978282613729942271e-19
-5.072855180130825042e-19
-5.282439601231137920e-19
-5.405650981733725538e-19
-5.442019011823109802e-19
-5.492778811752224767e-19
-5.654877901564745253e-19
-5.744114560848288623e-19
-5.916717006714566064e-19
-5.978213112861713897e-19
-6.019911007190433886e-19
-6.220521049390486040e-19
-6.268610369097145520e-19
-6.289085207008368910e-19
-6.355455159527667551e-19
-6.468114085926167953e-19
-6.582984310207277273e-19
-6.742350260969462428e-19
-6.894352070499544622e-19
-6.959698437819508237e-19
-7.078019389356897913e-19
-7.270492392262599673e-19
-7.342121682647802005e-19
-7.404761310194108718e-19
-7.459293535232272101e-19
-7.628134427268592614e-19
-7.835331863380813471e-19
-7.986437141750428932e-19
-8.146116690807902904e-19
-8.207944078568805654e-19
-8.392934938353935215e-19
-8.470837660747830836e-19
-8.675024316819781362e-19
-8.765899847347203539e-19
-8.846456144516506540e-19
-9.160672913774823125e-19
-9.211463510830973913e-19
-9.378770756801466045e-19
-9.556903490183901186e-19
-9.647599951992108729e-19
-9.767527561011527280e-19
-9.890682787848908769e-19
-1.012900726378756426e-18
-1.033093909362110250e-18
-1.038118045839517134e-18
-1.046860219490887636e-18
-1.057038841594309981e-18
-1.066989034776558761e-18
-1.089660663859870812e-18
-1.103841444289636010e-18
-1.109761600456351803e-18
-1.144471953832152749e-18
-1.148888889511801769e-18
-1.170402697085518083e-18
-1.181997811559584545e-18
-1.198536007963389413e-18
-1.206419387851859525e-18
-1.243088224937495104e-18
-1.248708784535277055e-18
-1.261284416590360952e-18
-1.272410274157833375e-18
-1.298850950025128095e-18
-1.313213796831573026e-18
-1.335294551176035356e-18
-1.350224556620865995e-18
-1.392409463581599199e-18
-1.413034135219568624e-18
-1.429494332362901069e-18
-1.449018194464233585e-18
-1.479299140644162867e-18
-1.489863393924920287e-18
-1.520681982444168885e-18
-1.536378483372015695e-18
-1.557361600824491801e-18
-1.565394818598364239e-18
-1.595021714580264725e-18
-1.611349139257629472e-18
-1.655833429214851439e-18
-1.673758084731160595e-18
-1.690431011416826582e-18
-1.716415463410099113e-18
-1.775721798163897069e-18
-1.791992916754562549e-18
-1.821121364313757035e-18
-1.860013294026754489e-18
-1.875406213877528445e-18
-1.929696859592540424e-18
-1.939153740034508444e-18
-2.007235024033066418e-18
-2.020541721550228526e-18
-2.071644512078955421e-18
-2.089201375408166114e-18
-2.155926402500192526e-18
-2.166308288910831468e-18
-2.201517992942026304e-18
-2.270822848213805113e-18
-2.330224073900370160e-18
-2.339013620623771140e-18
-2.392661685072471337e-18
-2.443886364520761777e-18
-2.473180320099029059e-18
-2.521828323818962305e-18
-2.574962574883962244e-18
-2.624613509951529466e-18
-2.642002599607887445e-18
-2.682794419165382671e-18
-2.811915090026589947e-18
-2.861810314077747744e-18
-2.946606675286267952e-18
-2.994405691751542204e-18
-3.007211157714900897e-18
-3.080648326763913652e-18
-3.186361845067872591e-18
-3.272370707990379262e-18
-3.375664859143451765e-18
-3.379593883632107195e-18
-3.511952044579521808e-18
-3.626009909817287592e-18
-3.841764121808345652e-18
-3.931756729189286248e-18
-4.306357372285815693e-18
-4.335595275525891717e-18
-4.547981421981925880e-18
-4.756541919446796384e-18
-5.399314925196138160e-18
-6.016287721841074115e-18
-8.888091864818218162e-18
