2.278737928304020756e-03
2.045412532031785306e-03
1.548512372523369509e-03
1.354371331198763991e-03
1.242322151232512755e-03
1.113210780602380805e-03
1.052171336172216549e-03
9.986617762757160968e-04
9.528120044620660631e-04
9.009910945860809045e-04
8.349222027334441678e-04
7.602376607733286103e-04
7.461841136824678413e-04
6.802839592931913832e-04
6.488722895463013137e-04
6.010325947411638029e-04
5.825315173449737826e-04
5.524300847554179834e-04
5.305681160310026564e-04
5.028520549056793168e-04
4.981479952576449606e-04
4.705127192859259299e-04
4.515343970219263116e-04
4.297575379319727956e-04
4.227040104991611484e-04
4.153182723265021387e-04
3.911086228959711683e-04
3.777169284124992773e-04
3.682549431857319241e-04
3.523491850716437305e-04
3.308822368743507083e-04
3.266317301765739593e-04
3.131840166397861086e-04
3.027131572700011400e-04
2.868924946491514089e-04
2.783411636987784201e-04
2.648102127703664643e-04
2.514476338370751855e-04
2.506880650239755120e-04
2.414307709957172455e-04
2.313353881091894737e-04
2.222924892722227450e-04
2.113098076259592928e-04
2.081021478515253148e-04
2.065121854055047010e-04
1.967321365490947577e-04
1.928617843015931893e-04
1.865506678601240099e-04
1.841990107852796682e-04
1.759321380838778099e-04
1.725234854463760512e-04
1.719470408694159910e-04
1.692650163102482500e-04
1.662368566731300295e-04
1.628274418318930578e-04
1.530323991133278306e-04
1.502163111039699777e-04
1.399348937264730149e-04
1.352952892459836215e-04
1.320010630249676491e-04
1.265578029360369013e-04
1.217938831380922825e-04
1.196421424958748450e-04
1.185878645973849463e-04
1.100882357384063418e-04
1.078436763370513502e-04
1.048186800773081873e-04
9.872102994170879955e-05
9.774650449777125879e-05
9.543562057545165961e-05
9.410081553870480232e-05
9.092700689725757791e-05
8.746301342594187611e-05
8.516956020232101156e-05
8.360811382709690764e-05
8.137986512749441749e-05
7.694043338666952032e-05
7.435980004766013071e-05
7.213499654367419795e-05
7.166850513234646568e-05
6.823044248012464575e-05
6.649613334548933551e-05
6.571464245548109574e-05
6.254305348674876286e-05
5.995104088618050467e-05
5.847734325523687942e-05
5.415218127458852626e-05
5.285563463550278145e-05
5.065046920889602525e-05
4.943434000326321620e-05
4.727549154286809184e-05
4.565554956911280183e-05
4.422881753265199220e-05
4.317591308396708416e-05
4.168434297615247275e-05
4.116872732350632276e-05
3.858338452105022041e-05
3.789162968705567854e-05
3.529552563130902704e-05
3.486521650916694426e-05
3.371832290434049838e-05
3.334679833346772184e-05
3.215302021370537245e-05
3.097896579134181197e-05
3.039132978973793197e-05
2.947709361419095949e-05
2.810905174722885510e-05
2.784052669125557528e-05
2.636374852777252544e-05
2.593128549926351220e-05
2.537593018717408891e-05
2.456985879852825787e-05
2.395731540142385149e-05
2.309370062520762102e-05
2.292950016619843990e-05
2.141238651339730489e-05
2.088417606012287300e-05
2.010097630362733931e-05
1.884055527017049019e-05
1.824394578995041407e-05
1.757230121183918660e-05
1.748838867729124512e-05
1.686587177880532893e-05
1.608971740454049883e-05
1.582158732433744229e-05
1.476905687112326416e-05
1.386433371735848191e-05
1.360262846605050998e-05
1.298090127400201832e-05
1.260215717608834458e-05
1.203287356236786645e-05
1.160686815523470477e-05
1.150949680542783363e-05
1.073082268789124093e-05
1.039954790039756913e-05
1.018584274961103254e-05
9.827157844399630655e-06
9.439815376672924162e-06
9.039703438452019991e-06
8.693047520720243167e-06
7.997115938795205603e-06
7.832699470204749432e-06
7.382508817466871166e-06
6.995235007187948137e-06
6.694451363752889353e-06
6.424180962263265906e-06
6.093979569550079624e-06
6.029958559333976613e-06
5.627759613986486402e-06
5.160756718222472048e-06
5.054715324591040288e-06
4.887342601415445566e-06
4.440274512910071202e-06
4.312593994687882268e-06
4.194820737832924129e-06
4.048235491387359754e-06
3.754528670459532986e-06
3.581601118332261983e-06
3.277109787678381451e-06
3.010148751653446228e-06
2.838593599658046333e-06
2.668224109205570478e-06
2.535693013760512437e-06
2.423861433563226469e-06
2.385672234119774434e-06
2.170464055807031777e-06
2.147522842835048531e-06
1.950231374446632077e-06
1.827844534678320366e-06
1.623010417065686508e-06
1.482095618504919254e-06
1.293172148321308331e-06
1.200040464983366268e-06
1.075107759188255581e-06
1.007162744783930503e-06
9.223475357318040697e-07
8.889773999639495915e-07
7.736637947283473845e-07
6.446977668443309040e-07
6.071309256362403591e-07
4.830039847983955974e-07
4.419797432903396657e-07
3.516998326315879255e-07
2.428420265589895600e-07
2.087958779916135200e-07
1.583874432368635982e-07
1.435287398907188771e-07
5.105944014139603254e-08
5.599279434330593532e-09
1.969362045495195932e-20
-1.681513438864123089e-22
-5.420099680510385234e-08
-9.515721930988558433e-08
-2.204134739474536778e-07
-2.319203592616909681e-07
-3.010869321652397097e-07
-3.695100550463032867e-07
-4.122958587073607240e-07
-4.856897067075180404e-07
-5.152461712189766964e-07
-6.299328092182580521e-07
-7.407974174413173110e-07
-8.797695056875019680e-07
-1.006860959025373920e-06
-1.118185741608053604e-06
-1.146461265443803700e-06
-1.259403462949331472e-06
-1.284845599451502751e-06
-1.361491725628458168e-06
-1.521177135922065141e-06
-1.588198788961878483e-06
-1.622505984261758200e-06
-1.951421303679804875e-06
-1.952934554607857691e-06
-2.056527358039545908e-06
-2.143098593772340892e-06
-2.312475516437727997e-06
-2.379959311402676895e-06
-2.448849241510205598e-06
-2.654636479966464003e-06
-2.775223554320926615e-06
-2.859573941940574956e-06
-2.953111069640799448e-06
-3.086029637895371013e-06
-3.155643120428553403e-06
-3.393176801750137027e-06
-3.418927987233388474e-06
-3.633841168608391249e-06
-3.836624031843733189e-06
-3.894496597135457492e-06
-4.242257364187028208e-06
-4.246918968685585221e-06
-4.598603706367835070e-06
-4.703805507376729271e-06
-4.884845724488782549e-06
-4.981916263220015876e-06
-5.092393699896898470e-06
-5.265344624241596133e-06
-5.687062572637318929e-06
-5.783850509703840916e-06
-6.035938514861520432e-06
-6.263424230314195064e-06
-6.389862693421858505e-06
-6.476828692525092534e-06
-6.840897067061765286e-06
-6.944044142076207725e-06
-7.376012163359661574e-06
-7.843667030829123293e-06
-8.221167689909531436e-06
-8.372939605637543390e-06
-8.801544409700653773e-06
-9.052186170833839495e-06
-9.336281972458122124e-06
-9.584140964325112640e-06
-9.718728574501172781e-06
-1.024746476329640638e-05
-1.047365838772065406e-05
-1.097279567054174614e-05
-1.127893954256028455e-05
-1.151056042234428349e-05
-1.170601220338526757e-05
-1.191844674485661484e-05
-1.210571601042844646e-05
-1.252890814332857595e-05
-1.273753789790517091e-05
-1.299429697633291728e-05
-1.326028337977971487e-05
-1.397320268426448296e-05
-1.448362603253642523e-05
-1.462027566030725594e-05
-1.472455746375192129e-05
-1.553819863856399105e-05
-1.579494966369166044e-05
-1.639618200715795162e-05
-1.653573860983571119e-05
-1.739335924315847971e-05
-1.743158654219768795e-05
-1.805850342907997053e-05
-1.849040593267304216e-05
-1.869472635350190610e-05
-1.908982208713730312e-05
-1.968301325850571411e-05
-2.041614045241469194e-05
-2.063617707603989710e-05
-2.188823522158020793e-05
-2.210664947295100721e-05
-2.269522243810769967e-05
-2.314126509006728241e-05
-2.368637655770988932e-05
-2.434919796163819810e-05
-2.473265368757967186e-05
-2.495785938049965963e-05
-2.614830784955380624e-05
-2.668178357008163659e-05
-2.713504117544142719e-05
-2.773606587158161332e-05
-2.841446333718680031e-05
-2.948786494221517884e-05
-3.057416259310383904e-05
-3.061992261845495516e-05
-3.175809082570901076e-05
-3.228628934728325708e-05
-3.251220605783643956e-05
-3.299030587958481838e-05
-3.478734646425805092e-05
-3.517773900180953378e-05
-3.639691060818314543e-05
-3.763300704020026787e-05
-3.794936372803290735e-05
-3.950272955798721263e-05
-4.054846322835341330e-05
-4.099261984797224223e-05
-4.268843857662883262e-05
-4.368794195856501219e-05
-4.433161367615513250e-05
-4.579993165224429709e-05
-4.674080913582469711e-05
-4.835339772641432599e-05
-4.915446998745198244e-05
-5.079475102728907347e-05
-5.185223327993283718e-05
-5.359946060312715171e-05
-5.395369703807167451e-05
-5.582034364799245865e-05
-5.655069883590831641e-05
-5.823823071052081074e-05
-5.899118611459718838e-05
-6.013262254340135066e-05
-6.108405535844867358e-05
-6.352873457098519446e-05
-6.517564374379321485e-05
-6.600997304638753509e-05
-6.812113976498762233e-05
-6.884205191458678133e-05
-7.129265064707146623e-05
-7.179579729467885896e-05
-7.504205680579295677e-05
-7.532922726837646440e-05
-7.642199801738290739e-05
-7.972824909437572062e-05
-8.011568916235411108e-05
-8.283375082611880546e-05
-8.523934065226852069e-05
-8.722346382038779263e-05
-8.741083413796318794e-05
-9.152088076658309809e-05
-9.322493870530531397e-05
-9.465670086210250828e-05
-9.727629828591783843e-05
-9.908380948441030192e-05
-1.012500293330485850e-04
-1.041269583039060493e-04
-1.052966279516056339e-04
-1.074882292080810885e-04
-1.109665511058452930e-04
-1.125227933364068671e-04
-1.146268166092304281e-04
-1.179668395540423503e-04
-1.217654790616849313e-04
-1.240161185256781094e-04
-1.263417715915317720e-04
-1.274956095684096492e-04
-1.276239966022904061e-04
-1.321714661282233870e-04
-1.371447934783334808e-04
-1.422977288737517422e-04
-1.438698202343905276e-04
-1.455618072853112155e-04
-1.511347257758384422e-04
-1.572947274120564676e-04
-1.606365169637995660e-04
-1.626425596498189520e-04
-1.679267354589144363e-04
-1.699434429463007141e-04
-1.728095561511620751e-04
-1.801755881463922948e-04
-1.853390563589391851e-04
-1.875127274458496002e-04
-1.903946331248571001e-04
-1.948544710809413470e-04
-1.977237455113616189e-04
-2.005962558075459511e-04
-2.060409700748634004e-04
-2.134485624654250998e-04
-2.166960655158442690e-04
-2.288223622384134989e-04
-2.319046368436689803e-04
-2.365558073705717121e-04
-2.486173999834334408e-04
-2.554651284946497292e-04
-2.607658850465786556e-04
-2.632763288286751771e-04
-2.667059308326161205e-04
-2.762223393287601986e-04
-2.858301379110806599e-04
-2.904530241742602826e-04
-2.976799745638205610e-04
-3.028746615378604214e-04
-3.124958890790972181e-04
-3.184796431545539042e-04
-3.289481047140069649e-04
-3.311124426740221101e-04
-3.502341725979193497e-04
-3.572572486719873376e-04
-3.660717374526340460e-04
-3.834133096168530807e-04
-3.908121917658891227e-04
-3.950532623525262327e-04
-4.133826146500387726e-04
-4.284509372123832547e-04
-4.320457213250616262e-04
-4.549741041797778938e-04
-4.702000397690690508e-04
-4.734466175377297537e-04
-5.042878389034038478e-04
-5.115066176100169530e-04
-5.370424937726095502e-04
-5.464803153914175307e-04
-5.763227100947440618e-04
-5.937493285293984251e-04
-6.289771848562298977e-04
-6.654418520373295938e-04
-6.861885617697334981e-04
-6.897308547494731840e-04
-7.091103440790775050e-04
-7.573663087425441028e-04
-7.994990782562980992e-04
-8.230950301535290125e-04
-8.610016974762114625e-04
-8.723750514150601385e-04
-8.811201094613327865e-04
-9.069465375560665545e-04
-1.025509086634914272e-03
-1.056237414908896537e-03
-1.198772415980837742e-03
-1.244068277831675067e-03
-1.294866907827605393e-03
-1.358171577659413390e-03
-1.622682564426975067e-03
-1.699835854859546016e-03
-1.728882896920721666e-03
