-3.065370406730911004e-02
-2.691827003689736472e-02
-1.794851112589813252e-02
-1.302108211265442378e-02
-1.191617871848486832e-02
-1.020516581366567345e-02
-9.053503628080130511e-03
-8.003064750421827814e-03
-7.112914950024658463e-03
-6.435388160132650415e-03
-6.321090878680935866e-03
-5.501734346465064415e-03
-5.088217573179783931e-03
-4.573801268134683462e-03
-4.251373890055451348e-03
-3.952087626908465205e-03
-3.662827470448080242e-03
-3.440012715335969383e-03
-3.358020241826688203e-03
-3.237011448456283535e-03
-2.859624550173711123e-03
-2.704699307649429448e-03
-2.428838888414896341e-03
-2.341440704867213830e-03
-2.174413490862635301e-03
-2.012172302164810973e-03
-1.932671111972193625e-03
-1.896624155819870861e-03
-1.792930088823487932e-03
-1.624799657218212482e-03
-1.543404077431427112e-03
-1.539382416418848135e-03
-1.411741625415052857e-03
-1.404877508446183716e-03
-1.352932216801138723e-03
-1.322017630099285015e-03
-1.237824463358251073e-03
-1.168822774945014759e-03
-1.116752862346917117e-03
-1.032344493067337754e-03
-9.617604445537874256e-04
-9.482562756558835047e-04
-8.971402255728643622e-04
-8.822409090219094589e-04
-8.519157710161467251e-04
-8.088744083346145015e-04
-7.823247077522355476e-04
-7.422942821838492090e-04
-7.342991789620732400e-04
-7.308274342454013301e-04
-6.732157985590613361e-04
-6.554680691696951247e-04
-6.253130890956947515e-04
-6.012053679864880163e-04
-5.540467347604680591e-04
-5.351512436453265565e-04
-5.277529020283648013e-04
-5.082372988786481010e-04
-4.909847801522706666e-04
-4.655999598495803773e-04
-4.473483188810203036e-04
-4.309932138855562507e-04
-4.120590166088302438e-04
-3.951320360964904587e-04
-3.882321067902451232e-04
-3.840776927242357504e-04
-3.668968154731598293e-04
-3.538023206876628516e-04
-3.409257370532159381e-04
-3.317030906723725833e-04
-3.188143610177138253e-04
-2.994915670333716824e-04
-2.809375356665851824e-04
-2.727445337398743492e-04
-2.622471105788798319e-04
-2.542905811068539405e-04
-2.465647824253106913e-04
-2.411467140886239507e-04
-2.306903753506017035e-04
-2.211401650033948047e-04
-2.049078990753839071e-04
-2.014901325965744508e-04
-1.928438367275654589e-04
-1.873574583097128553e-04
-1.784876283156057485e-04
-1.690563073664170699e-04
-1.659834821315876914e-04
-1.611220636499489250e-04
-1.532772597114380410e-04
-1.474963294018651581e-04
-1.402215468426100647e-04
-1.345700953219363598e-04
-1.314019769177918173e-04
-1.256488963927293178e-04
-1.232586055112748057e-04
-1.146864462197215792e-04
-1.089017811009787443e-04
-1.085058722518321151e-04
-1.027186515329812135e-04
-1.015619124976693702e-04
-9.666340882752836911e-05
-9.339874608944543570e-05
-9.091691949445031490e-05
-8.644796254946182873e-05
-8.559165463300734888e-05
-8.381986802303862468e-05
-8.007717790849132355e-05
-7.844345724518059606e-05
-7.650558162466435173e-05
-7.032109765318972675e-05
-6.844917769348021817e-05
-6.739551914253908457e-05
-6.452450875505739069e-05
-6.226212585600859265e-05
-5.889811443228953544e-05
-5.761839640827120824e-05
-5.421785331107081650e-05
-5.283053989919241127e-05
-5.001700820249682016e-05
-4.768415994561757491e-05
-4.647181897830170248e-05
-4.577769015050265022e-05
-4.430938438025325201e-05
-4.284556455436216944e-05
-4.056148271605390339e-05
-3.840698968380262725e-05
-3.664933072116959451e-05
-3.553637828938060100e-05
-3.416998395709621187e-05
-3.342112544571567502e-05
-3.185610475431703841e-05
-3.086306598422936426e-05
-2.823949319204179374e-05
-2.631859416424072454e-05
-2.599555824906057581e-05
-2.505463237176707347e-05
-2.365380175669796407e-05
-2.319472259231345030e-05
-2.289693846901033020e-05
-2.204378979526388984e-05
-2.066068444755504824e-05
-1.954506274969309629e-05
-1.934871236158393115e-05
-1.757853194597473975e-05
-1.741816847390595323e-05
-1.697718668789642804e-05
-1.535881593480935587e-05
-1.484973353066770651e-05
-1.436366996495237092e-05
-1.327212602209540397e-05
-1.296065535195770520e-05
-1.200288082794215295e-05
-1.130783371743738302e-05
-1.085756290713379419e-05
-1.028371593394215008e-05
-9.453340727140718233e-06
-9.039210790978516351e-06
-8.786455071856098567e-06
-8.383221322427437071e-06
-8.242172655930234514e-06
-7.323791011069968076e-06
-7.019279769232468677e-06
-6.278687325743259758e-06
-5.906184717221684433e-06
-5.561507533548107542e-06
-5.505827625768288976e-06
-5.252865661241946474e-06
-4.550144698788469091e-06
-4.283786063056376308e-06
-3.689774707354907718e-06
-3.475108588785632171e-06
-3.372482183070897252e-06
-2.992562563657381196e-06
-2.970332357413768100e-06
-2.769684561407921893e-06
-2.526518268608234942e-06
-2.451825773570369724e-06
-2.075915384770927256e-06
-1.918629283061494766e-06
-1.471227597477735520e-06
-1.326118208549671950e-06
-1.178615502887133119e-06
-1.018523017448402966e-06
-8.180409438000036840e-07
-7.560456048708215354e-07
-6.458516769479263978e-07
-5.806343168180251042e-07
-3.161185537292054164e-07
-2.408373535173884876e-07
-8.093313757174511669e-08
-2.545829872682542721e-08
-2.416199578928795852e-18
1.207272059717323340e-17
7.161570400227965266e-08
2.169403728358581030e-07
2.674191190180730118e-07
4.438936627680743713e-07
6.556719423976471324e-07
8.471301703725931413e-07
9.155191619742847274e-07
9.441160034625834523e-07
1.011684126831230914e-06
1.271266793905033251e-06
1.685186896630345489e-06
1.836087094314268989e-06
2.099716401021763326e-06
2.340384716694238478e-06
2.513915304846462272e-06
2.776944692541989235e-06
2.886912660113038686e-06
3.014982620452712419e-06
3.203150768709242517e-06
3.582152753027671096e-06
3.711486403122023856e-06
4.017474021012651035e-06
4.067012979536547038e-06
4.304839370137964876e-06
4.696066137790369096e-06
5.003716348807290647e-06
5.257950708154297020e-06
5.458689310383846013e-06
6.043790044854743003e-06
6.208695496530775537e-06
6.486996157355477952e-06
6.807031981595980085e-06
7.275008787283269437e-06
7.532802563370512739e-06
7.826867276090427396e-06
7.973359251154981048e-06
8.254551872590463739e-06
8.459233593524169011e-06
8.763610129505861675e-06
9.503944752724609893e-06
9.859844533924054180e-06
1.031489660059583396e-05
1.082982570246080234e-05
1.115032152739161006e-05
1.197746222896334230e-05
1.204086352060717694e-05
1.232334992897193652e-05
1.316690664399590973e-05
1.336297489015408119e-05
1.373890581471300099e-05
1.463620864313962899e-05
1.518047353064421946e-05
1.610837329580484649e-05
1.730860325164954532e-05
1.750152632951701892e-05
1.829364426079997826e-05
1.906056086565349175e-05
1.939164619741005262e-05
1.979037605504887500e-05
2.106506912890826491e-05
2.128144950624669653e-05
2.188620806643679458e-05
2.243343431292409872e-05
2.367767505511756578e-05
2.467118523408018502e-05
2.598890052728329293e-05
2.631917152891841537e-05
2.642453979850417409e-05
2.753169874366673221e-05
2.846961094635666760e-05
2.996701628047020340e-05
3.043633852663087572e-05
3.189004721570209999e-05
3.259701294346772888e-05
3.374696558496267273e-05
3.539495151717025884e-05
3.561969974021310500e-05
3.643598686543718070e-05
3.746082971866714192e-05
3.771117538040987324e-05
3.952427287706610680e-05
4.117013059241145126e-05
4.214044986845899934e-05
4.297493848245652071e-05
4.453576664014222429e-05
4.610488954064190893e-05
4.652617508082254903e-05
4.830624041014136040e-05
5.022311891550742906e-05
5.158051731982209550e-05
5.319554410633288026e-05
5.441371917344472325e-05
5.712342421981093325e-05
5.790891016019043510e-05
5.993281949662323187e-05
6.228073414211100138e-05
6.350524935891057763e-05
6.500034787916607413e-05
6.890381859619651179e-05
7.148058961011085699e-05
7.351948745401602010e-05
7.513540356240829509e-05
7.877168955849355217e-05
7.936540314230339081e-05
8.077153890149014017e-05
8.359568934862542523e-05
8.518133321614147042e-05
8.583524920271409515e-05
9.069881993404820659e-05
9.271049616491168564e-05
9.464445265111698477e-05
9.913076735203393277e-05
1.001077514484469469e-04
1.023201831184730043e-04
1.086460516195801682e-04
1.141330492064063646e-04
1.148533198327667497e-04
1.192401938056150196e-04
1.247045620312308041e-04
1.287929062700273895e-04
1.315628403966012932e-04
1.323578434742969656e-04
1.367632897365089870e-04
1.400023833179503711e-04
1.442669230039978487e-04
1.467825714374417770e-04
1.489606337128266907e-04
1.557656266541575306e-04
1.610844338734261779e-04
1.653481707898381942e-04
1.747301849048301921e-04
1.790414836620510925e-04
1.856808075547619369e-04
1.886971025528743815e-04
1.944620416712873883e-04
1.996112483568641103e-04
2.075622246847612232e-04
2.107886704287516603e-04
2.227433358861367939e-04
2.318614243948569932e-04
2.431409388199792831e-04
2.531834251727909952e-04
2.559352860573703859e-04
2.594715582959089030e-04
2.700647721602465311e-04
2.777329212310352389e-04
2.853426190818884618e-04
2.937595864106420408e-04
3.062828362091587261e-04
3.227173705861985896e-04
3.249784071689218066e-04
3.386507484774400390e-04
3.470692449518183575e-04
3.478044191699371018e-04
3.576024390301121739e-04
3.648973124733225935e-04
3.848091670263571631e-04
3.905980158240560714e-04
4.070493267579269078e-04
4.146980461486752330e-04
4.275224942729152983e-04
4.541196569248686222e-04
4.650686747495304057e-04
4.883956638659065581e-04
4.994131206264982486e-04
5.044843956392333194e-04
5.355700572753324500e-04
5.590046346805033466e-04
5.608443239963814943e-04
5.694901635051812612e-04
5.911409906500233666e-04
6.242564092081482772e-04
6.426603111998536230e-04
6.523954416992833270e-04
6.989563823228064779e-04
7.133947261875628896e-04
7.495046897824843984e-04
7.968596336505000396e-04
8.209887702298857655e-04
8.305636421184959444e-04
8.416769361010290182e-04
8.959301835047853374e-04
9.470059048987476257e-04
9.522996383237727295e-04
9.806309657109863517e-04
1.020927906439133203e-03
1.055091796300363510e-03
1.120642360871963858e-03
1.136619729845541596e-03
1.195589773557514642e-03
1.232511026167101625e-03
1.386651689670542927e-03
1.405531769172372290e-03
1.425688906061927351e-03
1.458825226480463906e-03
1.506879018275559699e-03
1.594912878105547455e-03
1.621701837233577304e-03
1.749206015842663013e-03
1.798139685928828091e-03
1.856016193335918284e-03
1.951258022041374137e-03
2.140124725506489713e-03
2.206966419268767150e-03
2.331058837105522922e-03
2.339739977733292300e-03
2.475892996418543532e-03
2.659534180088588863e-03
2.837925300383831347e-03
2.953318540920349660e-03
3.363835764595287606e-03
3.536460784327358654e-03
3.626128524189236452e-03
3.769865510843577357e-03
3.891768474690174198e-03
3.996636588177815072e-03
4.305125186817767777e-03
4.779518181004204641e-03
5.380834862079692492e-03
5.492608237266655494e-03
6.024367156920370017e-03
6.695344079681193709e-03
7.644834864157594098e-03
8.447714875795335823e-03
8.761069620041353131e-03
8.981121002697413369e-03
9.621827701426600293e-03
1.075922092288202764e-02
1.239540026882278087e-02
1.422981261749569140e-02
1.534227662967393817e-02
1.794308830001679900e-02
1.997976436068133604e-02
2.145210952940739685e-02
2.682558885849552904e-02
3.068060500069416316e-02
3.479239281969633002e-02
4.852618318299825595e-02
7.109836953493427203e-02
7.890381298397193544e-02
9.347765002869883044e-02
1.125190262210612469e-01
1.875201912851331421e-01
2.098935166245665118e-01
5.074140764883992016e-01
2.110725237959331313e+00
4.247697627574961388e+00
1.108102295367650925e+01
