-1.982664935344040919e-17
-1.537008061861852049e-17
-1.437515498732782700e-17
-1.375937428782005639e-17
-1.211051048038315463e-17
-1.069933516978333675e-17
-1.026157413552621853e-17
-8.890274557146236946e-18
-8.232604792847235065e-18
-7.753720168125700071e-18
-7.580670191267952372e-18
-7.190334946100692730e-18
-6.904624969968474750e-18
-6.570985124838941866e-18
-6.283566358309610946e-18
-6.095182048003132151e-18
-5.887274630733711965e-18
-5.717586011205444262e-18
-5.496962247506171520e-18
-5.374100742949711841e-18
-5.198003030446217289e-18
-4.944378534530179159e-18
-4.734002127010824478e-18
-4.567688787703048899e-18
-4.538433695662525671e-18
-4.399478512502592613e-18
-4.271991043393585791e-18
-4.163413385572697448e-18
-4.095872502165210028e-18
-3.913751526675531531e-18
-3.885859912698334159e-18
-3.708815271086676979e-18
-3.647029723135675873e-18
-3.551340881784526192e-18
-3.543962163492960887e-18
-3.487196378307650111e-18
-3.325091966288413810e-18
-3.262464526250510431e-18
-3.158883339617835447e-18
-3.118949275717537519e-18
-3.053202332394576088e-18
-3.047194780230226205e-18
-2.986508357883855572e-18
-2.927883647801886703e-18
-2.871937829491740185e-18
-2.845813960589877365e-18
-2.791971438877966506e-18
-2.716707880406972980e-18
-2.699427485185671100e-18
-2.623211763387098672e-18
-2.601232958874554538e-18
-2.497468623618502434e-18
-2.487563273215324399e-18
-2.463368601663394033e-18
-2.397172616104740415e-18
-2.337341858951122975e-18
-2.306043649560628828e-18
-2.297149073660710408e-18
-2.258059610021305784e-18
-2.220220478737014221e-18
-2.151500140297949097e-18
-2.106825513547409255e-18
-2.087041456015162330e-18
-2.063587721944885431e-18
-2.042889002100324542e-18
-1.999827827479015998e-18
-1.970181141282571616e-18
-1.960197557794471194e-18
-1.913666515619600630e-18
-1.901496373825639074e-18
-1.880719368520660057e-18
-1.860770271009007985e-18
-1.819655526746256762e-18
-1.802492271091281533e-18
-1.775531654549995419e-18
-1.737634859431306589e-18
-1.717784124029257803e-18
-1.678690913588654588e-18
-1.661844821201780462e-18
-1.637664409614309619e-18
-1.616397690363760372e-18
-1.582798437842009970e-18
-1.568753796373873877e-18
-1.522410400998360224e-18
-1.489131735262225680e-18
-1.477819615943178078e-18
-1.435915698919454888e-18
-1.423138666728792632e-18
-1.392098657082749597e-18
-1.376923585081854968e-18
-1.366975327035905740e-18
-1.346514764240096093e-18
-1.341377156969295810e-18
-1.307857432203813280e-18
-1.298776643007632012e-18
-1.265657966071215944e-18
-1.254710072937218873e-18
-1.226638013413928557e-18
-1.219859457357391421e-18
-1.209987453053226657e-18
-1.185376201325250779e-18
-1.162595814785638675e-18
-1.147309482606739122e-18
-1.104096453000616305e-18
-1.095436040002172299e-18
-1.084479580906310992e-18
-1.060730657526359587e-18
-1.058318486141957994e-18
-1.038938999695058406e-18
-1.021519746329849582e-18
-1.003179592048550556e-18
-9.924445582757716875e-19
-9.766137932974064483e-19
-9.667927646901367746e-19
-9.437586536578469253e-19
-9.220589419452770438e-19
-9.120163428980062492e-19
-8.964545927569252082e-19
-8.890887735704401360e-19
-8.715986463482230975e-19
-8.622779079698537821e-19
-8.533885882023596165e-19
-8.450057817946252066e-19
-8.144036399706261619e-19
-8.135764305393374038e-19
-7.991327924344979167e-19
-7.834253231423288919e-19
-7.764476191684643200e-19
-7.548193392076309253e-19
-7.547775675607360667e-19
-7.288291559691380671e-19
-7.138916386118108634e-19
-7.058108384856704900e-19
-6.861540883468618766e-19
-6.814588159937464803e-19
-6.643075099277327355e-19
-6.526933783156254870e-19
-6.392646451296813750e-19
-6.240644285318667159e-19
-6.076670390213861841e-19
-6.018361828159148719e-19
-5.867133025289141732e-19
-5.728539419865275709e-19
-5.639571710287096269e-19
-5.457322335939792146e-19
-5.417746460744194127e-19
-5.296039898936152379e-19
-5.157563407542834407e-19
-5.017924867142220731e-19
-4.956504865975510497e-19
-4.856252437498237899e-19
-4.744574561809832568e-19
-4.701273563994991060e-19
-4.594860797943662468e-19
-4.489695541785867356e-19
-4.359932004966863916e-19
-4.179796898817972810e-19
-4.054407987750325598e-19
-3.951164016074007053e-19
-3.909286674232759262e-19
-3.789383338475375573e-19
-3.770365837205733429e-19
-3.663098514143048388e-19
-3.531030161096423777e-19
-3.458856847176740871e-19
-3.375809506721433936e-19
-3.192362805893434468e-19
-3.112068958366615802e-19
-3.073179577149580159e-19
-3.028756451237566138e-19
-2.874817540902102472e-19
-2.826805555525120707e-19
-2.676795209726844544e-19
-2.555109588186676498e-19
-2.472054446753052343e-19
-2.409679470172682554e-19
-2.352634185912410853e-19
-2.316833684598714027e-19
-2.261770059651279839e-19
-2.135848981571055996e-19
-2.062951979663364528e-19
-1.954757675468287976e-19
-1.946229632346863857e-19
-1.816816486056590150e-19
-1.685865011614896685e-19
-1.611751947225144196e-19
-1.520786463764524494e-19
-1.463660096273964406e-19
-1.406521520789331414e-19
-1.338723027375465295e-19
-1.233229081672698925e-19
-1.187899040654474801e-19
-1.103817123110435196e-19
-1.070684964212954646e-19
-1.002396530715748710e-19
-9.606783032647146369e-20
-9.230668958970244842e-20
-7.906536664963157861e-20
-7.148146684231626498e-20
-6.446794148701733402e-20
-6.053882300663660405e-20
-5.390590927319972686e-20
-4.593533505016021152e-20
-4.134697434185813664e-20
-3.040728177501121159e-20
-1.824804324066027906e-20
-1.369600769495442515e-20
-8.520940922770646444e-21
-3.109153862662316469e-21
2.512507110598309952e-21
7.945210734317517877e-21
1.838798967241204022e-20
2.364247100813040673e-20
2.857149201178174585e-20
3.279694674175904332e-20
4.323111612171141096e-20
5.413361671924059121e-20
5.982303674137265586e-20
6.068524767502279535e-20
6.874067032036841562e-20
7.616386690148449659e-20
7.917366266635009253e-20
8.875402794419881495e-20
1.027641312614702327e-19
1.121229630626838269e-19
1.173508242019237244e-19
1.244454015509226564e-19
1.256281407717850287e-19
1.372773373769778953e-19
1.420514428609769385e-19
1.480510917509449747e-19
1.533200833107248128e-19
1.637592145352005358e-19
1.723413157921659133e-19
1.817554646634294057e-19
1.870645611172223985e-19
1.934094983835962248e-19
2.022811085107018162e-19
2.118354402279567822e-19
2.170892167595228507e-19
2.236350238622258028e-19
2.262211682827460689e-19
2.407128079118866589e-19
2.490810853096937960e-19
2.644399291445136725e-19
2.725482719884722554e-19
2.881175412068587621e-19
2.899869915784140909e-19
3.012941308699008181e-19
3.058000957711624565e-19
3.224194341367960704e-19
3.259779913866904168e-19
3.363203309740627979e-19
3.496147153562067465e-19
3.520182410800984424e-19
3.740128785563365470e-19
3.837245986564554651e-19
3.916366200814825244e-19
4.000763596040741551e-19
4.096958610373627224e-19
4.169266273856252270e-19
4.303238395747208107e-19
4.340431641136543283e-19
4.597503556661312541e-19
4.775589503965130915e-19
4.817416199897525720e-19
4.920479916889764702e-19
4.958251493861867347e-19
5.088742934951019067e-19
5.163303731430514736e-19
5.243201180366887479e-19
5.312666711093746571e-19
5.392435248258231742e-19
5.556137980894656486e-19
5.619858176542930932e-19
5.785282597948656430e-19
5.795465217074534817e-19
5.945442850349943898e-19
6.067258220840448848e-19
6.255949276191675419e-19
6.415319343493730568e-19
6.419968590263023907e-19
6.584095083206421138e-19
6.793217770745599278e-19
6.911755527679537999e-19
7.011843416726244202e-19
7.124710310563383062e-19
7.190266714134113498e-19
7.304818031139886050e-19
7.441882338801928670e-19
7.592631156837755112e-19
7.701063951388196655e-19
7.786213852319616875e-19
8.044240195586753968e-19
8.177817112453051595e-19
8.271159485738866125e-19
8.454386017928913797e-19
8.651226237919435458e-19
8.672415070997427130e-19
8.933415413124303422e-19
9.123992051758354408e-19
9.165993360757718739e-19
9.292713761996265649e-19
9.354518902456877753e-19
9.551499020519809507e-19
9.718992892836190777e-19
9.765287617653779452e-19
9.889422302970943446e-19
1.020057148766268644e-18
1.029570829532795383e-18
1.043477133594820475e-18
1.052612703177797321e-18
1.077987058520687674e-18
1.091723670359855611e-18
1.130657181738499571e-18
1.138547049501509565e-18
1.145682409333500283e-18
1.186781019774312126e-18
1.208078232545419572e-18
1.244046372991155281e-18
1.248202296372215998e-18
1.266102712850036220e-18
1.271790223877408831e-18
1.302427797672761188e-18
1.328143864743395796e-18
1.353853434958373441e-18
1.402501054188491410e-18
1.410490733946703897e-18
1.420220395276635182e-18
1.440245181960464689e-18
1.463853216716316233e-18
1.501681204948710851e-18
1.520923455852327948e-18
1.549295290757636815e-18
1.567732285366261210e-18
1.580408495637494784e-18
1.600905652681922492e-18
1.623439451004827492e-18
1.673681989419431540e-18
1.687284887435997294e-18
1.711108711004940925e-18
1.751873476084721515e-18
1.791083685251675755e-18
1.810555652751777008e-18
1.870003185094993779e-18
1.880428026849355680e-18
1.898704930936833994e-18
1.926364416786235123e-18
1.954382972190567689e-18
1.990499271284345737e-18
2.020277579461171812e-18
2.061603745463819426e-18
2.101019334677000244e-18
2.154292591497129073e-18
2.205760799693530963e-18
2.230008512139347684e-18
2.276176808729571632e-18
2.300619670911396691e-18
2.307179490902790879e-18
2.382030345232023011e-18
2.452630326998368154e-18
2.483906014059448532e-18
2.504578847456253056e-18
2.525646658502794408e-18
2.552313887267284211e-18
2.612496184213633199e-18
2.671763799149183951e-18
2.684138656052889434e-18
2.771780285640138437e-18
2.836385031332038859e-18
2.891423053945397331e-18
2.909783889880265236e-18
2.961675497493830719e-18
3.013911558711852224e-18
3.039971737125731405e-18
3.108409933377721464e-18
3.204179810921685963e-18
3.218638285066689713e-18
3.339569907209719816e-18
3.416752567912087650e-18
3.438917545364118294e-18
3.470505065926012585e-18
3.647101094439337538e-18
3.690801521592903765e-18
3.748167332771918441e-18
3.796354547292488549e-18
3.946083118441431325e-18
4.024762919606428557e-18
4.129444745502618344e-18
4.170842522925523798e-18
4.291165796834517965e-18
4.466400374619532526e-18
4.524991018494934017e-18
4.658242684398466478e-18
4.695884936970758808e-18
4.827301365677280746e-18
5.022198151718133076e-18
5.431510601179767535e-18
5.596373787060743721e-18
5.695175599590089296e-18
5.743083933850259075e-18
5.816396494029382489e-18
6.111224912248143281e-18
6.244837668370872696e-18
6.581472845394940723e-18
6.729980278371408287e-18
7.708105712256764827e-18
8.065222308387280633e-18
8.386925000494911378e-18
8.704965974699758527e-18
9.307261215526341456e-18
9.652781835531494101e-18
1.110670692330528885e-17
1.507074787976287693e-17
2.191852205527635046e-17
3.047660676494622347e-17
4.929079483713019294e-05
9.863207733388033437e-05
1.547824323765765553e-04
1.675865415543170472e-04
2.219096047828578871e-04
3.302980998807672052e-04
3.769578271272625448e-04
3.801610291849678185e-04
4.036583854403904778e-04
4.920485791523047025e-04
6.920993013326685091e-04
8.186438539147965947e-04
9.219684806712860918e-04
1.170330197957248491e-03
1.829218250212644083e-03
2.617944415927977476e-03
2.921384122185672998e-03
3.667120980281956578e-03
4.080138310183936343e-03
7.718411515765069217e-03
8.042416462997557108e-03
2.135302027928750318e-02
7.837779433516091354e-02
1.126392839428271425e-01
2.235455381792065821e-01
