5.225098943529957740e-01
4.632658558153173733e-01
3.787862577087671712e-01
2.584924591480259326e-01
2.055665456194501195e-01
1.901407684867847392e-01
1.694169689313452798e-01
1.581462466477834006e-01
1.529119368649091426e-01
1.326850064146807839e-01
1.222106965437639720e-01
1.192322975115137351e-01
1.084084017272275713e-01
1.073345219471709827e-01
1.003168447329052110e-01
9.775752423052380680e-02
9.241436365358085547e-02
8.728510512848275393e-02
8.630415716360687051e-02
8.408727966185729208e-02
8.211016369269506787e-02
7.641421197312558977e-02
7.462341986725597176e-02
7.215251639159893371e-02
7.095357619730648102e-02
6.957643290072257347e-02
6.894221416097341681e-02
6.565050705433149447e-02
6.530878225056101216e-02
6.153473705349449263e-02
6.095724775251529920e-02
5.948269053566705711e-02
5.905483497155193662e-02
5.776791024009891862e-02
5.675085333430023721e-02
5.555805054145979832e-02
5.272987447566760549e-02
5.144198386294683567e-02
5.060231438554466804e-02
4.969919861101079750e-02
4.935392709650997245e-02
4.884490157127378135e-02
4.818274934786571234e-02
4.803497361744941963e-02
4.601116582668676042e-02
4.580839100442644224e-02
4.372704599371406153e-02
4.345135353968133246e-02
4.283936188077863000e-02
4.263609129258821850e-02
4.212224613918044702e-02
4.187682417672710516e-02
4.095996625496099025e-02
4.071223334393583165e-02
4.013586165673857509e-02
3.953351027943151352e-02
3.759827139199935914e-02
3.727248356089966908e-02
3.671983062660829494e-02
3.603149084595699825e-02
3.580044249614914437e-02
3.544146005637093672e-02
3.525316993232104068e-02
3.476816272695947702e-02
3.456300023544259942e-02
3.397823273233230995e-02
3.377522852200693509e-02
3.289621172588321624e-02
3.269814614273873488e-02
3.192065869557229874e-02
3.168020484816513188e-02
3.124058364314237501e-02
3.109118398432826613e-02
3.060254972732480774e-02
3.046484926189041778e-02
2.997142520117761916e-02
2.994831310856154588e-02
2.975783347312946706e-02
2.942815208277372793e-02
2.830554795326363157e-02
2.822490210386933637e-02
2.777440761060046004e-02
2.717551129751239261e-02
2.700544492952468983e-02
2.649557642292197854e-02
2.621950438186016613e-02
2.613459089366180349e-02
2.606010438801759782e-02
2.572919795134298582e-02
2.549710263331463750e-02
2.535107956167033730e-02
2.491151657945437498e-02
2.485817896853101394e-02
2.480682835237634637e-02
2.456125349019673901e-02
2.393108418670692600e-02
2.391844563811090785e-02
2.381673182389839813e-02
2.319114355143534964e-02
2.294025268329718051e-02
2.285645839051879055e-02
2.272652286018852705e-02
2.251858092498983110e-02
2.239078000798148602e-02
2.199222729107736668e-02
2.195168538777690637e-02
2.172298693897057806e-02
2.130123448576774423e-02
2.105181315431949030e-02
2.090122434761517572e-02
2.059952861601705570e-02
2.012289003364095205e-02
1.998103027160779907e-02
1.962021448136792509e-02
1.956635724687698016e-02
1.952969566463116577e-02
1.939762973410840211e-02
1.924814933110520487e-02
1.919206913901909742e-02
1.895310399820918437e-02
1.869911308939150099e-02
1.864483121708577357e-02
1.858305446591253587e-02
1.834927677214099467e-02
1.829063550715148700e-02
1.812785382590318892e-02
1.785527586278514572e-02
1.782075552441932803e-02
1.766040391584920710e-02
1.750333116379457904e-02
1.728910568378730361e-02
1.705893816265951698e-02
1.683575456684103383e-02
1.676350807066204207e-02
1.655170470852298029e-02
1.649507302133664324e-02
1.644019107909901536e-02
1.633707667294690205e-02
1.609455815335023715e-02
1.585001906423635226e-02
1.579669326035896756e-02
1.575591727721586607e-02
1.533040551105646458e-02
1.521347091241322634e-02
1.482220291479036112e-02
1.477610577204854607e-02
1.466258999304359545e-02
1.458076388377845672e-02
1.453873080676371804e-02
1.444195503397237984e-02
1.429728274037704062e-02
1.424919406166590824e-02
1.417478636412180387e-02
1.402154873717664438e-02
1.398882050694181048e-02
1.395444587147531314e-02
1.391545493265411264e-02
1.344053718159491165e-02
1.339648351794366955e-02
1.336990106206754902e-02
1.323240101937092628e-02
1.320936300737671383e-02
1.310295182853635047e-02
1.294551959892971567e-02
1.285807507241975428e-02
1.262882616000405092e-02
1.255793389639683552e-02
1.246083587339839351e-02
1.234658597015161549e-02
1.225772386572933186e-02
1.223567999047054343e-02
1.201445182377245888e-02
1.183134622813696024e-02
1.174183101381803991e-02
1.161445895599852104e-02
1.153343247781484816e-02
1.146025822570191990e-02
1.123779956483446883e-02
1.112326849808085473e-02
1.106795538391821404e-02
1.103294110419480480e-02
1.098625268910589578e-02
1.094690979464665870e-02
1.088801655208951683e-02
1.066736051363088855e-02
1.064356089942314169e-02
1.053742812428824956e-02
1.044438474529920703e-02
1.038257300139261950e-02
1.033121873408515516e-02
1.017752148516623024e-02
1.014973008961532822e-02
1.007795572812316895e-02
9.949938721937414549e-03
9.884080749642960503e-03
9.842041780202825246e-03
9.807449071531450235e-03
9.719962480177445074e-03
9.583730367921761140e-03
9.468410539150085709e-03
9.428527707422371465e-03
9.358191038727668720e-03
9.335687837519212467e-03
9.292573855933667845e-03
9.239678684408392240e-03
9.203657285479399305e-03
9.111578502877771060e-03
8.998501968139130391e-03
8.880816464058480589e-03
8.792359377200955825e-03
8.709341269076811831e-03
8.586654396563780933e-03
8.377011455061955311e-03
8.299943614518887763e-03
8.277586311030529428e-03
8.115117587824625597e-03
8.096232914343526321e-03
8.064667546764407377e-03
8.045115080444784766e-03
7.920768040028933199e-03
7.907606372673169418e-03
7.805119273953263839e-03
7.799997020735450169e-03
7.745244835551339142e-03
7.720615029294983223e-03
7.568444635395500664e-03
7.460973251478430178e-03
7.413635255875326152e-03
7.373654839518275529e-03
7.259632136818894126e-03
7.195303690256368671e-03
7.151645570913146496e-03
7.058275212706069043e-03
6.974600452639883978e-03
6.955788386173134344e-03
6.936766890361757004e-03
6.897937353801843544e-03
6.867266425418024935e-03
6.863128899046781924e-03
6.773013762099049269e-03
6.735093215318625065e-03
6.700013362776950296e-03
6.660772161161564696e-03
6.650875250496324741e-03
6.578880119407827867e-03
6.559585584896792179e-03
6.489133832708989663e-03
6.434974935907443114e-03
6.322385255196709929e-03
6.302922609883070126e-03
6.228991616145457266e-03
6.143888651015163779e-03
6.054657502495936101e-03
6.007067553660793910e-03
5.993854608042804323e-03
5.954399490107052141e-03
5.944620888996383738e-03
5.854460062749138917e-03
5.747764309500483226e-03
5.705839051095402958e-03
5.665824864143364364e-03
5.630364794317151665e-03
5.588763470904143001e-03
5.482216974990900341e-03
5.461699910888628828e-03
5.443603593883932466e-03
5.426226588427615800e-03
5.388070901564272035e-03
5.267160093504931126e-03
5.249572582639079436e-03
5.211429167826078616e-03
5.150481560966998704e-03
5.096453192775417078e-03
5.063380911876593470e-03
5.038303821151396931e-03
4.979526502881004811e-03
4.943315920405485543e-03
4.915146362264636269e-03
4.855005703593342353e-03
4.823516916364346298e-03
4.777521678845721674e-03
4.742788343765620522e-03
4.729686616067923545e-03
4.675028789383707181e-03
4.637702756787096155e-03
4.633088722884689224e-03
4.577525171382722073e-03
4.567127521855111894e-03
4.511533720000946747e-03
4.466321992454519267e-03
4.456943127797347894e-03
4.414258711303875073e-03
4.405463565982641917e-03
4.392890259384730697e-03
4.352069147861513040e-03
4.322478611116389521e-03
4.276392747696747786e-03
4.259727071097435709e-03
4.237433473571184522e-03
4.221472623104406165e-03
4.158524470343374739e-03
4.095685075195689036e-03
4.070278631758899625e-03
4.068326398387900507e-03
4.039170208477115692e-03
4.004456770173482269e-03
3.967025540198018153e-03
3.903449972954203991e-03
3.884649321547880337e-03
3.863197087317597669e-03
3.842555548829066931e-03
3.795384930276965007e-03
3.781901864094298991e-03
3.731981615362711842e-03
3.702869627888654390e-03
3.657932643711810008e-03
3.630446058019107160e-03
3.616360559337496346e-03
3.522190635536054468e-03
3.516807384544527130e-03
3.502707132988079619e-03
3.459871573521505241e-03
3.430030782374110521e-03
3.390900052892777908e-03
3.364809772089667663e-03
3.342041582602838391e-03
3.307565632472210613e-03
3.252608215379106625e-03
3.238157739613795310e-03
3.185841683852944778e-03
3.137433501053353557e-03
3.126621640718051098e-03
3.087733968663269445e-03
3.055429108190466266e-03
3.036278198875331027e-03
2.990450986107072266e-03
2.983890068291682098e-03
2.970259963732162917e-03
2.967629877795642003e-03
2.960506715160332331e-03
2.893567368175733057e-03
2.874695031400117777e-03
2.865099229159852410e-03
2.831405043698251994e-03
2.821985194783800579e-03
2.777099286082611914e-03
2.769945096291311949e-03
2.761235723931923427e-03
2.734403251884809285e-03
2.726666027530007773e-03
2.664237326588221599e-03
2.621617144292379391e-03
2.570676835971764506e-03
2.540933332788408803e-03
2.531977654205263672e-03
2.481471473472011448e-03
2.480363628142603222e-03
2.466196330449871819e-03
2.425971858550830546e-03
2.407936294798147542e-03
2.357325703141104328e-03
2.319251612660435009e-03
2.307998011770518929e-03
2.258048871767522666e-03
2.245274164893253793e-03
2.221556549888373949e-03
2.203948054546314792e-03
2.189190423524895856e-03
2.165084560842459992e-03
2.091237740447411848e-03
2.080132909781549737e-03
2.066124415608220060e-03
2.033409804623796321e-03
2.023908514547011813e-03
1.980523566058916846e-03
1.970455240756821894e-03
1.938831803722018210e-03
1.900723100558323166e-03
1.881659048281883635e-03
1.835469868316217702e-03
1.823243888751251195e-03
1.793397521462439378e-03
1.747044633745276857e-03
1.738233726866433848e-03
1.698818702602160205e-03
1.664032193786102584e-03
1.637856028492724707e-03
1.629085882059872576e-03
1.604282257244569240e-03
1.591668137936175795e-03
1.509834192891872442e-03
1.475265002939803692e-03
1.449565660152315073e-03
1.436471520011969828e-03
1.378101804870367902e-03
1.375736111176306892e-03
1.258967213369548968e-03
1.204756539417058082e-03
1.184955529796233049e-03
1.106207085366035748e-03
1.000208954106730948e-03
9.127817867854665177e-04
8.537600475826413434e-04
8.018530516743706694e-04
7.355607781326175968e-04
6.999393063738415608e-04
6.280167700257036946e-04
6.075678681792747197e-04
5.994369363357740640e-04
5.773006620257766387e-04
5.335536134358150355e-04
5.189644521251602412e-04
5.010964325248907147e-04
4.684295695727387697e-04
4.192918763762479599e-04
4.151902816482960085e-04
3.933744032284180406e-04
3.548278725501112616e-04
3.358326751589715831e-04
3.252430061645867612e-04
2.970640859443674951e-04
2.766175118965434349e-04
2.667458049093399531e-04
2.469858149985897956e-04
2.229355858587733384e-04
2.126385754850434551e-04
1.981861295806760126e-04
1.833233530711784337e-04
1.790448837282120303e-04
1.552516344540973538e-04
1.474430527622975736e-04
1.354644605821435940e-04
1.255851460354749161e-04
6.195432872618956272e-05
5.255894658826558977e-05
4.711068358667955909e-05
3.858556508188421620e-05
6.648935112383995064e-06
3.090977990104200004e-06
2.225692728737054679e-16
1.533097577362633348e-18
