3.766531036718723247e-01
3.690263080851143296e-01
3.290129301558972208e-01
2.002500795295142078e-01
1.595227766896613608e-01
1.469635987896213691e-01
1.279387841778162060e-01
1.247150107687576837e-01
1.222106158358019085e-01
1.035002020651222127e-01
1.022436211016926610e-01
9.301644948458079321e-02
8.431991620241313656e-02
8.347945291345061636e-02
7.871963767561074299e-02
7.295063947117413905e-02
7.135476875872287517e-02
6.978540365949249813e-02
6.729357329173607516e-02
6.563943839791874790e-02
6.466293879869834671e-02
6.171627739056338713e-02
5.856731230734064930e-02
5.732792077760726773e-02
5.698114842812872921e-02
5.437882272052101812e-02
5.295278015284368006e-02
5.048342734615986899e-02
4.924330125436292976e-02
4.815707442565152208e-02
4.752993098369301395e-02
4.678483281775951824e-02
4.656878555607382036e-02
4.640623859000696239e-02
4.605845169379773479e-02
4.333375583176887064e-02
4.305855062387228815e-02
4.065609372385473735e-02
3.996635515111664899e-02
3.936209601756451848e-02
3.921839269509440340e-02
3.843853758147180999e-02
3.755422397265156809e-02
3.701043631861765382e-02
3.589777402758817515e-02
3.455513140540206196e-02
3.421118646057857982e-02
3.403203324718621914e-02
3.354503508617979329e-02
3.336902408067212583e-02
3.322410778088862038e-02
3.311123098364728012e-02
3.258343571381541043e-02
3.220670463665525202e-02
3.205698431146827843e-02
3.092359019260781938e-02
3.002316901416306541e-02
2.970894073676627958e-02
2.870107910128034262e-02
2.852059264713687620e-02
2.826043079263215393e-02
2.814781954389141208e-02
2.788616371132093472e-02
2.740485400247879080e-02
2.676396152759021041e-02
2.638758929130042424e-02
2.586825655269415700e-02
2.554844223638923564e-02
2.549450260147703012e-02
2.501522872324554378e-02
2.492987210366892636e-02
2.484025977276663188e-02
2.467357387659706303e-02
2.427963699735209355e-02
2.420637382890203360e-02
2.380461530076145860e-02
2.372054928027120951e-02
2.360264884256711715e-02
2.306941125659501060e-02
2.292964179272437633e-02
2.211495230184961150e-02
2.177934428114515139e-02
2.159297657803357570e-02
2.135838719605480732e-02
2.100410883463674563e-02
2.083403362344871459e-02
2.069101558011491801e-02
2.047394319385886438e-02
2.021283080165707166e-02
1.990119794584104679e-02
1.983876296957650873e-02
1.964589668735675435e-02
1.932673317821197514e-02
1.912352971779855693e-02
1.898082090856262338e-02
1.895393417010528270e-02
1.873362436335240799e-02
1.857774273906778392e-02
1.830271085174514992e-02
1.821808685061798369e-02
1.813079792339863244e-02
1.806078152038490675e-02
1.776898290955552379e-02
1.759203301989524862e-02
1.750730424776294342e-02
1.734303922209132209e-02
1.723978193560616115e-02
1.674530443454232478e-02
1.671819370060713406e-02
1.625916526654024030e-02
1.605626717981972762e-02
1.603112185449300300e-02
1.580534708550073927e-02
1.552809140376774054e-02
1.548665474522092911e-02
1.538599081652214720e-02
1.533172076270256784e-02
1.504228393168169364e-02
1.494822140509493094e-02
1.484585437709794696e-02
1.476802229730526765e-02
1.460598119594900060e-02
1.451627809452967974e-02
1.438184893250687643e-02
1.433782150120120266e-02
1.426630311877279123e-02
1.405883880202480132e-02
1.396389342513514910e-02
1.385323907353142210e-02
1.382332042261325868e-02
1.344306827515042227e-02
1.342148654035942024e-02
1.336650740430966877e-02
1.327115926401563860e-02
1.322464582154477333e-02
1.316800482574273339e-02
1.294136026348092529e-02
1.291001523323130097e-02
1.272971910728932371e-02
1.253721364449176222e-02
1.232050855006327009e-02
1.230368115237937508e-02
1.222186814777556293e-02
1.190160843976028476e-02
1.186222006118783229e-02
1.178414089064183136e-02
1.169473192613506608e-02
1.157095591586320554e-02
1.145234917865482066e-02
1.142620495110282727e-02
1.131389914729051711e-02
1.126541380174104351e-02
1.111194936663537428e-02
1.104245175677478867e-02
1.094013792343103385e-02
1.077432291529556961e-02
1.077120686091705484e-02
1.061308550305752572e-02
1.050600540688486836e-02
1.041665598110287465e-02
1.032805922357580945e-02
1.027849714439446616e-02
1.025768929581192049e-02
1.022829119765165246e-02
1.008853751371980786e-02
1.001424067311146651e-02
9.864061575963260081e-03
9.798984668381034713e-03
9.790597662527040015e-03
9.652822113739242121e-03
9.573040783058211697e-03
9.499944592927191470e-03
9.384221910197861408e-03
9.202648020566481582e-03
9.127060432076321977e-03
9.091565929939190993e-03
8.995514223699442244e-03
8.834690697623718419e-03
8.813635070538367033e-03
8.730791614023472591e-03
8.700992380242772439e-03
8.656761498316645556e-03
8.603358019823396582e-03
8.542924952466076846e-03
8.398644924806901446e-03
8.329157951401367638e-03
8.210390636681134599e-03
8.142934421057242134e-03
8.136107209709734014e-03
8.075249762574591636e-03
8.033701830054699317e-03
7.921166894463916447e-03
7.805993027546738114e-03
7.782081044249137929e-03
7.748383871054762354e-03
7.693507676291247432e-03
7.638045751798103362e-03
7.574664496402016764e-03
7.557706850060362351e-03
7.451750612023771980e-03
7.403303991488905701e-03
7.333242757381347107e-03
7.299856271754976561e-03
7.281682990456174800e-03
7.247986116834250273e-03
7.081997730389746545e-03
7.058490610448392086e-03
6.970252698740637964e-03
6.877254821238382165e-03
6.828329984756387715e-03
6.787613992329640834e-03
6.721890209744702839e-03
6.628667546946646373e-03
6.616564477144881891e-03
6.504981971367302523e-03
6.419434572318047892e-03
6.389840457536296106e-03
6.334874687297990109e-03
6.278307463878118541e-03
6.257499845256968285e-03
6.183686672277063749e-03
6.061938231487043298e-03
6.048545358123370158e-03
5.977642261467893368e-03
5.962919202296545519e-03
5.952058836942863626e-03
5.794567416027606929e-03
5.792833441394040946e-03
5.765365040431802597e-03
5.719447775313614424e-03
5.634896453536084038e-03
5.616921723034305584e-03
5.576259041440724193e-03
5.543153047553341789e-03
5.489413536459666031e-03
5.402236813735686836e-03
5.398001461826761223e-03
5.302689740093479744e-03
5.291902963088305524e-03
5.281222997239942013e-03
5.262574765171699337e-03
5.182201251733294795e-03
5.168002431477721273e-03
5.099269169323160551e-03
5.072313111604213887e-03
5.066890412366773649e-03
5.033774114307202133e-03
4.999088633654657880e-03
4.997102820172893804e-03
4.965190700319162438e-03
4.824424515480691018e-03
4.813888871618332739e-03
4.758771172978585630e-03
4.679742788748514175e-03
4.667750874793460784e-03
4.649849024626281219e-03
4.630315345730879120e-03
4.566980702020317744e-03
4.505307662450935315e-03
4.495912364168983509e-03
4.447682943682653399e-03
4.419828310414163769e-03
4.408334677510716663e-03
4.339736069335981689e-03
4.309147298259870945e-03
4.258339752270787204e-03
4.218297345188226286e-03
4.200638534957190987e-03
4.115072442756799974e-03
4.092530729348464909e-03
4.052535116263078496e-03
3.996660481840000161e-03
3.961678287139348484e-03
3.945940938625026005e-03
3.936538207200940276e-03
3.907375891713037869e-03
3.880168608643351242e-03
3.864446390708550696e-03
3.847080870176468759e-03
3.789256525892659676e-03
3.771511207190149546e-03
3.756969237400777182e-03
3.736121783749114019e-03
3.707701261199650329e-03
3.664176414978652027e-03
3.653852620983762643e-03
3.619447275018194445e-03
3.595548374251406401e-03
3.551934344146337810e-03
3.536313833299611301e-03
3.525426381467659884e-03
3.448651544636853472e-03
3.443014214087638560e-03
3.422825672334672744e-03
3.413651646779420571e-03
3.369555984810659009e-03
3.360400140304127623e-03
3.340043421911177875e-03
3.301379693001289285e-03
3.288114967236528251e-03
3.270669108107050575e-03
3.225886914957613438e-03
3.204478313263427105e-03
3.180376162812960979e-03
3.162148477949352880e-03
3.150089668009783787e-03
3.097183622034865771e-03
3.086982221037785998e-03
3.085714733847097491e-03
3.039740175420638495e-03
3.026638929794742399e-03
2.994867518429035393e-03
2.976102914466884162e-03
2.944056366567975210e-03
2.913211741283604564e-03
2.893058620623701737e-03
2.867966363192510360e-03
2.808789330868591110e-03
2.768004207232378951e-03
2.764870912165728802e-03
2.745813438042769752e-03
2.685957804192220296e-03
2.677641814061853653e-03
2.641629527177227592e-03
2.626100933617450412e-03
2.595470349224849455e-03
2.580854958108439855e-03
2.551150609245837666e-03
2.534019978609641007e-03
2.501777594339386034e-03
2.449087027264911214e-03
2.425225938625952173e-03
2.419370688715492736e-03
2.381364633498373514e-03
2.371340569618699424e-03
2.363331738054360014e-03
2.331766575764702282e-03
2.298019896408156574e-03
2.280093781104333955e-03
2.242648787073347333e-03
2.235748687914799852e-03
2.225533278530382377e-03
2.220800210403356401e-03
2.168062651997703771e-03
2.157628121123708696e-03
2.142677025708245378e-03
2.132878006304199294e-03
2.117085748100396188e-03
2.101446517849004866e-03
2.077972019835140887e-03
2.043912547334155155e-03
2.031540348100355480e-03
2.005231716257581138e-03
1.985007439967665169e-03
1.975183848737309313e-03
1.907290226042396676e-03
1.877799502721656062e-03
1.859549064411285821e-03
1.850143178339069914e-03
1.821326770219925013e-03
1.808101319697357455e-03
1.776101349150395643e-03
1.749646435516084451e-03
1.738669239305062507e-03
1.729377526075000010e-03
1.695439937596585414e-03
1.669590809513184226e-03
1.656472239061235197e-03
1.644247023264180669e-03
1.613087092267645158e-03
1.593859120990644140e-03
1.587069353266616894e-03
1.543676143357888180e-03
1.532610806776231330e-03
1.516700287994752995e-03
1.508801274193297126e-03
1.489285717371672396e-03
1.484081586736676547e-03
1.470868386952439884e-03
1.423695065924972941e-03
1.399704962292556932e-03
1.385384133002044412e-03
1.361362982083618497e-03
1.335515899791181894e-03
1.311222912868173973e-03
1.307634980881271615e-03
1.292964251767019087e-03
1.286526841273903047e-03
1.278179262366590423e-03
1.231077758595759035e-03
1.189614861194630661e-03
1.165404304821251666e-03
1.124822049163926767e-03
1.108605369206678605e-03
1.054742971729990533e-03
9.527900110871448912e-04
9.349781088965023216e-04
9.048722171547329222e-04
8.761260595493389506e-04
8.511194199484235908e-04
8.089048706705869981e-04
7.276352343988519130e-04
6.455644036326423389e-04
6.180699393011642546e-04
5.629334455819063861e-04
5.298943418006325486e-04
4.926643567158336002e-04
4.634661458331823330e-04
4.449983417923881177e-04
4.398993672797392256e-04
3.962723962180722168e-04
3.942937163698208183e-04
3.880105755306917825e-04
3.764730063976283567e-04
3.224756411885440640e-04
3.186947874050621138e-04
3.093160765341290957e-04
2.722590981872794976e-04
2.544256445185047737e-04
2.495073360459480619e-04
2.194123077704550557e-04
2.182464825183809474e-04
2.132668164661536791e-04
1.991721637125020068e-04
1.887607910704517408e-04
1.650877165791835098e-04
1.497095500460106777e-04
1.418046021528992248e-04
1.337257184794458172e-04
1.192017562760045211e-04
1.180308388445687782e-04
1.085438442211160225e-04
9.390862523538215422e-05
5.146792662835318421e-05
4.215728812869528328e-05
3.723706758850016808e-05
2.867267703544297680e-05
4.272219506846692199e-06
3.651544395123782749e-06
1.577436586178493135e-16
3.954981210628624227e-20
