5.223630262530128965e-01
4.632400282441544448e-01
3.787745751345544254e-01
2.584471140926444810e-01
2.055384616048898661e-01
1.901127290580149898e-01
1.693865834902278655e-01
1.581315989230227537e-01
1.528970684117262890e-01
1.326694119945672767e-01
1.222029242727327020e-01
1.192198523996814696e-01
1.083931007361940840e-01
1.073176454626341564e-01
1.003044929031958882e-01
9.774090926399835177e-02
9.239900151016136598e-02
8.727151632266906545e-02
8.629673556783182264e-02
8.407940653757528526e-02
8.210072333964077429e-02
7.640732780400411039e-02
7.461703395782008641e-02
7.214510149995471966e-02
7.094359991742972549e-02
6.956431142041133442e-02
6.893259654885075527e-02
6.564261532919714315e-02
6.530105619311595000e-02
6.152840358066914705e-02
6.094719935627539859e-02
5.947587320393954435e-02
5.904783562109985895e-02
5.776130641005463445e-02
5.674671151369308636e-02
5.555203384176570641e-02
5.272590331169963590e-02
5.143727169176706693e-02
5.059535353529934221e-02
4.969426610322885685e-02
4.934728109548681269e-02
4.883976622226687825e-02
4.817680858186439846e-02
4.802763106704070056e-02
4.600550314172650868e-02
4.580418348782169802e-02
4.372253697250890608e-02
4.344407599377519968e-02
4.283399419290444959e-02
4.263116195924807061e-02
4.211753146628968020e-02
4.187231169170469586e-02
4.095510829898656169e-02
4.070745264747335779e-02
4.013209265288993077e-02
3.953068503377243220e-02
3.759508481389332857e-02
3.726918244012920878e-02
3.671555297688176844e-02
3.602719229850566418e-02
3.579679635442221952e-02
3.543694176315956290e-02
3.524951978053540713e-02
3.476401075177961569e-02
3.455800500429186822e-02
3.397371244878786417e-02
3.377127693094001543e-02
3.289231140937125958e-02
3.269507355324783454e-02
3.191656088929961665e-02
3.167734533745049375e-02
3.123766463746846869e-02
3.108833593937579409e-02
3.059916553234351758e-02
3.046131908130689236e-02
2.996870047179878149e-02
2.994557229493653369e-02
2.975468763572177919e-02
2.942577750459471689e-02
2.830378513916109381e-02
2.822218419446166290e-02
2.777060416523982264e-02
2.717291873306445713e-02
2.700308230602074464e-02
2.649247131937981781e-02
2.621678879607780566e-02
2.613138895393226149e-02
2.605693667528419244e-02
2.572588273688673419e-02
2.549448990809028565e-02
2.534812403539814588e-02
2.490904144616308546e-02
2.485600284124102333e-02
2.480463882616958105e-02
2.455767236768236286e-02
2.392872591430571586e-02
2.391534121147404282e-02
2.381468103229322786e-02
2.318922255635920762e-02
2.293792581100573269e-02
2.285414748933684015e-02
2.272407415335724740e-02
2.251631173021070506e-02
2.238835606872374706e-02
2.198994348271275656e-02
2.194992704881674681e-02
2.172059053700867853e-02
2.129933570646752594e-02
2.104964880967979957e-02
2.089941344335034812e-02
2.059689416429726083e-02
2.012107291980861495e-02
1.997887430313569426e-02
1.961799679311680353e-02
1.956410596784955575e-02
1.952756124481210345e-02
1.939578706659441862e-02
1.924598546693067139e-02
1.918981480389033920e-02
1.895054477710162583e-02
1.869739954444030877e-02
1.864309407932861901e-02
1.858041560101127490e-02
1.834758821354042987e-02
1.828880170309201206e-02
1.812681154962718713e-02
1.785374733722748866e-02
1.781923241442793723e-02
1.765815633063294587e-02
1.750171547030543104e-02
1.728712570814195174e-02
1.705759317814280543e-02
1.683412676900497909e-02
1.676188882535675773e-02
1.655025022887341574e-02
1.649363866099578038e-02
1.643888150965070252e-02
1.633538620792768584e-02
1.609280822139711950e-02
1.584831796348961513e-02
1.579564956562935427e-02
1.575421630003506421e-02
1.532914608380122126e-02
1.521199201382506146e-02
1.482069101213896734e-02
1.477490723842940848e-02
1.466107097562682759e-02
1.457933840537450031e-02
1.453712630815080613e-02
1.444056795945899106e-02
1.429594211176183662e-02
1.424773844934102904e-02
1.417346933304969823e-02
1.401972648246262859e-02
1.398724576274710737e-02
1.395363051618232070e-02
1.391374248856989612e-02
1.343939472494232353e-02
1.339495064287924385e-02
1.336825057341289348e-02
1.323102171679286891e-02
1.320815239517128016e-02
1.310158893403592928e-02
1.294402799130125147e-02
1.285656408353675652e-02
1.262750756548422677e-02
1.255679317171669827e-02
1.245919472221436453e-02
1.234531782556722024e-02
1.225615032561230139e-02
1.223453405384210269e-02
1.201346526903574428e-02
1.183073036086374451e-02
1.174034787356031430e-02
1.161308495048956474e-02
1.153306718408800453e-02
1.145970984118767702e-02
1.123652032778236880e-02
1.112185819807362357e-02
1.106683749923558814e-02
1.103171361126678920e-02
1.098521165592759516e-02
1.094584784339796418e-02
1.088683530267633981e-02
1.066668031284924954e-02
1.064252496260172445e-02
1.053681753610825889e-02
1.044345568948254130e-02
1.038168063583029890e-02
1.033013406452836305e-02
1.017661679270479187e-02
1.014886075800634432e-02
1.007675871704783767e-02
9.948508791844825824e-03
9.883207206689172478e-03
9.840918930840332479e-03
9.806240463468656604e-03
9.719127774724372476e-03
9.582862549646532432e-03
9.467551922235006509e-03
9.427526288668962307e-03
9.357165708180089844e-03
9.334729440367667622e-03
9.291374990164387795e-03
9.238926778021872357e-03
9.202680016749049605e-03
9.110717339322289832e-03
8.997532027432459875e-03
8.880008835561874897e-03
8.791436757747838129e-03
8.708648958767169213e-03
8.585585297685575587e-03
8.376401413701512616e-03
8.298813971477936660e-03
8.276781659087784765e-03
8.114216554882432153e-03
8.095551084995137106e-03
8.063781777732044465e-03
8.044331741648896861e-03
7.919909660365816867e-03
7.906630113122169179e-03
7.804354928005189512e-03
7.799387783113986491e-03
7.744621473161425115e-03
7.720238112535539841e-03
7.567633758046709430e-03
7.460067430187872217e-03
7.412901900718447262e-03
7.372694187234509963e-03
7.258933835039180563e-03
7.194033568739520608e-03
7.150862559477868564e-03
7.057428121865357354e-03
6.973896114292047442e-03
6.955094876769174830e-03
6.936108635294444512e-03
6.897242064558612405e-03
6.866752561965006052e-03
6.862330649812898621e-03
6.772109310414804219e-03
6.734248483954975890e-03
6.699409744630893324e-03
6.660184899277487962e-03
6.650094560399329863e-03
6.578062645444663833e-03
6.558786158743432071e-03
6.488281476711925400e-03
6.434415236969463769e-03
6.321491340200232831e-03
6.302100379630084896e-03
6.228375530187915676e-03
6.143189611610036342e-03
6.054304444548912374e-03
6.006476483179583326e-03
5.993437171477892546e-03
5.953873438164111916e-03
5.944019297155745361e-03
5.853829142860360324e-03
5.746976779850861833e-03
5.705379739040520627e-03
5.665244962905506033e-03
5.629880100539957737e-03
5.588142754762364522e-03
5.481780977982157396e-03
5.460938699017046753e-03
5.442972719230020073e-03
5.425719846235622229e-03
5.387430511055457845e-03
5.266630592185969975e-03
5.248939994487273122e-03
5.210850706765210970e-03
5.149998277942576322e-03
5.096068398775580738e-03
5.062668349885088119e-03
5.037819859666084650e-03
4.979068722801975946e-03
4.942898233578202176e-03
4.914598334033830167e-03
4.854404693468036130e-03
4.823025212807158929e-03
4.777020269324853095e-03
4.742265947057459213e-03
4.729145513872923950e-03
4.674752224093635909e-03
4.637388998880223427e-03
4.632566254945566682e-03
4.577083330771769369e-03
4.566748022322645283e-03
4.511131301656292648e-03
4.465870566522647626e-03
4.456383183484216928e-03
4.413979493316695819e-03
4.404997204968941898e-03
4.392537178209324211e-03
4.351753851255489580e-03
4.322174481779106868e-03
4.275982428806787174e-03
4.259314584890151224e-03
4.236766518251357944e-03
4.221219892859865049e-03
4.158108898019732998e-03
4.095372900085439243e-03
4.070042577408282056e-03
4.068079852286348753e-03
4.038738982187721829e-03
4.004111870211430994e-03
3.966578659798411337e-03
3.903102740622956066e-03
3.884449742908399183e-03
3.862987335983850568e-03
3.842267477882785765e-03
3.794964951822520170e-03
3.781542898443837272e-03
3.731764722333510108e-03
3.702632906918571030e-03
3.657473310758908684e-03
3.630124081161634035e-03
3.616030407866382274e-03
3.521817555497687349e-03
3.516411111153044337e-03
3.502467660721683088e-03
3.459510865116377683e-03
3.429653231781222642e-03
3.390638002308135526e-03
3.364376102236612057e-03
3.341813474665587987e-03
3.307136491778233170e-03
3.252371414456322555e-03
3.237851140107664977e-03
3.185566256211572276e-03
3.137103761634830318e-03
3.126339047626333547e-03
3.087461184829636950e-03
3.055178428375157369e-03
3.035907077444154837e-03
2.990148340206871553e-03
2.983553414991638609e-03
2.969951455270323365e-03
2.967335512483945236e-03
2.960227633889489247e-03
2.893292609040436138e-03
2.874309405073007060e-03
2.864704749498158884e-03
2.831095556375344286e-03
2.821696245440046599e-03
2.776790583148587479e-03
2.769745651975331468e-03
2.760768368926705841e-03
2.734156882616189943e-03
2.726319930348877416e-03
2.663803057561975763e-03
2.621355943356449506e-03
2.570512016729287717e-03
2.540730459605418986e-03
2.531709796264068613e-03
2.481221221632016159e-03
2.479991831015096980e-03
2.465977296488203619e-03
2.425804442689826791e-03
2.407412081647220935e-03
2.357091740968747691e-03
2.319082372855113625e-03
2.307527132506217559e-03
2.257800749138913141e-03
2.245013780134020882e-03
2.221390402616940825e-03
2.203761048342435785e-03
2.188914476898489152e-03
2.164859034974604690e-03
2.091061408085702344e-03
2.079752355717745440e-03
2.065909844002460690e-03
2.033236305650602815e-03
2.023756091714201590e-03
1.980345917585202373e-03
1.970283857933333074e-03
1.938714257200311198e-03
1.900589312726108518e-03
1.881489222510675761e-03
1.835368122940257132e-03
1.823097680358714331e-03
1.793309257660482886e-03
1.746909865353797999e-03
1.738104747877546865e-03
1.698691628131279848e-03
1.663816777487561347e-03
1.637729536909087596e-03
1.628956548196840333e-03
1.604227319860572227e-03
1.591579018697960798e-03
1.509728981823464222e-03
1.475055704883512092e-03
1.449514138622594360e-03
1.436346491063394829e-03
1.378047960874372773e-03
1.375650180141679531e-03
1.258893486325953978e-03
1.204559529616450316e-03
1.184800423425417084e-03
1.106146412489828444e-03
1.000200082747815028e-03
9.127481412330701706e-04
8.536132495804110536e-04
8.017358810007182675e-04
7.354351756046555947e-04
6.998122275459141457e-04
6.278861650819297056e-04
6.074821760494408763e-04
5.993337122242208600e-04
5.772372042897892710e-04
5.334541115784449889e-04
5.189117729411255389e-04
5.010337474764710308e-04
4.683999001146914266e-04
4.192466270983381186e-04
4.151545426436070133e-04
3.933417706042518646e-04
3.547794332641714468e-04
3.358159492717980991e-04
3.252286695232283593e-04
2.970339437707379248e-04
2.766086295507813164e-04
2.667397781197411075e-04
2.469913705932151940e-04
2.229138444800682697e-04
2.126237993845386798e-04
1.981694126268553112e-04
1.833189808180508507e-04
1.790439666379716930e-04
1.552428547031508535e-04
1.474481066385516692e-04
1.354610108667054537e-04
1.255904196293198942e-04
6.195730988604021224e-05
5.256458843112864557e-05
4.710964931618662606e-05
3.858621271050243677e-05
6.645538156201779418e-06
3.093267609931874539e-06
3.016388077345317731e-16
7.759214308268305836e-19
