3.817449137394161862e-02
3.264728178333942132e-02
2.382672331900764773e-02
1.804838294572997520e-02
1.404037082539747947e-02
1.282226831198319920e-02
1.132123162819348265e-02
1.012820621044453751e-02
9.679988873598029467e-03
9.111347169509202357e-03
7.883366621662168949e-03
7.741541069722493625e-03
7.323954724287197633e-03
7.147310011559662550e-03
6.930295079507696812e-03
6.609967396152793308e-03
6.096025425938843799e-03
5.866041805141184416e-03
5.552348005534541060e-03
5.498441459018188655e-03
5.362461852513860511e-03
5.025589023898217184e-03
4.878472177022094916e-03
4.659809625719636694e-03
4.651765091015823764e-03
4.634901114134011568e-03
4.621206984242027388e-03
4.411081569671694222e-03
4.268686701503792390e-03
4.018732470180749056e-03
4.002541026889978176e-03
3.908892492723550945e-03
3.859229928098518222e-03
3.707741217882310793e-03
3.641931388402908087e-03
3.620921416249854499e-03
3.397421636453580238e-03
3.370082279125259737e-03
3.306852403352457653e-03
3.295362546575730453e-03
3.256389260816931579e-03
3.215923856579232330e-03
3.147339091135791488e-03
3.131622898651308454e-03
3.073747900049145828e-03
3.029704569774310016e-03
2.902000839575309080e-03
2.899799698881213098e-03
2.797272811125031244e-03
2.772401799705100610e-03
2.707972955567104073e-03
2.688221836927424252e-03
2.653929019823469005e-03
2.628677916684924419e-03
2.586251938302793884e-03
2.574298436929778420e-03
2.504216963471460246e-03
2.445700690487963552e-03
2.418778270838407157e-03
2.357533536574030631e-03
2.337823128386062790e-03
2.318693888503096327e-03
2.292094408223682451e-03
2.255939493475689339e-03
2.243116761060873904e-03
2.235761265713499986e-03
2.203480862378647941e-03
2.199397232107808738e-03
2.121338599040963925e-03
2.092951530163816940e-03
2.045051905421542849e-03
2.021832932807301336e-03
2.008487650042090674e-03
1.975515789880095963e-03
1.938981727474868100e-03
1.937172024323196044e-03
1.915958123652854173e-03
1.895839588878044275e-03
1.884630613110944812e-03
1.859952923283706870e-03
1.839016162788319241e-03
1.816483021422083972e-03
1.793918805381395287e-03
1.763569129249607965e-03
1.759566587748360132e-03
1.717239371696423818e-03
1.707855018654553256e-03
1.680516043640212492e-03
1.675616502529422803e-03
1.666537662321835450e-03
1.652937504480934613e-03
1.633565191670622533e-03
1.620542122458635236e-03
1.594089676625921447e-03
1.588226434634207188e-03
1.542722494308571132e-03
1.538204873635429020e-03
1.519735495500319517e-03
1.502354166248469000e-03
1.480748686669204183e-03
1.473454476470950495e-03
1.461123127939419411e-03
1.440070302098254724e-03
1.427916097320246040e-03
1.417391064574498793e-03
1.410923316262108424e-03
1.393310873408830971e-03
1.386809914743969072e-03
1.373964073743259200e-03
1.373267151174550589e-03
1.350811132230052584e-03
1.345881410532278688e-03
1.302022724854022193e-03
1.298572905415679721e-03
1.276865495623727247e-03
1.257730626181620967e-03
1.256317975359775435e-03
1.249523786897922253e-03
1.241231207850551198e-03
1.241048134494795964e-03
1.217407571790870505e-03
1.209731780777683089e-03
1.188255850527098010e-03
1.183823222216026476e-03
1.176009412897456889e-03
1.162980480816435151e-03
1.151612347838656524e-03
1.127595424727570505e-03
1.118507658727841726e-03
1.110967186432696352e-03
1.106231637335089923e-03
1.096782154760576888e-03
1.083009354029613146e-03
1.081410863607877798e-03
1.065685220232834816e-03
1.060579351868582527e-03
1.060182711178500430e-03
1.056456753592482792e-03
1.045640363049084960e-03
1.035274818836576542e-03
1.017690600741008936e-03
1.008759181612267674e-03
9.966308363624392427e-04
9.888753530414814193e-04
9.839800093303578514e-04
9.786191482457505444e-04
9.484025139214848944e-04
9.387561670270691593e-04
9.336800525975524987e-04
9.236792227175460697e-04
9.234909504458089797e-04
9.191564457138661718e-04
9.174303120718572914e-04
9.053028259864445790e-04
8.902926587146208198e-04
8.864107828399404605e-04
8.775651185059922012e-04
8.697472265874117356e-04
8.591278966681128093e-04
8.574949907870677186e-04
8.488733535125321701e-04
8.359022291860166484e-04
8.321406630778071644e-04
8.141929330116776152e-04
8.100452429190215008e-04
8.029904949194810026e-04
8.011205789642251952e-04
7.989860360863179720e-04
7.974666984287734047e-04
7.895720538348835948e-04
7.752561034564555255e-04
7.739220330033334859e-04
7.652900892621613150e-04
7.630684734660001228e-04
7.623244072693519113e-04
7.569347126243062586e-04
7.389154897983211869e-04
7.295672421262303911e-04
7.167796470643511726e-04
7.141304691031326356e-04
7.110789536254796600e-04
6.973820756181512521e-04
6.950572742500878186e-04
6.935439649179780085e-04
6.870525572495731533e-04
6.843181698204100702e-04
6.755565736588430925e-04
6.734057373460542980e-04
6.606385225370971009e-04
6.600340083972206255e-04
6.530944944630323731e-04
6.519800801713916899e-04
6.389790673574824616e-04
6.322224001074767648e-04
6.317516781832342374e-04
6.288663799613240747e-04
6.205691564343500258e-04
6.184474766590842155e-04
6.052913798557742111e-04
6.025904224808157012e-04
6.011214433171542873e-04
5.984090901006030271e-04
5.966970786417715713e-04
5.931012149017788389e-04
5.878869377691042612e-04
5.869732165930408854e-04
5.820498752001967762e-04
5.711183815527472044e-04
5.685701462308283488e-04
5.640611544266997592e-04
5.497955516063133099e-04
5.496938979818756770e-04
5.479462972805004568e-04
5.397676481332353655e-04
5.355157195049335770e-04
5.321649309432411245e-04
5.190569269813189064e-04
5.185189650016313765e-04
5.141901270188679526e-04
5.138520215612222891e-04
5.061380215819502549e-04
4.937754617564607670e-04
4.923429710668805488e-04
4.893915816755908766e-04
4.836286456901512472e-04
4.831732807740807332e-04
4.753803641685583922e-04
4.707601922694170478e-04
4.656805073303308491e-04
4.651378979106644568e-04
4.629547254451404415e-04
4.598012571018280791e-04
4.565060649670556843e-04
4.519444073952357866e-04
4.483650888008525160e-04
4.403564003793571471e-04
4.400358023948855858e-04
4.382904277030479794e-04
4.307034587446179758e-04
4.278191856965003498e-04
4.220236492141614826e-04
4.210984819582949549e-04
4.181945535064498089e-04
4.168754509753446152e-04
4.150535144518995088e-04
4.146603300537209710e-04
4.126404926369274333e-04
4.116164336379005552e-04
4.069101009173414513e-04
4.043269601582091702e-04
3.999349679556884313e-04
3.964966691723026187e-04
3.938051283650174017e-04
3.878076983195736572e-04
3.833593491530356938e-04
3.802266371863193342e-04
3.770785503808961694e-04
3.739680836995557174e-04
3.676204866873679583e-04
3.652295067696968538e-04
3.612215499504410924e-04
3.608018988057067858e-04
3.592170807595939990e-04
3.554785384075817025e-04
3.473029556001420016e-04
3.462165412667151439e-04
3.431455502606165268e-04
3.422977388879137775e-04
3.375014584910382464e-04
3.360637561937915014e-04
3.329646751638616598e-04
3.307128813270643754e-04
3.270457025458157769e-04
3.240517210332878226e-04
3.223736598407210552e-04
3.201884115010746479e-04
3.149915068399103532e-04
3.140846282805600208e-04
3.126147980771013250e-04
3.093250894121821366e-04
3.081063239225444346e-04
3.063602663495007105e-04
3.041654762056397125e-04
3.020311623604324670e-04
3.001420312450864747e-04
2.974529617868410035e-04
2.948804497103577884e-04
2.934328391765093067e-04
2.896018240605485934e-04
2.889075156450454651e-04
2.830909304458457520e-04
2.824163137729411837e-04
2.788629582952591732e-04
2.768963367560303419e-04
2.743958391699520376e-04
2.716843776247935866e-04
2.710666401824163383e-04
2.698983391554844822e-04
2.689483368823077222e-04
2.649828223464422761e-04
2.641697334408141295e-04
2.624691976572073168e-04
2.618899448749973757e-04
2.601604645243310045e-04
2.571928051794959941e-04
2.539302938972442993e-04
2.532112317558059917e-04
2.504628903467372159e-04
2.461489898716354130e-04
2.459394717963030662e-04
2.445497993728586433e-04
2.442110278670756008e-04
2.416981414748429785e-04
2.375553786115911328e-04
2.366917908236183159e-04
2.347659395037783559e-04
2.345152858371981491e-04
2.333774130788228819e-04
2.288126704554656993e-04
2.271986407354110874e-04
2.243114410769911620e-04
2.241325529680462589e-04
2.223984221530112861e-04
2.175561237571885947e-04
2.150992508754373219e-04
2.122747439197396194e-04
2.099456448940995848e-04
2.079538577551093509e-04
2.078144447023770407e-04
2.041625062470630702e-04
2.031341808301214086e-04
1.990058031453745431e-04
1.954086333408510063e-04
1.948652344599082604e-04
1.928792567018073202e-04
1.895399528074081293e-04
1.889691448442909526e-04
1.887269798647251751e-04
1.860802601926848693e-04
1.855489134225199465e-04
1.843771974093905109e-04
1.815991627566612915e-04
1.803949408538105584e-04
1.796535636575107714e-04
1.743533856880432730e-04
1.735965639417762349e-04
1.702782648874357418e-04
1.702586060359915273e-04
1.692206122232358756e-04
1.678148303368923319e-04
1.656588034675946267e-04
1.640198698792809688e-04
1.627765714524637196e-04
1.612564389754902918e-04
1.592202578918490809e-04
1.568321841195888027e-04
1.547752429398789424e-04
1.527480555253540580e-04
1.522924906589301775e-04
1.493864969096139837e-04
1.481165522010524920e-04
1.440885818302775135e-04
1.437310131401827861e-04
1.405840432169036828e-04
1.377248566968508408e-04
1.363433022366075729e-04
1.356275554141114391e-04
1.315655859203298779e-04
1.306128739024861585e-04
1.283987363049537750e-04
1.273002687544200629e-04
1.247127863098547603e-04
1.220152727842375843e-04
1.194437587579911988e-04
1.183786515130495889e-04
1.152621099236424493e-04
1.149315370834540602e-04
1.126755145277742834e-04
1.098314777277033428e-04
1.080817946620277474e-04
1.066047379466354233e-04
1.039787952936862392e-04
1.006338151304712289e-04
1.002202917338872640e-04
9.846875061412685046e-05
9.840251261612510951e-05
9.638190952085194088e-05
9.394841351132051082e-05
9.242443974054524139e-05
9.076675402881804013e-05
8.561100240811765475e-05
8.091993465432838174e-05
7.882183946510396661e-05
7.706863407241356734e-05
7.541394804590263756e-05
7.358129895179436257e-05
7.253213481676894388e-05
6.811435124250786270e-05
6.314255244101669225e-05
6.020853618278431248e-05
5.751362179780813760e-05
5.550135112301835189e-05
5.442200581780413948e-05
4.902855592685700394e-05
4.675336365770285955e-05
4.194069457207445166e-05
4.155277171882884607e-05
3.800610330501036073e-05
3.775452629652605198e-05
3.731224467609751619e-05
3.597941091433840596e-05
3.541682747070951396e-05
3.447737447680865449e-05
2.944108442133498902e-05
2.783869552793335697e-05
2.763609556330949110e-05
2.585820107215723441e-05
2.435111399638931163e-05
2.104067940671864735e-05
1.969126074739105717e-05
1.858005398077863983e-05
1.725970757980489027e-05
1.686640095429850443e-05
1.499146866545313351e-05
1.386560534795715897e-05
1.365409183946333464e-05
1.335088247932981601e-05
1.103336287063348015e-05
1.053607059857262061e-05
1.017663384914860894e-05
8.564475300897391268e-06
8.194681114027857610e-06
5.260089637111462164e-06
4.098001304303500429e-06
3.633065104376703545e-06
3.199465409858565107e-06
1.298721479634953940e-06
6.926337127583281045e-07
3.686846851614379594e-07
1.040044232189683406e-16
4.096006371668332778e-20
