3.324730524571104656e-02
2.843747697235378402e-02
2.073063601682200233e-02
1.565917518415372786e-02
1.218750872845698885e-02
1.111337807110061686e-02
9.831577372735565701e-03
8.777728533474091557e-03
8.390532032311716695e-03
7.891412311172176994e-03
6.841365306417351855e-03
6.712418443239161030e-03
6.358615627726455638e-03
6.197605084018218725e-03
5.997101028309913782e-03
5.732646427164525202e-03
5.281333607350852805e-03
5.081361190469846877e-03
4.813364194502285469e-03
4.762819215427648543e-03
4.645582996779272500e-03
4.347676157547755195e-03
4.221120749644421272e-03
4.040255579842355962e-03
4.035168932227423295e-03
4.024088252490557426e-03
4.008449595174058341e-03
3.817849222753893785e-03
3.690727922907576300e-03
3.486048851647890502e-03
3.464294970107439833e-03
3.393918896778508332e-03
3.344724217985784679e-03
3.213692150450102227e-03
3.156771465428425891e-03
3.130499539958587520e-03
2.943121305980231101e-03
2.917270238976025186e-03
2.858798399269723688e-03
2.855484007940886811e-03
2.816919596522050699e-03
2.784499991142146396e-03
2.729607588467077364e-03
2.714285961912330479e-03
2.661966571349847193e-03
2.620692731841701376e-03
2.512256365312583607e-03
2.509940179112889885e-03
2.417719795519186147e-03
2.398575185426086390e-03
2.350923150094448143e-03
2.331557789646291224e-03
2.299108345773376305e-03
2.274168164144155756e-03
2.241148036580324805e-03
2.226112206143168650e-03
2.164684799462311075e-03
2.114478435134388521e-03
2.096396938355229392e-03
2.043223775508327088e-03
2.023359881679840429e-03
2.006082359939589596e-03
1.987423089111205275e-03
1.951929775237991240e-03
1.943494062563055251e-03
1.936193180587776402e-03
1.907937364451584971e-03
1.902362423324265939e-03
1.829645654650940414e-03
1.812681714123840588e-03
1.769116748298225298e-03
1.751098918750291968e-03
1.741462749633513078e-03
1.709422433133043909e-03
1.680601520632221679e-03
1.679035383865362836e-03
1.658836212063065363e-03
1.640084575926825314e-03
1.627970955666868842e-03
1.606777836112558300e-03
1.590865392232948712e-03
1.569086272642921612e-03
1.552797495398542792e-03
1.526727906398722646e-03
1.523654630946763523e-03
1.481444779686545959e-03
1.479977503317237006e-03
1.456597967630898381e-03
1.449731016038250048e-03
1.443203719981718232e-03
1.430984840609078818e-03
1.413977160651513866e-03
1.401498355101099070e-03
1.378382475116969683e-03
1.371574014167869756e-03
1.333145455295464514e-03
1.330292969613356031e-03
1.314721675027966281e-03
1.298673821458690538e-03
1.280307252417593614e-03
1.273494528249402786e-03
1.266011126027943336e-03
1.244084242833326266e-03
1.237394873694259902e-03
1.228472852363726459e-03
1.221053018516574931e-03
1.203108153337874991e-03
1.200287190913843947e-03
1.188450285487941413e-03
1.187461363117828890e-03
1.166389530228747291e-03
1.162615564523642765e-03
1.125573211303793845e-03
1.123332416430564400e-03
1.104720565895631577e-03
1.088939251101919995e-03
1.088384113094409671e-03
1.081493274943073728e-03
1.074492474608288242e-03
1.073079294556408998e-03
1.053399634093985654e-03
1.046477458664995825e-03
1.026355301085057122e-03
1.022618259382584299e-03
1.016143129387563765e-03
1.005813896726779786e-03
9.923801755605365493e-04
9.760164872525918045e-04
9.674340326985020897e-04
9.592962642346151980e-04
9.541433563675353778e-04
9.471899736834364777e-04
9.367018535204978385e-04
9.332999420644000777e-04
9.224205510248949507e-04
9.182835183916205268e-04
9.175276519153917993e-04
9.122064040452255952e-04
9.026866346987189125e-04
8.948421531257890350e-04
8.798753607736733203e-04
8.730130121130828466e-04
8.609223466284930204e-04
8.540540399505686022e-04
8.501327621893263811e-04
8.453868136050503562e-04
8.193499071433093953e-04
8.122742956018292378e-04
8.059971376085074083e-04
7.991720467809764568e-04
7.989944583308016164e-04
7.949780066875488478e-04
7.942907476496858816e-04
7.829518266894492555e-04
7.683719707388741646e-04
7.662927556259774937e-04
7.573005374056301182e-04
7.491648811497240122e-04
7.417981586733885576e-04
7.403806634663066431e-04
7.323976648382621085e-04
7.214496967076981359e-04
7.203202702126856568e-04
7.027246653943538222e-04
7.005193580722477754e-04
6.932342069588216457e-04
6.931330851819549879e-04
6.901252257315877020e-04
6.869349953641078069e-04
6.812004894674712980e-04
6.688936534532557467e-04
6.671682433115294457e-04
6.605238963734312010e-04
6.592988705651089357e-04
6.586598493788794291e-04
6.523558404582343370e-04
6.385046346062701189e-04
6.304574622899753551e-04
6.197783745218951330e-04
6.169345820385249875e-04
6.147303883532988103e-04
6.033715870772785083e-04
6.008431445091633096e-04
5.990004056619145732e-04
5.934049114177892886e-04
5.914937942171682788e-04
5.832458675531714768e-04
5.815857845612672130e-04
5.704534107385264780e-04
5.698540984064442982e-04
5.638880900153750561e-04
5.621415770675473357e-04
5.507171345217852509e-04
5.451034883719762299e-04
5.444898455687074978e-04
5.424711466440823929e-04
5.352319667381774107e-04
5.336339751906344535e-04
5.223097815826046155e-04
5.201625809864670637e-04
5.195522621670941883e-04
5.164880843714102004e-04
5.142893021892880464e-04
5.122726187249419718e-04
5.073959414220045915e-04
5.071559014661250735e-04
5.007986492789512399e-04
4.919973036122357070e-04
4.893200849549077030e-04
4.865274687910064468e-04
4.751013917256214671e-04
4.748882350304169738e-04
4.731564587626474125e-04
4.662038894458998481e-04
4.635212094906064444e-04
4.591749503716484218e-04
4.487232306322805190e-04
4.475111365860159267e-04
4.447257429909232704e-04
4.433052159050788208e-04
4.361689888109942549e-04
4.270171680233976258e-04
4.255514290462888722e-04
4.231341994782742083e-04
4.178170099227480221e-04
4.175321210843834863e-04
4.106086921898049547e-04
4.060865884915318197e-04
4.020097814926208257e-04
4.016167943604937091e-04
3.985242485490437408e-04
3.974529988700842092e-04
3.931255293919214957e-04
3.902920573811069558e-04
3.875161860242068565e-04
3.801669715316202138e-04
3.795941582072945124e-04
3.784742909404592874e-04
3.709323775353881841e-04
3.706998066267827249e-04
3.635881850339119960e-04
3.631676117448909779e-04
3.598301214515554122e-04
3.591119432342329727e-04
3.582555782621291846e-04
3.579695022349548787e-04
3.564507399217274760e-04
3.554644297458123920e-04
3.511348126732303761e-04
3.484340122338584083e-04
3.447664386738305900e-04
3.423360136429733037e-04
3.389291211705272458e-04
3.344809373646018551e-04
3.310428312311399965e-04
3.269957459997153526e-04
3.259268613721556600e-04
3.234825008938606132e-04
3.173934109859367588e-04
3.157085815223574965e-04
3.121114795052693197e-04
3.117664272815707442e-04
3.083642117734201882e-04
3.071210650258763826e-04
3.001516109582228354e-04
2.994673083234977392e-04
2.965681656168075238e-04
2.955652522611545855e-04
2.910723790699261317e-04
2.900731552839689643e-04
2.867712377761306628e-04
2.856123926939401663e-04
2.822896476702333834e-04
2.804179508340722666e-04
2.779982881628724738e-04
2.771742313792646922e-04
2.712118757712986771e-04
2.707438347217994861e-04
2.697239250559449637e-04
2.668467728358284814e-04
2.660654763061925747e-04
2.648728287663538647e-04
2.630132697993496204e-04
2.604876494739709163e-04
2.586132559848183972e-04
2.565456173721805634e-04
2.539332319234987667e-04
2.534807167410228616e-04
2.496154263645274660e-04
2.491622060512852844e-04
2.435076426776130434e-04
2.433912674070888777e-04
2.404840933253083205e-04
2.388337481752296509e-04
2.370761213791093645e-04
2.342626694817979624e-04
2.339604565868583176e-04
2.324720562682166278e-04
2.309730746112481821e-04
2.274528039803069205e-04
2.271457629325531467e-04
2.258983384715778980e-04
2.253310025046105340e-04
2.244232461041000871e-04
2.215187326740640809e-04
2.187016021947927214e-04
2.181044548191301907e-04
2.161687052583443540e-04
2.126847726924036442e-04
2.121860262522944779e-04
2.107118800671540354e-04
2.104297583345674915e-04
2.077019793474107535e-04
2.056790119944648090e-04
2.041797596565338559e-04
2.026884908902783992e-04
2.022422427716060334e-04
2.012625370347804273e-04
1.965742984909285671e-04
1.957829207993121818e-04
1.933733173371929477e-04
1.929479019171463357e-04
1.913834546355432900e-04
1.872204005564615751e-04
1.855718902959502595e-04
1.834267586591418174e-04
1.804454741236067195e-04
1.792359584704996376e-04
1.790540170722280955e-04
1.761267508888755471e-04
1.743659606222371398e-04
1.713314831509134999e-04
1.679439256300565317e-04
1.674094565776029645e-04
1.660812608690371173e-04
1.632871496490193020e-04
1.624078467222537722e-04
1.622771909095314068e-04
1.601017542154564504e-04
1.598511802907292298e-04
1.582192246143988010e-04
1.563333066024972791e-04
1.547650803167671934e-04
1.543651633509030116e-04
1.498619863235249908e-04
1.493776305143906607e-04
1.467099780483981238e-04
1.463006525473479222e-04
1.449461257801128243e-04
1.441608921485008292e-04
1.422757290805215708e-04
1.410650011820407175e-04
1.397545787452344525e-04
1.379706047407242215e-04
1.367936276311146316e-04
1.344580456260978493e-04
1.328580681628697383e-04
1.310488630849755687e-04
1.307131370138578808e-04
1.284135413237484050e-04
1.272617792957674433e-04
1.236452021524364457e-04
1.234943053477372823e-04
1.204675381582189398e-04
1.182607308428508335e-04
1.170691977329539119e-04
1.164929775115624530e-04
1.131304315821810675e-04
1.121945726519492874e-04
1.100717999338909610e-04
1.092523421880513355e-04
1.067409613840798461e-04
1.046223441334912234e-04
1.022438143270959656e-04
1.016042728200630072e-04
9.876948856571372620e-05
9.828914381264609792e-05
9.676140865111375236e-05
9.412834031400037270e-05
9.245534213033284828e-05
9.130251855146581945e-05
8.911092449114563045e-05
8.600108893286171783e-05
8.556296708354280904e-05
8.397805131984449351e-05
8.387414154664344203e-05
8.230679732079163263e-05
8.031794995510804899e-05
7.899942555451825344e-05
7.691325517522712668e-05
7.328254625206652320e-05
6.954605967749307816e-05
6.728024374032206721e-05
6.528286810126769874e-05
6.393686929280822039e-05
6.239018953066406215e-05
6.162964103454813181e-05
5.794682548310350060e-05
5.421589042948562635e-05
5.179961941540484890e-05
4.948028560654857080e-05
4.700750173949393856e-05
4.617558891796533552e-05
4.105959754231779877e-05
4.022595136554881509e-05
3.614815521950094890e-05
3.570423346435584841e-05
3.274873186204136667e-05
3.268379651417933912e-05
3.211492053071350193e-05
3.108911520293620019e-05
3.027968226131175968e-05
2.963462175352383357e-05
2.527526284424292012e-05
2.391966680896869712e-05
2.369544465985215460e-05
2.212139821319829703e-05
2.065450823373873713e-05
1.813824355615584587e-05
1.708933434955518520e-05
1.598739327245417798e-05
1.475865858090003172e-05
1.451082782023429075e-05
1.302843576887952577e-05
1.184089464505784679e-05
1.174801270710243470e-05
1.153436485463071665e-05
9.466502215655247753e-06
8.943116200377889647e-06
8.740498051519687985e-06
7.388681626495717701e-06
7.038391681796007708e-06
4.690457053510677207e-06
3.481344088284201018e-06
3.124527635633639816e-06
2.645885025235615492e-06
1.181286289910140446e-06
5.840269235789819375e-07
2.962368948241366610e-07
7.642263008774517067e-17
2.387288536169452897e-19
