4.716280449967207855e-01
4.420174574266050871e-01
3.675616643502708780e-01
2.402824336579396369e-01
1.925235078567509306e-01
1.766711333530676942e-01
1.563492946421603802e-01
1.490371057917188879e-01
1.447032085034186955e-01
1.234713843536061062e-01
1.172900987957574970e-01
1.120024527702296879e-01
1.012797365298118563e-01
1.001806729989044159e-01
9.377016544204065662e-02
9.019021437504917693e-02
8.558501449242650327e-02
8.184972381120748930e-02
8.123782562158630982e-02
7.932947211783690500e-02
7.682836771999489167e-02
7.241147794772899438e-02
7.049972611586012572e-02
6.821539450893515655e-02
6.691637189623207693e-02
6.439794013043310950e-02
6.411451275058839550e-02
6.154595294339396810e-02
6.049958245647275856e-02
5.782203345862955979e-02
5.673887735602720084e-02
5.605966579230440422e-02
5.553447550891592310e-02
5.457606128713633070e-02
5.405704475702891032e-02
5.190947371855463705e-02
5.027147738732604121e-02
4.859826327118314804e-02
4.729083924659269189e-02
4.706136344587218134e-02
4.624864274559743055e-02
4.606358782912871319e-02
4.479813862687642007e-02
4.467917270258108670e-02
4.337319776803882226e-02
4.261346414265552301e-02
4.101898093958360192e-02
4.049697729201407609e-02
4.017729360531327454e-02
3.988718764892688201e-02
3.969410390158032570e-02
3.949706091354387300e-02
3.852349411054016570e-02
3.834068393626102050e-02
3.775673532429862228e-02
3.744594969114407867e-02
3.561944612522272707e-02
3.535512869175946177e-02
3.423693719919172762e-02
3.389132501044223728e-02
3.385932724085888301e-02
3.331409309429395060e-02
3.322988805140225654e-02
3.242052446325143639e-02
3.238157694345253357e-02
3.159853656670545685e-02
3.144058683287456052e-02
3.086684636384125560e-02
3.072446150905203469e-02
3.011253503146351859e-02
2.981580895225712305e-02
2.948790293056583259e-02
2.939063044019109630e-02
2.887130745253324929e-02
2.859988133640342309e-02
2.831395789118485579e-02
2.817329993908307406e-02
2.799676558781317992e-02
2.792186684167252339e-02
2.701166291114869347e-02
2.667662605101857320e-02
2.584081448424128263e-02
2.562447507384531600e-02
2.552541600006162995e-02
2.491304628089494391e-02
2.479247462704406435e-02
2.453970419163987310e-02
2.448106137564524595e-02
2.392379354703488489e-02
2.386126584858344959e-02
2.367641568249460871e-02
2.360701584340292244e-02
2.343618956036584711e-02
2.334569907050412785e-02
2.290213001264240419e-02
2.260012753834010971e-02
2.250767034692620697e-02
2.237169529095715467e-02
2.182475373012071618e-02
2.163216032600878691e-02
2.156950340944623762e-02
2.134866431004596790e-02
2.124516899903410375e-02
2.097931281797111441e-02
2.083035503396834034e-02
2.077148599182511782e-02
2.054767006857929554e-02
2.010710159988876242e-02
1.982784769008813508e-02
1.967732559324875813e-02
1.919602385472498132e-02
1.899773398980963632e-02
1.888972330715348036e-02
1.842346200488545124e-02
1.837270826945074445e-02
1.831520667178754974e-02
1.825617063510175109e-02
1.803922488308922975e-02
1.800864239276471143e-02
1.774171493530712213e-02
1.766385484708192857e-02
1.755161367693863772e-02
1.741271414210435187e-02
1.728308446349148195e-02
1.721978403631130305e-02
1.713748449799978868e-02
1.685315658527024654e-02
1.672735117040847347e-02
1.659430273690188154e-02
1.657034895450508472e-02
1.612956165037297135e-02
1.600179756789338326e-02
1.589653597055901146e-02
1.584989506682746296e-02
1.570481877039520135e-02
1.561953209019548844e-02
1.547550089518318767e-02
1.537817839077170248e-02
1.505716840469433632e-02
1.504968586154791128e-02
1.497164736166065220e-02
1.472017841080102384e-02
1.454364599088395216e-02
1.440252380512622651e-02
1.401346314026602480e-02
1.393334610990096083e-02
1.375222952370476655e-02
1.373363095425683168e-02
1.363864610468260713e-02
1.357337152123401329e-02
1.351880132437497002e-02
1.342055525182165969e-02
1.339906389970583513e-02
1.332377053958167662e-02
1.321844501942573413e-02
1.309626901718066727e-02
1.292162809567604445e-02
1.279066782750538228e-02
1.256460096823579752e-02
1.253319541911497581e-02
1.243267329767838887e-02
1.238103526445763145e-02
1.229354766513257244e-02
1.215596020467922360e-02
1.207830887994370758e-02
1.183231992235640219e-02
1.180780578112525063e-02
1.167248843060689385e-02
1.160940227217803142e-02
1.149703250456664619e-02
1.144461323725097165e-02
1.135910145010296697e-02
1.119582772128278024e-02
1.118181974001144531e-02
1.099912861556551560e-02
1.095483741793653806e-02
1.085058233678833084e-02
1.053763720089302344e-02
1.049346245618029347e-02
1.038445129014628661e-02
1.033838365334230520e-02
1.032912590447037857e-02
1.029910009306913947e-02
1.017066465102594089e-02
1.014492056979303565e-02
1.004248633565918425e-02
9.968052310748713035e-03
9.887686783405229274e-03
9.785321064744334496e-03
9.644123380578810759e-03
9.567642159426244242e-03
9.526815919851171904e-03
9.455095420981588297e-03
9.364023308379196275e-03
9.307338683566568002e-03
9.276409586524769074e-03
9.188055527094243780e-03
9.138203460461119879e-03
9.004587542231353228e-03
8.908569081287160893e-03
8.858846090729954881e-03
8.846103287307645682e-03
8.787146626290024201e-03
8.766907923775067724e-03
8.656348271570418404e-03
8.565427087520546823e-03
8.536826293329581941e-03
8.427548394955134553e-03
8.394191133012469594e-03
8.250301098182973719e-03
8.216718574058744576e-03
7.955221825336349778e-03
7.869766791112224602e-03
7.830974194088973286e-03
7.717376410312749672e-03
7.646465939442598225e-03
7.637666922593968656e-03
7.623619197930928473e-03
7.528695999757591129e-03
7.500496841894414152e-03
7.473552942810161165e-03
7.412833530412537425e-03
7.343392061618178243e-03
7.274694812132022174e-03
7.252077044287405343e-03
7.141563991844827701e-03
6.980484752194647188e-03
6.945753220797709800e-03
6.845340236784846176e-03
6.779498876947955346e-03
6.741629884658966593e-03
6.688505271466757898e-03
6.654605165846669800e-03
6.573900768849730118e-03
6.563872618856283168e-03
6.533433670723717834e-03
6.479071062054998602e-03
6.469001527783140373e-03
6.414770455709417445e-03
6.349975596337057750e-03
6.314452946327373146e-03
6.267459765409119296e-03
6.250037517849607767e-03
6.218178320606284996e-03
6.114253015647008911e-03
6.106175049782785677e-03
6.073852879875495624e-03
6.052664331383711405e-03
5.871529151713140646e-03
5.860953807100492685e-03
5.843957278351067340e-03
5.797008519623671544e-03
5.748263365852715294e-03
5.724723579724335515e-03
5.646301802705562013e-03
5.592012791458764349e-03
5.578033088150563708e-03
5.477097355163640900e-03
5.399423625297691647e-03
5.359255771513961493e-03
5.332004106244777296e-03
5.274961424817583774e-03
5.249645609959150729e-03
5.151767222053596669e-03
5.136243519885702602e-03
5.088270399750490294e-03
5.074082879589865078e-03
5.045214037916753193e-03
5.003534589370586642e-03
4.921804005276439985e-03
4.899503378581760056e-03
4.818193696304061413e-03
4.802122780071539296e-03
4.761239610034691608e-03
4.735566927840820749e-03
4.655342478356315310e-03
4.638993634505651255e-03
4.612642435851921525e-03
4.571620686981636705e-03
4.538369270381577801e-03
4.502263769466486459e-03
4.465641896909863448e-03
4.455678710581155791e-03
4.428982411190123328e-03
4.402669008253839132e-03
4.343185830802738512e-03
4.331115181148693233e-03
4.323528424650982006e-03
4.235781793178313923e-03
4.226150173733573233e-03
4.191150081284849768e-03
4.170053107122428070e-03
4.156845986822601223e-03
4.137316195586392825e-03
4.127372683558891593e-03
4.083141745640745529e-03
4.019458194291154404e-03
3.994537463822565686e-03
3.954918165176162653e-03
3.949970719649828141e-03
3.917685851753292640e-03
3.892306692063033941e-03
3.854649156213832157e-03
3.849163443029330733e-03
3.784247664182327758e-03
3.782869113884775210e-03
3.730647049808653425e-03
3.703085990805783396e-03
3.676096504589100328e-03
3.660182987990724928e-03
3.611460748857305090e-03
3.576105723550216265e-03
3.552550368826475676e-03
3.528113558788028691e-03
3.520041104109273514e-03
3.453302016992484784e-03
3.448715310032812991e-03
3.386483353426182445e-03
3.331545905309507907e-03
3.325829344872272865e-03
3.280996281828805084e-03
3.259925086691336724e-03
3.222488151762099764e-03
3.195980893912410414e-03
3.158297215822525230e-03
3.125238425565868804e-03
3.101639321379094129e-03
3.047590470532129513e-03
3.008763499564258252e-03
3.007753327595511644e-03
2.984213434056409188e-03
2.924723418872898339e-03
2.881600734285262588e-03
2.874509946384877935e-03
2.859729823805742897e-03
2.828591894459569437e-03
2.802836753941051473e-03
2.779395984789632696e-03
2.759115856140721603e-03
2.741159180091921801e-03
2.693352071566853124e-03
2.671508644293853901e-03
2.661675331637088082e-03
2.652600699336054527e-03
2.627936850326008378e-03
2.617717131036655792e-03
2.586957380912973444e-03
2.574394208198683802e-03
2.523296230539573502e-03
2.490618322558822099e-03
2.472414113548358251e-03
2.463339167557042613e-03
2.435351780143771294e-03
2.394269600194604605e-03
2.376594229356396391e-03
2.334876237176911409e-03
2.327601488877270586e-03
2.283970724750014093e-03
2.279753828923437951e-03
2.184215481912825819e-03
2.179939357367332436e-03
2.172126204269562988e-03
2.133029828439599301e-03
2.121514548809262483e-03
2.113683258111492564e-03
2.089223923458330499e-03
2.074010146524625595e-03
2.016712147598676702e-03
1.989091454122699637e-03
1.984684368344438732e-03
1.909509450312285497e-03
1.901850860777993439e-03
1.894726560702338731e-03
1.891344854624639601e-03
1.873141546960361593e-03
1.860684527597505000e-03
1.836732529474395742e-03
1.790861387851341467e-03
1.747744783274470751e-03
1.731156825398801362e-03
1.718923881037572130e-03
1.691874179422784901e-03
1.655729395794761213e-03
1.651568004308552173e-03
1.608277457085622794e-03
1.567296793063200321e-03
1.555293393762444219e-03
1.540951024473997738e-03
1.525977383363669995e-03
1.465414393985363601e-03
1.404027872661038016e-03
1.388911882408541470e-03
1.366913292578405062e-03
1.324690015437181810e-03
1.307616167295553439e-03
1.228886360991170547e-03
1.211427242478052774e-03
1.119508457224402181e-03
1.110843180021101788e-03
1.056039383420056274e-03
9.647011908568782533e-04
8.749422958142789690e-04
7.918249002437091144e-04
7.508690703630954873e-04
6.853829602426195818e-04
6.486515834557384560e-04
5.841005064459132501e-04
5.647277468120652077e-04
5.523370220584189689e-04
5.363877583353992900e-04
4.901390784407025055e-04
4.858094220676373201e-04
4.670326202624478320e-04
4.433132497126704387e-04
3.928388553343276795e-04
3.884680746054620481e-04
3.722653295355004915e-04
3.256681312098926549e-04
3.182237469888768064e-04
3.025676963833557167e-04
2.757335615195297780e-04
2.629398950552524193e-04
2.566502105442315489e-04
2.382300632930259320e-04
2.137657369758801541e-04
1.991393984978146131e-04
1.856412080892967231e-04
1.752919667367241737e-04
1.688594447961354881e-04
1.455090635133278085e-04
1.389866221326075974e-04
1.264107892977349499e-04
1.231001768988863106e-04
6.046769079265190374e-05
5.059215950718818494e-05
4.504118980150771976e-05
3.661149910879818095e-05
5.468399524170602168e-06
3.199769374332062244e-06
2.024013007184966650e-16
2.875769840213927313e-18
