1.162402509673753082e-01
9.825867056563902802e-02
7.188457876165717242e-02
5.523084584277701548e-02
4.310914278505825759e-02
3.928262189669479848e-02
3.488053976228062958e-02
3.108183547492482726e-02
2.967115465442169905e-02
2.792876333690672702e-02
2.407565262580115342e-02
2.377292331470429176e-02
2.256942188775388006e-02
2.194186311766213940e-02
2.127630212760741810e-02
2.038866024608442309e-02
1.870510318423805607e-02
1.804300137157908643e-02
1.704537439047227459e-02
1.687757737615866102e-02
1.648675410803583305e-02
1.543223655560638403e-02
1.495019062241399743e-02
1.433857878259266541e-02
1.430616531840872042e-02
1.423250999948392527e-02
1.417296027165050772e-02
1.352367223311796637e-02
1.309240035970810762e-02
1.235612026591684405e-02
1.229305865031507169e-02
1.200434500535339614e-02
1.187159239288372060e-02
1.136325953498373495e-02
1.120209431646628992e-02
1.108885285334344252e-02
1.044358098355176873e-02
1.033135329178226126e-02
1.014238990351301432e-02
1.012756119210372376e-02
9.968877241176283058e-03
9.892897248058439563e-03
9.670643110990998978e-03
9.610666351834310298e-03
9.397454450470557955e-03
9.283316736385296281e-03
8.927964175063623359e-03
8.889130095038083601e-03
8.567956558321035074e-03
8.503729328172790827e-03
8.326400517115164351e-03
8.254087096880663443e-03
8.140922358861069422e-03
8.073947385727498274e-03
7.960241444858915175e-03
7.879587691374943803e-03
7.666805563765486178e-03
7.492900280626442477e-03
7.431332476942367239e-03
7.235087539382502493e-03
7.156245087923309572e-03
7.115015242359577427e-03
7.031515756190289540e-03
6.906949175708729585e-03
6.887562272145591503e-03
6.861129432808976691e-03
6.772352071063474262e-03
6.727173211803021656e-03
6.487009905712965742e-03
6.420071342582164310e-03
6.265831570126141961e-03
6.206047512967523619e-03
6.160020120942830829e-03
6.051329289529320914e-03
5.954571040540080490e-03
5.950680655922050040e-03
5.884609267984915355e-03
5.806992110633262504e-03
5.773263314141861662e-03
5.690775395111818610e-03
5.635741471959259535e-03
5.562093814269660971e-03
5.506157993345714083e-03
5.404227400780714334e-03
5.394034375591482203e-03
5.246850542173415489e-03
5.237983887818163480e-03
5.153777613254283303e-03
5.135952439425371142e-03
5.111455805372351266e-03
5.067493838413456887e-03
5.018311415399359134e-03
4.963027312781705981e-03
4.888804106506139044e-03
4.861808296410986482e-03
4.719035987817357322e-03
4.711272305707429713e-03
4.653244060243687599e-03
4.599617970351223273e-03
4.536668554533064210e-03
4.511707407819445098e-03
4.479769313699934717e-03
4.409907945217782753e-03
4.383607511383371715e-03
4.351228125917541538e-03
4.335663215056488259e-03
4.261255069042355417e-03
4.250111620551268350e-03
4.204373371856033777e-03
4.199856803895888301e-03
4.131486822785826636e-03
4.115758826056140768e-03
3.983386832712555378e-03
3.977700898169577587e-03
3.914210229864503732e-03
3.857066626666991876e-03
3.849722299834987434e-03
3.828423887898159145e-03
3.805035204454353635e-03
3.803682294635599408e-03
3.728664546156965597e-03
3.702348789049493116e-03
3.638653560688242302e-03
3.624828736288207998e-03
3.600933125988381792e-03
3.564470645765918308e-03
3.513166744047201313e-03
3.456567767217682847e-03
3.425128160932203267e-03
3.397058009714311062e-03
3.379397379953580013e-03
3.354907810050703019e-03
3.316075162644910920e-03
3.310643210466349910e-03
3.265969708679056921e-03
3.251821941622286879e-03
3.247900292615561735e-03
3.230364886301690351e-03
3.193365444338735603e-03
3.167978959818336035e-03
3.116298759496196388e-03
3.090693037730695997e-03
3.047271518382971799e-03
3.020929842786372263e-03
3.006885257025141128e-03
2.991576807730554014e-03
2.900418350422167071e-03
2.876106517870395674e-03
2.859013101422758305e-03
2.827036394424465963e-03
2.824995493240613567e-03
2.813215964218473714e-03
2.812326606557820005e-03
2.769381709572112452e-03
2.724225614170677680e-03
2.713838648408244299e-03
2.683697171908767248e-03
2.654265061637808409e-03
2.628589901819246635e-03
2.620009983952514051e-03
2.593017663288938075e-03
2.554750646442178162e-03
2.551948874988544790e-03
2.490961007654445523e-03
2.476812442748961302e-03
2.456139275442181628e-03
2.452824965816992071e-03
2.441779509131850653e-03
2.431730592571441137e-03
2.408944975149318601e-03
2.369967074133449546e-03
2.362365556737397020e-03
2.339679835524107257e-03
2.335199279657232310e-03
2.330573996369732660e-03
2.309528279173405241e-03
2.261054084367923860e-03
2.231421574218258371e-03
2.192457782137678928e-03
2.188005437145079494e-03
2.175665052311386363e-03
2.136540202456370819e-03
2.129711329302633616e-03
2.119064950891954516e-03
2.102114315307944663e-03
2.093710164312037429e-03
2.064593098521561552e-03
2.062387521174752388e-03
2.021285796096506261e-03
2.019691978138289656e-03
1.995949122740927565e-03
1.989401187093358617e-03
1.949137785123463079e-03
1.933409868379631956e-03
1.928456548790390352e-03
1.918472734883925040e-03
1.898138967744318660e-03
1.890760389312905057e-03
1.847819359452639639e-03
1.844088797727669749e-03
1.840328007621663082e-03
1.831089855933672617e-03
1.823825191822558110e-03
1.813998012942732432e-03
1.797682895441526365e-03
1.797264482243094439e-03
1.774847599482800393e-03
1.744916209396221501e-03
1.735818139067204233e-03
1.724386861017225894e-03
1.678638193947550603e-03
1.677297928780880232e-03
1.673981127772488069e-03
1.651970821767445759e-03
1.639623456154548371e-03
1.625841643207155554e-03
1.589753391488239569e-03
1.585801662282778062e-03
1.574320762807007376e-03
1.568379020146127342e-03
1.544500471081487053e-03
1.511905035397365831e-03
1.505567104004493575e-03
1.501589002615585488e-03
1.482213418854102464e-03
1.476774031053145007e-03
1.451628255428415344e-03
1.438075233929537447e-03
1.426036393205240387e-03
1.424231781895989339e-03
1.411205367428661510e-03
1.408651471356024004e-03
1.393322185515585105e-03
1.385173251517145395e-03
1.377063548349181585e-03
1.350023672772690531e-03
1.348359693407449661e-03
1.340369761156280258e-03
1.312380223998831346e-03
1.310660306140998353e-03
1.287685761121998979e-03
1.285798282794371142e-03
1.274714822906934143e-03
1.273039809741826007e-03
1.270998084478501848e-03
1.268677693605299887e-03
1.261165949371306468e-03
1.256717747597165891e-03
1.243769284321055235e-03
1.235255239699436722e-03
1.224807956390881920e-03
1.215324195969971202e-03
1.203248063609062756e-03
1.188970608994202420e-03
1.172632505642335569e-03
1.160687263559945660e-03
1.154575469366869072e-03
1.146855854800499924e-03
1.123647025873573653e-03
1.119628343450583194e-03
1.102825225836927920e-03
1.101409318617023849e-03
1.091594474957691000e-03
1.087181982450791942e-03
1.064667933894418005e-03
1.060503849301846916e-03
1.050586985965773273e-03
1.047501887938406774e-03
1.032304721266217489e-03
1.027982695528009303e-03
1.016762883731327531e-03
1.011309776924443782e-03
1.000351574559883196e-03
9.935342041224989786e-04
9.839794221712444208e-04
9.829168311361461460e-04
9.586340986641961543e-04
9.572310262575944168e-04
9.563491000112933019e-04
9.454759113371196842e-04
9.446124754858351144e-04
9.365853901487840262e-04
9.299070547397815002e-04
9.225486086821977749e-04
9.161957449319134287e-04
9.096828443984278974e-04
8.981651652647222941e-04
8.976433343462322844e-04
8.863831735557890171e-04
8.816103473762444253e-04
8.636909961386577458e-04
8.624802138957094085e-04
8.516595609893302379e-04
8.473044340352117471e-04
8.392890954128603455e-04
8.311455505809928375e-04
8.302131127789938274e-04
8.235877230840559296e-04
8.211495755669437910e-04
8.088919822216765563e-04
8.049357346453507416e-04
8.020012756962132490e-04
7.984075732649995993e-04
7.959683526376466018e-04
7.839782246395599454e-04
7.755789603248468451e-04
7.749365514174653405e-04
7.654527319422914063e-04
7.528833095421622826e-04
7.524982607672654105e-04
7.465076820234100652e-04
7.447552289480012305e-04
7.356194267642417487e-04
7.274187624754281396e-04
7.216298603320265388e-04
7.176238680127208606e-04
7.164241177522042651e-04
7.131731982635413237e-04
6.956962163291986832e-04
6.941187240429604315e-04
6.835056036596491190e-04
6.817477613690442169e-04
6.775907995841764803e-04
6.645837963113876553e-04
6.588209833973923376e-04
6.490418536765810804e-04
6.390920565754227992e-04
6.366133965325031880e-04
6.348213867360923005e-04
6.242999575514953780e-04
6.169502900141862842e-04
6.065240357511230860e-04
5.942899944157412810e-04
5.924776509724257031e-04
5.886000953707165280e-04
5.788688957084912792e-04
5.766639909510926044e-04
5.759211202531432355e-04
5.694046006456623564e-04
5.662568393192455142e-04
5.613071003373398208e-04
5.554458094641685512e-04
5.489969528100182216e-04
5.483071080925986133e-04
5.307224022202761474e-04
5.286544546992446572e-04
5.195967688566824122e-04
5.192717122801493272e-04
5.133871895806549086e-04
5.108488767420697307e-04
5.038228683249260835e-04
5.006505103770018906e-04
4.965431590184283140e-04
4.907690360215514677e-04
4.842183712407514286e-04
4.763686179755722617e-04
4.708924483406009089e-04
4.646269760603305345e-04
4.637012134774743700e-04
4.555236055765925565e-04
4.500053143002313068e-04
4.385735051213388437e-04
4.378002428182758651e-04
4.271599630921430715e-04
4.185877904785801035e-04
4.147909715959521891e-04
4.129532574173022923e-04
4.022180857777107573e-04
3.970714802032058468e-04
3.896102868581775977e-04
3.870565249086708255e-04
3.775359338875091232e-04
3.709383370604210964e-04
3.618326956799314958e-04
3.593648811967329161e-04
3.497843788061469426e-04
3.492276991786959738e-04
3.419054002601927609e-04
3.325136884351937729e-04
3.273920171123809826e-04
3.229658688556494642e-04
3.159033070196159759e-04
3.040080576995548038e-04
3.034979751015835824e-04
2.972550103160133015e-04
2.969900526136958038e-04
2.917377493325240653e-04
2.835473191251897487e-04
2.800639121211395146e-04
2.731439403162800239e-04
2.594349744885658064e-04
2.460683821673566286e-04
2.381057236112809868e-04
2.320746396320906753e-04
2.271955080602172650e-04
2.218259584244530399e-04
2.187361414458840320e-04
2.060252039072746713e-04
1.925632317422899147e-04
1.838368009458549884e-04
1.757368540870418532e-04
1.676130456447158404e-04
1.647270321568475077e-04
1.467858804765164826e-04
1.423661639803816808e-04
1.273672916263827396e-04
1.259895208707474288e-04
1.165151197530902346e-04
1.150289373200947607e-04
1.133800377143566641e-04
1.096892982613818465e-04
1.082308294017110469e-04
1.051604394955650795e-04
8.928945471495719401e-05
8.472642686188621233e-05
8.392844529447199080e-05
7.853399293991453688e-05
7.430875360327786523e-05
6.403770293040501513e-05
5.960399252238425853e-05
5.651613817388101370e-05
5.218151359301929682e-05
5.115417128896087141e-05
4.540122529100378994e-05
4.197219920176599412e-05
4.152936184112604695e-05
4.021494954610102063e-05
3.380094872198561033e-05
3.192032582805767624e-05
3.075339469462557004e-05
2.605500327550662619e-05
2.487534502007108462e-05
1.582494912973134488e-05
1.241015931890009132e-05
1.119489815791540645e-05
9.714949304231549227e-06
3.914786966395588662e-06
2.095522557186520967e-06
1.129572908647745719e-06
1.587208219193656048e-16
1.603912840831312904e-18
