5.224851333475349913e-01
4.632625603935849878e-01
3.787847174822956964e-01
2.584848935211483956e-01
2.055622392480070670e-01
1.901362672315489444e-01
1.694120063726843040e-01
1.581441587112398794e-01
1.529097215633510587e-01
1.326827597763887145e-01
1.222095575983667970e-01
1.192303918265565227e-01
1.084060680157884621e-01
1.073318293775855359e-01
1.003149369915007499e-01
9.775486588685482203e-02
9.241190077490099575e-02
8.728298896460169598e-02
8.630308340123407640e-02
8.408613202211422111e-02
8.210874716466556866e-02
7.641322718630262634e-02
7.462249222728772891e-02
7.215136193994722835e-02
7.095195524973918477e-02
6.957438659506409717e-02
6.894074197592264808e-02
6.564932985139414201e-02
6.530762734772585509e-02
6.153377321616978340e-02
6.095564326535059252e-02
5.948162414265796560e-02
5.905376788912510694e-02
5.776686753631894711e-02
5.675025000864566960e-02
5.555713722481565170e-02
5.272928214088037219e-02
5.144131670627627440e-02
5.060122950564275440e-02
4.969843106253611642e-02
4.935286080241176737e-02
4.884408493381732497e-02
4.818188296595448533e-02
4.803377502451836728e-02
4.601030618454429039e-02
4.580778185574051198e-02
4.372641344753543102e-02
4.345018695548626825e-02
4.283847749680736589e-02
4.263533931203222077e-02
4.212150267732747699e-02
4.187613232723655377e-02
4.095921124320019147e-02
4.071150087667713136e-02
4.013530403348344183e-02
3.953310629696535350e-02
3.759779147023738222e-02
3.727199163214668653e-02
3.671916863383821450e-02
3.603081193833422569e-02
3.579987133813340716e-02
3.544074426460584737e-02
3.525262445338443046e-02
3.476753210679015688e-02
3.456218759215202996e-02
3.397751972785897911e-02
3.377462819785233272e-02
3.289559617271547304e-02
3.269768283291112076e-02
3.192003367859188451e-02
3.167976781989190888e-02
3.124013625557433074e-02
3.109076570807501119e-02
3.060201699229467970e-02
3.046431867476695476e-02
2.997101748309801209e-02
2.994789877026235794e-02
2.975734933187006853e-02
2.942779049988114917e-02
2.830529564010994883e-02
2.822448789203659686e-02
2.777380806128906809e-02
2.717513131849985317e-02
2.700509332665334064e-02
2.649508477923066818e-02
2.621907276620549440e-02
2.613410884534654588e-02
2.605960302668871090e-02
2.572868618329546969e-02
2.549670344709621672e-02
2.535062035737817646e-02
2.491115173628465421e-02
2.485786513292269698e-02
2.480649607779188137e-02
2.456066568069895442e-02
2.393073516192371561e-02
2.391795006857447628e-02
2.381642618123343269e-02
2.319086999450851658e-02
2.293991313320143874e-02
2.285610816070350604e-02
2.272615735488620406e-02
2.251822852205384931e-02
2.239040047567218347e-02
2.199185971329329498e-02
2.195142059452732941e-02
2.172260579086674956e-02
2.130095372153897187e-02
2.105149570973556192e-02
2.090095222194627775e-02
2.059910211879723008e-02
2.012262406938077758e-02
1.998069895713347130e-02
1.961988227277638303e-02
1.956601159039254162e-02
1.952936469982140960e-02
1.939733812384153086e-02
1.924781249105040476e-02
1.919172515048490554e-02
1.895269619336213338e-02
1.869885459275405157e-02
1.864456924348638356e-02
1.858262963267370144e-02
1.834902115811857387e-02
1.829035359611966630e-02
1.812771919373782833e-02
1.785505049979996609e-02
1.782052340770481913e-02
1.766004120168805994e-02
1.750309338540497958e-02
1.728881688762306384e-02
1.705874486786627606e-02
1.683550500106793454e-02
1.676326029019688246e-02
1.655148735449290046e-02
1.649485492720843827e-02
1.643999431952672396e-02
1.633680860458596243e-02
1.609429222676785065e-02
1.584973549728045314e-02
1.579654593089787132e-02
1.575564380404907011e-02
1.533022093415954863e-02
1.521324366622810349e-02
1.482196501249560122e-02
1.477593373875062642e-02
1.466236166120064160e-02
1.458054457224335250e-02
1.453848611383017943e-02
1.444173455696098202e-02
1.429707249002434843e-02
1.424896452180560158e-02
1.417458377516338242e-02
1.402126334535219732e-02
1.398857103777696557e-02
1.395432949288836350e-02
1.391518699781494652e-02
1.344036384855339973e-02
1.339625026955004912e-02
1.336964878976355624e-02
1.323218968330178331e-02
1.320917904342868397e-02
1.310273328789514705e-02
1.294528566216940173e-02
1.285783977829978164e-02
1.262862520802681895e-02
1.255776771876097181e-02
1.246058035701880229e-02
1.234638619875349543e-02
1.225747078550842341e-02
1.223550975502131141e-02
1.201430864749614309e-02
1.183126329574273050e-02
1.174159312357439533e-02
1.161423953033479534e-02
1.153338357951245313e-02
1.146018440819224216e-02
1.123759121462738868e-02
1.112304435449451047e-02
1.106778075911447543e-02
1.103275392403820290e-02
1.098609982654054872e-02
1.094675090283818951e-02
1.088783069500310653e-02
1.066726604852891690e-02
1.064340277848324808e-02
1.053734352660802738e-02
1.044424681536684253e-02
1.038243885847546163e-02
1.033105860903507298e-02
1.017738539538448270e-02
1.014960250049256295e-02
1.007776799088809863e-02
9.949712197390206056e-03
9.883945603594981172e-03
9.841859170336293358e-03
9.807257824148200853e-03
9.719830278102251780e-03
9.583607755903587183e-03
9.468284939725148813e-03
9.428378446011438999e-03
9.358034533922447371e-03
9.335530031575143411e-03
9.292385543707839396e-03
9.239568679602253032e-03
9.203510046611887777e-03
9.111443777312251344e-03
8.998349594965001849e-03
8.880694988393040765e-03
8.792215432662406696e-03
8.709236391579071659e-03
8.586494879395095009e-03
8.376925950950174851e-03
8.299759260385470433e-03
8.277474682181196891e-03
8.114981049014254738e-03
8.096127447556307824e-03
8.064525956461827613e-03
8.044992299845937084e-03
7.920634363668117503e-03
7.907451245185414743e-03
7.804998632843630421e-03
7.799907989249966686e-03
7.745149026548855779e-03
7.720564991369965359e-03
7.568319535482843398e-03
7.460839133463071683e-03
7.413530874240023896e-03
7.373504494392476086e-03
7.259532775987325576e-03
7.195099845897396339e-03
7.151530961790501101e-03
7.058150314141127188e-03
6.974494243945441457e-03
6.955680992963878331e-03
6.936670580780899750e-03
6.897826839519508729e-03
6.867192948007896404e-03
6.863006546021551378e-03
6.772870448725023564e-03
6.734958696504272750e-03
6.699926558715667627e-03
6.660686557933899465e-03
6.650748672689937337e-03
6.578751337420103013e-03
6.559458484787074849e-03
6.488999553022853709e-03
6.434891204408822209e-03
6.322249233683579703e-03
6.302799693940317957e-03
6.228899068809819368e-03
6.143783936748712336e-03
6.054607851311312287e-03
6.006974755963071649e-03
5.993792635823437694e-03
5.954319328681356889e-03
5.944530104893742083e-03
5.854362984732983631e-03
5.747640673623944860e-03
5.705773284710496419e-03
5.665735532856905170e-03
5.630297288659274688e-03
5.588663381710180615e-03
5.482150585034327277e-03
5.461578691644676346e-03
5.443509720699179176e-03
5.426149496263583082e-03
5.387974562315028977e-03
5.267076220011822005e-03
5.249471466806691737e-03
5.211343168993429718e-03
5.150405105758991235e-03
5.096396153913882072e-03
5.063273323893779931e-03
5.038231080707128266e-03
4.979459362534264209e-03
4.943255104361586778e-03
4.915062769720063285e-03
4.854912132461485647e-03
4.823439737211133831e-03
4.777445716700177460e-03
4.742707001266420648e-03
4.729602350558409843e-03
4.674988738482227339e-03
4.637657280140912094e-03
4.633007487045421972e-03
4.577456414975341996e-03
4.567069921230923132e-03
4.511470636028401884e-03
4.466252655221491195e-03
4.456858948776813364e-03
4.414220046380775038e-03
4.405388694405193602e-03
4.392838236784253267e-03
4.352022106732426378e-03
4.322432838310051768e-03
4.276332519914252152e-03
4.259663479237083515e-03
4.237322169154668534e-03
4.221440022911819925e-03
4.158457582043359642e-03
4.095638609737436292e-03
4.070242950086888460e-03
4.068293511467134006e-03
4.039100914514709949e-03
4.004404396269214961e-03
3.966958696210268719e-03
3.903398884170799707e-03
3.884620818098807101e-03
3.863167589627330284e-03
3.842516291006574988e-03
3.795319952696922343e-03
3.781846854472175473e-03
3.731951977211702461e-03
3.702833871988235083e-03
3.657860508921781644e-03
3.630396566462340286e-03
3.616311399003561185e-03
3.522135151443400378e-03
3.516744726766492506e-03
3.502672606048566010e-03
3.459818135683262724e-03
3.429970998191438428e-03
3.390861538351787850e-03
3.364741185155303935e-03
3.342009883809291763e-03
3.307500301309180841e-03
3.252574759065624422e-03
3.238110076920751659e-03
3.185801396855219951e-03
3.137381898117439210e-03
3.126575740228433164e-03
3.087698050405295221e-03
3.055392188754723314e-03
3.036218265249835367e-03
2.990405886494203799e-03
2.983846640847107219e-03
2.970215450222692902e-03
2.967592284384873956e-03
2.960466804320394281e-03
2.893524912875276422e-03
2.874635995789372352e-03
2.865037126416962801e-03
2.831359243820329684e-03
2.821940245828003999e-03
2.777057414741355285e-03
2.769912509766536517e-03
2.761151522252183656e-03
2.734363356231450659e-03
2.726614212085851086e-03
2.664164929295997474e-03
2.621575491660510168e-03
2.570654818865344797e-03
2.540903370681161285e-03
2.531936061987389436e-03
2.481431936850361265e-03
2.480301183989001845e-03
2.466164213342517553e-03
2.425948536433805616e-03
2.407846233113650290e-03
2.357294740257179569e-03
2.319225943403479314e-03
2.307917840189225960e-03
2.258010384891471958e-03
2.245232706727477972e-03
2.221532625205698865e-03
2.203919497182973107e-03
2.189149988533777447e-03
2.165052385444953941e-03
2.091211612664026220e-03
2.080070095369256598e-03
2.066092702030063698e-03
2.033384279094021391e-03
2.023885131882202214e-03
1.980494662444066360e-03
1.970428359852128761e-03
1.938816547644996949e-03
1.900704182731569698e-03
1.881633785490408354e-03
1.835456200978056963e-03
1.823221072021725259e-03
1.793385624815403180e-03
1.747024457404607262e-03
1.738213991471094849e-03
1.698798960634927352e-03
1.664006700265023043e-03
1.637836091015502579e-03
1.629068087640461520e-03
1.604275574053775277e-03
1.591655260018756072e-03
1.509821446067538325e-03
1.475240940811792245e-03
1.449558550504522272e-03
1.436453440137120188e-03
1.378094848530219459e-03
1.375724678093329361e-03
1.258955837033720083e-03
1.204723107589024921e-03
1.184929236327712755e-03
1.106198013300703281e-03
1.000209238263297714e-03
9.127772906331840016e-04
8.537346003626658129e-04
8.018325804915882185e-04
7.355377934290405423e-04
6.999171777530321156e-04
6.279927646124254179e-04
6.075530454954372129e-04
5.994190696300273451e-04
5.772905392489728919e-04
5.335340045471943316e-04
5.189560671068655252e-04
5.010839397368289753e-04
4.684248937494501532e-04
4.192837609346906414e-04
4.151850187179117048e-04
3.933693927405931064e-04
3.548214010635368293e-04
3.358316990194664189e-04
3.252424653940853036e-04
2.970593796855530884e-04
2.766173630106830887e-04
2.667458234977466459e-04
2.469884660534851523e-04
2.229313106587859381e-04
2.126366354547973043e-04
1.981838058345065955e-04
1.833227503594271580e-04
1.790460778972012286e-04
1.552507613172076056e-04
1.474455580776819219e-04
1.354647400649729703e-04
1.255862299111726874e-04
6.195503603137784499e-05
5.256042336008652185e-05
4.711037275283596378e-05
3.858585047940860254e-05
6.648080379358046765e-06
3.091402103769554698e-06
3.487692821387569516e-16
1.242593346098264197e-18
