2.449037691418054496e-01
2.423955571729904668e-01
2.062205332336054242e-01
1.287285557058027718e-01
1.017422883278320117e-01
9.504662890282895849e-02
8.150946036059497635e-02
7.703641426409142678e-02
7.497628402982813023e-02
6.769195355360033139e-02
6.635225654102376580e-02
5.886583328846125424e-02
5.357091244765369714e-02
5.172560807584659220e-02
5.139828009007506304e-02
4.651125016226245745e-02
4.622282835816819008e-02
4.372636816009090738e-02
4.235938469736843376e-02
4.192700939427386475e-02
4.065615047129161885e-02
3.961701672040130601e-02
3.675807417627786206e-02
3.641590037470900793e-02
3.581925194957701758e-02
3.432301811269362207e-02
3.417782947333714710e-02
3.327253780405950434e-02
3.166347873761750364e-02
3.023784963093120726e-02
2.994866709411546715e-02
2.956182974659875631e-02
2.936346867576735895e-02
2.889603261531214357e-02
2.884070377376976232e-02
2.781021842548069348e-02
2.732047399183198944e-02
2.547145127409055493e-02
2.540358382463511755e-02
2.502617026381212528e-02
2.471208248698718302e-02
2.459277550929392028e-02
2.413308101314753581e-02
2.363819163539521151e-02
2.295698827388870794e-02
2.254000048572903439e-02
2.187766337614213338e-02
2.162378405712467658e-02
2.120344525809549074e-02
2.115096522449362235e-02
2.085359748878053837e-02
2.080270337464677766e-02
2.055093145744768535e-02
2.029598966140204117e-02
2.006694405980739490e-02
1.984900300949511351e-02
1.892918608560807681e-02
1.865563471366959991e-02
1.833066811033749743e-02
1.814481049143787730e-02
1.804894668367621260e-02
1.769663852917333774e-02
1.767922584111919146e-02
1.754324420481424840e-02
1.744078475396720895e-02
1.692878889282894983e-02
1.678148323859052563e-02
1.649037205632333108e-02
1.617339216630859361e-02
1.587256526510736829e-02
1.576984667591052602e-02
1.566270294894675161e-02
1.544053664919953738e-02
1.528611619386615467e-02
1.524676233747080355e-02
1.499239390773163955e-02
1.480208691052817098e-02
1.474873891621664677e-02
1.468355464159991526e-02
1.447257299124515319e-02
1.411674758326341914e-02
1.383520914785041009e-02
1.369360018139625067e-02
1.352796810795259957e-02
1.335284230024428621e-02
1.319911646711932271e-02
1.317576228418928727e-02
1.294607051006836131e-02
1.292069047046878749e-02
1.276576132950105191e-02
1.275582628113858079e-02
1.266127503926663470e-02
1.240944560002979306e-02
1.212816930306303935e-02
1.200892773805622114e-02
1.198026535199955139e-02
1.185588924444407055e-02
1.171831479182704715e-02
1.159150325644291157e-02
1.155990712345312914e-02
1.134337235562938792e-02
1.126008217035607585e-02
1.121897271130573893e-02
1.113635298966175226e-02
1.094698598347175478e-02
1.090333608258165811e-02
1.081113694644562223e-02
1.077397533296104402e-02
1.062675031429027514e-02
1.060885035063961757e-02
1.013551308143205605e-02
1.010541962065301773e-02
1.009187536022675830e-02
9.975226380614600832e-03
9.919941198059346529e-03
9.863116882703555979e-03
9.689500007091345068e-03
9.674785730300719186e-03
9.471656109806375970e-03
9.439669526145055833e-03
9.417726861976061237e-03
9.292497184225499696e-03
9.227158649345999775e-03
9.214862214129600215e-03
9.026389254229766693e-03
8.957528516227605125e-03
8.895305930946945452e-03
8.786198513611129593e-03
8.710596896768781766e-03
8.675280951901422760e-03
8.564326888782424971e-03
8.484508389341309173e-03
8.459478344055543914e-03
8.400312259228461670e-03
8.365001605867320236e-03
8.305164370174212760e-03
8.226631838805861449e-03
8.087171729402037670e-03
8.066796546493587572e-03
8.013587178765116392e-03
7.983104739284908880e-03
7.847548961278892621e-03
7.716177749754668351e-03
7.656375162216676709e-03
7.640504372702295460e-03
7.566538987005541790e-03
7.498308474541724895e-03
7.334821176930480732e-03
7.273889916364732755e-03
7.193429028027328170e-03
7.123266857737060691e-03
7.058094266419600790e-03
7.008146376470108380e-03
6.947155262928346627e-03
6.934583487650503551e-03
6.843579808378204461e-03
6.804266390818278568e-03
6.731506980915576144e-03
6.689786514741022892e-03
6.648968925865952374e-03
6.606319344870469241e-03
6.502807245542367026e-03
6.463835887784915267e-03
6.438856260926940391e-03
6.368777988744482067e-03
6.339013846953562084e-03
6.314423388418625820e-03
6.223238785610917326e-03
6.153006849227937898e-03
6.067444885056100419e-03
6.014453348359435382e-03
5.997738985696241497e-03
5.901186195480045450e-03
5.857458384029434403e-03
5.833182956674759501e-03
5.735644921263126361e-03
5.723230400979936044e-03
5.668653346487285104e-03
5.642135663722291916e-03
5.567335366507455974e-03
5.548557539448018341e-03
5.542719359351834518e-03
5.490446257565701794e-03
5.359103933182054677e-03
5.311464046727575918e-03
5.264206686511995262e-03
5.192059851968708860e-03
5.176390306290350185e-03
5.128630942821534727e-03
5.107137322169039151e-03
5.079433430112121652e-03
5.032533575066624153e-03
4.915727561764477761e-03
4.907329059486795902e-03
4.892645863122554485e-03
4.883319985867464602e-03
4.791708209020026539e-03
4.767407013267228877e-03
4.763306114601559282e-03
4.719237099972320611e-03
4.712968829693741334e-03
4.657972368470556825e-03
4.641437981811573875e-03
4.573135074837554430e-03
4.519805621026719636e-03
4.497108724942977705e-03
4.454993690049642401e-03
4.449375988752513229e-03
4.370419507368659626e-03
4.326129521500550815e-03
4.269535976741133804e-03
4.261235715534774163e-03
4.207820381520367518e-03
4.196808674668612432e-03
4.132820749141676367e-03
4.104177678601137608e-03
4.052833079430081913e-03
4.034453185155803361e-03
4.002718334827850069e-03
3.965896529594693624e-03
3.936341438796371953e-03
3.884290045577412382e-03
3.803554849622014893e-03
3.737474602375529843e-03
3.729683416069236052e-03
3.698582255364904307e-03
3.667969505274376683e-03
3.650604757517616778e-03
3.616682138661863645e-03
3.598413569981335092e-03
3.587228086787229344e-03
3.540956873047635973e-03
3.533518488673314736e-03
3.488279429982644488e-03
3.478202525675874908e-03
3.443971927824042954e-03
3.432871204544074052e-03
3.384839178012651658e-03
3.346009727740430033e-03
3.321316244965301454e-03
3.295705257797739221e-03
3.286081029551728410e-03
3.235766234532252723e-03
3.195973646046765954e-03
3.187136759357697951e-03
3.167916597373239204e-03
3.152755279451093483e-03
3.132793164777139452e-03
3.117262477944298706e-03
3.113478797238560577e-03
3.092303278724937467e-03
3.057033281716496718e-03
3.034692580224240474e-03
3.012819211053045180e-03
2.971330312982587655e-03
2.917431719896086597e-03
2.896177979390270919e-03
2.884106726924512767e-03
2.870004516990720417e-03
2.844517031923617361e-03
2.819928639727993427e-03
2.791137035922838013e-03
2.761851617143321752e-03
2.740343714162402945e-03
2.736605350099875766e-03
2.707683534196559608e-03
2.684582555227588326e-03
2.648633967567903466e-03
2.626602125747013079e-03
2.616534144412038538e-03
2.596103098436139227e-03
2.564243630616137772e-03
2.533628158702231053e-03
2.526615245073207238e-03
2.504756128675439571e-03
2.475550307811754790e-03
2.471956839190388167e-03
2.448825158916299351e-03
2.435222216640231269e-03
2.428000591207351774e-03
2.418882624526958597e-03
2.376259069264656000e-03
2.362183846375332571e-03
2.326251952911345417e-03
2.306113783307703249e-03
2.303389964298307307e-03
2.278240363611690623e-03
2.274506741322796042e-03
2.244008389264600181e-03
2.220055646482843245e-03
2.213930494547630516e-03
2.178969475592970172e-03
2.175498471240780007e-03
2.169647481210453671e-03
2.138515459830901341e-03
2.134602210104622703e-03
2.131208182501698103e-03
2.113188304853744464e-03
2.103776814451425916e-03
2.084391822424671442e-03
2.072469607195025557e-03
2.049945671141989272e-03
2.049763214819809096e-03
2.021527891852555742e-03
2.006944520715168122e-03
2.003552627256514548e-03
1.980356821986808871e-03
1.965430441475484857e-03
1.952160694389308516e-03
1.933365471992743541e-03
1.909513557558855908e-03
1.895216178956207840e-03
1.870697808887569714e-03
1.865529523364864136e-03
1.838878331156501046e-03
1.834713910129555890e-03
1.797336852023890532e-03
1.791116990730533568e-03
1.759580609509670988e-03
1.752267922785735038e-03
1.742140949871559541e-03
1.736793527644112361e-03
1.711817429327558773e-03
1.682022642438086918e-03
1.667356346196941386e-03
1.639052468930456748e-03
1.635544343991971470e-03
1.604889550283367236e-03
1.593004808595274149e-03
1.576891840095894512e-03
1.559150746039002092e-03
1.556003837834799832e-03
1.535475686157384721e-03
1.525635797939177852e-03
1.517030104523555550e-03
1.498871353563526474e-03
1.497107362318769296e-03
1.471442512526750096e-03
1.466415784678791771e-03
1.458261031705813515e-03
1.444497914808857454e-03
1.426027062625535033e-03
1.411581258276849854e-03
1.380264052852886751e-03
1.374528966823578089e-03
1.354053820348584446e-03
1.349626297127925600e-03
1.328082789539288509e-03
1.316865672943180960e-03
1.287569107595973273e-03
1.283126255870740496e-03
1.267033067375818124e-03
1.243220111229004264e-03
1.237166996965870149e-03
1.220589856211452438e-03
1.212543010787388732e-03
1.207296182142951176e-03
1.184972647472216966e-03
1.173114260772670876e-03
1.171000666864665651e-03
1.153693809821851411e-03
1.145141213898217408e-03
1.114582461792345928e-03
1.088669101799240053e-03
1.066859772773524938e-03
1.054837332419946263e-03
1.050408665226871055e-03
1.030030892358011190e-03
1.023288306056040773e-03
1.015629104213632830e-03
1.002171622357541422e-03
9.875449352007951986e-04
9.852268920786831294e-04
9.647187459860856636e-04
9.634447161885968582e-04
9.428586533087108179e-04
9.150487397486591502e-04
9.072119916075030302e-04
9.035601693971037412e-04
8.959935265462814959e-04
8.872860610983285875e-04
8.646111436981600805e-04
8.585245343991700388e-04
8.497378755477636705e-04
8.340272509531319618e-04
8.238375841761470244e-04
8.060828556957141131e-04
7.840613948522989285e-04
7.513938780674538640e-04
7.353710157798163272e-04
7.113889600270760375e-04
6.886310307877672879e-04
6.749522848339735035e-04
6.732371477844510503e-04
6.568579088480668493e-04
5.890949419532135302e-04
5.810109694646547899e-04
5.587147826040562981e-04
5.113626526311298168e-04
5.008116965534508639e-04
4.749325435602941726e-04
4.379909142451996460e-04
4.155951157868923297e-04
3.867553728427128865e-04
3.564029998635926582e-04
3.251899263387446229e-04
3.241516178068254536e-04
2.858796072634585449e-04
2.789892439900579159e-04
2.681508852289262259e-04
2.599876856843788943e-04
2.506168679278878179e-04
2.477992367583490814e-04
2.372341077591610362e-04
2.079952234521234393e-04
2.055579935187633366e-04
1.992467746503312227e-04
1.724089234862641372e-04
1.671193456227946497e-04
1.579050177679283370e-04
1.452351703514811185e-04
1.389948664450716732e-04
1.294815594188912045e-04
1.254056023259620658e-04
1.196867564405923397e-04
1.077966274896992890e-04
9.735601770683387744e-05
8.653971884240792723e-05
8.213076533745905853e-05
7.880689785561569266e-05
7.294338557849415082e-05
6.839379186914186688e-05
5.540803844637371127e-05
3.301286597189225246e-05
2.726618707413154872e-05
2.409515238721649178e-05
1.636085670324874614e-05
3.148106109629661858e-06
2.834585092649335097e-06
1.739001396391914402e-16
4.215233342440327253e-19
