5.225108590188446422e-01
4.632659235630054995e-01
3.787863011892850795e-01
2.584927739409749181e-01
2.055666820786181126e-01
1.901409525823619662e-01
1.694171560511119889e-01
1.581463148720772816e-01
1.529120106336708806e-01
1.326850835846399568e-01
1.222107341569100697e-01
1.192323633381439096e-01
1.084084761033606709e-01
1.073346230451712180e-01
1.003169130013334409e-01
9.775762610838380218e-02
9.241445458534031099e-02
8.728517544756800306e-02
8.630418994803566723e-02
8.408731463599125600e-02
8.211021048685782087e-02
7.641424096497699547e-02
7.462344894213215896e-02
7.215255629999663134e-02
7.095363749434639711e-02
6.957651785421124779e-02
6.894227016752003945e-02
6.565054879154406942e-02
6.530881943972689785e-02
6.153477067535230438e-02
6.095730257211259134e-02
5.948272890595025786e-02
5.905487230909527152e-02
5.776794795491776296e-02
5.675087420989920195e-02
5.555808382195012024e-02
5.272989445551921894e-02
5.144200348267803646e-02
5.060235041556343516e-02
4.969922515694388115e-02
4.935397091585756041e-02
4.884493107728627576e-02
4.818277893464951306e-02
4.803502103368056247e-02
4.601119683628628748e-02
4.580841075032397042e-02
4.372706352139634628e-02
4.345139731843500330e-02
4.283939474724112600e-02
4.263611648157148576e-02
4.212227351146719673e-02
4.187684717225848008e-02
4.095999292445937079e-02
4.071225951919030250e-02
4.013588151910829627e-02
3.953352311430987504e-02
3.759828850877911660e-02
3.727249947373340727e-02
3.671985573804616154e-02
3.603151488022872384e-02
3.580046219766929577e-02
3.544148769325163734e-02
3.525318895096819088e-02
3.476818482667701216e-02
3.456303247736893652e-02
3.397825993369209263e-02
3.377524958047192771e-02
3.289623408530192861e-02
3.269816205986597613e-02
3.192068086179386532e-02
3.168021943001408935e-02
3.124059910482859803e-02
3.109119764070948991e-02
3.060256856115088631e-02
3.046486681384439135e-02
2.997143970109690872e-02
2.994832592352603823e-02
2.975785201115687534e-02
2.942816537288173856e-02
2.830555589031533842e-02
2.822491725664665399e-02
2.777443085490672106e-02
2.717552398563515687e-02
2.700545625860278215e-02
2.649559393698159432e-02
2.621951990535917668e-02
2.613460919038928035e-02
2.606012343435402945e-02
2.572921635154727313e-02
2.549711668823234287e-02
2.535109599154306698e-02
2.491152853881177520e-02
2.485818861200410346e-02
2.480684021508798576e-02
2.456127709884613555e-02
2.393109620485502076e-02
2.391846243953374071e-02
2.381674182932072906e-02
2.319115244687034935e-02
2.294026381869237324e-02
2.285646961008336309e-02
2.272653442183939984e-02
2.251859322971705435e-02
2.239079319954930675e-02
2.199224303682117965e-02
2.195169388652896264e-02
2.172300163839793741e-02
2.130124427521707525e-02
2.105182401357191813e-02
2.090123319489898754e-02
2.059954623328239323e-02
2.012289901808674009e-02
1.998104155093830339e-02
1.962022663278659151e-02
1.956636835964513377e-02
1.952970710406747371e-02
1.939764068526836360e-02
1.924816177594647695e-02
1.919208085163641442e-02
1.895312079540249078e-02
1.869912214365658520e-02
1.864484013907514656e-02
1.858306998152757170e-02
1.834928503852445436e-02
1.829064553197774778e-02
1.812785720358217265e-02
1.785528417151392711e-02
1.782076388551752030e-02
1.766041761838443858e-02
1.750333848375734691e-02
1.728911503547134881e-02
1.705894448906215832e-02
1.683576313751920794e-02
1.676351618044947048e-02
1.655171221931326167e-02
1.649508073545288486e-02
1.644019804152699674e-02
1.633708738465487059e-02
1.609456774014852987e-02
1.585003082824062645e-02
1.579669782660194852e-02
1.575592835776428932e-02
1.533041138122259728e-02
1.521347890530165559e-02
1.482221295532583707e-02
1.477611156508320742e-02
1.466259812132696821e-02
1.458077193932029100e-02
1.453873945085710877e-02
1.444196311498568280e-02
1.429729100867287682e-02
1.424920185163681442e-02
1.417479409958481533e-02
1.402155968013907121e-02
1.398883064727523239e-02
1.395444946231488327e-02
1.391546308468964536e-02
1.344054270377554455e-02
1.339649191500378624e-02
1.336991071997998236e-02
1.323240863488022237e-02
1.320936933015565314e-02
1.310296048089038684e-02
1.294552812964942096e-02
1.285808312932067675e-02
1.262883320886418539e-02
1.255793957151669048e-02
1.246084497991768215e-02
1.234659313375945089e-02
1.225773304241315267e-02
1.223568589304822353e-02
1.201445658224320999e-02
1.183134858776261310e-02
1.174184003269683647e-02
1.161446781095837495e-02
1.153343410935579565e-02
1.146026033468774442e-02
1.123780814873604275e-02
1.112327723279095230e-02
1.106796182036043526e-02
1.103294808024142190e-02
1.098625848120161723e-02
1.094691475918326169e-02
1.088802336370313720e-02
1.066736348987189394e-02
1.064356628671495920e-02
1.053743061423349434e-02
1.044438940160863361e-02
1.038257813505591778e-02
1.033122371616123497e-02
1.017752594335182698e-02
1.014973436460518165e-02
1.007796245224079276e-02
9.949947873645953109e-03
9.884085188540706404e-03
9.842048798107152358e-03
9.807456006939732629e-03
9.719967452793583373e-03
9.583733938191721022e-03
9.468414648188847732e-03
9.428532453786464887e-03
9.358196227560610161e-03
9.335694489518379241e-03
9.292581605157593586e-03
9.239682319344889871e-03
9.203662394560685814e-03
9.111583528844948224e-03
8.998507981282769658e-03
8.880820745021070217e-03
8.792364754193244744e-03
8.709344908347836992e-03
8.586659738317865137e-03
8.377014178858206359e-03
8.299950832480208415e-03
8.277589468367945250e-03
8.115122204058508593e-03
8.096237149805101535e-03
8.064672601880991387e-03
8.045120617952462860e-03
7.920772805120653709e-03
7.907612214284175101e-03
7.805123747411514372e-03
7.799999965992734756e-03
7.745248392575692156e-03
7.720616509441087863e-03
7.568449017792318496e-03
7.460977578472351331e-03
7.413638198160754471e-03
7.373660670294960792e-03
7.259635264007530640e-03
7.195311201970828324e-03
7.151649021166429226e-03
7.058279579841493165e-03
6.974604197186031959e-03
6.955792483908105131e-03
6.936769941243661752e-03
6.897941596598087220e-03
6.867268624998773378e-03
6.863132925308428056e-03
6.773019492088175678e-03
6.735098384149726045e-03
6.700016228094326891e-03
6.660775037446813734e-03
6.650880121029656422e-03
6.578884989937208716e-03
6.559590617826687939e-03
6.489138373718292621e-03
6.434977969354556404e-03
6.322389965156922573e-03
6.302926744449196227e-03
6.228994729638146627e-03
6.143892427116214548e-03
6.054658959586652414e-03
6.007071127163699821e-03
5.993856957254148007e-03
5.954402554360033704e-03
5.944623842774184215e-03
5.854463517653883155e-03
5.747769079197263993e-03
5.705841163205638798e-03
5.665828464782716144e-03
5.630366807989737113e-03
5.588767506550519105e-03
5.482219390737640141e-03
5.461704242408806954e-03
5.443606658481984356e-03
5.426229420133118694e-03
5.388074033308087700e-03
5.267163274612668596e-03
5.249576442623210375e-03
5.211432059636187698e-03
5.150484380232875012e-03
5.096455016691693769e-03
5.063384796185068162e-03
5.038306021131749336e-03
4.979528549473522664e-03
4.943317687249587124e-03
4.915149369768151595e-03
4.855009230970680489e-03
4.823519541124422251e-03
4.777524587056805952e-03
4.742790909305720330e-03
4.729689677979827256e-03
4.675030064771132192e-03
4.637704175478232944e-03
4.633091681619961634e-03
4.577528008888834959e-03
4.567129372880966189e-03
4.511536411735689832e-03
4.466324295205113641e-03
4.456945797588974384e-03
4.414259953408674296e-03
4.405466616838485047e-03
4.392891952152149990e-03
4.352070874259128183e-03
4.322480249809568936e-03
4.276394602716717015e-03
4.259729611768090472e-03
4.237438041756537085e-03
4.221473788999983295e-03
4.158526946965108821e-03
4.095686601512550130e-03
4.070279873161449825e-03
4.068327526306127206e-03
4.039172899852583667e-03
4.004458546457657572e-03
3.967027888185311463e-03
3.903451903973266957e-03
3.884650244955713174e-03
3.863198099488054926e-03
3.842556624798669843e-03
3.795387466898366216e-03
3.781903869115503612e-03
3.731982561019731547e-03
3.702870853911193090e-03
3.657934981637166790e-03
3.630447927633785946e-03
3.616362205575855086e-03
3.522192510379441779e-03
3.516809579778262806e-03
3.502708332840300236e-03
3.459873385309937630e-03
3.430033055807965754e-03
3.390901322179127111e-03
3.364812316667996524e-03
3.342042515006569004e-03
3.307568162854905656e-03
3.252609165302376443e-03
3.238159497303473577e-03
3.185843262692583666e-03
3.137435439687168235e-03
3.126623253096782497e-03
3.087734905245093694e-03
3.055430331163372371e-03
3.036280428934952803e-03
2.990452579871507362e-03
2.983891383441894789e-03
2.970261368333026921e-03
2.967630836313062386e-03
2.960508046958157564e-03
2.893568939733513670e-03
2.874697261580985447e-03
2.865101387654488477e-03
2.831406647035938137e-03
2.821986861715637500e-03
2.777100614016370528e-03
2.769946649286961129e-03
2.761239806998718252e-03
2.734404612250435854e-03
2.726667777619036764e-03
2.664240063641485322e-03
2.621618702611829867e-03
2.570677453848347303e-03
2.540934401617425849e-03
2.531979102872350135e-03
2.481473061227566085e-03
2.480366280780384094e-03
2.466197485090507093e-03
2.425972597620671464e-03
2.407940352413015777e-03
2.357326823428334064e-03
2.319252511345967251e-03
2.308001702625968755e-03
2.258050187344794787e-03
2.245275648643440744e-03
2.221557320212087187e-03
2.203949114408995918e-03
2.189191817179034130e-03
2.165085709296543995e-03
2.091238703719084345e-03
2.080135364486922298e-03
2.066125579364485026e-03
2.033410691013727394e-03
2.023909417355732390e-03
1.980524540047164540e-03
1.970456305861598839e-03
1.938832246641695057e-03
1.900723636630294701e-03
1.881659967301183966e-03
1.835470310208572008e-03
1.823244771830315062e-03
1.793397905477431492e-03
1.747045276209550696e-03
1.738234461983133349e-03
1.698819442513882158e-03
1.664033011737706168e-03
1.637856739851288775e-03
1.629086489885389925e-03
1.604282417543886896e-03
1.591668570908812272e-03
1.509834526556559251e-03
1.475265646674989292e-03
1.449565886826880258e-03
1.436472156487932257e-03
1.378101980356655730e-03
1.375736460634660423e-03
1.258967619401425925e-03
1.204757861925138994e-03
1.184956490134653597e-03
1.106207426356963083e-03
1.000208863642151978e-03
9.127819681486736307e-04
8.537610854171445761e-04
8.018539375481072325e-04
7.355618564655957373e-04
6.999402011517995596e-04
6.280178736482460063e-04
6.075686041482220717e-04
5.994376802580966791e-04
5.773011304357679885e-04
5.335546878764921980e-04
5.189647484304111928e-04
5.010971850575238196e-04
4.684297695827045532e-04
4.192922189897391942e-04
4.151905697713205792e-04
3.933746024541406026e-04
3.548279714145520384e-04
3.358325923685245590e-04
3.252429263497257149e-04
2.970642448095392723e-04
2.766174312655782057e-04
2.667457482716885158e-04
2.469855665185420059e-04
2.229358921449840606e-04
2.126386103042909295e-04
1.981861868612699905e-04
1.833233455374519698e-04
1.790447612845138105e-04
1.552516368153070245e-04
1.474428608429739600e-04
1.354643922762859335e-04
1.255851038517927774e-04
6.195428499862343902e-05
5.255885583279132773e-05
4.711073060384349785e-05
3.858554012742389732e-05
6.648992636483678858e-06
3.090970164295545792e-06
1.308095990701307233e-16
2.167272343657654728e-18
