5.012446898320536137e-01
4.570046359578632811e-01
3.757746715690261086e-01
2.512641788258200282e-01
2.009560650606397325e-01
1.848676124480775618e-01
1.644130081620470696e-01
1.549550171518688513e-01
1.500724944168080610e-01
1.291746287788109182e-01
1.206665289767246269e-01
1.166541922573732792e-01
1.057917587635840151e-01
1.046113017146075991e-01
9.782793380610609046e-02
9.484164331369171475e-02
8.972077356896743239e-02
8.505061586727452605e-02
8.481870050135752181e-02
8.248562431931032168e-02
8.016412417482993158e-02
7.507497453331528348e-02
7.324465964840078114e-02
7.080176373417405855e-02
6.942179040703441717e-02
6.750473670693241113e-02
6.711652350052257909e-02
6.419723006804198273e-02
6.355067916714933485e-02
6.028240506185525427e-02
5.935565823294537691e-02
5.826996932676330870e-02
5.774861393482361160e-02
5.661875424517579664e-02
5.587291644834198323e-02
5.424615696131353942e-02
5.195624081499539137e-02
5.046700099362374375e-02
4.939500278779913184e-02
4.878802688131573390e-02
4.813395531476662159e-02
4.794210129601175763e-02
4.690972952026691706e-02
4.675556793512496839e-02
4.502414204550130722e-02
4.471142343338013747e-02
4.280643404615697145e-02
4.227418840606883554e-02
4.188361617873159748e-02
4.167042992459604744e-02
4.127746475504288221e-02
4.104560883966524437e-02
4.007285007527106035e-02
3.986406476339138943e-02
3.927584178100274048e-02
3.891516153212481316e-02
3.694018666528133682e-02
3.663460767835423348e-02
3.582259267188226542e-02
3.526668151473311141e-02
3.513453156727212173e-02
3.466932176046180758e-02
3.449665067667781471e-02
3.393338016800307583e-02
3.373592772763082254e-02
3.308552420704565650e-02
3.289979345791958776e-02
3.219334554419323730e-02
3.204853169662510992e-02
3.123884181089739420e-02
3.105635161932904925e-02
3.065781474118920921e-02
3.049187467555170700e-02
3.000319615120331310e-02
2.977275350775707152e-02
2.943229849585882185e-02
2.934811939612995066e-02
2.915011337365461253e-02
2.894208633940421188e-02
2.791515629283711566e-02
2.769851956304522286e-02
2.703281575206823231e-02
2.661119346798284518e-02
2.654284917410497380e-02
2.593922587417155784e-02
2.572745790293629389e-02
2.550657074738678365e-02
2.548454722770586087e-02
2.504390300337766204e-02
2.495829799419916825e-02
2.473880279012742600e-02
2.450157749325792764e-02
2.434242549367179528e-02
2.433072440735555356e-02
2.393919428445646924e-02
2.346695543662332198e-02
2.340863757727719430e-02
2.334190570173710205e-02
2.273543326787798302e-02
2.247917038494498879e-02
2.238986298199046807e-02
2.221438806420220763e-02
2.211818893690375640e-02
2.190560151504590547e-02
2.160700169201853343e-02
2.155936980704175124e-02
2.130920421318828473e-02
2.089984060395642940e-02
2.056096568660563742e-02
2.054813205878856103e-02
2.008168687996976162e-02
1.973647845592631234e-02
1.959496232845325814e-02
1.918615072926649345e-02
1.912124934802100773e-02
1.906945137598820006e-02
1.902937280235564993e-02
1.882601078814053266e-02
1.877575570862036539e-02
1.846411077070274007e-02
1.836711051179457099e-02
1.828854879701976091e-02
1.805559007487666026e-02
1.803071469454940734e-02
1.793363807150303788e-02
1.784304819150688698e-02
1.751570284421177792e-02
1.746706385807945613e-02
1.726920112074230296e-02
1.719020146764033488e-02
1.680260965477993473e-02
1.676337289681983575e-02
1.651459935896064032e-02
1.645326526586450566e-02
1.627169609266559611e-02
1.620855451446325327e-02
1.612731915174364997e-02
1.599883549072880773e-02
1.572219355080091766e-02
1.557768631862123561e-02
1.553941283731256895e-02
1.540168713107315478e-02
1.507294055956296709e-02
1.493101314215814109e-02
1.454669785437113366e-02
1.446506105024579492e-02
1.433272878363464273e-02
1.428898270836359043e-02
1.420134088570436555e-02
1.417137177797752820e-02
1.402661496619952465e-02
1.396610141716990265e-02
1.391180068854948500e-02
1.377616091824943045e-02
1.372776653651197956e-02
1.367122510294258020e-02
1.354846543583708776e-02
1.323627008113497858e-02
1.309190613803304544e-02
1.305374143441389787e-02
1.295726101199075504e-02
1.291484644919933290e-02
1.282565101273676691e-02
1.266479120235278026e-02
1.257290238238325045e-02
1.234542461489345974e-02
1.229962104185689832e-02
1.214768707423343440e-02
1.211097348197196118e-02
1.198150210267926591e-02
1.195751420967158286e-02
1.177148602463986074e-02
1.166149183467819761e-02
1.151055941588972377e-02
1.141913176270507521e-02
1.133413802243201166e-02
1.131904297424844198e-02
1.099078292657218632e-02
1.089413538229801887e-02
1.082047395609647689e-02
1.077942410832630205e-02
1.076178191192569272e-02
1.071992915558084986e-02
1.064609379803758277e-02
1.050614492299280570e-02
1.042713991766352523e-02
1.037248891470862397e-02
1.026238523585885735e-02
1.018244490924256722e-02
1.008862470513600777e-02
9.965944227313465811e-03
9.950156140796112547e-03
9.850732596167562430e-03
9.718873115859939099e-03
9.694046682155824449e-03
9.636621244434373512e-03
9.571330297175570032e-03
9.541335141366813835e-03
9.391529487863276709e-03
9.283570580826331145e-03
9.223426616119041049e-03
9.176058217054843674e-03
9.149558293620884894e-03
9.085642370645657939e-03
9.038258996917852492e-03
8.976127827709009382e-03
8.933021188401240112e-03
8.796955888270067275e-03
8.712490305415569389e-03
8.604684610946706017e-03
8.555703137731872354e-03
8.343245730194268767e-03
8.223994176759674701e-03
8.137250666454987069e-03
8.058069355619255567e-03
7.952369328170531479e-03
7.940006938327854105e-03
7.911196491267525471e-03
7.864162305951610463e-03
7.767000204252453958e-03
7.757303281706262599e-03
7.650256590607384423e-03
7.634651074196967258e-03
7.617386745750132082e-03
7.590353029969518391e-03
7.417134091376010631e-03
7.276868124124008519e-03
7.262068520479390485e-03
7.173128845323043304e-03
7.093543179799459072e-03
7.009105027292812824e-03
6.976048814471049082e-03
6.889908058854806588e-03
6.835628585455600509e-03
6.811705723387461407e-03
6.786211948592615374e-03
6.772894457075115393e-03
6.726289566603773327e-03
6.720662798424936919e-03
6.615739046683781661e-03
6.580249615008406869e-03
6.545153976644668518e-03
6.531832013044721122e-03
6.499620627566694148e-03
6.406635406564787846e-03
6.392911791179524059e-03
6.335623963224059838e-03
6.309925311495372113e-03
6.152102121416307134e-03
6.139037783904645156e-03
6.098568191836992863e-03
6.000797946053560566e-03
5.970727599775159551e-03
5.912882780603332354e-03
5.882745693808969466e-03
5.832170206288443161e-03
5.821593909965568948e-03
5.722097082273129923e-03
5.601630776074809255e-03
5.583714755932647246e-03
5.553300845112355694e-03
5.513092976402799578e-03
5.467038539523390826e-03
5.381276224876864467e-03
5.351811046176950006e-03
5.307133304779808498e-03
5.298381224346311071e-03
5.260046430236509606e-03
5.181863628943381844e-03
5.128772532394769955e-03
5.094815879456999347e-03
5.037092037803955237e-03
5.009431451101735780e-03
4.945697299467459278e-03
4.931454451206240819e-03
4.865407447899179963e-03
4.847592161839517876e-03
4.806388589376230092e-03
4.745518275566645676e-03
4.729374059756111248e-03
4.675472697539484468e-03
4.648163530068119900e-03
4.614213272231024003e-03
4.608774100068419206e-03
4.573980827576522128e-03
4.527080869900780048e-03
4.490208836285421862e-03
4.485105821988987808e-03
4.420189728557176977e-03
4.366027701336732368e-03
4.362339892401614211e-03
4.343219381198893357e-03
4.323387673383269000e-03
4.294560153644223430e-03
4.289664130096221446e-03
4.251430612221120640e-03
4.184036972550628057e-03
4.163447291737528040e-03
4.143054989186924393e-03
4.110085466522105102e-03
4.080216001660991881e-03
4.032167457186340565e-03
4.012061486472189714e-03
4.002371685607459054e-03
3.954774998967426451e-03
3.934377098995665151e-03
3.862040369935182925e-03
3.837266271796590210e-03
3.823027352896340297e-03
3.811075425599476808e-03
3.766324926584207079e-03
3.714816455682724318e-03
3.701772993190789469e-03
3.673964388234599900e-03
3.651453866255947867e-03
3.576943646360580039e-03
3.568605403012149995e-03
3.537468269494838547e-03
3.453985553906341061e-03
3.451200188122574997e-03
3.423739987032953496e-03
3.396932373083929278e-03
3.351601902190204981e-03
3.318819953515589598e-03
3.295303624883927883e-03
3.273985287980283373e-03
3.209093551256938636e-03
3.196864371150771357e-03
3.169586900318276373e-03
3.120525022610238196e-03
3.078838495748246681e-03
3.061428701544613353e-03
3.015057525391205608e-03
2.996924724512474957e-03
2.974667474184869171e-03
2.930110969635921561e-03
2.921471007014413493e-03
2.904716985134719355e-03
2.891135078219572718e-03
2.845139505025821511e-03
2.836881693280891761e-03
2.793516624930334272e-03
2.785859158982166746e-03
2.771260405419359325e-03
2.740511894602366740e-03
2.729593317067721247e-03
2.709701883427002248e-03
2.686927974966702836e-03
2.664009908010724938e-03
2.628893856935480243e-03
2.595003853621300621e-03
2.569170640793535815e-03
2.525225502329827339e-03
2.491476767302746361e-03
2.476794238348679813e-03
2.424873106170838313e-03
2.422861469434914230e-03
2.401766292034252306e-03
2.380505160735371835e-03
2.309557108487553852e-03
2.285829504547806385e-03
2.278438377439714283e-03
2.226858992276829242e-03
2.213512102775441748e-03
2.190256920842877011e-03
2.185064500475163932e-03
2.166921926037880530e-03
2.110351679969723216e-03
2.104573372205498834e-03
2.055667574567933333e-03
2.008938584235774386e-03
2.002778025814499607e-03
1.986483328456150992e-03
1.984343479692700449e-03
1.946009449216853232e-03
1.936337315012712093e-03
1.905395509150419791e-03
1.865263769877239684e-03
1.835518794183515351e-03
1.805786717808891950e-03
1.787559366634436549e-03
1.765312283404411268e-03
1.717428984974951004e-03
1.711441371764364696e-03
1.670355434468181587e-03
1.618510064427204328e-03
1.610403833452125942e-03
1.588077663912204531e-03
1.575392252210702304e-03
1.556144971321650038e-03
1.474473540424426797e-03
1.437013831210318462e-03
1.420030809495883162e-03
1.382636036197455211e-03
1.363887875330967040e-03
1.337495686710306417e-03
1.244430654202142474e-03
1.173992199486528212e-03
1.159225085978567204e-03
1.092045755572907881e-03
9.936713175325738098e-04
9.042559943610872526e-04
8.309326132940811479e-04
7.832747313302491085e-04
7.169881437313629664e-04
6.806974293682364592e-04
6.105689162210954386e-04
5.918148464201779474e-04
5.820546472828731690e-04
5.621960426417822992e-04
5.169717896046170094e-04
5.080449079186896959e-04
4.890222272182423576e-04
4.601818608455251168e-04
4.102995181317163880e-04
4.062424251463624689e-04
3.864365483424785043e-04
3.431038452347935446e-04
3.300292290728119556e-04
3.172262287278173817e-04
2.908122481398221597e-04
2.725234900264349495e-04
2.642828324958964529e-04
2.450364167048296217e-04
2.195065400888288390e-04
2.082473422958642064e-04
1.942839078582275422e-04
1.816596260117732929e-04
1.760837183605854818e-04
1.522404379537716022e-04
1.441714234774224394e-04
1.328469902295418051e-04
1.257320271791893276e-04
6.203000688605361768e-05
5.230585460253950022e-05
4.671119633245970334e-05
3.816623734203976640e-05
6.044391220808451457e-06
3.138466312907250088e-06
1.684754166490755272e-16
3.044547245934300934e-18
