5.201735508914918649e-01
4.626739110546248535e-01
3.785079893967525644e-01
2.577370288380102514e-01
2.050673197982838536e-01
1.896351872136567418e-01
1.688967047052922221e-01
1.578418810944856587e-01
1.526267353977284469e-01
1.323613066408029781e-01
1.220546944538729306e-01
1.189907181133752073e-01
1.081326728641616303e-01
1.070479591730113256e-01
1.000792656091505500e-01
9.746242236944706316e-02
9.214386350892160571e-02
8.705162328028968888e-02
8.615638608601572379e-02
8.392947399847454359e-02
8.192657850419046706e-02
7.627623493811339084e-02
7.449532620976685726e-02
7.201587315868041017e-02
7.078480686030887148e-02
6.937221194918506695e-02
6.876183608419898785e-02
6.550552635720145733e-02
6.515395880031250864e-02
6.141198075611294105e-02
6.078604690859192028e-02
5.935827724346048884e-02
5.892356002813257942e-02
5.765114501379724893e-02
5.666655359987525509e-02
5.543937869624215864e-02
5.265173958098007950e-02
5.134611004715312205e-02
5.047748505873961983e-02
4.960738656429589805e-02
4.923448326226734922e-02
4.875246024377011267e-02
4.806417957378573969e-02
4.790727777356142830e-02
4.590533790712160445e-02
4.572005998183358011e-02
4.363582088356515731e-02
4.332595208668713754e-02
4.274485882893903910e-02
4.254356881426998860e-02
4.203595380474010879e-02
4.179248218455529351e-02
4.087181054636599559e-02
4.062444752672685760e-02
4.005911050103528465e-02
3.947504133019862776e-02
3.753497245091432649e-02
3.720833026210353112e-02
3.663775647677618846e-02
3.595422375421052086e-02
3.573310450342100791e-02
3.536116518583967694e-02
3.517990410747431906e-02
3.469004787291775360e-02
3.447639953975093624e-02
3.389463048629046821e-02
3.369729936558401445e-02
3.282556029034628536e-02
3.263838965703889233e-02
3.184654820576135470e-02
3.162397620791252556e-02
3.118433106184576031e-02
3.103387333130086870e-02
3.054136944117952224e-02
3.039703075032255605e-02
2.991852554516942139e-02
2.989419289208354938e-02
2.969849309234318807e-02
2.938158817055048361e-02
2.826816409313560874e-02
2.817296293897313467e-02
2.770355282450790574e-02
2.712319286652949482e-02
2.695946135736048549e-02
2.643970658911572527e-02
2.616992932539641964e-02
2.607231390359902867e-02
2.600248394676965211e-02
2.566620965920437050e-02
2.544749484563609693e-02
2.529477631933988932e-02
2.486396828493902394e-02
2.481328633078171142e-02
2.476396560268796440e-02
2.449907092966931849e-02
2.388567758094167423e-02
2.386291956009502571e-02
2.377635094801211491e-02
2.315025904825404948e-02
2.289401957889780626e-02
2.281210570867168649e-02
2.267932854357920802e-02
2.247698663824148832e-02
2.234524793608032994e-02
2.195094487370882752e-02
2.191640487923232974e-02
2.168039715697500300e-02
2.126331851134043507e-02
2.100723344921090474e-02
2.086633329440747836e-02
2.055048704085938455e-02
2.008639311741668501e-02
1.994100712806939554e-02
1.957728883555401311e-02
1.952274305261195164e-02
1.948938138881115695e-02
1.936355768766992100e-02
1.920741028366984224e-02
1.915016160969682663e-02
1.890624214577656462e-02
1.866567746095825972e-02
1.861115106093524929e-02
1.853545260488859842e-02
1.831697148732346070e-02
1.825605227726235721e-02
1.810368229769999948e-02
1.782337244823106737e-02
1.779084470881544394e-02
1.762073278000938006e-02
1.747183315481361243e-02
1.724774586564003717e-02
1.703111910683341446e-02
1.680482414535484914e-02
1.673283316782985669e-02
1.652286094147820128e-02
1.646709684452250452e-02
1.641355058820185772e-02
1.630524926888004753e-02
1.606032048598829073e-02
1.582067735851627743e-02
1.577450368118425011e-02
1.572382804921095695e-02
1.530535467961080705e-02
1.518553671900705823e-02
1.479309881958431293e-02
1.474990983609660022e-02
1.463267362950542404e-02
1.455336759863382588e-02
1.450767139499831160e-02
1.441597425111428889e-02
1.427165852609806052e-02
1.422202221718164503e-02
1.414933595473765252e-02
1.399008470261969492e-02
1.395949227048457093e-02
1.393714892875733656e-02
1.388275157876740773e-02
1.341931374838621106e-02
1.336725342172995559e-02
1.333876286950664257e-02
1.320579923137933480e-02
1.318442601259382958e-02
1.307774280282187999e-02
1.291824416872934533e-02
1.283041906024539290e-02
1.260290458548770677e-02
1.253460729466303325e-02
1.243048562333073058e-02
1.232333439102821677e-02
1.222996220000088265e-02
1.221176516973787422e-02
1.199346815970155251e-02
1.181715545271789548e-02
1.171575132286707850e-02
1.158855918781813606e-02
1.152457250202929516e-02
1.144755032048928173e-02
1.121423252182386816e-02
1.109733554996373238e-02
1.104680798092318172e-02
1.100896752115357487e-02
1.096514474895920153e-02
1.092545145105235094e-02
1.086593424853725919e-02
1.065260026740884498e-02
1.062330341843301974e-02
1.052337012829063050e-02
1.042587876727361570e-02
1.036428604980872692e-02
1.030994324926894599e-02
1.015924782848429825e-02
1.013228829506878682e-02
1.005588760992010867e-02
9.924549122945781551e-03
9.867371597864323801e-03
9.821597277553349714e-03
9.784907588837149853e-03
9.704346267162494363e-03
9.565903476037309131e-03
9.451258623915576029e-03
9.408917118363193527e-03
9.338894281343360429e-03
9.318338959895838824e-03
9.269459435264785011e-03
9.224616625655438634e-03
9.184093714756359078e-03
9.095320283649708376e-03
8.979939055340682708e-03
8.864627288931061291e-03
8.774714020663350669e-03
8.695493613731493029e-03
8.565422007735997226e-03
8.363713678317190661e-03
8.280833272749768548e-03
8.259958140751628639e-03
8.097871878415877772e-03
8.082699667882241312e-03
8.048172540010787093e-03
8.029741372995207599e-03
7.904520461190224848e-03
7.890411410182093105e-03
7.790652157715819912e-03
7.786814595133226095e-03
7.732995173852231542e-03
7.711822839831056382e-03
7.553347707362634798e-03
7.443302657942338363e-03
7.398791389440986452e-03
7.355396962776900895e-03
7.244941454185783135e-03
7.173673179963251101e-03
7.136320137062555566e-03
7.040915245790813938e-03
6.961093654830155172e-03
6.942162139946414685e-03
6.923731575390955177e-03
6.884395480815312662e-03
6.856932552351347430e-03
6.848214895514122096e-03
6.756806727640482339e-03
6.719657670442124968e-03
6.687199353906011709e-03
6.648777738369158162e-03
6.636539747792695280e-03
6.563802409509927362e-03
6.544576935381812670e-03
6.473961595529742138e-03
6.423403928769918017e-03
6.305574557544170976e-03
6.287160519964900100e-03
6.216900144570590772e-03
6.130239104369284917e-03
6.046962718266534267e-03
5.996144507123955802e-03
5.985288475092138440e-03
5.943775766616692970e-03
5.932805327066875516e-03
5.842397158982770566e-03
5.732994768428268002e-03
5.696084477195320281e-03
5.654173969135942689e-03
5.620023258961327241e-03
5.577477520541076345e-03
5.473506561036889199e-03
5.448969548159324043e-03
5.430784947694917465e-03
5.416054326273163876e-03
5.375806281250291620e-03
5.257703806907091347e-03
5.237778595396598569e-03
5.200211230092632170e-03
5.141426537217160669e-03
5.088738088861862949e-03
5.049880931267533221e-03
5.028822391111586326e-03
4.970342726368876494e-03
4.934746964420310376e-03
4.904646055896236777e-03
4.844059290573034769e-03
4.814394888082451814e-03
4.767875698480073671e-03
4.733016408684928393e-03
4.719455355593351643e-03
4.669233618286203549e-03
4.631609284137618888e-03
4.623128970668525378e-03
4.568955077488267083e-03
4.559588213934539190e-03
4.503674947803273411e-03
4.457666538953437320e-03
4.446421277168754842e-03
4.408030058821831368e-03
4.396872902665957192e-03
4.385277241019328552e-03
4.345992463464194017e-03
4.316147542926869474e-03
4.267893897918924144e-03
4.251504209792786142e-03
4.225749524329239747e-03
4.215223362767831113e-03
4.150881854017306020e-03
4.089220805316770048e-03
4.065487844290908460e-03
4.062597339340755405e-03
4.031281369242727813e-03
3.997780119515364876e-03
3.957961955461330138e-03
3.896124171772289476e-03
3.880159477575591698e-03
3.858548804758956795e-03
3.836248361394520214e-03
3.787083948468434984e-03
3.775138557961651639e-03
3.727029161126880260e-03
3.698115642704175119e-03
3.649704386082789145e-03
3.624310598916337042e-03
3.609754183420306028e-03
3.514960865839890803e-03
3.509445909044514502e-03
3.497473716120029670e-03
3.452908047696413418e-03
3.422892816799186742e-03
3.385503749726640789e-03
3.356535763504937559e-03
3.337190067942284906e-03
3.298964499680171521e-03
3.247705294266721703e-03
3.232283329217403196e-03
3.179809518903236373e-03
3.131053198984132518e-03
3.121679161160729327e-03
3.081613975554412833e-03
3.050293801682485081e-03
3.029837258265906559e-03
2.984431951639740163e-03
2.976267385379300842e-03
2.964493290345222593e-03
2.960551491166204131e-03
2.953723706539820686e-03
2.888214948405672632e-03
2.867172500811930418e-03
2.857647130783206799e-03
2.825102461587047139e-03
2.816350265271366522e-03
2.770434391629320557e-03
2.765804201954731329e-03
2.753793908973829838e-03
2.729901808148135506e-03
2.719578707850895793e-03
2.657025637784723397e-03
2.616736174544830994e-03
2.566826787683084907e-03
2.536650872628663442e-03
2.526814344438316033e-03
2.476582936342846316e-03
2.473916303764370911e-03
2.461640008942296738e-03
2.422247588120098830e-03
2.398960085119513762e-03
2.351648427166261584e-03
2.315797163145879266e-03
2.299805114337297261e-03
2.253464408432368383e-03
2.240442084546562067e-03
2.218096680772825395e-03
2.200289187994870777e-03
2.183212497608626960e-03
2.160238905885644364e-03
2.087688077408129256e-03
2.073269877590569639e-03
2.061613353348240325e-03
2.029794526461031149e-03
2.020726069587384932e-03
1.977270981748465665e-03
1.967247538579984523e-03
1.935987106047941820e-03
1.897846231051364798e-03
1.878078869272741718e-03
1.833045707362628918e-03
1.820304306229726275e-03
1.791260164083140986e-03
1.744340579308688733e-03
1.735676725848857597e-03
1.696305136324121427e-03
1.658260131287673383e-03
1.635491999184020663e-03
1.625989215169716022e-03
1.602859211557451126e-03
1.589735347982238400e-03
1.507148868512419790e-03
1.469626874879718069e-03
1.448394527961617984e-03
1.433644229167819898e-03
1.376791506954828416e-03
1.373666837610907450e-03
1.257546107007543029e-03
1.201557673074351911e-03
1.182358346376780663e-03
1.104935374466663222e-03
9.996672336383548470e-04
9.119631204168790603e-04
8.514051811492174366e-04
7.999678001520191392e-04
7.336196409461990262e-04
6.979345241276734349e-04
6.260885564225370740e-04
6.060487269247663480e-04
5.977074454978325820e-04
5.759903435198629115e-04
5.320038364432079590e-04
5.179619399191737932e-04
5.000395065489714706e-04
4.677560031720346821e-04
4.184863280335804738e-04
4.144151070038477945e-04
3.927356443323871005e-04
3.538259779166820344e-04
3.353277187339408086e-04
3.246625986570550568e-04
2.964718615535129136e-04
2.762942403528262456e-04
2.665164508658841316e-04
2.468786279637641217e-04
2.225718642352816673e-04
2.122971928889443906e-04
1.978314066415738854e-04
1.831969861473138996e-04
1.788478358090650965e-04
1.550206184465606355e-04
1.473013573357899637e-04
1.352741640986552434e-04
1.256128994774186980e-04
6.198004825692096035e-05
5.257412489497183500e-05
4.708576460347815466e-05
3.855708856734105976e-05
6.593517173091285580e-06
3.094729310263794446e-06
1.735588894595096648e-16
1.644325545869769542e-18
