4.342261464856092545e-01
4.183620412819651913e-01
3.531054039293199942e-01
2.253926489250094034e-01
1.803325382012765654e-01
1.655107345777409034e-01
1.456307280758731004e-01
1.402544902344964317e-01
1.366395341248788919e-01
1.157858129420198251e-01
1.117981310039292825e-01
1.051339034608752693e-01
9.498031054616663804e-02
9.399463778572476891e-02
8.813560403441238200e-02
8.387307672550614601e-02
8.013465253963107660e-02
7.742635922034585283e-02
7.571489574433730441e-02
7.471545015382620447e-02
7.214444485938563412e-02
6.845276877153773365e-02
6.626961240981853185e-02
6.430262267030004142e-02
6.326910094205751012e-02
6.047812598339805112e-02
5.996601218271531419e-02
5.747264482145255510e-02
5.628263517334614052e-02
5.423036231167849275e-02
5.318363550366701775e-02
5.275533546371018873e-02
5.235255607975709824e-02
5.159210820106900630e-02
5.122238614276772295e-02
4.856154651547961443e-02
4.765646453617786854e-02
4.578026246776716740e-02
4.454079095149607315e-02
4.426834748109485795e-02
4.370225444611174764e-02
4.315521666211364488e-02
4.195493665317277798e-02
4.182540229342836258e-02
4.078908811466552820e-02
3.963702861498447777e-02
3.844758073634722828e-02
3.809913066626217232e-02
3.770467713433090645e-02
3.747028966250237625e-02
3.723923224945831223e-02
3.720440931374899979e-02
3.628413130437947720e-02
3.618526165678574713e-02
3.566005395430534020e-02
3.496750987541788480e-02
3.358896069447060706e-02
3.338436416583086958e-02
3.205010786506306414e-02
3.198846211124396766e-02
3.183147390927115045e-02
3.138477822299633180e-02
3.132592037622241449e-02
3.049923724293769622e-02
3.026886347185768836e-02
2.966650962446998330e-02
2.933279971454683457e-02
2.886641451043775800e-02
2.866556246567054586e-02
2.842892516793129459e-02
2.802033318110869198e-02
2.777190714442324959e-02
2.771241171729427882e-02
2.719457881939431332e-02
2.697233680443657244e-02
2.664710805692075898e-02
2.653033562103703988e-02
2.640763834681398442e-02
2.610270501571312907e-02
2.554914001531880668e-02
2.509620800199858018e-02
2.424277153438532048e-02
2.421549108703386147e-02
2.394752944047630339e-02
2.340313826500085154e-02
2.339788634971036105e-02
2.309922646153708681e-02
2.307566972322268664e-02
2.244164949214211974e-02
2.237512792074862478e-02
2.222169288620780281e-02
2.205977110759665266e-02
2.200565366234853368e-02
2.188353145650803744e-02
2.142576339779747249e-02
2.128980955132107195e-02
2.113389254225382999e-02
2.097804680439604649e-02
2.047302382133251927e-02
2.036887446188125755e-02
2.035859217795992285e-02
2.016102300725076957e-02
1.995311018270727946e-02
1.967224814363184582e-02
1.962989513948963302e-02
1.949417844026933230e-02
1.940328415262889544e-02
1.891282783620950800e-02
1.870419279893060366e-02
1.840868555824964198e-02
1.793640251239110583e-02
1.788596920467246457e-02
1.784557368431053878e-02
1.731852189215640769e-02
1.730967435610282143e-02
1.722630483236059495e-02
1.718772593051766037e-02
1.692978793101551985e-02
1.681597439068395136e-02
1.671866659081861634e-02
1.656834431349184580e-02
1.646963269442138986e-02
1.643572932580621149e-02
1.621246063899680484e-02
1.614522779307748374e-02
1.606943635334627529e-02
1.579848219681695767e-02
1.568435804088250118e-02
1.564024261188863216e-02
1.556020360209902330e-02
1.514283985670271740e-02
1.499757926117598929e-02
1.495828784064770142e-02
1.492541859259053846e-02
1.481805988924169391e-02
1.472123712331062026e-02
1.451882888336620062e-02
1.446991600772486175e-02
1.420954725697202298e-02
1.411083134002460819e-02
1.403253889214351943e-02
1.373115561717115803e-02
1.372497001324543206e-02
1.357258122581015726e-02
1.320099729475946240e-02
1.318251807436936207e-02
1.297399812550313440e-02
1.291400783849248370e-02
1.279774711952388552e-02
1.276952801411111380e-02
1.266560493819980648e-02
1.263645695546549742e-02
1.261643537134309566e-02
1.252072853879830812e-02
1.245714951357988765e-02
1.224881161276829104e-02
1.206922479964062100e-02
1.202472164237076806e-02
1.180893774225220787e-02
1.178316398679733062e-02
1.164474433654631540e-02
1.160225022290252254e-02
1.152437050236964668e-02
1.139173304286724905e-02
1.137228599008558404e-02
1.109370518621817167e-02
1.108006960183955704e-02
1.102915395714288739e-02
1.091197422209908528e-02
1.080376954660336453e-02
1.071511972319926821e-02
1.069723346834125163e-02
1.064981085246113901e-02
1.040915806090067508e-02
1.034778049991041254e-02
1.031506351125690071e-02
1.016669837970130517e-02
9.896131691977515937e-03
9.863575606484915534e-03
9.789407632058554770e-03
9.694326956615265806e-03
9.678482990957033849e-03
9.673070493290587823e-03
9.576735165417134266e-03
9.468579332098405604e-03
9.457237532140321673e-03
9.340808987482004944e-03
9.275237454444760013e-03
9.180829688233740557e-03
9.043408256032023015e-03
8.998253989983539050e-03
8.895928055545575946e-03
8.870908662150253296e-03
8.816409170679915391e-03
8.730772947538769160e-03
8.709935479396108127e-03
8.629234277787495647e-03
8.552575031830473781e-03
8.432248725997055702e-03
8.356043563916813049e-03
8.347427025473450751e-03
8.308565645122221663e-03
8.265557750348368274e-03
8.245625080830513640e-03
8.136814985412407081e-03
7.994988357667742393e-03
7.932328491641809504e-03
7.908071595523069250e-03
7.864925334755074396e-03
7.730446489747353107e-03
7.699748716291383160e-03
7.481444715003209706e-03
7.369469998446800951e-03
7.295989243533141690e-03
7.272213384305390056e-03
7.242444908622933629e-03
7.158538093796356847e-03
7.144458636987777861e-03
7.097844626523514347e-03
7.072500493831551834e-03
7.040128310198991157e-03
6.952444468861744033e-03
6.863542732187741247e-03
6.791357257358821356e-03
6.754989681882190775e-03
6.730978292514056688e-03
6.557513108377110295e-03
6.486612595460453622e-03
6.398006535647012341e-03
6.374547486478508891e-03
6.329607435479732251e-03
6.313230613293851871e-03
6.302667367435336142e-03
6.215981077665807576e-03
6.174414270031181040e-03
6.103602574429854016e-03
6.084740846743866803e-03
6.048854528468955438e-03
5.982157484409283618e-03
5.948553368463884057e-03
5.927271221352595557e-03
5.873700271886469863e-03
5.826091030786067528e-03
5.800088809258599487e-03
5.750216171079861049e-03
5.698366526160209868e-03
5.683041092749221285e-03
5.662433763419094136e-03
5.540558379394078768e-03
5.511345006464919705e-03
5.466407162101741268e-03
5.427327933927912455e-03
5.406173211160737561e-03
5.396397566834224349e-03
5.288440336477732116e-03
5.236817195951727448e-03
5.191557662663203246e-03
5.129855388374872198e-03
5.100808835035707325e-03
5.054090199946246857e-03
4.996987760203707753e-03
4.940565135069590989e-03
4.928897078283732587e-03
4.833458711636985997e-03
4.818413709545512312e-03
4.793971368488339838e-03
4.747437603242029430e-03
4.736604762685151307e-03
4.716720482549370888e-03
4.616021705968532431e-03
4.569856272735170998e-03
4.507192508432528860e-03
4.480366391496619360e-03
4.469890704126119191e-03
4.438815551937480564e-03
4.387743689475727751e-03
4.372739085682438194e-03
4.333957445603085941e-03
4.291005709285040937e-03
4.282006516307221462e-03
4.222313767156536321e-03
4.198902063608034654e-03
4.174639460952911212e-03
4.166655345195171938e-03
4.127630964311286392e-03
4.091767069615854374e-03
4.081503188353520495e-03
4.058946622243272441e-03
4.000273500232386266e-03
3.961301791502468139e-03
3.950281881992784294e-03
3.925498305613275493e-03
3.884143961957049231e-03
3.876253432099432700e-03
3.869094288561379224e-03
3.813104938181204918e-03
3.787635674100501681e-03
3.741827109081532956e-03
3.726684247304294737e-03
3.693035652045049359e-03
3.674238089519638473e-03
3.650802687767532462e-03
3.610043955630853809e-03
3.604793392190487351e-03
3.547199697853358012e-03
3.535563611283434274e-03
3.529036835839983750e-03
3.505116267720630348e-03
3.456866392858859872e-03
3.398143462662050768e-03
3.391468530108819601e-03
3.357281927569839668e-03
3.348476539337037674e-03
3.287852631068034163e-03
3.286337639908504075e-03
3.272616500621668145e-03
3.260680731721932353e-03
3.185026175669662934e-03
3.131096096079252506e-03
3.119286543996724597e-03
3.083507303789736944e-03
3.036975753732755814e-03
3.030091902164145853e-03
3.016526883228632001e-03
2.940777231535476009e-03
2.938632032292006792e-03
2.913083653229050184e-03
2.851488265130485387e-03
2.834859225179361172e-03
2.824098252539627811e-03
2.764577873301844301e-03
2.732720839996003424e-03
2.706538293983386766e-03
2.693386064195308228e-03
2.686952807230682735e-03
2.644827966962078319e-03
2.620172911916622549e-03
2.607333151921307438e-03
2.600900450546591962e-03
2.566096712648291856e-03
2.514324548298953622e-03
2.510074346677395717e-03
2.496797817876048389e-03
2.473321087574603498e-03
2.445219854165178470e-03
2.439403397489616453e-03
2.418090804906065320e-03
2.384182661747433641e-03
2.366746896424496132e-03
2.341038697607701786e-03
2.306005124004424645e-03
2.297027521611959451e-03
2.274934589083330884e-03
2.244027090004053256e-03
2.223857530932295181e-03
2.199267604769938097e-03
2.166695486671628510e-03
2.125951482103221983e-03
2.121971342155378956e-03
2.038200476313090093e-03
2.027615897006794770e-03
2.008940863873272253e-03
1.998475060064039670e-03
1.990986927245344019e-03
1.975682366556946127e-03
1.961959909920641971e-03
1.906355879985974482e-03
1.900440584928639147e-03
1.876870278359063548e-03
1.834799075725248359e-03
1.788437499862873242e-03
1.773486375795420723e-03
1.771832066024996545e-03
1.761105825769972806e-03
1.736960886813881293e-03
1.727297059759924473e-03
1.719289648944688715e-03
1.680525892565757403e-03
1.625156771146736524e-03
1.611216133583158591e-03
1.610442560384900282e-03
1.564875562862681670e-03
1.557643390644049925e-03
1.543963461918157563e-03
1.505506955236335766e-03
1.484619002142208242e-03
1.464433016317683326e-03
1.459374285583313986e-03
1.443851855324395196e-03
1.362467393592408250e-03
1.344360772569975181e-03
1.295836520077495039e-03
1.262248002777611143e-03
1.254644193896699332e-03
1.201173624496994956e-03
1.146776533869947991e-03
1.087469551144914842e-03
1.040214811805220511e-03
1.035466695803104230e-03
9.925770899540959508e-04
9.097961582868993634e-04
8.222124485283564994e-04
7.360528292438605963e-04
7.025104924069571627e-04
6.389285770224829419e-04
6.036171819134407771e-04
5.477276714897147663e-04
5.261400159926703235e-04
5.111086396427699840e-04
5.003805987013927462e-04
4.526852049649703232e-04
4.514861059072125451e-04
4.348793592370970413e-04
4.171570331999543187e-04
3.659474390307837716e-04
3.614883889572736487e-04
3.502832815386349688e-04
3.059324262601824493e-04
2.960874990482448938e-04
2.814348007472649931e-04
2.528668541646328784e-04
2.472670037601254196e-04
2.433934940348564868e-04
2.259791129303845118e-04
2.045900840061351826e-04
1.857066120046181536e-04
1.727312478754095936e-04
1.634202269601629884e-04
1.574179469558183392e-04
1.351397191576541852e-04
1.312807679323703392e-04
1.181317229767634694e-04
1.155610737801845311e-04
5.712047754401102369e-05
4.749259122777150512e-05
4.178692826912365287e-05
3.393298917199252525e-05
4.819800508908139323e-06
3.242850044941509260e-06
1.570005429957326550e-16
6.040465959011231079e-19
