5.079979574448352242e-01
4.584769024714692720e-01
3.763406692453843960e-01
2.534396768822416157e-01
2.021869615616685989e-01
1.865431818778945372e-01
1.659120015996905784e-01
1.558542148514751036e-01
1.508659125901831988e-01
1.302450234245775273e-01
1.210214672401549174e-01
1.174299745503388087e-01
1.065367853128172670e-01
1.054166031252639635e-01
9.856709897333910952e-02
9.573014517791442191e-02
9.055823507692382923e-02
8.572484631251475751e-02
8.520554993703519098e-02
8.291778434617601279e-02
8.074132045064981444e-02
7.540415898438666831e-02
7.363790612916809586e-02
7.117657489060505438e-02
6.985450083502010854e-02
6.815074639790646982e-02
6.766735899804642018e-02
6.462057778959530430e-02
6.410617383081064491e-02
6.062581504348921180e-02
5.983020222810333383e-02
5.860793780883497700e-02
5.812229107869667372e-02
5.694621102353211728e-02
5.610129129601443970e-02
5.464508000764570217e-02
5.213558392004843250e-02
5.073101608880726393e-02
4.974911786546699216e-02
4.903431376243610335e-02
4.849884195660996572e-02
4.818920182260610918e-02
4.729951985970978073e-02
4.715136536062333739e-02
4.528139134385533726e-02
4.507054025603308978e-02
4.306001920226287111e-02
4.261660100361167047e-02
4.216038233475144503e-02
4.195669694656355836e-02
4.151224291225329155e-02
4.127588621678383168e-02
4.033123624261329698e-02
4.009677845361911408e-02
3.953214613099945846e-02
3.907514547757972440e-02
3.711590398056831275e-02
3.680120000753674819e-02
3.609981532698148393e-02
3.548502881734359043e-02
3.531682145072328333e-02
3.488767125575251843e-02
3.470679204830702524e-02
3.419119426234374509e-02
3.397436167422652337e-02
3.336220425043105731e-02
3.317346208269254804e-02
3.239241290238725063e-02
3.224264569947447867e-02
3.141646360091827211e-02
3.124268190596744474e-02
3.081882063091367918e-02
3.065945758128078846e-02
3.016974855568808900e-02
2.997360449136272573e-02
2.957223186268461215e-02
2.952745594087820627e-02
2.932321813010495618e-02
2.907195519144029766e-02
2.800545383337076089e-02
2.784173734257806843e-02
2.726086158233062551e-02
2.677504712776361886e-02
2.666538034657092368e-02
2.609921453672821301e-02
2.586305198062631081e-02
2.567269227331996084e-02
2.565902171139607807e-02
2.525991386826198851e-02
2.512227139305949972e-02
2.492582667054037138e-02
2.459346708108004625e-02
2.449665702277498136e-02
2.446837024869518568e-02
2.412499231862929444e-02
2.359534285942632009e-02
2.353783545220183848e-02
2.349757167028727889e-02
2.286417373161561337e-02
2.260417834791973030e-02
2.252321173531816184e-02
2.237086790866350816e-02
2.222438782545907085e-02
2.205077675902725534e-02
2.170327900212340108e-02
2.166914937603878905e-02
2.142213894592742349e-02
2.101175509823375448e-02
2.070715822270934384e-02
2.064129044935141682e-02
2.023643255234695501e-02
1.984516339667164245e-02
1.970015627283923376e-02
1.931121389602801636e-02
1.924859942437553637e-02
1.920951621639444690e-02
1.914278432206467997e-02
1.894900716844969552e-02
1.889403357352778187e-02
1.861149537481495905e-02
1.844962183421827023e-02
1.839394648492619425e-02
1.822531806205042806e-02
1.811211850637405377e-02
1.803141647076861656e-02
1.792416209060158222e-02
1.760718482672805549e-02
1.758008551981926973e-02
1.738103385336953882e-02
1.727453063895966270e-02
1.696012082137263524e-02
1.684003173572180476e-02
1.660577573372308893e-02
1.653877701171376988e-02
1.634010476947612631e-02
1.628269005176106315e-02
1.622283483794200939e-02
1.609625349989367987e-02
1.583472132010806457e-02
1.564255951917048471e-02
1.561448074441207715e-02
1.550877360092669729e-02
1.514115522283029404e-02
1.500849150917249984e-02
1.461696497335472807e-02
1.455630323796016506e-02
1.443281062534068973e-02
1.437400230043680421e-02
1.430257316636825322e-02
1.424815038708236205e-02
1.410325927458888108e-02
1.404712191131793873e-02
1.398359832731243049e-02
1.382001221455554825e-02
1.380660489768109102e-02
1.376928551668465082e-02
1.366719007644445240e-02
1.328773049851924085e-02
1.318104773967790182e-02
1.314623282090741918e-02
1.303418667695170445e-02
1.300583696628015290e-02
1.291000112096382831e-02
1.274817361258598694e-02
1.265730635729214390e-02
1.243013795646862388e-02
1.237550150866977353e-02
1.224040508991443461e-02
1.217791202306134704e-02
1.206299018573047180e-02
1.204226826094674171e-02
1.184199623953442748e-02
1.170860013570578818e-02
1.156409737241023521e-02
1.145279524472938085e-02
1.141582631689643142e-02
1.135095971034172195e-02
1.106274846005775650e-02
1.094851183734920318e-02
1.090006206187899007e-02
1.085355870939739772e-02
1.082527755715292223e-02
1.078239435781935991e-02
1.072037975074049965e-02
1.054794708071258788e-02
1.048991157565067923e-02
1.041582731777004542e-02
1.030627157412485582e-02
1.023620657888581198e-02
1.016666533762005352e-02
1.003048795276579100e-02
1.001066530415846596e-02
9.917079416395666730e-03
9.777872762292545011e-03
9.755256363729019470e-03
9.695041102394020074e-03
9.641051538997046089e-03
9.597679685032358549e-03
9.447670308603724199e-03
9.337042269038564254e-03
9.282951958892692035e-03
9.220885841158280027e-03
9.206123680582893945e-03
9.126657083186178257e-03
9.115954574714653369e-03
9.049784075890318288e-03
8.987048669032547329e-03
8.857596571110518818e-03
8.757823981953814785e-03
8.660351277075109544e-03
8.599199876073992943e-03
8.423741437205060564e-03
8.267880907695229764e-03
8.179467704915652920e-03
8.128062514853576573e-03
7.993571896035101682e-03
7.987905404032812420e-03
7.949636006397841834e-03
7.919641358936144529e-03
7.806728255458205562e-03
7.793995299845289833e-03
7.694895567405312178e-03
7.682485434068636251e-03
7.654906718494702486e-03
7.636733985407449798e-03
7.459371218159318966e-03
7.331517265546112078e-03
7.304952004568043833e-03
7.236684731755843591e-03
7.143959550288883111e-03
7.058600852442617306e-03
7.033487725157422550e-03
6.933963497948743455e-03
6.875523097839475808e-03
6.851573019529833171e-03
6.835562342251868227e-03
6.801248293225906419e-03
6.777184439559635551e-03
6.759032351220078949e-03
6.661251335225008320e-03
6.624228843679567415e-03
6.594797669876494017e-03
6.568118311425633071e-03
6.544710883468029226e-03
6.464659101157195671e-03
6.447015707534224302e-03
6.381012205347078893e-03
6.344829416488147536e-03
6.204114883864805287e-03
6.188927422430921289e-03
6.137674580945444609e-03
6.042709433478997763e-03
5.991679110116972587e-03
5.933758043366324335e-03
5.918186387490895900e-03
5.869364540422998197e-03
5.856630590214671229e-03
5.761843538279116592e-03
5.638151727579272972e-03
5.628907479480019758e-03
5.581916235311252389e-03
5.548440662707905015e-03
5.503047114007705680e-03
5.412068981818157071e-03
5.380718167200935868e-03
5.344004581731628435e-03
5.342481175472505069e-03
5.298675669404643782e-03
5.203141553548586845e-03
5.162718875662444633e-03
5.129118843284968116e-03
5.077055950801719064e-03
5.034832126933800646e-03
4.972331569137245118e-03
4.963954213195670775e-03
4.904285512721603436e-03
4.875238717296783222e-03
4.837854950566921990e-03
4.777104395136337611e-03
4.756471982508534563e-03
4.705502766096965675e-03
4.674559712307741442e-03
4.649869965779008033e-03
4.627840294449404347e-03
4.589134268296888100e-03
4.558597082972674908e-03
4.513728331819837937e-03
4.508661895849838501e-03
4.448684567322574827e-03
4.398145183540393827e-03
4.385406957968075205e-03
4.363166003641811598e-03
4.345295415879199021e-03
4.324190375119393338e-03
4.305415957729002811e-03
4.270836627796478942e-03
4.210174781744622716e-03
4.192858361050501824e-03
4.169440898138618116e-03
4.149422214878033602e-03
4.102064569452080860e-03
4.045477197024338264e-03
4.028907903352711185e-03
4.019789566374166491e-03
3.979451327195572020e-03
3.953183717504350075e-03
3.895254438810630531e-03
3.848574476114920932e-03
3.844744270744056714e-03
3.823921509848397099e-03
3.789703568573379953e-03
3.733719008460088026e-03
3.728704686633866304e-03
3.689538851692776220e-03
3.664507823057895283e-03
3.600045493287692879e-03
3.585419612502373319e-03
3.562756131245612291e-03
3.472036972800524989e-03
3.467160912754499100e-03
3.451938218457048773e-03
3.411707603835004501e-03
3.373688549147021380e-03
3.344475742627006729e-03
3.307777964106106174e-03
3.300329855246051779e-03
3.239067607133024832e-03
3.214884504786126845e-03
3.190889687840029430e-03
3.138567514813110203e-03
3.091300187100768856e-03
3.086059356636941704e-03
3.037873861328750473e-03
3.013823010696929129e-03
2.991673634562342591e-03
2.945972134498213608e-03
2.935666909940648408e-03
2.922810456264130722e-03
2.918690563916743422e-03
2.886541944453855681e-03
2.853761400757463037e-03
2.818550363835135592e-03
2.810064531855371514e-03
2.786933357099011070e-03
2.771810458942046678e-03
2.741848885957622224e-03
2.723729155142395712e-03
2.709501630208967487e-03
2.694946998116396104e-03
2.665874174282737482e-03
2.616033818276890070e-03
2.584616154746667820e-03
2.538208838152985515e-03
2.506196959616515188e-03
2.493594904195904800e-03
2.442660795953411831e-03
2.438353315904817371e-03
2.425027599797947592e-03
2.394431742578522360e-03
2.343821782074379922e-03
2.309525641882009990e-03
2.290720300300754745e-03
2.251992407142806851e-03
2.225294943433490241e-03
2.208340671298136913e-03
2.194815487739165596e-03
2.176862109175134972e-03
2.139081753145483187e-03
2.124755781929886598e-03
2.065296559043981565e-03
2.031334605883321036e-03
2.026439810764557158e-03
2.002376675489578924e-03
1.997528801788469536e-03
1.955918471866567587e-03
1.946116518351795636e-03
1.914809312851274573e-03
1.876358268978281334e-03
1.851578108320594239e-03
1.814120218530308228e-03
1.799101293308478849e-03
1.773758233379780841e-03
1.725671140471393434e-03
1.718568675359580505e-03
1.678920009906709329e-03
1.626292277997826033e-03
1.618805056716398141e-03
1.594806605079412834e-03
1.589735900114897654e-03
1.574154331440149766e-03
1.487182984265730638e-03
1.439559622057901694e-03
1.433184347849843655e-03
1.405844039192939536e-03
1.366561763101895987e-03
1.355144061259511753e-03
1.248087857046548252e-03
1.183178162759117606e-03
1.166650932975333904e-03
1.095577744284503526e-03
9.936461693197994396e-04
9.051148919741690540e-04
8.378070981239603291e-04
7.889299597077287143e-04
7.224914208263635753e-04
6.865525103975905069e-04
6.157426194136375293e-04
5.965639716138455189e-04
5.873512210979990210e-04
5.668824310220854255e-04
5.222220807676224369e-04
5.112564847908872018e-04
4.926694397061605292e-04
4.625214313439530403e-04
4.129530539141350125e-04
4.088545296770401292e-04
3.883968942006130231e-04
3.470317339085985850e-04
3.317492519752059978e-04
3.197838558935376546e-04
2.924332934175761893e-04
2.736437530302189189e-04
2.646895660300182932e-04
2.453715062180623473e-04
2.204288060719345941e-04
2.095348582934225708e-04
1.953665900233333183e-04
1.819135410309431820e-04
1.769166190093408267e-04
1.530678985000225424e-04
1.454249959790898737e-04
1.336028526153479248e-04
1.253793896421502574e-04
6.183642245226110242e-05
5.230057481954463513e-05
4.675001013825195057e-05
3.823047029621990073e-05
6.288267886051021216e-06
3.106015393798328374e-06
2.704719409874016947e-16
2.740070760230825857e-18
