5.181661686173948400e-01
4.623826470723889082e-01
3.784034519457907808e-01
2.571116227576746294e-01
2.047192490718404423e-01
1.892061272699483432e-01
1.684935368727439597e-01
1.576183100642423729e-01
1.524195910764403472e-01
1.320930745198193312e-01
1.219610800539399770e-01
1.188052307245609646e-01
1.079306925121628485e-01
1.068243022530707270e-01
9.988732816954028204e-02
9.721676331139993132e-02
9.192211018893529928e-02
8.686807728791602623e-02
8.606155568098250441e-02
8.382847279931919526e-02
8.178357653654559634e-02
7.619207957934738540e-02
7.440555517293420684e-02
7.191698567027667022e-02
7.065312209412907829e-02
6.920407715727791564e-02
6.861598566293462820e-02
6.539641118186247104e-02
6.503097122863132906e-02
6.133181386818219172e-02
6.065437117060183680e-02
5.926676538513342418e-02
5.882326137420908208e-02
5.756513607537070559e-02
5.661144646329503011e-02
5.534725839519681612e-02
5.260869541976223585e-02
5.128193696443159033e-02
5.038381466299291650e-02
4.954296995199566206e-02
4.914082692541046210e-02
4.868549433883975763e-02
4.796821997333633458e-02
4.780392338385234391e-02
4.582445603883501806e-02
4.565412635650321904e-02
4.357660266006541799e-02
4.322766396185742654e-02
4.267627927351175937e-02
4.247576069097536849e-02
4.197309445072486267e-02
4.173306749074362498e-02
4.080529607833644629e-02
4.056198823695252725e-02
4.000157779262269314e-02
3.943936294878010868e-02
3.749353924845724717e-02
3.716651368537902955e-02
3.657432366490160486e-02
3.589862734516532927e-02
3.568531383456790412e-02
3.530066580131812487e-02
3.512274875458518825e-02
3.462935027267390053e-02
3.440910819761792971e-02
3.382764235505618389e-02
3.363688369134632677e-02
3.277413774486247905e-02
3.259680907188522436e-02
3.179268405536551240e-02
3.158559514147796232e-02
3.114652193902068752e-02
3.099249206564720985e-02
3.049798741645524600e-02
3.034647547015260557e-02
2.988606043353871436e-02
2.985624554896902302e-02
2.965384630924464138e-02
2.935066471837021254e-02
2.824845188866540249e-02
2.813802566756319276e-02
2.764650542413666853e-02
2.708535380405187321e-02
2.692969947455703394e-02
2.639855753998476828e-02
2.613531564782286404e-02
2.602224152635692830e-02
2.595883216573948923e-02
2.561634229992605649e-02
2.541133689903847873e-02
2.525122689128872153e-02
2.483528642996909314e-02
2.478144751036995969e-02
2.473400371010999604e-02
2.445001809999708745e-02
2.385511572268365563e-02
2.382152708873694000e-02
2.374935418330711284e-02
2.312240609037890041e-02
2.286036127986374941e-02
2.278037806483804509e-02
2.264537630475980598e-02
2.244918410428313818e-02
2.231082258485317035e-02
2.192257303327422441e-02
2.189307703021028603e-02
2.164974462692927787e-02
2.123808696926772835e-02
2.097326863042473996e-02
2.084350444466765914e-02
2.051248772721856253e-02
2.006073406212284180e-02
1.991250811298942228e-02
1.954458297969636701e-02
1.948801985947848370e-02
1.945873206751776510e-02
1.934136764576838141e-02
1.917764391906693830e-02
1.911863306129521489e-02
1.886903726586613983e-02
1.864191166992017548e-02
1.858913432091313656e-02
1.849517963808510260e-02
1.829571460107785874e-02
1.823208660189367183e-02
1.809107554571261212e-02
1.780090784262381223e-02
1.777092645090013953e-02
1.759123165032142749e-02
1.745063957141998121e-02
1.721343115724344175e-02
1.701387938943533726e-02
1.678353933851433125e-02
1.671188937155175525e-02
1.650437538796657375e-02
1.644884036239998085e-02
1.639556921343858845e-02
1.628140541770228128e-02
1.603413101902956966e-02
1.580062566710045344e-02
1.576128328109917265e-02
1.570018825428581150e-02
1.528916552281587432e-02
1.516578154632777266e-02
1.477302970480669567e-02
1.473039699298298207e-02
1.460963720149470631e-02
1.453435965047200108e-02
1.448419201028241371e-02
1.439780362798305340e-02
1.425374464809181160e-02
1.420328430573785002e-02
1.413125914563941044e-02
1.396700153205822879e-02
1.393732383177450143e-02
1.392786537406526595e-02
1.385668116243461874e-02
1.340625308570001818e-02
1.334474770715231469e-02
1.331451773849411102e-02
1.318704476568046714e-02
1.316543332088430593e-02
1.305905942928588942e-02
1.289799886596036151e-02
1.280994243228212107e-02
1.258351510069815292e-02
1.251748929457523023e-02
1.240674324570929105e-02
1.230750028150996538e-02
1.220927421394067333e-02
1.219368364959131507e-02
1.197877592133072405e-02
1.180913870346307626e-02
1.169702660631277182e-02
1.156887988457726106e-02
1.152135744333309536e-02
1.144200884042242614e-02
1.119689120543194971e-02
1.107802398330352128e-02
1.103137724253537219e-02
1.099113283823748878e-02
1.095018362211562339e-02
1.090980617637635208e-02
1.084954503082945915e-02
1.064439852427960173e-02
1.060854140392897618e-02
1.051614820046153399e-02
1.041379767698204922e-02
1.035159601872337985e-02
1.029431547486307080e-02
1.014609957265329154e-02
1.012054551795237012e-02
1.003954637644897951e-02
9.904123367447762241e-03
9.856467264689380489e-03
9.805963771226241729e-03
9.767334579800104541e-03
9.694204406471623389e-03
9.553945814508238085e-03
9.439453737080626128e-03
9.394206310419062414e-03
9.324924555424012398e-03
9.305939304030532572e-03
9.250751792324402034e-03
9.215118991447023011e-03
9.168809043575023784e-03
9.083659296474012879e-03
8.966163918422717302e-03
8.853774172942840623e-03
8.761883431599233607e-03
8.686923819846092965e-03
8.548246562252104913e-03
8.354784260567564569e-03
8.268159510527556613e-03
8.245036803801376879e-03
8.085284810222201704e-03
8.073649410557347250e-03
8.036573500647386376e-03
8.018459786677551576e-03
7.892820206561367014e-03
7.878350020507695478e-03
7.780712180457659624e-03
7.776052553912996511e-03
7.724684223111785882e-03
7.707331248417169205e-03
7.542599191320594441e-03
7.430122517427311876e-03
7.388202556215381876e-03
7.340806064373147505e-03
7.234149979155564403e-03
7.156543719664019802e-03
7.124235517638443857e-03
7.026780774184224372e-03
6.951637541913430890e-03
6.931353031167409272e-03
6.914431015229840355e-03
6.874010663076564852e-03
6.850632690254879024e-03
6.837524513314971464e-03
6.744387240111514130e-03
6.707847305078154868e-03
6.677831614000389986e-03
6.640747770083621666e-03
6.625810717069173343e-03
6.551798732330163695e-03
6.532127430863648131e-03
6.462859117821534265e-03
6.415518283457896306e-03
6.292566634478675633e-03
6.275283214634491159e-03
6.207936128991535171e-03
6.119762601854977259e-03
6.042651354087763896e-03
5.989003999724735842e-03
5.979401128997284716e-03
5.936145659194333110e-03
5.924278027081951101e-03
5.833635952835468722e-03
5.720534978777507169e-03
5.689797728658195324e-03
5.645761601833188328e-03
5.612610116537368812e-03
5.569137061229256086e-03
5.468007057277415872e-03
5.440970502478225529e-03
5.419745724865321530e-03
5.408805274153347629e-03
5.366105729367540676e-03
5.251941200307201803e-03
5.228128937037461801e-03
5.191569599726522828e-03
5.134500920496352927e-03
5.083657320910842277e-03
5.039145948322586339e-03
5.022490807160658738e-03
4.964052420604839200e-03
4.929116350964296567e-03
4.896979693401169904e-03
4.835932688710783099e-03
4.807880080414593874e-03
4.760682810438529242e-03
4.725999494329639547e-03
4.711268965918936208e-03
4.666042995767624192e-03
4.628492861735225387e-03
4.615222316409383491e-03
4.562754775594345287e-03
4.554601324037120189e-03
4.497900242809323851e-03
4.451402057011288188e-03
4.437995322332950396e-03
4.404434111668400695e-03
4.390971608351978625e-03
4.379656525042390641e-03
4.342340367586787486e-03
4.312500817280787678e-03
4.261475543124697805e-03
4.245253928719634230e-03
4.216783331361487717e-03
4.209825082254693880e-03
4.145603921116254760e-03
4.085370328245768734e-03
4.063260793413975974e-03
4.059206959854366227e-03
4.025963417550544078e-03
3.993666365284695603e-03
3.950658694251749960e-03
3.890829306210542762e-03
3.877718076028601434e-03
3.855996378710114473e-03
3.832035626168015571e-03
3.780820920193786894e-03
3.770650327075999054e-03
3.724111310912277695e-03
3.695527517256305162e-03
3.643334628250067663e-03
3.620214526171157930e-03
3.604771174325415752e-03
3.509680777901304834e-03
3.503986277847877685e-03
3.494059241202115019e-03
3.448261771487952290e-03
3.417369829223535719e-03
3.381719219512619931e-03
3.349991984108237689e-03
3.334243901408378251e-03
3.291449656261882621e-03
3.244716610081035089e-03
3.228178417751724656e-03
3.175178739846718032e-03
3.126114824099170131e-03
3.118448966908167041e-03
3.077092366328255512e-03
3.047138486511230190e-03
3.025093005381656024e-03
2.980166751459452628e-03
2.970056788211349053e-03
2.960556179836108283e-03
2.955968430770163254e-03
2.945719763783794312e-03
2.884295749444997208e-03
2.860840561040357746e-03
2.851504968633961166e-03
2.820302947178150374e-03
2.811941032610323823e-03
2.766111779817412818e-03
2.761347407440942463e-03
2.747861167299941575e-03
2.726779720478396049e-03
2.713213341912644808e-03
2.651291670601748675e-03
2.613330534564745414e-03
2.564197664814212192e-03
2.533663137084099948e-03
2.522790690680481139e-03
2.472771539377301847e-03
2.468484180857054115e-03
2.458051094454122634e-03
2.419730140400098810e-03
2.390536525933992067e-03
2.346463099362747218e-03
2.313628899903108927e-03
2.292266471441593064e-03
2.250271387889448728e-03
2.236973857769404290e-03
2.215823976350408953e-03
2.197787605044636446e-03
2.177726605036596399e-03
2.156037449413416608e-03
2.085125539528576068e-03
2.067289232370038074e-03
2.057740539645371534e-03
2.026898753856766142e-03
2.018527425452750282e-03
1.975056740006521545e-03
1.965051913385191910e-03
1.934165637325933841e-03
1.895912684351751080e-03
1.875093822390071609e-03
1.831797061494267170e-03
1.818116766938760809e-03
1.790035479797381446e-03
1.742692445096710469e-03
1.734047123606826876e-03
1.694584613666533885e-03
1.652792732964773010e-03
1.633880475402337820e-03
1.623098855370074369e-03
1.602331032733418214e-03
1.588647474375716332e-03
1.505164026431742453e-03
1.463859416618250395e-03
1.447888240857969893e-03
1.431201910260919159e-03
1.376355999114908975e-03
1.372135967300379357e-03
1.256686240788787261e-03
1.199187283279968272e-03
1.180530755561023633e-03
1.104294709984156341e-03
9.998823482080814069e-04
9.118597524924688339e-04
8.496307693747138763e-04
7.985094605928075816e-04
7.321558821393300744e-04
6.963899133842197699e-04
6.245403732319194717e-04
6.048371478102925391e-04
5.963814743810699022e-04
5.748656594046577546e-04
5.306907383491711941e-04
5.173009022333047201e-04
4.992273163495549327e-04
4.672871692606354421e-04
4.179385982937776074e-04
4.138776789193367601e-04
3.923146362952241364e-04
3.529382538746371478e-04
3.349253887120374616e-04
3.241640895774582933e-04
2.962070539032783168e-04
2.761190994719389495e-04
2.664668260153317970e-04
2.469106037928772744e-04
2.222643848853751833e-04
2.120864024290158671e-04
1.976383084659814437e-04
1.832274529177899689e-04
1.787741645709485635e-04
1.549004473465718926e-04
1.471427342067793394e-04
1.351988602456441436e-04
1.257233598088976852e-04
6.206277981430586492e-05
5.262765150353570690e-05
4.710230047066590327e-05
3.856730006803291301e-05
6.526761071029573150e-06
3.090242049230981263e-06
4.624301663033035009e-16
2.269863843107121619e-20
