1.141986724337454018e-01
9.901375524013554530e-02
7.296378066946655749e-02
5.416472535324629717e-02
4.207822680475004767e-02
3.865520702883817883e-02
3.391661544113361293e-02
3.050588625749721741e-02
2.925763758556881519e-02
2.743553700994133884e-02
2.395140159311982819e-02
2.334034902347438198e-02
2.197358768295691253e-02
2.144059824244721330e-02
2.078738652791976838e-02
1.979238674158800143e-02
1.842626743941550016e-02
1.760225092350060569e-02
1.668575036212003801e-02
1.658815124913855590e-02
1.614487918187015522e-02
1.510363392877404204e-02
1.468940314747879845e-02
1.402635697880857436e-02
1.399862093458127330e-02
1.398348546731353371e-02
1.396760380578018247e-02
1.327301092752746804e-02
1.286988477098793653e-02
1.206725348022480611e-02
1.203634379168135558e-02
1.179635466633564486e-02
1.161748551417994026e-02
1.122223038039908867e-02
1.097012964570340948e-02
1.094217157234165377e-02
1.019680985270336043e-02
1.015836207075293540e-02
9.970295895611365131e-03
9.927150209186079086e-03
9.801572628930232262e-03
9.662550108207565089e-03
9.503496092359174294e-03
9.458728122493939919e-03
9.303540266065410055e-03
9.156966995971311390e-03
8.732119128750335038e-03
8.705813714448619803e-03
8.453659941994233137e-03
8.348866886908039991e-03
8.151776195713346038e-03
8.124591372429599764e-03
8.010797879723696724e-03
7.910460867775560845e-03
7.788070694240274011e-03
7.772365423707120434e-03
7.554394759933510950e-03
7.362924829803108896e-03
7.272774786590805590e-03
7.110710407058923148e-03
7.076739764263629238e-03
6.989086028648827491e-03
6.922057594694298703e-03
6.817330422743032338e-03
6.767801337910181111e-03
6.767111536182803151e-03
6.640445419026344900e-03
6.627494780106879535e-03
6.412375383117922475e-03
6.310950110430696772e-03
6.171445478396002729e-03
6.096096964286313626e-03
6.064977057427609584e-03
5.957705904870761425e-03
5.862802445947019186e-03
5.841758421679776013e-03
5.770204919466696489e-03
5.726028519062923913e-03
5.688131004718158940e-03
5.635950273417216633e-03
5.542665933883088487e-03
5.468372110271019736e-03
5.400353261364792753e-03
5.326908070795406853e-03
5.305184599013139553e-03
5.199074117671814710e-03
5.163334200857501097e-03
5.081909645189796459e-03
5.047979070562662665e-03
5.023586082079726720e-03
4.988962757379719268e-03
4.928213157581041830e-03
4.915371819966484444e-03
4.801901970445356799e-03
4.792016031026995714e-03
4.670366709294222762e-03
4.648468133151413724e-03
4.581580786558733104e-03
4.534483614957558577e-03
4.482160018788724706e-03
4.453417749450264314e-03
4.412660335666824737e-03
4.352067043613907019e-03
4.312891237574873089e-03
4.281457861062925620e-03
4.247672387462654922e-03
4.210052082383714152e-03
4.177859902805406735e-03
4.167146227988312301e-03
4.145599286495988203e-03
4.085869152524849307e-03
4.065766023159992325e-03
3.949786295890215376e-03
3.918288589464425861e-03
3.847657686877093818e-03
3.809973954642900673e-03
3.791542693781026728e-03
3.780525096798212966e-03
3.743816466549840932e-03
3.735833425564462178e-03
3.679682801844179688e-03
3.657156747768750514e-03
3.588552806473562038e-03
3.584753763562589877e-03
3.549906534287589240e-03
3.510901022036447619e-03
3.493805871322337199e-03
3.397860822371842875e-03
3.385481445038840062e-03
3.365282853120672886e-03
3.354088997850526461e-03
3.324588716374905425e-03
3.279964687180730518e-03
3.264665170591368216e-03
3.211281773337947790e-03
3.210125930005475279e-03
3.198571581735420999e-03
3.192892928998971626e-03
3.169517738621723847e-03
3.124215802872387562e-03
3.085332495813476739e-03
3.048214285047228921e-03
3.017789820729961745e-03
2.997794666838058536e-03
2.979768271780824235e-03
2.958657135210813853e-03
2.869180634586507728e-03
2.834309401403733303e-03
2.820263088334473353e-03
2.800553347215671909e-03
2.793042602516955519e-03
2.778506970341828187e-03
2.766746146434907652e-03
2.732419444330606850e-03
2.694148044399422015e-03
2.675842008246210896e-03
2.657398902781254318e-03
2.636023125923738809e-03
2.607979630963467091e-03
2.601209629285808952e-03
2.564189283214814152e-03
2.534510364384635981e-03
2.511323591200823307e-03
2.469593780131533987e-03
2.453169022136744964e-03
2.428091030615315681e-03
2.425300423126978359e-03
2.417709566664514014e-03
2.417691938117506878e-03
2.389068305716959828e-03
2.351485964006219849e-03
2.350362656298734913e-03
2.318857812263599386e-03
2.309148697955517616e-03
2.308276873864315275e-03
2.293663002462551902e-03
2.234148280450323591e-03
2.206292000608776806e-03
2.166565603043077784e-03
2.165958940414304534e-03
2.150463710488221235e-03
2.104273801049097968e-03
2.100425341176757367e-03
2.098174711632449976e-03
2.081391087461110980e-03
2.068271646049306932e-03
2.036993047226941505e-03
2.034868627631508404e-03
1.999239783130775383e-03
1.998826030060677460e-03
1.982823161048273119e-03
1.980680748859324665e-03
1.944194749817936907e-03
1.926233543482865117e-03
1.910269565293471351e-03
1.902847685870671718e-03
1.878149902796399017e-03
1.877245112317083627e-03
1.837572639754776922e-03
1.823804099042538977e-03
1.814420314078924292e-03
1.811769492735230839e-03
1.806119498713365653e-03
1.795449160837697504e-03
1.777285193398500749e-03
1.773786485494920811e-03
1.764583427239687329e-03
1.728838855235806772e-03
1.726885946381546966e-03
1.702209412213007101e-03
1.672623132354023176e-03
1.671358490757244696e-03
1.659196762306771461e-03
1.630210368215524470e-03
1.618018891503941346e-03
1.611744864479679271e-03
1.570810123258561302e-03
1.567805622690317518e-03
1.555802769357781702e-03
1.548536835360896438e-03
1.530258340951219133e-03
1.494896965332536245e-03
1.488181748532459853e-03
1.474566580695382259e-03
1.464418997995843618e-03
1.464079041038732817e-03
1.443627246261844962e-03
1.429758522519131636e-03
1.416030867608471158e-03
1.406159741161075579e-03
1.400834681871598571e-03
1.390910904205583864e-03
1.382775635206852762e-03
1.365292533491563364e-03
1.349083333990108192e-03
1.330951149509830870e-03
1.330256912696116747e-03
1.324065599320728166e-03
1.309103424469639605e-03
1.288935364423538388e-03
1.281841653314093506e-03
1.275935020206448020e-03
1.274834971846670710e-03
1.267900139994219098e-03
1.255914491053384489e-03
1.254837650420639189e-03
1.250128915179184261e-03
1.249965140644653059e-03
1.233735443498001254e-03
1.227974562978264000e-03
1.210158741902171448e-03
1.196953328237549286e-03
1.189619336975003289e-03
1.169239966522633931e-03
1.159006135877244971e-03
1.151610967792741956e-03
1.136452221022658327e-03
1.126260540124985341e-03
1.116640943135269442e-03
1.102746313513521285e-03
1.099670743349657294e-03
1.096867600478875458e-03
1.094282698860429186e-03
1.073279714843811215e-03
1.052336927040645924e-03
1.049294265656430325e-03
1.038634084350751512e-03
1.033014673762407045e-03
1.021661899298030021e-03
1.015114323969922624e-03
1.004822500856036816e-03
9.983510083684027283e-04
9.893806295919276277e-04
9.814680674746594207e-04
9.778451557665545756e-04
9.648708468517547873e-04
9.602094482912067359e-04
9.578907224813594393e-04
9.475180309810182647e-04
9.386886166673885082e-04
9.318374093285424452e-04
9.278925241951494580e-04
9.223440395938804380e-04
9.156804476288897803e-04
9.094047822132754304e-04
9.019899765069022083e-04
8.982487533826581617e-04
8.907938595138873306e-04
8.777200824617487117e-04
8.751130397108875273e-04
8.624931791368060669e-04
8.563901771532189114e-04
8.462636400071294179e-04
8.399271297681544166e-04
8.333732435170332440e-04
8.242263188430044678e-04
8.219107071909973004e-04
8.196285176899954523e-04
8.178478217700275868e-04
8.062252044643961925e-04
8.051600244469386911e-04
7.982105910568094423e-04
7.960996307293505660e-04
7.865404230435518642e-04
7.817069358729838860e-04
7.692584329108896309e-04
7.646188727994288710e-04
7.598501041267076471e-04
7.461977512863090817e-04
7.439980875793875906e-04
7.417210449877181767e-04
7.416849909622168485e-04
7.364616098600061320e-04
7.231131934100189576e-04
7.178078053463439684e-04
7.086445769471980518e-04
7.077967479297171943e-04
7.074978392348814241e-04
6.980123700092334552e-04
6.888968000854285047e-04
6.875781076171458761e-04
6.804725231079283929e-04
6.765414973737850744e-04
6.595318757189646674e-04
6.485484068578921965e-04
6.419281803934513133e-04
6.393223225597595037e-04
6.298284070726349604e-04
6.280947966399058916e-04
6.211113425614228417e-04
6.187844168784610490e-04
6.054106730005977613e-04
5.957840647385464735e-04
5.947263988950602775e-04
5.855863558149159700e-04
5.798072458227373832e-04
5.764947510837585424e-04
5.681846159056177462e-04
5.645025310360652021e-04
5.635262717141665319e-04
5.621599061959988916e-04
5.522093289918905993e-04
5.504004694938246112e-04
5.427263902836213872e-04
5.316370522131768760e-04
5.288220079024732448e-04
5.197152090709474242e-04
5.186204277957658440e-04
5.168954756099991554e-04
5.100813978163699176e-04
5.041514619640513140e-04
4.972396840757549322e-04
4.947404286998608987e-04
4.937033088022688707e-04
4.834670893220477622e-04
4.805976600936290419e-04
4.726448541400759249e-04
4.648327916038628473e-04
4.644483679428674269e-04
4.560371320091618596e-04
4.519003739898919320e-04
4.379352819342830763e-04
4.368140162616359137e-04
4.289509395527979128e-04
4.205910692181758946e-04
4.128960061390159436e-04
4.121149097839218556e-04
3.994652838198632259e-04
3.970148110653050908e-04
3.943573037876053336e-04
3.891153867339827732e-04
3.828542800469430098e-04
3.720075977898334128e-04
3.667807100910759816e-04
3.614560742836383394e-04
3.523680927213169913e-04
3.500541469428554322e-04
3.445565605944002591e-04
3.373734448640404861e-04
3.319481650971989198e-04
3.258972300645413792e-04
3.171697618304354996e-04
3.100475616428201233e-04
3.050481476813869598e-04
3.031603717506306766e-04
3.029170689873130276e-04
2.958945746569182928e-04
2.893375096448293476e-04
2.822560966632669524e-04
2.801481638808405675e-04
2.631522141880935349e-04
2.460300031559657240e-04
2.417744230758691172e-04
2.386390355970726968e-04
2.333414848776086325e-04
2.269679871345795733e-04
2.241304258929020105e-04
2.089666488398552618e-04
1.920407691710655286e-04
1.832549217057984265e-04
1.744090869162770625e-04
1.722999730796140902e-04
1.638747256595408084e-04
1.521296914169540250e-04
1.428949798201334669e-04
1.280741869178764344e-04
1.280399715371716607e-04
1.145358385772240318e-04
1.141075864624256029e-04
1.137587085850337110e-04
1.086404234887595121e-04
1.072374563048378716e-04
1.033173115018643287e-04
9.034112359752767411e-05
8.431493140201915643e-05
8.366570875208340953e-05
7.848993213564717957e-05
7.335190773367762196e-05
6.424900436426375281e-05
6.080466678845905136e-05
5.621988175785795036e-05
5.297042217282911460e-05
5.069182510385114175e-05
4.583615194971674497e-05
4.273300775379935799e-05
4.211846991174745218e-05
4.135694937687207456e-05
3.339739893696211777e-05
3.194260388548914731e-05
3.155412244642839993e-05
2.608008401665445070e-05
2.517392052360348015e-05
1.745846629774387094e-05
1.245092824080321639e-05
1.103860137003551711e-05
9.701703994347486468e-06
4.640267711085877853e-06
1.965318707095915728e-06
1.140508560296342369e-06
2.529808524827985085e-16
7.690856541426743562e-19
