3.136330279273052968e-01
2.963515789859706429e-01
2.351739210516005096e-01
1.589909639977357125e-01
1.267612884668796458e-01
1.173237957490017858e-01
1.017397723858412262e-01
9.298262222713224445e-02
9.153301109908820732e-02
8.412442988375522235e-02
7.918141392934345546e-02
7.265303769437132797e-02
6.703116051108670703e-02
6.431861252660869832e-02
6.221694071439624191e-02
5.885904577122758746e-02
5.820752628191144806e-02
5.303466548721783025e-02
5.247724179684570139e-02
5.093901357773517047e-02
4.978014534219625531e-02
4.759208514937288137e-02
4.500344585092894145e-02
4.434144077544333734e-02
4.400360785930566843e-02
4.325463274207858727e-02
4.263660712054274937e-02
3.979426998009059913e-02
3.962531151535639978e-02
3.742771920645109746e-02
3.701717486591922512e-02
3.654308184166915607e-02
3.629239304744198008e-02
3.519325990612238303e-02
3.468945954321133590e-02
3.352774431152869689e-02
3.214253348741145239e-02
3.140161178172020534e-02
3.099343404873007579e-02
3.072143196659851694e-02
3.021903824945410683e-02
3.012597032970200719e-02
2.995787509660204420e-02
2.892100287563558955e-02
2.841753028159439351e-02
2.816667943704101104e-02
2.689454804154457063e-02
2.663628533284019897e-02
2.603933933283249583e-02
2.595131615264943681e-02
2.550178138471619754e-02
2.543894731892726996e-02
2.538847606560386619e-02
2.452701516512669280e-02
2.397574039335181179e-02
2.389259079036205533e-02
2.312809469515831468e-02
2.277191859937580803e-02
2.243454302958066901e-02
2.219639282108740175e-02
2.217027349367549707e-02
2.176895596182676362e-02
2.165321677084494287e-02
2.150457420694706565e-02
2.143002128152765584e-02
2.110502955967755515e-02
2.036290217905959571e-02
2.013155637118422409e-02
1.958239670946629665e-02
1.946048232557797547e-02
1.940864469779290946e-02
1.902306050957192074e-02
1.897924450177329234e-02
1.868057851543042727e-02
1.864961173437116801e-02
1.816161021661960931e-02
1.790169882961215736e-02
1.781045426915799784e-02
1.758584976269840852e-02
1.745375581401142906e-02
1.715016665823779901e-02
1.689611172758304081e-02
1.668171950404187531e-02
1.650259247531975226e-02
1.641107791622890832e-02
1.628479877783114288e-02
1.610447076673314146e-02
1.587540853772458072e-02
1.571361913143117656e-02
1.558343126056282828e-02
1.552854536016062652e-02
1.535603715956684011e-02
1.534552401049307617e-02
1.482483384427636837e-02
1.457187172161429969e-02
1.450949176449114857e-02
1.443638110228632337e-02
1.437157399918093624e-02
1.415401223665322533e-02
1.410879554810969688e-02
1.366795115273507395e-02
1.364034744596928986e-02
1.362032580499155342e-02
1.344585666986967964e-02
1.342704012550595231e-02
1.314673253451884363e-02
1.311106132349852856e-02
1.306269002348506292e-02
1.287177148046906791e-02
1.282602662966362238e-02
1.251084687025334069e-02
1.246577531962234954e-02
1.236945289733684845e-02
1.227273921280840237e-02
1.210760827572623065e-02
1.198359707269811177e-02
1.183036180715771671e-02
1.174904909634030652e-02
1.161420008235896500e-02
1.145725225540934061e-02
1.141905562099061744e-02
1.134316745498097599e-02
1.133076459784175538e-02
1.100781490412864119e-02
1.094192416815466078e-02
1.091168803339544538e-02
1.085578614303132731e-02
1.061189113355886365e-02
1.058245043697886821e-02
1.046122099153211880e-02
1.043348961573168678e-02
1.037237968671336601e-02
1.022918443887039369e-02
1.017232150768673446e-02
1.010424264958354607e-02
1.002045567523460710e-02
9.955689158565964383e-03
9.796147295997511065e-03
9.783885146237774472e-03
9.660197677979305217e-03
9.617946784901871410e-03
9.552733930611349150e-03
9.511601307883747747e-03
9.354987917909118877e-03
9.317926550367802360e-03
9.235853853556717091e-03
9.069067489554499470e-03
9.040862999847730855e-03
8.811348184893539812e-03
8.725186918444833434e-03
8.661797573617541213e-03
8.546815209914571110e-03
8.521409926881145375e-03
8.439378058479276093e-03
8.331186965293611510e-03
8.236390274244368218e-03
8.191653548099019425e-03
8.132056879548248823e-03
8.095184611156935883e-03
8.025554948903218869e-03
7.868409708511683170e-03
7.851921486353941049e-03
7.782595071015797200e-03
7.746633131591422819e-03
7.714951065338966282e-03
7.628919252013143491e-03
7.507463332020376280e-03
7.493923201842583870e-03
7.466323911941057795e-03
7.419376689965788592e-03
7.369260382269021865e-03
7.302934798761696183e-03
7.230017540253169499e-03
7.199563778369950928e-03
7.168714723064473389e-03
6.968822463253122011e-03
6.939251187001519751e-03
6.835617643894714886e-03
6.819297902518521928e-03
6.767982099803685793e-03
6.613954936357823756e-03
6.572159497287679078e-03
6.531816426653912037e-03
6.492811324242839417e-03
6.465682238707395370e-03
6.410290807316276242e-03
6.338170282524849611e-03
6.335757087344691396e-03
6.220946061999179863e-03
6.205707994468919950e-03
6.122588171882171679e-03
6.119493547260500092e-03
6.020528679617824508e-03
5.967322457344433756e-03
5.890522472811529110e-03
5.848714043890965164e-03
5.789524572128935259e-03
5.765284009275596644e-03
5.716303604784840967e-03
5.681035144235693779e-03
5.659935250397295399e-03
5.589236018066627218e-03
5.580059974562061320e-03
5.537512321627860272e-03
5.493850223475686516e-03
5.477661365500239438e-03
5.417047044989280018e-03
5.341994892250151450e-03
5.319771286947700024e-03
5.267266796890590456e-03
5.216153428812178756e-03
5.167939979065346891e-03
5.142641804617945067e-03
5.064099735937163498e-03
4.983973725312721391e-03
4.970865279007636965e-03
4.870604031389889552e-03
4.847120918413461502e-03
4.827306175314658582e-03
4.791584650672568550e-03
4.746123601228958641e-03
4.708940773870522352e-03
4.627234838239503018e-03
4.581782662747438915e-03
4.569388320934386453e-03
4.490419849762319372e-03
4.459980993942913759e-03
4.429165406346790949e-03
4.373042866861123409e-03
4.361314221410416726e-03
4.295216912491491359e-03
4.280493832926743868e-03
4.226927097544053678e-03
4.220627708698238348e-03
4.160369647028162518e-03
4.137252553121601589e-03
4.114094223089851711e-03
4.083779705644198510e-03
4.048917035639467907e-03
4.033255445443586010e-03
3.987323518276512067e-03
3.957906150678431288e-03
3.926104397489004957e-03
3.892051263498611923e-03
3.884101954223266855e-03
3.867740618238208611e-03
3.850844608232984346e-03
3.810023551086242233e-03
3.791575286469762562e-03
3.765210602191934944e-03
3.706254071910863087e-03
3.683614560785824447e-03
3.656761024232600427e-03
3.642893194478047728e-03
3.603559636527184796e-03
3.598385788963366378e-03
3.525244707059801627e-03
3.513706015241057235e-03
3.474869629279093465e-03
3.459522082002523726e-03
3.416051727192527358e-03
3.375925585523590223e-03
3.364357096698253682e-03
3.344513044670361073e-03
3.332391769873452834e-03
3.277690008559415967e-03
3.234735478134255580e-03
3.199887511222804758e-03
3.192192459317888358e-03
3.143767794063145535e-03
3.123046675152587031e-03
3.111750904252231185e-03
3.079382967365135344e-03
3.073202725543870781e-03
3.036701049443966006e-03
2.991319937621650989e-03
2.983953680653466875e-03
2.960917031884541424e-03
2.935050906944045284e-03
2.926318618306624018e-03
2.900540578738165960e-03
2.875414746069667599e-03
2.825054816391989188e-03
2.818990374567146347e-03
2.787958523437688695e-03
2.779886827571651908e-03
2.765092229645267023e-03
2.759330813871790650e-03
2.739386397237471554e-03
2.728638730885405827e-03
2.675292182739009376e-03
2.648267168607213850e-03
2.646263921411933558e-03
2.616312342116583738e-03
2.602168144061832097e-03
2.582859356661382569e-03
2.567721081787321946e-03
2.548070273081603273e-03
2.545588856969449934e-03
2.500732413203019412e-03
2.488608098181149201e-03
2.477038677944485255e-03
2.455254081597280178e-03
2.437627615389045647e-03
2.426374872259677053e-03
2.366657719143286029e-03
2.348459833030588310e-03
2.339055048971887350e-03
2.323518371634237818e-03
2.317261555772896602e-03
2.311169692514587846e-03
2.284881731812201441e-03
2.268448464867465000e-03
2.261175586173960750e-03
2.240122467452107611e-03
2.228549641548507269e-03
2.193965456993597022e-03
2.167147039137536438e-03
2.165766569734372919e-03
2.139991028310233440e-03
2.087228234487841037e-03
2.074749158066244853e-03
2.068419928473891247e-03
2.040888616935475613e-03
2.000957265188636064e-03
1.991971966302202249e-03
1.969977246640060298e-03
1.947585382211274941e-03
1.941807377012039031e-03
1.919970102131857452e-03
1.911612731867181692e-03
1.861064539551907007e-03
1.847938340004572598e-03
1.832681919029062554e-03
1.812674092113997649e-03
1.803111665721825359e-03
1.778798478057884132e-03
1.750790778261237255e-03
1.744195239985041638e-03
1.733794476433105731e-03
1.711571517685441662e-03
1.707661803648310300e-03
1.686824107470045629e-03
1.675084862179178390e-03
1.652391791700267860e-03
1.623263911046015327e-03
1.610972915942199268e-03
1.592180998228896792e-03
1.573448030528953791e-03
1.566812529005065339e-03
1.544980319109702039e-03
1.505184837562735002e-03
1.490982159328832751e-03
1.483254955609584992e-03
1.476853696910890518e-03
1.459791349894708256e-03
1.448685725089968006e-03
1.443540927900892291e-03
1.413862741998935055e-03
1.390278935670188247e-03
1.383819043694154956e-03
1.375920545798358860e-03
1.341534379378912963e-03
1.335452255220114784e-03
1.282785522783411007e-03
1.278671539077045477e-03
1.257500063184300611e-03
1.242844280514238684e-03
1.213178088150601922e-03
1.210139476021598274e-03
1.179173341837245733e-03
1.173794008589012887e-03
1.162094039019155979e-03
1.148424817301702330e-03
1.130388213831266895e-03
1.108746564877966748e-03
1.102511293853920393e-03
1.072096246080794877e-03
1.065425973273673296e-03
1.048194481491230906e-03
1.016040737918217805e-03
1.000191252608018805e-03
9.767602460696188024e-04
9.683800256924520941e-04
9.613967351281116997e-04
9.544524871071791931e-04
9.182023446550174319e-04
9.011936777659708452e-04
8.894868913871573253e-04
8.811056236895206846e-04
8.253465598536452365e-04
7.606311610870330380e-04
7.564361595700101791e-04
7.463529642709655241e-04
7.416208938800755539e-04
7.078860896898472562e-04
6.950591793338591106e-04
6.521869121063531395e-04
6.103734186162610049e-04
5.742344154580136589e-04
5.421977875492545564e-04
5.144114172215850716e-04
4.831345447434765364e-04
4.777532834144832658e-04
4.279791395888300136e-04
3.931195328458232793e-04
3.838907355715038931e-04
3.426657429295131290e-04
3.395030658476856536e-04
3.290534575630084738e-04
3.211324618287776005e-04
3.135046438102098818e-04
3.097124944380347505e-04
2.771936743314799920e-04
2.528807066928137831e-04
2.500849723845004744e-04
2.312047439715461704e-04
2.148417384069185485e-04
1.975468993960957350e-04
1.803071652034122499e-04
1.701409023442730260e-04
1.646491922176210538e-04
1.544149058919537792e-04
1.455798612722028181e-04
1.268045857275452971e-04
1.253286617386311123e-04
1.218541797964483350e-04
9.978567877917538507e-05
9.867780107883995832e-05
9.556746430218620463e-05
7.931275110971224397e-05
7.787478670157288408e-05
5.274915059649271364e-05
3.903358470820405206e-05
3.305402373097879667e-05
2.884189041669539701e-05
1.460487007084474573e-05
5.416034873405652635e-06
3.496280453009942916e-06
2.149690666129498153e-16
1.856125840102044993e-18
