1.162910093833501544e-02
9.266190073024158438e-03
6.463557624860454161e-03
3.460539429578179775e-03
2.734029444996544621e-03
1.917239215478466503e-03
1.436672810853531620e-03
1.076353392448865668e-03
1.011968456449684499e-03
9.361469771003480111e-04
8.615729337389786170e-04
8.260294239796800745e-04
6.081439176771193068e-04
5.950968814866914019e-04
5.902019974713263980e-04
5.264470080179885995e-04
4.795799696988837417e-04
4.550088509901928824e-04
4.228911225334976718e-04
4.135730855510207278e-04
3.274282976337630638e-04
2.977796305485656955e-04
2.538982584820070258e-04
1.992928390480734537e-04
8.067650152843984263e-05
9.172333214729819051e-18
4.028391164953524525e-18
3.276368407695022366e-18
3.215839437067536446e-18
2.969991150287446580e-18
2.923699871385376504e-18
2.869428111455055132e-18
2.789460278916126558e-18
2.749732923566693509e-18
2.639025600222122392e-18
2.592986305992205903e-18
2.546157489425631879e-18
2.490044774113408224e-18
2.432549162270965344e-18
2.334309838746643288e-18
2.306790949855283961e-18
2.257632361571114129e-18
2.204373458238711931e-18
2.144045440793811651e-18
2.098039798116458994e-18
2.074365980196518217e-18
2.024269600826575600e-18
1.995821077820303191e-18
1.962774583317095450e-18
1.950863220416444543e-18
1.930206390493596908e-18
1.909747005315475847e-18
1.869637862929998140e-18
1.841822952409140972e-18
1.832313834174278627e-18
1.814222612474741833e-18
1.805356200237308855e-18
1.766963902765349725e-18
1.734634346511520976e-18
1.732189869310549732e-18
1.700180657485076985e-18
1.659243754764883206e-18
1.642394908759620813e-18
1.633561131618173819e-18
1.601851261144534446e-18
1.575753417837501374e-18
1.570142489387782114e-18
1.549083124042418829e-18
1.543616617286054099e-18
1.524119149611744323e-18
1.503253082951322796e-18
1.487288356558379986e-18
1.446427467244413980e-18
1.424158355045900722e-18
1.419282399095792138e-18
1.408829052474075684e-18
1.385769965775190263e-18
1.365115246052526577e-18
1.348305805562503299e-18
1.343674030470824056e-18
1.326183858843658248e-18
1.315387814474907138e-18
1.312124875689276001e-18
1.289242109643200354e-18
1.282295967483899336e-18
1.270394056529372104e-18
1.254442011446829867e-18
1.240816925222150083e-18
1.229088339051360071e-18
1.221654749843847870e-18
1.215447206169868274e-18
1.197504058033715518e-18
1.184753546978414128e-18
1.176210419878907889e-18
1.173251042940086252e-18
1.160159033924518900e-18
1.143365775250692223e-18
1.125403311344930274e-18
1.122167545340628094e-18
1.115428941216616545e-18
1.103934648312613148e-18
1.102008810808367930e-18
1.073231097445637681e-18
1.050642158728162331e-18
1.044037936728463468e-18
1.036117474617096661e-18
1.023439912011355969e-18
1.020631852551013925e-18
1.012779816320945102e-18
1.002477257917587551e-18
9.945535926147405304e-19
9.777457329849181686e-19
9.715013911549327319e-19
9.664757116141268761e-19
9.493478791079605728e-19
9.418663447620944666e-19
9.358198931999289525e-19
9.218551840593189324e-19
9.135245898181258823e-19
9.086285255359315899e-19
9.032069908193958557e-19
8.922554839553203211e-19
8.841952785016260594e-19
8.741519247344452198e-19
8.704666551423445950e-19
8.630388488967760362e-19
8.523023961855249014e-19
8.474224017285831554e-19
8.372934576210582345e-19
8.280602270702964904e-19
8.229648918538286199e-19
8.143064996311489565e-19
7.961060919665258990e-19
7.942295936390019420e-19
7.899361464023093466e-19
7.746735198069957306e-19
7.682515650737285594e-19
7.666920813135823006e-19
7.564040849720244745e-19
7.534585814244732333e-19
7.482434996263699188e-19
7.367741911122394279e-19
7.307414572455140198e-19
7.250808218663100259e-19
7.199824596322291957e-19
7.116226803254120740e-19
7.095105093267108952e-19
7.027855086768084771e-19
6.863985584228184333e-19
6.857058322921903854e-19
6.745435065394712445e-19
6.697710560530537629e-19
6.671143298446240003e-19
6.655668988852222004e-19
6.492047666218438033e-19
6.477816599556302701e-19
6.398781784649107733e-19
6.345650655183797989e-19
6.284479364287067272e-19
6.173983101966878770e-19
6.166128942543188250e-19
6.077067471333186901e-19
6.003044359910304655e-19
5.928318478028856086e-19
5.892745349020049612e-19
5.860382335393335982e-19
5.800817489334354530e-19
5.705234473700368689e-19
5.662913577753621451e-19
5.637279052898270828e-19
5.549704502556710270e-19
5.485735368541041565e-19
5.480105490051661676e-19
5.434947482194538833e-19
5.374560635367335825e-19
5.339136285655781047e-19
5.320573746237887996e-19
5.256171059124194917e-19
5.165730827501555080e-19
5.125726055322535468e-19
5.067080099622528279e-19
5.035610763763080134e-19
5.016505490245976661e-19
4.930260965340259291e-19
4.915687390625776807e-19
4.836617082194397629e-19
4.813197630112930251e-19
4.740901731613537450e-19
4.678534487667928615e-19
4.637531152466388934e-19
4.623253295286288387e-19
4.582432027010508371e-19
4.566561410919652158e-19
4.510055638046946899e-19
4.441499410807357464e-19
4.357297164381579951e-19
4.319973807435077252e-19
4.302523470206864004e-19
4.241404634901671702e-19
4.201166965156460404e-19
4.163261916528121301e-19
4.098168713637475087e-19
4.045512950915917258e-19
4.008533622704385919e-19
3.986619235698693634e-19
3.934819643390937403e-19
3.835423961503949376e-19
3.817214998531791950e-19
3.774682106536551616e-19
3.766187100200717488e-19
3.702289724178682190e-19
3.658343321819739629e-19
3.636156434893020244e-19
3.567315032671010730e-19
3.501791760406472318e-19
3.473768953319851264e-19
3.429810063884657771e-19
3.393764814994891383e-19
3.352752870565313917e-19
3.322165565467266099e-19
3.284449867748432762e-19
3.265966589345176426e-19
3.224430965609245263e-19
3.150936478737832138e-19
3.117552333672693561e-19
3.089119286084389969e-19
3.041989643453219599e-19
3.020750303802778889e-19
2.992063507608763010e-19
2.962731888560814184e-19
2.939110734636867690e-19
2.917838600363861708e-19
2.844134482716899639e-19
2.803486254764480204e-19
2.775936956273938589e-19
2.728817945036510039e-19
2.705143123873234872e-19
2.661739893099212215e-19
2.625405565004685460e-19
2.604852821695057780e-19
2.559955235873396920e-19
2.551517125473459524e-19
2.527584034618361323e-19
2.497784157832701295e-19
2.447546604928214305e-19
2.434277022596376151e-19
2.424921439650655470e-19
2.352356354567049935e-19
2.318943173411138798e-19
2.293884094056872376e-19
2.252179007035257987e-19
2.218858603083606784e-19
2.172967858404666595e-19
2.143929497544262861e-19
2.101073592699143165e-19
2.071776774807514586e-19
2.040244648253191862e-19
2.029762636188739772e-19
2.025630253699916290e-19
1.973914085212553820e-19
1.957006098948278839e-19
1.920221551387437055e-19
1.894687425555882011e-19
1.868699136421236679e-19
1.847418558046559356e-19
1.827004941905894497e-19
1.801091731244127545e-19
1.773791654803123925e-19
1.754419212303435027e-19
1.732815075039703676e-19
1.697977432112541928e-19
1.648285304180849472e-19
1.630296557121729019e-19
1.574505310546229136e-19
1.554608909541960881e-19
1.536927488894902081e-19
1.515671631352388180e-19
1.462662088192661057e-19
1.444967973422698746e-19
1.433842392252224531e-19
1.419339505694710419e-19
1.365089141256266623e-19
1.341637181745241350e-19
1.331035674035650274e-19
1.321022303678512448e-19
1.291992030324855555e-19
1.270993713563450053e-19
1.239713791783151849e-19
1.227643712734333077e-19
1.201841434779915707e-19
1.185385513806304279e-19
1.144619006173277936e-19
1.127487642659290284e-19
1.111065890076568743e-19
1.072890582677388849e-19
1.057251629268041480e-19
1.037625397269524703e-19
1.020723560640698991e-19
9.824547849077517848e-20
9.603748437532764281e-20
9.387806571181717558e-20
9.047883111161854314e-20
8.928282989743958382e-20
8.339512675475127748e-20
8.190139704885317394e-20
7.977700816238829818e-20
7.679496001372526082e-20
7.616688440431490268e-20
7.340480887218587987e-20
7.099321715900970998e-20
6.948187433706680392e-20
6.819816474962971720e-20
6.720218357551484117e-20
6.265903513597877898e-20
6.040611707725835543e-20
5.828961147347714019e-20
5.685470462155909069e-20
5.519668959183925870e-20
5.200338862774774076e-20
5.036216799440650883e-20
4.940958775148246129e-20
4.583498002152571023e-20
4.459151429445801029e-20
4.265153151387964855e-20
4.161050470878384891e-20
3.829952607241362687e-20
3.753992702273487959e-20
3.724128195528351828e-20
3.420707970124850115e-20
3.298831908114529948e-20
2.961079340258402115e-20
2.775447092545469540e-20
2.638671158943029276e-20
2.484102460821547585e-20
2.370321617071252956e-20
2.143918734662571228e-20
2.022269964207367003e-20
1.856492502877639713e-20
1.668329596729783304e-20
1.511254698871240219e-20
1.352544987405629063e-20
1.146558895003971628e-20
1.135633245240613248e-20
8.846134164577637323e-21
8.350620501968842011e-21
6.481138984203828130e-21
5.407489453267758400e-21
3.895770461868575020e-21
3.142049370330536919e-21
1.645812324417313211e-21
4.727032780170667365e-22
-6.099590270805240811e-22
-1.199535632869702268e-21
-2.136949048198834973e-21
-3.877689352818818774e-21
-4.273985236704217283e-21
-5.482132589922212790e-21
-5.773727658451607856e-21
-7.842233146244692751e-21
-8.624789499541891473e-21
-1.270129440573118565e-20
-1.443217304206097337e-20
-1.455907529863413289e-20
-1.591137723330831251e-20
-1.811627203140075193e-20
-1.917183022221544028e-20
-2.263940486801267511e-20
-2.416922536273344994e-20
-2.518248999636891930e-20
-2.593563334188943690e-20
-2.732062508445260342e-20
-2.761599681020329831e-20
-3.008994514959476191e-20
-3.073394895406428724e-20
-3.249076594834552976e-20
-3.645886063012858346e-20
-3.757148659584022664e-20
-3.968130489085725428e-20
-4.235141147055985749e-20
-4.460238213275684906e-20
-4.538573832535882272e-20
-4.812334901175217236e-20
-4.964747366299829840e-20
-5.059310282307709486e-20
-5.351562878325407337e-20
-5.429750123709978394e-20
-5.635129543593313031e-20
-5.886342140117997004e-20
-6.023359869501191803e-20
-6.289183605634396799e-20
-6.740539309075186085e-20
-6.848491744293111525e-20
-6.954752565738086730e-20
-7.203444299616760802e-20
-7.503504946724110385e-20
-7.820334364686645218e-20
-7.973811605178502055e-20
-8.330222521834252007e-20
-8.530737413038245856e-20
-8.736355541355664469e-20
-8.865273099583447779e-20
-8.980048715174645132e-20
-9.191150539359544599e-20
-9.268589160670351100e-20
-9.442184519451549691e-20
-9.892298258807072204e-20
-1.013518845548964902e-19
-1.035894070969315254e-19
-1.054370189241273167e-19
-1.081723636609460868e-19
-1.098251682716012268e-19
-1.111765413373526368e-19
-1.129122727047596653e-19
-1.172417593537168513e-19
-1.192334683462868220e-19
-1.200176500025702825e-19
-1.235258192930652260e-19
-1.296665675985278936e-19
-1.319332499514472970e-19
-1.348240727187713958e-19
-1.376372102846047814e-19
-1.383733557870813010e-19
-1.432129081629441871e-19
-1.449669926789747837e-19
-1.460488509107893132e-19
-1.493892037429980812e-19
-1.526858655603540524e-19
-1.538760380618944512e-19
-1.572415230679402420e-19
-1.582256219817962815e-19
-1.637778642117199606e-19
-1.703255925926920812e-19
-1.709752882244297408e-19
-1.724972307357431315e-19
-1.730477283452066289e-19
-1.771364458673677031e-19
-1.799878088768387638e-19
-1.835961943947261514e-19
-1.866051199311211794e-19
-1.884094008662344421e-19
-1.938016821666857652e-19
-1.956556825321593901e-19
-1.967943300597858614e-19
-2.026971561602511153e-19
-2.050563903493124491e-19
-2.079534398118283841e-19
-2.116505312426525312e-19
-2.121171009885969310e-19
-2.148153570231728384e-19
-2.203912976222640302e-19
-2.244576373152461912e-19
-2.286345155728718726e-19
-2.302589733440392767e-19
-2.343407588326289101e-19
-2.383506465622021045e-19
-2.407701938576497504e-19
-2.452988354223998619e-19
-2.468932833079358481e-19
-2.491252620071029993e-19
-2.540646585687814984e-19
-2.598511149036225221e-19
-2.650061130844746009e-19
-2.660020565974643376e-19
-2.692875579945907966e-19
-2.720781958791822056e-19
-2.746648788100885168e-19
-2.782258294040956565e-19
-2.799709258835173603e-19
-2.817287497121326342e-19
-2.854704940547078005e-19
-2.929793578759957035e-19
-2.970866006846519325e-19
-2.984902703509255723e-19
-3.032224104634877999e-19
-3.108906211148806212e-19
-3.129016687540521576e-19
-3.172686300579385076e-19
-3.187745442578907468e-19
-3.246446651259500875e-19
-3.279938916720122466e-19
-3.311867395236969195e-19
-3.356667239666792877e-19
-3.387798200004720228e-19
-3.406118415824621321e-19
-3.435819262831579021e-19
-3.495316402792786105e-19
-3.550443607150235605e-19
-3.604318855016258335e-19
-3.636174493645597318e-19
-3.660334150615702271e-19
-3.748485499602370075e-19
-3.779966690724809648e-19
-3.849706580952565416e-19
-3.862026948090789667e-19
-3.890328652455862194e-19
-3.943305807294213571e-19
-3.987028495757134251e-19
-4.062319587275985588e-19
-4.081915255807747085e-19
-4.133110448556538086e-19
-4.192114133201115702e-19
-4.201926600890790894e-19
-4.255530846324802820e-19
-4.281116147070957938e-19
-4.327135386243171045e-19
-4.418041241826295919e-19
-4.458298164060237360e-19
-4.467598771249832254e-19
-4.511140794320211278e-19
-4.538172608099930581e-19
-4.597423892583578795e-19
-4.634686516821083615e-19
-4.728243607747059150e-19
-4.733413647313345620e-19
-4.801412275898627378e-19
-4.844445014653872658e-19
-4.857847093975697365e-19
-5.017362912132605129e-19
-5.039182584402010885e-19
-5.123451652396601378e-19
-5.165693902142087266e-19
-5.176090945518895167e-19
-5.245434886897546585e-19
-5.289816469909874903e-19
-5.308866235329673375e-19
-5.385188962933552317e-19
-5.445942350453656317e-19
-5.473054216407189944e-19
-5.535210134072860379e-19
-5.591008459209646600e-19
-5.620995607361060528e-19
-5.669591480197434974e-19
-5.728608552787542078e-19
-5.850677238138488415e-19
-5.935619545198529108e-19
-6.015736871547894598e-19
-6.030887023346651263e-19
-6.078322685956383369e-19
-6.097909302136694132e-19
-6.204619724524271980e-19
-6.288281930952260104e-19
-6.359098802233046990e-19
-6.387788594408851146e-19
-6.471243541135842769e-19
-6.522454419257587481e-19
-6.568870406388152358e-19
-6.575867047043515674e-19
-6.655829277951040952e-19
-6.747483172885394485e-19
-6.779174730204116164e-19
-6.848359126957586278e-19
-6.853650917213221504e-19
-6.929655040030547119e-19
-6.974451854397878006e-19
-7.015801085443502149e-19
-7.094223852796313496e-19
-7.168899113837810867e-19
-7.224485109957412177e-19
-7.280020106020363274e-19
-7.360998364709110918e-19
-7.457847305681465182e-19
-7.502557276555502960e-19
-7.568514318623382422e-19
-7.603999836109369808e-19
-7.674756270220012198e-19
-7.836224890901611547e-19
-7.937005189642334070e-19
-7.957132822170055232e-19
-8.030541849358315203e-19
-8.114881958257919375e-19
-8.180129321580054935e-19
-8.206407796255629916e-19
-8.289720499875505855e-19
-8.426479836378177623e-19
-8.497337509104224089e-19
-8.534161270611911297e-19
-8.616704908676189012e-19
-8.784008538011317908e-19
-8.839824711332139999e-19
-8.878355501250283133e-19
-8.929019649238526569e-19
-9.026655149776545275e-19
-9.213576595730467897e-19
-9.252196010378368846e-19
-9.291473842577739433e-19
-9.375921692370501601e-19
-9.488818603286450932e-19
-9.544581952770321336e-19
-9.643959741385290009e-19
-9.658063957146902897e-19
-9.877849498848384831e-19
-9.953761393038310638e-19
-9.992576572257545597e-19
-1.016988078968022417e-18
-1.030611514621738811e-18
-1.033608937446078585e-18
-1.041773568589757761e-18
-1.058792793532465505e-18
-1.065673904655535039e-18
-1.072593954296383591e-18
-1.089435176485683702e-18
-1.104348751374322476e-18
-1.112746627691851697e-18
-1.118268716987968679e-18
-1.129512105628994589e-18
-1.139589009549540920e-18
-1.146916882783628040e-18
-1.154401239050578052e-18
-1.173340270966426359e-18
-1.182145279617728098e-18
-1.206406541302195216e-18
-1.210885987952526600e-18
-1.217545548159941513e-18
-1.231717908130530705e-18
-1.241067308660493755e-18
-1.252974353723908884e-18
-1.260125279329562013e-18
-1.270715130054181590e-18
-1.279981759161215391e-18
-1.306617893855993326e-18
-1.311983764020745024e-18
-1.324358506719594129e-18
-1.347087906690408488e-18
-1.378897483610156006e-18
-1.386338123942029254e-18
-1.406606880299840279e-18
-1.434901080708994058e-18
-1.453527978435530752e-18
-1.464469054656998097e-18
-1.477532367492363216e-18
-1.493678076037633343e-18
-1.506063668116651727e-18
-1.516921498629033408e-18
-1.539768938711678729e-18
-1.570542012280795086e-18
-1.575552356242376670e-18
-1.593310456556347293e-18
-1.616150983892263388e-18
-1.632049857381827040e-18
-1.655375235684910177e-18
-1.671326738557443490e-18
-1.678496733458505306e-18
-1.707757133391145623e-18
-1.720862013071551051e-18
-1.750042699577635900e-18
-1.761399625290763916e-18
-1.804158556808528716e-18
-1.844745602558706994e-18
-1.859599754683123064e-18
-1.886607720805207487e-18
-1.917062649836141154e-18
-1.926704985191232867e-18
-1.985054024885490910e-18
-2.034735511909012124e-18
-2.061035963439206931e-18
-2.089049156093276051e-18
-2.139309558793942929e-18
-2.154385772106685077e-18
-2.183189708702026572e-18
-2.191737521564416728e-18
-2.298756027191717967e-18
-2.302940529231787190e-18
-2.350437413196733509e-18
-2.384972164196374034e-18
-2.419241235312383394e-18
-2.476348241189269950e-18
-2.568048825384237023e-18
-2.640605993247741799e-18
-2.725600866951112091e-18
-2.743507989605099757e-18
-2.827391509777172472e-18
-2.946655593162258901e-18
-3.278248091077422051e-18
-3.774870561822100452e-18
-3.917012626565037092e-18
-7.024536081905461043e-18
