1.004348192120537407e-02
9.302789124178681771e-03
7.189889598220522253e-03
3.159011628752902371e-03
2.144330893914247159e-03
2.120040755206448278e-03
1.978209349487401129e-03
1.310673812917037551e-03
1.143825392450670275e-03
1.085972501420412505e-03
1.055825395417438629e-03
9.706411567811813051e-04
9.340887761490398056e-04
9.037677231077976886e-04
8.695987128444234273e-04
8.490858617035695758e-04
7.935781404284608220e-04
7.683388475723728836e-04
7.542905081142873159e-04
7.164891452743240956e-04
6.786134653729206491e-04
6.611294333713081239e-04
6.229063755948844065e-04
6.189577741628106292e-04
5.875843128478028298e-04
5.737760251929693639e-04
5.557972194358762807e-04
5.466125544796941781e-04
5.299686560938689228e-04
5.110399017840013382e-04
5.059892595395781801e-04
4.882992473530215101e-04
4.705880175791571254e-04
4.548015659195032740e-04
4.512677756080137829e-04
4.425122149773684207e-04
4.261131744007186297e-04
4.197204939317901624e-04
4.007294619671909058e-04
3.975244166073884093e-04
3.870198974481526329e-04
3.803264740099628494e-04
3.693606337645819393e-04
3.598498779294751881e-04
3.517218538137070077e-04
3.461813004058750731e-04
3.447514793659871919e-04
3.345133066136038512e-04
3.256167956805396113e-04
3.191215750355039780e-04
3.090585848545456741e-04
3.061739541142021663e-04
3.019653831779399661e-04
2.944111052636973463e-04
2.906044171304282596e-04
2.779583726828040212e-04
2.718925778347886760e-04
2.686786835308493308e-04
2.648909912940787168e-04
2.591147489843486761e-04
2.533258291444896032e-04
2.492534873716292267e-04
2.446405031017274490e-04
2.366164289575936066e-04
2.332690381563560101e-04
2.284450369838080235e-04
2.223799064905319770e-04
2.218434534647517479e-04
2.163327746969260904e-04
2.114300369448000568e-04
2.067970894295347061e-04
2.062921821652575517e-04
2.049333621202355964e-04
1.970999844406722413e-04
1.924590026485822219e-04
1.906370416851018064e-04
1.863507875207462091e-04
1.832953679094900497e-04
1.829563344827325690e-04
1.787126556727886928e-04
1.781499567820345729e-04
1.758053248478067638e-04
1.708682174090342615e-04
1.679710844684673447e-04
1.650097444816551757e-04
1.609270069488980535e-04
1.587793472112493138e-04
1.569449480821028225e-04
1.544081551808460407e-04
1.500206965620769022e-04
1.485669420207990537e-04
1.449334902120074644e-04
1.421090011569289271e-04
1.413846814408785651e-04
1.404889933116808471e-04
1.346587708207548921e-04
1.321892398412065784e-04
1.307858615035704833e-04
1.287075149768608369e-04
1.283641644627021166e-04
1.261929203958384157e-04
1.250161408529514104e-04
1.230978218481587453e-04
1.188784446362457596e-04
1.181888856950295933e-04
1.171006965763519519e-04
1.151657187933198540e-04
1.139686639017307003e-04
1.091049261448880797e-04
1.082758247789601517e-04
1.078519734598849610e-04
1.067962916502802461e-04
1.051305015335381204e-04
1.037989039021296298e-04
1.020060641429113317e-04
9.889934924235809920e-05
9.728888796595644146e-05
9.623694680397417572e-05
9.558669933873359989e-05
9.347798845639706850e-05
9.321830414927035897e-05
9.140610552958772542e-05
8.943226685434216522e-05
8.877141648537549199e-05
8.688137316658562834e-05
8.577766690853156164e-05
8.386130667413926475e-05
8.328724429431164479e-05
8.120163870136258848e-05
8.080172452309360750e-05
7.908618782466220361e-05
7.811677886398401833e-05
7.705865565288303961e-05
7.589996755326203768e-05
7.504107144148212667e-05
7.369064561873881663e-05
7.239484410805799937e-05
7.088205224723189422e-05
7.041118779521870737e-05
6.848893575899081456e-05
6.716781589005022554e-05
6.693101877142370584e-05
6.588236247236370564e-05
6.470041284781091067e-05
6.290242328807494883e-05
6.249332857577151673e-05
6.051652453284720525e-05
5.997485963136533002e-05
5.956275638255142393e-05
5.902024933312519192e-05
5.830162489743307791e-05
5.722104027177854008e-05
5.654025674721904320e-05
5.560363663771410690e-05
5.477722414017185065e-05
5.410730175273857536e-05
5.330403907972049458e-05
5.241282169922636014e-05
5.179540171171980481e-05
5.069638820174943649e-05
5.019928160037231838e-05
4.928026806581648839e-05
4.859632388713453339e-05
4.695581553091315283e-05
4.665081365034295854e-05
4.625968156659433984e-05
4.599741748758912313e-05
4.527086593630394315e-05
4.469659466558192050e-05
4.362848206747727535e-05
4.322130008649373843e-05
4.285455638795195992e-05
4.243657163413278830e-05
4.119095328032362666e-05
4.103214591851651693e-05
4.011672602153815669e-05
3.981485056456261155e-05
3.893261510160697723e-05
3.854392245887819054e-05
3.695137850373594841e-05
3.672238412689077578e-05
3.627260227349338048e-05
3.576251494781613268e-05
3.524525777138479577e-05
3.430714376623418289e-05
3.358900040703565848e-05
3.338316944994204930e-05
3.332088065681350472e-05
3.282583092444957203e-05
3.260598841504783792e-05
3.161682841777952813e-05
3.125640788841190290e-05
3.087067448049996931e-05
3.073749202626369293e-05
2.967623083892747651e-05
2.920657954095905382e-05
2.874894782118211196e-05
2.849423084004689845e-05
2.819478216878175416e-05
2.749588344116574571e-05
2.731092346075125182e-05
2.651335721232741415e-05
2.627120551060021942e-05
2.603269853153258179e-05
2.552865278083369077e-05
2.530647234151398660e-05
2.493684941213568699e-05
2.475258177925555159e-05
2.452872162852173544e-05
2.399499440152836574e-05
2.343861614701758076e-05
2.270192031254983646e-05
2.241247143539786912e-05
2.218978366001387201e-05
2.167838069368740111e-05
2.139478619610971197e-05
2.105150757132773356e-05
2.081750076809565838e-05
2.071099980382672768e-05
2.012544350652463495e-05
1.969972948389109470e-05
1.946367452607902120e-05
1.917580186250640589e-05
1.881942606043892724e-05
1.868721342180582466e-05
1.847980475576919238e-05
1.811964520169748598e-05
1.794682983950946002e-05
1.783196448175442675e-05
1.741812257780750127e-05
1.732518019104218603e-05
1.696458834964579925e-05
1.662300815979351950e-05
1.642028918465374414e-05
1.629132405797129068e-05
1.589057271370626832e-05
1.565610077109799267e-05
1.553156302853108946e-05
1.527322321461148524e-05
1.488507135348097893e-05
1.467343071556109211e-05
1.437457445347127892e-05
1.410822460482567393e-05
1.402592471316025695e-05
1.371239766984884148e-05
1.347781202120438676e-05
1.331291835576337556e-05
1.295446369796435224e-05
1.270670542422221318e-05
1.259257376856412316e-05
1.252407187908313907e-05
1.214323834077710085e-05
1.205703324554608143e-05
1.164791528972857686e-05
1.141021585569500838e-05
1.133266113214082005e-05
1.109311467810156076e-05
1.103935279718622729e-05
1.083606541371559641e-05
1.060905241033504023e-05
1.053130943237452556e-05
1.031893921246863024e-05
1.000311186283226920e-05
9.874432596300634796e-06
9.755642333392642511e-06
9.688531043064080292e-06
9.456028572925459370e-06
9.403616791841137260e-06
9.368684874520963966e-06
9.062552227144687504e-06
9.012571798705514375e-06
8.905017582156606981e-06
8.754397224548001176e-06
8.470796310664330294e-06
8.350885007995972987e-06
8.130786350322161330e-06
7.987662578040608639e-06
7.879220891342486295e-06
7.679861272461492412e-06
7.519817540468178062e-06
7.486961728677025530e-06
7.300919314228489068e-06
7.216785151042495760e-06
7.043009712116124645e-06
6.942223897565003981e-06
6.769391454098995768e-06
6.699773050867418560e-06
6.576356653241259159e-06
6.464462680993094295e-06
6.248862641815213213e-06
6.079399142620405299e-06
5.917417841603224791e-06
5.817913923578715381e-06
5.788567345439703660e-06
5.669777538213293015e-06
5.590358270078776086e-06
5.529349395488402029e-06
5.473384504292895192e-06
5.263794016685846604e-06
5.222060558031016456e-06
5.084302963845601059e-06
5.026477902450390031e-06
4.841218172380830012e-06
4.751155788743138913e-06
4.689508895799508818e-06
4.640534034613003123e-06
4.455314184238310318e-06
4.340565127535033252e-06
4.299919565705120878e-06
4.176138808638883795e-06
4.080496152698328433e-06
4.032510558605027490e-06
3.988336334580168739e-06
3.830640716118101068e-06
3.796380902070435185e-06
3.670710765224754099e-06
3.601525213176423870e-06
3.518711142230163258e-06
3.450503995699904622e-06
3.338160871221558949e-06
3.276967780445545830e-06
3.194907928948995452e-06
3.161374613961645448e-06
3.125697835127225485e-06
2.931894649799265167e-06
2.886010406564995788e-06
2.829108961859392795e-06
2.732268054067643657e-06
2.673425679324079226e-06
2.630969327104658651e-06
2.608329336246200063e-06
2.543591818231014954e-06
2.507987134358448759e-06
2.344573506848952955e-06
2.270990890816666533e-06
2.223990239899443605e-06
2.159289970830008490e-06
2.102985849562528811e-06
2.016051382732841141e-06
1.987980437057533378e-06
1.934960992581173507e-06
1.901131617520994845e-06
1.806770486060428906e-06
1.794298320231867607e-06
1.659778355613271460e-06
1.585367245160034778e-06
1.562553292933962301e-06
1.553646828594433826e-06
1.485486205155660774e-06
1.435389290412393829e-06
1.373943305745940575e-06
1.352048698103198870e-06
1.293303717923961331e-06
1.242644861863320087e-06
1.179862106766746818e-06
1.167685989343744768e-06
1.111704465008708219e-06
1.067470737634659330e-06
1.046778283880748855e-06
1.013814445060543296e-06
9.354150205025527294e-07
9.196433510047742757e-07
8.856570197673057497e-07
8.686172493026900081e-07
7.696052184869423917e-07
7.336605994642408338e-07
7.132152861436629052e-07
7.015103865209074322e-07
6.698042723877037759e-07
6.102127934886341726e-07
5.595018858910836990e-07
5.477653809831613696e-07
4.844491995780938783e-07
4.830100371102505070e-07
4.470887371144947534e-07
4.210909008528234263e-07
3.803169809841997790e-07
3.460833453302063152e-07
3.078444077288626208e-07
2.857553482290034027e-07
2.625356747313899720e-07
2.286115529741273016e-07
2.009816288447571747e-07
1.696441801991270678e-07
1.293013660324432463e-07
1.120106451085729667e-07
6.545119622030561106e-08
5.305102855473241746e-08
3.671710857537556310e-08
3.251439002921942830e-08
1.203483827567525157e-08
-1.980365095283202791e-20
-9.028538749974648123e-20
-1.293950054861602013e-08
-3.289542282117714736e-08
-4.764175579226596281e-08
-6.909683327670729678e-08
-8.036004913607337335e-08
-9.871766224505540875e-08
-1.409001608145415533e-07
-1.651266746773827321e-07
-2.076458437135296409e-07
-2.258651041664737888e-07
-2.550476634441354694e-07
-2.761595209797177585e-07
-3.373698498565963638e-07
-3.899094589113450567e-07
-4.370432980505764435e-07
-4.690868610073862553e-07
-4.836347675165480389e-07
-5.285339327461379341e-07
-5.656429904638043466e-07
-6.629175576660295123e-07
-7.012683915467293459e-07
-7.442325922056710016e-07
-7.731475304700542618e-07
-8.018334082042038165e-07
-8.349177972363466673e-07
-9.137473986239443981e-07
-9.580970472448710491e-07
-1.023398994479464663e-06
-1.065147102003095642e-06
-1.135812998510806316e-06
-1.165470961313627831e-06
-1.265618413916264113e-06
-1.334701034690395855e-06
-1.386331086523889529e-06
-1.448277009019388053e-06
-1.540839752069622640e-06
-1.593617395719119510e-06
-1.642488243999558559e-06
-1.728401096585588602e-06
-1.809652175299527854e-06
-1.884155957714318240e-06
-1.970878601968299939e-06
-2.062679819351392806e-06
-2.243126955144128388e-06
-2.264514978137611089e-06
-2.317724932492022462e-06
-2.348836205555573786e-06
-2.381072660969903851e-06
-2.491747557438265687e-06
-2.632506123095691507e-06
-2.688784485200291882e-06
-2.756277730540951748e-06
-2.924307614184436328e-06
-3.016458546660763645e-06
-3.137939198502052682e-06
-3.174874998628345582e-06
-3.283584495020748468e-06
-3.355387221825282632e-06
-3.470993392549719780e-06
-3.648406622773244273e-06
-3.743216675128832903e-06
-3.924784406275835927e-06
-3.966705554641828304e-06
-4.135378865740708424e-06
-4.322210365195284402e-06
-4.408743261313758733e-06
-4.549692524617730351e-06
-4.732023911467063910e-06
-4.858054151365919436e-06
-5.009157336096323390e-06
-5.172556617473077113e-06
-5.198363548810804900e-06
-5.374301358384041772e-06
-5.477315774611340838e-06
-5.674408211078462008e-06
-5.800783587748541096e-06
-5.905850654948363079e-06
-6.013128360202588720e-06
-6.252833598473126125e-06
-6.338336483955094278e-06
-6.534881984243805490e-06
-6.889751820250015976e-06
-7.106008490040909478e-06
-7.143655527439900663e-06
-7.238167247000046469e-06
-7.345614079973181945e-06
-7.468729095474748774e-06
-7.788335366921029113e-06
-8.134873762807292847e-06
-8.336743828614202550e-06
-8.431055431833620447e-06
-8.696536305193891309e-06
-8.811862359013282120e-06
-9.006523427565970940e-06
-9.217332907368376192e-06
-9.250813984699867242e-06
-9.799856758437673808e-06
-9.849938919864291838e-06
-1.060580834609364347e-05
-1.074282093105073441e-05
-1.119704500730529948e-05
-1.131728878422866927e-05
-1.153172402413676699e-05
-1.178662340272867356e-05
-1.204009447326011354e-05
-1.228598715641735788e-05
-1.250150411560447773e-05
-1.282725099847952939e-05
-1.309511203872868639e-05
-1.335819181935151648e-05
-1.371802331570110502e-05
-1.386203007540384281e-05
-1.415912805830362025e-05
-1.462902684379176331e-05
-1.481322757524904598e-05
-1.540821965128278401e-05
-1.587572442845041696e-05
-1.598739003991986803e-05
-1.616290560230190421e-05
-1.681506040179143877e-05
-1.701713379627767971e-05
-1.729934615739215354e-05
-1.787944640977083934e-05
-1.802886839773690586e-05
-1.867204683441676347e-05
-1.910988513845972953e-05
-1.940075527657428813e-05
-1.994889275664454305e-05
-2.032934820135044818e-05
-2.095503720608417960e-05
-2.156817763035865152e-05
-2.203365012825277410e-05
-2.220413791148861151e-05
-2.298158858243091763e-05
-2.373987561200552389e-05
-2.388497759340274759e-05
-2.407856498474369428e-05
-2.476059624378445476e-05
-2.538827949682200295e-05
-2.595421871800329577e-05
-2.647436398476119628e-05
-2.707100827946690039e-05
-2.758788834392218459e-05
-2.841927416150199972e-05
-2.851586196534902924e-05
-2.983902326112934075e-05
-3.029618761955010705e-05
-3.086724331351222258e-05
-3.141881303327350773e-05
-3.162552774877847847e-05
-3.301625720372339072e-05
-3.376664964293071966e-05
-3.415843810010553726e-05
-3.453101284620918202e-05
-3.562066852033049817e-05
-3.583675450119788860e-05
-3.691977896336597515e-05
-3.776967523384795842e-05
-3.863602761583544111e-05
-3.958736348734632045e-05
-4.040432633810976193e-05
-4.105176711372627077e-05
-4.222044539090435289e-05
-4.298002985031361883e-05
-4.363843233527977725e-05
-4.511917558212574255e-05
-4.595388774780220233e-05
-4.666180244678979467e-05
-4.792686107808002239e-05
-4.901241869266847144e-05
-4.933194366982436991e-05
-5.044748573884605034e-05
-5.085223709080299783e-05
-5.180783213553554752e-05
-5.234014231089789226e-05
-5.416077841758670569e-05
-5.487190878773311333e-05
-5.686876637219737016e-05
-5.712090761469443533e-05
-5.878145569526305062e-05
-6.011151455101708413e-05
-6.081033999592057304e-05
-6.175162553443363069e-05
-6.392976943317008195e-05
-6.539357085668229383e-05
-6.721543304692701153e-05
-6.761571206221233035e-05
-7.034264538687921831e-05
-7.155822200931392235e-05
-7.387935970565222906e-05
-7.473532062100242607e-05
-7.556258150544628625e-05
-7.691018010646575947e-05
-7.964595231892232941e-05
-8.125169765952142001e-05
-8.237922555002278300e-05
-8.656147913978644065e-05
-8.746977030055896050e-05
-8.917609864067936620e-05
-9.035715855555628720e-05
-9.340212718886414778e-05
-9.549237987580080510e-05
-9.713088372311470592e-05
-9.956044517603942611e-05
-1.031691951607854825e-04
-1.039537132025354535e-04
-1.061969462729509315e-04
-1.079104327300391543e-04
-1.104293801501684744e-04
-1.120680156015434659e-04
-1.156020757534670390e-04
-1.169203562182163404e-04
-1.199846865472079004e-04
-1.225044208587582214e-04
-1.252625524708560721e-04
-1.304299281720447238e-04
-1.322125586628688284e-04
-1.343420235130171581e-04
-1.354822016205361047e-04
-1.386158310581625812e-04
-1.423805171828542435e-04
-1.471376156156113148e-04
-1.490285930316799664e-04
-1.534853148323518917e-04
-1.578572653347541850e-04
-1.596855239835787350e-04
-1.644333301100948204e-04
-1.669170561964599352e-04
-1.749708647017470680e-04
-1.759827599525462148e-04
-1.785134304918909582e-04
-1.815630905649232463e-04
-1.908259300203418154e-04
-1.935098802682437883e-04
-1.969062867291852641e-04
-2.003828370098952928e-04
-2.045247833459246751e-04
-2.098008645805879533e-04
-2.168618987688946450e-04
-2.170876650145280137e-04
-2.273651558621788923e-04
-2.289326701028019924e-04
-2.363576342865169461e-04
-2.460031520411217268e-04
-2.476778541378502041e-04
-2.521306101646651450e-04
-2.677856206127387020e-04
-2.697791382639517133e-04
-2.767889442176135273e-04
-2.933443456960941080e-04
-2.972355173816779964e-04
-3.026561864207471088e-04
-3.123925249945428339e-04
-3.190973120195676922e-04
-3.243494597840842673e-04
-3.405083453140512247e-04
-3.524784053102804912e-04
-3.646831113799646907e-04
-3.689266864688023188e-04
-3.850674803362779189e-04
-3.870924422818853368e-04
-4.014673559923224500e-04
-4.169123920086248024e-04
-4.253135038050022453e-04
-4.505006954323743928e-04
-4.748646471182099552e-04
-4.868204545907652090e-04
-5.159995000336279518e-04
-5.386488914800090320e-04
-5.493737662585489352e-04
-5.973627359678698083e-04
-6.223429438633168356e-04
-6.407771626709333991e-04
-6.773302868082585340e-04
-6.904220009148954356e-04
-7.557393743593032774e-04
-7.954799115412268095e-04
-8.642673348288721453e-04
-9.081275283062345896e-04
-9.785595381869654184e-04
-1.090330386119817575e-03
-1.192148567721264610e-03
-1.423189237869558954e-03
