2.225758292171726039e-03
2.196738458597148266e-03
2.142399590721140966e-03
2.016407293617542180e-03
1.947756567846017309e-03
1.921838412394189042e-03
1.853748816820869737e-03
1.760230696882160916e-03
1.677954405813774892e-03
1.645464091824451382e-03
1.493720635365684574e-03
1.464169686609182678e-03
1.354809883572391255e-03
1.290306882943831942e-03
1.213289783077334955e-03
1.172347182935673787e-03
1.148851625717875946e-03
1.129270053380627753e-03
1.086162404998591196e-03
1.079102323169852827e-03
1.063400114063094409e-03
1.038966681840527940e-03
1.019161189713892798e-03
1.008732060500239398e-03
9.895856748080148792e-04
9.593501562402954224e-04
9.434865375892277986e-04
9.244417832769272810e-04
9.147603196896150887e-04
8.811317554005027334e-04
8.601742867921054799e-04
8.584314735898841003e-04
8.202054914775678022e-04
8.150239479445194361e-04
8.000680301673688448e-04
7.892589026388474940e-04
7.709960258541197643e-04
7.636487752627721826e-04
7.529953280591771643e-04
7.392999241734848209e-04
7.321331746515430568e-04
7.152199616628868118e-04
7.051072512319131588e-04
6.962861156750430654e-04
6.913122952764119613e-04
6.817853357501995259e-04
6.727998200866641253e-04
6.664405928573566545e-04
6.623258432893858703e-04
6.420891364807816302e-04
6.350439914501258398e-04
6.278097691198257762e-04
6.239952564534184155e-04
6.152390436386754192e-04
6.099681003928814115e-04
5.982918228297562976e-04
5.956055722782764442e-04
5.897592798446298122e-04
5.797139952286784782e-04
5.777456832453558601e-04
5.568031788826695565e-04
5.559235611249756367e-04
5.532846195013908569e-04
5.485142549729661891e-04
5.347965561010616098e-04
5.300046099920911703e-04
5.193493328018283089e-04
5.117809946718599422e-04
5.078913569064220663e-04
5.037282093887279809e-04
4.992657658282171783e-04
4.935428686490011705e-04
4.918742025643687080e-04
4.849709717998525985e-04
4.752289644838915265e-04
4.725542786288670786e-04
4.688792712392668947e-04
4.574306634151431767e-04
4.537349888813143619e-04
4.481664474884994396e-04
4.435851173332402671e-04
4.379745620481332322e-04
4.345647889749774408e-04
4.267103900127929071e-04
4.204227915275551364e-04
4.154470442670552400e-04
4.119062486341319696e-04
4.073412241659094967e-04
4.001224518712055353e-04
3.976808979540732676e-04
3.951968180636442258e-04
3.919585460100730146e-04
3.873334632542511078e-04
3.799358049865197984e-04
3.730336063848769266e-04
3.706942614755204062e-04
3.657662118512477610e-04
3.616220890569730334e-04
3.564091368353241272e-04
3.536815658171794637e-04
3.521912258397218859e-04
3.476002106722826169e-04
3.454627779485828251e-04
3.416730477299810662e-04
3.365785830795869752e-04
3.364636004377134456e-04
3.296316152733609487e-04
3.278145830436056938e-04
3.226815905949216102e-04
3.201206936057830700e-04
3.174986490100334207e-04
3.164703231258984991e-04
3.116866779414152288e-04
3.071745295774219644e-04
3.030093928143333328e-04
3.015310218634351721e-04
2.964646415011862367e-04
2.906610945389948518e-04
2.886514310562549382e-04
2.853139268801829949e-04
2.833828855967632861e-04
2.808544404945989992e-04
2.766249337314248611e-04
2.763887272129628321e-04
2.723042078541182626e-04
2.685212102408267819e-04
2.677580958378155416e-04
2.662330677957943119e-04
2.645572577327182594e-04
2.598892893502475565e-04
2.584510690380820912e-04
2.557275670129516461e-04
2.502243550339030014e-04
2.491219223954002832e-04
2.465245568514640010e-04
2.459416185581914929e-04
2.424940220056415034e-04
2.407338038236290243e-04
2.384918386743448875e-04
2.366435484574443138e-04
2.310299944492000702e-04
2.299966644128978259e-04
2.287688228522442304e-04
2.269874214800405936e-04
2.235810922809768726e-04
2.195909641077233737e-04
2.178574535037170400e-04
2.155157317255268490e-04
2.137237611026221158e-04
2.092249668412806893e-04
2.083013630680888143e-04
2.068140284856044889e-04
2.036192562947888212e-04
2.013119958062424759e-04
2.004471497985594892e-04
1.969763358137967659e-04
1.960874062445370418e-04
1.935972945981800756e-04
1.910553289855255956e-04
1.892500427743660726e-04
1.881885637496450781e-04
1.859834199995643136e-04
1.853800576346851549e-04
1.828480093629208068e-04
1.810636169256447903e-04
1.796218982785762852e-04
1.792733935967244160e-04
1.782538126298492242e-04
1.750970860846239475e-04
1.735236870108400884e-04
1.721437398390563464e-04
1.714891354656627326e-04
1.693520718560367194e-04
1.675117412541634807e-04
1.652248527856745172e-04
1.631599007177931171e-04
1.629472992154520406e-04
1.597179482892011266e-04
1.578082902475983667e-04
1.570335503136832125e-04
1.529073679134189466e-04
1.520399545211110223e-04
1.495942116625563424e-04
1.491226326939450457e-04
1.478879466279497219e-04
1.466291736292740528e-04
1.455947787003195873e-04
1.440463267461064860e-04
1.417058019813356425e-04
1.414632293512348734e-04
1.400543193667240635e-04
1.374538696091195228e-04
1.364142454417993297e-04
1.359911259071468973e-04
1.337545309713368113e-04
1.331253822321543990e-04
1.317352042922151822e-04
1.314375745294336668e-04
1.292751367152009394e-04
1.284686195027552917e-04
1.269405765962370116e-04
1.257717508895272865e-04
1.223654723788361728e-04
1.214841775309940738e-04
1.208728750617540731e-04
1.203274383584139955e-04
1.193119053932351667e-04
1.173292252203315348e-04
1.166836921119285942e-04
1.160490983201759073e-04
1.150786529268340035e-04
1.140258195331211280e-04
1.127069978786661197e-04
1.120722581554907794e-04
1.110256648512589688e-04
1.091199845298395542e-04
1.081943255817817916e-04
1.078639426865076107e-04
1.069864926678725984e-04
1.054112215237950056e-04
1.048215576869787011e-04
1.030953680654671034e-04
1.022300805553923961e-04
1.003737820854425463e-04
1.000013338559001806e-04
9.940415007904619476e-05
9.836298737615447501e-05
9.772074416136914267e-05
9.597501398547371031e-05
9.542904531805353337e-05
9.454811990361815211e-05
9.280479391768883455e-05
9.254606470777307998e-05
9.149184281886075880e-05
9.064886033338910110e-05
9.013901816935400023e-05
8.943539762987493577e-05
8.744213698789317726e-05
8.733072157727183021e-05
8.718857684853269197e-05
8.566582657658701634e-05
8.479488488955697577e-05
8.391636942590242681e-05
8.364341530548879587e-05
8.308673962625779254e-05
8.253499300990197363e-05
8.131016145745689359e-05
8.025240902144551445e-05
8.007939833407501102e-05
7.844458575669898748e-05
7.730491347841753210e-05
7.665138455625051302e-05
7.611358672703703973e-05
7.521681600200108315e-05
7.467408654781443073e-05
7.328843897391428669e-05
7.321943563553620789e-05
7.237470574815155135e-05
7.159493001992292300e-05
7.039627476621697583e-05
6.960007781823159261e-05
6.923990588531189207e-05
6.806297538089170929e-05
6.727640975387970922e-05
6.692438947864054000e-05
6.656415981669185772e-05
6.588488499583496517e-05
6.523161449038550894e-05
6.467693130593882278e-05
6.374339396224618353e-05
6.295529457044260577e-05
6.178883295878512911e-05
6.138229551577386884e-05
6.050919773490034563e-05
5.960976055433760574e-05
5.946573455423454375e-05
5.895703176160729906e-05
5.880312674340036074e-05
5.812636564571469367e-05
5.735315648528277140e-05
5.683562223712907785e-05
5.650995090393638612e-05
5.602752669990673578e-05
5.532145756970315698e-05
5.514879998926156321e-05
5.422035763631760029e-05
5.378957996060718382e-05
5.365651747369874763e-05
5.287295603954045997e-05
5.250625574900346542e-05
5.177797517684291147e-05
5.138133827379856816e-05
5.045225911598721582e-05
4.966740919010666807e-05
4.924804751086660605e-05
4.883912415348463704e-05
4.853442591085170522e-05
4.779713731434103981e-05
4.767522241599852161e-05
4.721789083700848850e-05
4.659572887021422142e-05
4.580361158954028431e-05
4.558350079690164265e-05
4.480946906187467974e-05
4.463438648505393475e-05
4.400182672543600143e-05
4.346322481985996752e-05
4.308577160616394383e-05
4.265853668668712014e-05
4.206246405061519312e-05
4.143904043285265737e-05
4.125548270509052942e-05
4.079743536226005968e-05
4.051112576330195234e-05
4.020756410597136970e-05
3.977233789946050543e-05
3.933859046762566936e-05
3.882565136791200233e-05
3.810947687740463423e-05
3.806541894352651951e-05
3.797781350450073440e-05
3.714229157982397689e-05
3.696783327367341007e-05
3.654228474105730809e-05
3.611709610930321444e-05
3.585329399943850662e-05
3.531208676631142427e-05
3.505782679255753381e-05
3.469097945602411375e-05
3.417192616959047863e-05
3.397891595483801047e-05
3.340896375756788089e-05
3.307363415142725900e-05
3.284111757229312795e-05
3.254627174901962523e-05
3.180934716014566899e-05
3.153412174421054472e-05
3.118506503758655668e-05
3.097571632200559833e-05
3.060102752209044899e-05
3.032477366971393935e-05
3.020021231915871325e-05
2.986587775770976395e-05
2.928799000049200834e-05
2.893618100675981138e-05
2.866495602623296321e-05
2.829552927114000306e-05
2.774912231404014708e-05
2.766741102582310604e-05
2.751751032196278935e-05
2.722778549774190919e-05
2.691167079005972885e-05
2.683420525522384940e-05
2.639371275938419428e-05
2.631644823752202694e-05
2.578382324991338983e-05
2.526614954474901213e-05
2.502575745365046952e-05
2.475182959668956287e-05
2.463445266549787403e-05
2.448031557314205305e-05
2.429253873760445472e-05
2.412240209449570045e-05
2.375269085182036367e-05
2.340035419721376423e-05
2.316843264829689079e-05
2.277320520075883410e-05
2.250980345151937684e-05
2.226015281430196053e-05
2.203879549584422342e-05
2.178701738498272880e-05
2.165249672063921825e-05
2.131286245443336585e-05
2.124796854777127690e-05
2.112270530838519458e-05
2.066872078183363531e-05
2.037549804285153184e-05
2.020302457392283524e-05
2.007778598450263215e-05
1.985594112218808007e-05
1.974078778490032625e-05
1.955015728679089911e-05
1.904750449175269682e-05
1.898711448953852937e-05
1.872387722686869388e-05
1.854276198912515147e-05
1.826480705902442113e-05
1.811521362820853580e-05
1.785270995673731453e-05
1.773645965958088654e-05
1.752563253125236068e-05
1.716646209797993488e-05
1.688139321442859106e-05
1.669882362905230784e-05
1.661724901464009860e-05
1.648553816727855867e-05
1.621753388064479899e-05
1.616683989607045179e-05
1.584701130842736539e-05
1.577321000381938409e-05
1.552394072716625030e-05
1.519749759358033173e-05
1.506362752581381981e-05
1.498714138851090046e-05
1.488706971053794191e-05
1.455308735986869924e-05
1.446640797508469135e-05
1.433138328817865879e-05
1.416443133552341059e-05
1.399626306482590201e-05
1.386425790784586347e-05
1.374807924919084259e-05
1.358359699269055118e-05
1.336400670012421783e-05
1.329342556548627394e-05
1.296751087083161163e-05
1.258949110259605161e-05
1.247563544731802866e-05
1.237174783204601458e-05
1.229830316330560630e-05
1.211692825936227186e-05
1.203124233911945669e-05
1.191647601459561386e-05
1.148060300378146140e-05
1.126778743163412250e-05
1.115916140432823119e-05
1.108305042780452257e-05
1.091170472094990958e-05
1.082533518304315439e-05
1.076333273836826779e-05
1.038965285845551707e-05
1.025614158554937405e-05
1.018888620497038584e-05
1.007909004952360823e-05
1.005934404004198749e-05
9.896578300294105816e-06
9.828081027835286159e-06
9.709500336282465488e-06
9.640562056790497809e-06
9.448912692044709948e-06
9.227900127950864281e-06
9.138587639612634155e-06
8.949567827217710456e-06
8.902688331966492156e-06
8.760816448212203347e-06
8.578298308508432263e-06
8.486388794391199180e-06
8.374086669236093314e-06
8.245640180713698891e-06
8.143281712026846043e-06
7.975371685831713936e-06
7.886737711925128876e-06
7.731702941034269679e-06
7.557769537642506479e-06
7.533689438790443083e-06
7.501055943521919695e-06
7.426729904093934717e-06
7.263550554253014882e-06
7.101583243569549400e-06
6.984231446171443615e-06
6.923919769753754218e-06
6.767121031999640892e-06
6.728516980525149639e-06
6.650329217117523372e-06
6.571843558222919748e-06
6.477048829450011645e-06
6.430614172343681132e-06
6.265296645428279736e-06
6.064065439762310789e-06
6.048501600935472998e-06
5.926431593481069251e-06
5.814918954247453843e-06
5.699527810528341989e-06
5.686211884388582498e-06
5.570053810497180588e-06
5.541757030290227594e-06
5.503058843952536595e-06
5.369008839575471805e-06
5.248351561419112280e-06
5.108335047478897652e-06
5.085415038975912575e-06
4.928242866941485542e-06
4.858113367064851398e-06
4.749995207591897651e-06
4.586449585568138477e-06
4.568803793784912276e-06
4.475851416106131265e-06
4.389854480202628217e-06
4.316504705930311222e-06
4.257227926270508819e-06
4.184660769842217805e-06
4.132401822441505406e-06
4.095617561630107680e-06
3.986128546649903651e-06
3.946159949921680155e-06
3.823570651871331422e-06
3.739719760710269798e-06
3.716549883409867083e-06
3.642253182125449863e-06
3.570892568865326867e-06
3.535043878551012469e-06
3.421057003327116650e-06
3.396641572239767332e-06
3.337753211925467604e-06
3.260876571456037261e-06
3.097361390205670719e-06
3.053883717361076815e-06
2.968751300299212915e-06
2.926996507893465837e-06
2.874526659497486593e-06
2.851792190120203503e-06
2.808247769286890083e-06
2.730064404266642124e-06
2.717197150274760167e-06
2.653183594127642630e-06
2.527675025914683661e-06
2.484196744495377390e-06
2.415159383632406995e-06
2.374470616253860450e-06
2.328256398692487367e-06
2.287669140602442020e-06
2.219143788817923476e-06
2.188075687319463837e-06
2.161490780876980629e-06
2.058769948865060272e-06
2.006663437028183351e-06
1.871227211192091934e-06
1.785824043019519227e-06
1.764020622536958136e-06
1.722207938669330092e-06
1.644719815653649281e-06
1.629624951567193819e-06
1.610450070877046938e-06
1.489118751159176554e-06
1.470173415893842041e-06
1.409668871339350916e-06
1.375687952521958578e-06
1.332706271789178426e-06
1.312837721516986228e-06
1.263298192255689649e-06
1.210273149324333348e-06
1.194131416681776357e-06
1.088483039365874852e-06
9.810073825060472351e-07
9.550903642222749531e-07
9.108413779138736813e-07
8.709727788161958015e-07
8.256355850738500488e-07
7.579754861322449235e-07
7.248196724270566769e-07
6.956607250192859937e-07
6.631964384289933412e-07
6.214235092773430835e-07
5.587111534660912663e-07
5.449632112452932559e-07
5.049558161073711202e-07
4.486414814106035604e-07
3.940636013215106343e-07
3.513017464687450781e-07
3.189727311314118253e-07
2.502441050758485291e-07
2.411120011787119601e-07
2.262598850236978069e-07
1.983657337005835730e-07
1.291265875161594312e-07
9.045339700657222811e-08
8.226168726432315782e-08
5.615218153104115895e-08
3.795883853785503972e-08
1.928417599382455974e-08
8.950934998673780669e-09
-4.923491810108923509e-21
-1.277840109932082656e-20
-1.267124366750838826e-08
-3.360561034664600165e-08
-4.454613572830946161e-08
-7.391484246368008241e-08
-8.337764803193042980e-08
-1.018995131912658888e-07
-1.340985263606028795e-07
-1.429350827262184497e-07
-1.648873471032000599e-07
-1.731469540314179877e-07
-2.032492044724889486e-07
-2.215664807575209747e-07
-2.599069059960611403e-07
-3.000281524017808013e-07
-3.145549431180312404e-07
-3.286288440702254245e-07
-3.416638168850911192e-07
-3.638839508632969676e-07
-3.806285909583526194e-07
-3.947313735316753208e-07
-4.239767047243472363e-07
-4.551679061955909649e-07
-5.282613112057014594e-07
-5.334176374368619798e-07
-6.420653735804754132e-07
-6.662723062613756240e-07
-7.472554552175386141e-07
-7.705870993563590216e-07
-8.015963259324870187e-07
-9.010246251028630453e-07
-9.236184736657550067e-07
-9.880877123648285394e-07
-1.015859741096181920e-06
-1.162720003633377286e-06
-1.202160518108340423e-06
-1.280764265781746137e-06
-1.355156620990646683e-06
-1.449306278607900032e-06
-1.532105800489393174e-06
-1.653797560066921733e-06
-1.759857134223617138e-06
-1.965591429010465948e-06
-2.190267320784422870e-06
-2.334643302455855570e-06
-2.352804939954861903e-06
-2.444980511413369463e-06
-2.598795932671794606e-06
-2.771792708155223548e-06
-2.973112198619688832e-06
-3.100496774704485932e-06
-3.538726710591076327e-06
-3.852258300638981625e-06
-4.369324636749931460e-06
-4.420660697053228319e-06
-5.043206670855180667e-06
-5.415845344888600287e-06
-5.490668442084738325e-06
-6.352355425801147406e-06
-6.983384357522584419e-06
-7.174072956339634165e-06
-7.495377556955796804e-06
-7.837279544056249584e-06
-8.301317628591243854e-06
-8.864653438371865982e-06
-9.902521428043794852e-06
-1.066077009488028640e-05
-1.135112390253694788e-05
-1.231995200281687513e-05
-1.282001599007709001e-05
-1.349187304898485538e-05
-1.420687704451385977e-05
-1.560369269289457983e-05
-1.668417431416697059e-05
-1.720181442453135140e-05
-1.856107325964244625e-05
-1.887742574155407726e-05
-2.042119083028430684e-05
-2.132939306353115764e-05
-2.265283377828678218e-05
-2.448870516792457845e-05
-2.558562960607357192e-05
-2.668614946884053160e-05
-2.722941832244209180e-05
-3.109655846676236568e-05
-3.297643319466205095e-05
-3.494621762183576779e-05
-3.707141183757380059e-05
-3.994056171477656055e-05
-4.237579820903139680e-05
-4.707185547122432634e-05
-5.017711884400282612e-05
-5.321887999428185500e-05
-5.895616627205104836e-05
-6.771018169283146216e-05
-7.798716748370435200e-05
-8.258194497256542209e-05
-9.566227601330856971e-05
-9.620202294751595588e-05
-1.013895523136839792e-04
-1.067189532184657390e-04
-1.210065550487642879e-04
-1.244162364529184119e-04
-1.598030062324016945e-04
