9.740239146711118443e-03
9.242258964857306622e-03
7.177492831453944483e-03
3.099179521530991653e-03
2.105758433889363349e-03
2.067806763783117639e-03
1.924511811694670739e-03
1.307409592259434900e-03
1.132040238474814288e-03
1.078615426329550004e-03
1.042669053855432675e-03
9.691577623197239521e-04
9.313336809272881964e-04
9.000168474146847666e-04
8.689766697354666660e-04
8.424275154408692162e-04
7.924227565300355405e-04
7.648876880387531522e-04
7.531114685219541909e-04
7.076750157148528706e-04
6.770560538965582137e-04
6.606452765049814152e-04
6.213597982304225548e-04
6.149778908264430521e-04
5.872701052665526156e-04
5.730579086728112290e-04
5.543573232271078446e-04
5.335337739789620731e-04
5.260245413657237785e-04
5.073838975880101340e-04
5.032872979110555737e-04
4.860311444560973075e-04
4.697067465124736552e-04
4.503606348819892300e-04
4.414035941010585390e-04
4.412107276163505115e-04
4.257367558081780515e-04
4.183239751806218680e-04
3.998614435954837495e-04
3.970329715047213044e-04
3.835782791071346812e-04
3.773168498324603074e-04
3.671521141721461137e-04
3.558956455908822468e-04
3.510215999684476165e-04
3.459813279067406938e-04
3.440397507322074419e-04
3.333282082777321150e-04
3.246155856808404091e-04
3.175001721981415078e-04
3.075990826223151111e-04
3.054486170648367210e-04
3.003728834959910779e-04
2.935734988419605668e-04
2.890766738189848024e-04
2.765694855040567177e-04
2.708449013299923155e-04
2.680198768191099229e-04
2.649230910023869659e-04
2.573769324109016592e-04
2.527843543615900228e-04
2.479635701829847817e-04
2.431703419093364190e-04
2.357339727329260692e-04
2.325433581344317371e-04
2.279590312870982823e-04
2.216835770238856753e-04
2.215280320033197507e-04
2.156367458907637927e-04
2.110233412862300595e-04
2.062800044416137810e-04
2.056557883950532436e-04
2.005370516682737799e-04
1.962242715034645914e-04
1.916583155161415478e-04
1.899542699856509329e-04
1.853674200659862295e-04
1.820969390911736927e-04
1.801977634911208802e-04
1.776697725345999939e-04
1.764507311686742508e-04
1.734655697396585616e-04
1.695552975756822202e-04
1.652649657643591181e-04
1.630378946661366845e-04
1.593279380427037491e-04
1.579821683509093099e-04
1.554120522573420714e-04
1.509801578172007355e-04
1.493752186626478423e-04
1.479124874117606269e-04
1.440152848414309554e-04
1.410598696738442435e-04
1.407037769571939736e-04
1.393054339267155454e-04
1.337874438768137618e-04
1.314774180440151914e-04
1.295033237818358119e-04
1.280576962110446229e-04
1.269614328951789383e-04
1.253578471730364878e-04
1.241184358444317461e-04
1.214020881090420629e-04
1.182724367610211031e-04
1.159737215804839994e-04
1.156758175505721690e-04
1.141644767866916571e-04
1.126327059717148861e-04
1.084458334792407668e-04
1.072594137874479341e-04
1.065972354255004880e-04
1.057146317219839662e-04
1.041176840491742442e-04
1.024397824446096459e-04
9.973708371281883296e-05
9.723995493195829154e-05
9.632679576672273846e-05
9.562635544844839378e-05
9.359839701858609160e-05
9.259075562567301411e-05
9.224551544289670676e-05
9.028906326981747459e-05
8.831774581206038618e-05
8.745860077529781147e-05
8.613556863800740974e-05
8.480479367298042860e-05
8.291598053532264301e-05
8.168513545797829100e-05
8.005099119194685972e-05
7.913742639342000054e-05
7.809663725870968800e-05
7.739998788996695555e-05
7.648736022549441373e-05
7.519149528093070774e-05
7.416047065107061499e-05
7.255398396673474592e-05
7.159443849445677461e-05
7.005148681442138607e-05
6.962927753471018645e-05
6.806522618794244649e-05
6.637114572460892602e-05
6.558962256081862362e-05
6.520700077052661494e-05
6.379108954986574553e-05
6.174946384834975252e-05
6.169891387099739517e-05
6.004857777155366862e-05
5.905866274859052767e-05
5.870670649731680898e-05
5.801013319584819917e-05
5.706195126684801571e-05
5.583862345163067003e-05
5.559809610993902989e-05
5.428763163416696404e-05
5.316276777113332846e-05
5.273673497926510288e-05
5.191168008982097122e-05
5.123023500137396057e-05
5.092790097638551439e-05
4.986234975439799469e-05
4.910160625906975746e-05
4.863418852683510952e-05
4.733998050810052919e-05
4.614126605595725826e-05
4.589353590351880237e-05
4.508299841783764935e-05
4.478217573935756120e-05
4.451976028029760600e-05
4.289544276389840925e-05
4.265927841591656179e-05
4.232258557225245654e-05
4.201809813633737079e-05
4.103959062928703305e-05
4.043726236524285925e-05
3.986031388353982748e-05
3.936919971648132410e-05
3.806222814342728885e-05
3.791335282182678896e-05
3.723439439629519358e-05
3.623018846365872500e-05
3.550001774497692436e-05
3.514734961806838346e-05
3.450119978715049434e-05
3.418920124849015663e-05
3.354159061082621928e-05
3.275278237364415623e-05
3.258600689102797996e-05
3.246340108498255910e-05
3.210570858545756047e-05
3.153269470118283272e-05
3.055276066246687415e-05
3.040305382225477895e-05
3.007240866855927886e-05
2.943110446101802161e-05
2.865064734043696647e-05
2.817639675578117900e-05
2.787842324936756712e-05
2.749160158429733245e-05
2.713905488066690433e-05
2.694528258658340612e-05
2.641253978740643391e-05
2.533454192379230445e-05
2.531347735933390177e-05
2.517662235283589980e-05
2.456919009039571983e-05
2.427998756714096147e-05
2.410375572777141107e-05
2.372006954999405636e-05
2.347339636138287016e-05
2.298761201574723299e-05
2.223248661126061085e-05
2.185962059235118838e-05
2.150916755802365941e-05
2.133640378698418912e-05
2.092700715546788696e-05
2.057203142579880088e-05
2.011517309384591384e-05
2.008423515030025597e-05
1.984338484215524706e-05
1.937844557731331017e-05
1.914110961029771464e-05
1.891070122413706882e-05
1.840564980671485266e-05
1.813460037477913041e-05
1.791331955858789347e-05
1.773091771948494028e-05
1.737277348859455391e-05
1.697192118693648520e-05
1.681810549943237189e-05
1.673302467162119528e-05
1.645674629729655051e-05
1.615314450820359672e-05
1.605927365853128752e-05
1.588809916363183915e-05
1.569675949139357716e-05
1.530500939919878921e-05
1.507373646058127456e-05
1.497069318272370381e-05
1.474797374730496133e-05
1.427049538366189090e-05
1.405851682749897811e-05
1.390594916852844922e-05
1.363304594595668631e-05
1.343167262439508103e-05
1.303104804632137134e-05
1.284906779931020137e-05
1.271811615514480080e-05
1.259452405671040769e-05
1.224982368769781546e-05
1.212947573018962561e-05
1.186063722228176648e-05
1.157581514447052180e-05
1.134810418207096183e-05
1.122737778716025298e-05
1.098482846228189549e-05
1.079099793846441169e-05
1.062630555617302644e-05
1.042841409003030858e-05
1.026174394583253513e-05
1.013953223559500360e-05
9.936723512956556674e-06
9.823341003832775068e-06
9.611182620637143730e-06
9.377465974617104187e-06
9.276622830957483777e-06
9.128223013919114240e-06
9.070718416290100448e-06
9.029106971786991507e-06
8.870100996685615372e-06
8.695718968254218949e-06
8.607904194534201617e-06
8.509407282281233735e-06
8.278879652940941727e-06
8.081533122067526440e-06
7.895918255478566748e-06
7.756516449323841062e-06
7.607869496155661708e-06
7.382294887386154073e-06
7.247382959432127381e-06
7.154595529920835196e-06
7.136720006667776786e-06
6.873156431552212683e-06
6.689529995353848579e-06
6.554709984055018929e-06
6.458016442429898839e-06
6.377296879135916731e-06
6.293489694483534751e-06
6.169783401680436837e-06
6.091959345745087963e-06
5.842406809741826996e-06
5.676576655015451273e-06
5.631741245949603786e-06
5.443805729739812346e-06
5.420812815279865880e-06
5.376028167066091512e-06
5.214489872826098006e-06
5.183250471599246591e-06
5.096692327879297766e-06
4.979484664345686628e-06
4.819342913879214151e-06
4.649297787441308633e-06
4.585057339913084456e-06
4.386055415216970850e-06
4.337290206831817915e-06
4.286059712364369751e-06
4.206757466970730863e-06
4.127545403339446262e-06
4.065968414715306297e-06
3.870252723338144607e-06
3.798944606906102466e-06
3.743110672757867867e-06
3.697491868512527676e-06
3.653407453850959231e-06
3.551400273412629594e-06
3.469970611572637506e-06
3.389103861435917681e-06
3.312665424314879416e-06
3.277166983297734117e-06
3.196244732002389531e-06
3.110631845403403806e-06
3.042489355351963066e-06
2.969793600929857102e-06
2.851661981645479544e-06
2.826799944412078130e-06
2.696719236714559381e-06
2.573101323147655856e-06
2.555066593984949126e-06
2.493142332717185058e-06
2.415565411382863763e-06
2.376755307698519728e-06
2.350574217507457817e-06
2.281504584412172367e-06
2.158738292684133865e-06
2.080809456535608626e-06
2.032943267557888917e-06
1.975106142627778882e-06
1.880783884945307448e-06
1.832355828826157911e-06
1.759198956158756898e-06
1.710955199615091203e-06
1.675358319716480373e-06
1.659980544689282517e-06
1.622195851107759523e-06
1.594349296541070267e-06
1.469736389537905369e-06
1.442242442872722550e-06
1.349933078003962963e-06
1.322720151261147027e-06
1.284022602288045566e-06
1.273964713154820898e-06
1.176589076270202305e-06
1.136126155629798350e-06
1.080946519792538421e-06
1.060164740125075453e-06
9.900674699500701656e-07
9.720592143016805693e-07
9.373176719589273234e-07
9.089127016674236422e-07
8.705010246927225777e-07
8.317698219454247464e-07
7.894662924257352074e-07
7.626232957621795396e-07
7.181074477725048141e-07
6.686025141846659464e-07
6.386148521801887866e-07
5.763711397515294742e-07
5.342604637807664426e-07
5.143202928352976394e-07
4.962056182609246419e-07
4.404498291612444924e-07
4.266256246247849062e-07
3.855784769698728081e-07
3.529137746777126827e-07
3.251146860508449351e-07
3.225864954133465426e-07
2.686469891188796414e-07
2.037248984470915513e-07
1.863973129613146771e-07
1.756061790087388969e-07
1.582023280740652241e-07
1.027144121012766340e-07
9.605407815898382200e-08
8.107980575608670486e-08
4.365188995656287071e-08
1.250106189142148733e-08
6.441365291064055327e-10
2.654892448752664118e-20
-7.392328692694926781e-20
-6.140873984450354179e-09
-3.610818301568809266e-08
-3.842858591307000116e-08
-7.600622206068544762e-08
-9.566236092840537311e-08
-1.384600318131469346e-07
-1.478314410820461329e-07
-1.729428688488963269e-07
-2.172651507604911627e-07
-2.553254466868932108e-07
-2.795216292614020279e-07
-2.936488806904361952e-07
-3.035819158992361512e-07
-3.491331915743232634e-07
-4.099503027461633655e-07
-4.381284806306584983e-07
-4.970409351863082976e-07
-5.401138083281819955e-07
-5.717441516595158730e-07
-5.938938847027222369e-07
-6.663209413276595805e-07
-6.999723445575199644e-07
-7.804390016935581955e-07
-7.998936118095915176e-07
-9.120717900006239146e-07
-9.304132803420498155e-07
-1.027414034783646701e-06
-1.037644111212127387e-06
-1.102267181373494812e-06
-1.121021320772742003e-06
-1.186166471156389384e-06
-1.294673575596508378e-06
-1.327163253047543088e-06
-1.405413125858398425e-06
-1.454021748126191691e-06
-1.509940508068125930e-06
-1.609179829182065261e-06
-1.649081640199373676e-06
-1.816358380512066879e-06
-1.837250288976531424e-06
-1.880457191040540975e-06
-1.980085923902252056e-06
-2.076901267923334958e-06
-2.116759228862533771e-06
-2.189883281351386334e-06
-2.333440370173409331e-06
-2.502209540403462369e-06
-2.525541044628553104e-06
-2.603199145433160883e-06
-2.643181987897932365e-06
-2.745808148504578744e-06
-2.812209951157173887e-06
-2.902808699235497053e-06
-3.069751977465428505e-06
-3.192303740536515254e-06
-3.269830715694559126e-06
-3.330249713176122843e-06
-3.548784479825887974e-06
-3.586835571996206967e-06
-3.694097283783367319e-06
-3.789065699828291122e-06
-3.903492459028844697e-06
-4.048770095976231449e-06
-4.160936316166379577e-06
-4.275116290913033289e-06
-4.371994721869429810e-06
-4.632668052204498601e-06
-4.773300925303519401e-06
-4.898871231441871834e-06
-5.050593310830996979e-06
-5.124302669583990731e-06
-5.455051799549057597e-06
-5.511703389217477833e-06
-5.652870123785002028e-06
-5.725561764265734219e-06
-5.993093811291626615e-06
-6.048648669213205218e-06
-6.194127269000442407e-06
-6.358003029029006457e-06
-6.446902765967356336e-06
-6.668441965216768486e-06
-6.840883682862193042e-06
-6.884635187893861127e-06
-7.173914648231255903e-06
-7.358795262059042990e-06
-7.526603340109020668e-06
-7.860518816215736777e-06
-7.890097574373313623e-06
-8.047118984073151291e-06
-8.300452378338846451e-06
-8.356520393442850130e-06
-8.582425091335423191e-06
-8.853634444262234026e-06
-9.264218035798733913e-06
-9.603180723112858958e-06
-9.713752367020989234e-06
-9.795910999273942603e-06
-9.979317356388805240e-06
-1.030973603658070928e-05
-1.045105517211809185e-05
-1.076755458676727066e-05
-1.103594053720113270e-05
-1.121813459656948898e-05
-1.193356086870755913e-05
-1.213278422095457992e-05
-1.264601956826499465e-05
-1.273262213855183976e-05
-1.290515886379587478e-05
-1.333363622361002584e-05
-1.361129074744838708e-05
-1.391779650818352198e-05
-1.400887872300101203e-05
-1.455897133007139539e-05
-1.461520558810578065e-05
-1.500252594017627561e-05
-1.530327876304222356e-05
-1.576584378416479821e-05
-1.580607595221074875e-05
-1.634104952614440746e-05
-1.656388143527597818e-05
-1.720309354869881105e-05
-1.752473351042585758e-05
-1.796031729991982948e-05
-1.804449356970603632e-05
-1.864423478463229751e-05
-1.901836318306633693e-05
-1.925228932215285250e-05
-2.008693405809166971e-05
-2.020103223486844937e-05
-2.053532489520027747e-05
-2.130287066956157777e-05
-2.177440958343751113e-05
-2.215221906573977176e-05
-2.263253148772511030e-05
-2.317393545701985311e-05
-2.421905277266844718e-05
-2.452695121547671494e-05
-2.471251959012863323e-05
-2.547236270708223989e-05
-2.588928298996798211e-05
-2.660533098918718974e-05
-2.697772900715848573e-05
-2.757363649484108781e-05
-2.804719217093219695e-05
-2.870941054086001759e-05
-2.923144150418063229e-05
-3.002434471819242264e-05
-3.022648244941390642e-05
-3.110094918668547174e-05
-3.176364036693386436e-05
-3.266732548612363303e-05
-3.308113958821477704e-05
-3.363523692831694404e-05
-3.399263924723838407e-05
-3.460657904907263446e-05
-3.559276120259245512e-05
-3.663930634542541262e-05
-3.766402622888574616e-05
-3.805876975852624160e-05
-3.858543179240872393e-05
-3.963578777181125327e-05
-4.078075448299739903e-05
-4.209319430618303949e-05
-4.231260454089240039e-05
-4.433715074084494255e-05
-4.474233622497593389e-05
-4.516620991061006725e-05
-4.619972718280900004e-05
-4.720040880298926499e-05
-4.807631131992445519e-05
-4.871081552660614544e-05
-5.016152719882956427e-05
-5.196991697799858187e-05
-5.237276503747630054e-05
-5.314418669181278430e-05
-5.435509095887765436e-05
-5.446117160842853678e-05
-5.624444944371717988e-05
-5.721166404124477991e-05
-5.801326095669019135e-05
-5.955830251688117570e-05
-6.029225860233637451e-05
-6.233921562443567918e-05
-6.323323827330646317e-05
-6.470618024441470361e-05
-6.535508922645715565e-05
-6.776739347026669385e-05
-6.804061876282075847e-05
-7.003724932060549581e-05
-7.172866876747800247e-05
-7.327289681774959201e-05
-7.409984383126457094e-05
-7.730248198488047344e-05
-8.038371028034794422e-05
-8.071104721174594007e-05
-8.160797328434980888e-05
-8.260078150151698492e-05
-8.507013439989295875e-05
-8.728794977188859784e-05
-8.950175583906095885e-05
-9.099330711678244585e-05
-9.394442794403108968e-05
-9.596086839529407834e-05
-9.756659151578059178e-05
-9.976266686385455381e-05
-9.988585404244083594e-05
-1.053434568698589317e-04
-1.065517412136602498e-04
-1.070658222019546242e-04
-1.074185887939152966e-04
-1.135114522631842373e-04
-1.156779583080684489e-04
-1.165332642570267465e-04
-1.194128420990845702e-04
-1.219770992972602213e-04
-1.254623257496757815e-04
-1.286274408474365996e-04
-1.308778856788308132e-04
-1.339444344842035696e-04
-1.374779102291083391e-04
-1.428603600955183155e-04
-1.448009974537091426e-04
-1.475450431062637954e-04
-1.478673792601526468e-04
-1.514198157802400398e-04
-1.564190409428125976e-04
-1.607446405928223223e-04
-1.629970278752268509e-04
-1.655472999355332708e-04
-1.719611600334492905e-04
-1.759947260691407196e-04
-1.790324881389597034e-04
-1.804540836013713537e-04
-1.892627508320174551e-04
-1.909741390329767867e-04
-1.922937495737859993e-04
-1.988258301262275723e-04
-2.052863385134657387e-04
-2.122521256972881765e-04
-2.126916528981707358e-04
-2.179419683245693515e-04
-2.270931804569220451e-04
-2.310453890229167257e-04
-2.374429079962120533e-04
-2.401398294069759872e-04
-2.467045517276314514e-04
-2.493777846181471545e-04
-2.554487979951337016e-04
-2.672502157717267842e-04
-2.723447300131664464e-04
-2.765372695251917009e-04
-2.885689378996276512e-04
-2.959130296489688515e-04
-3.071370765387384247e-04
-3.177777206100425474e-04
-3.220665793887738586e-04
-3.294789773465474077e-04
-3.407279832826796495e-04
-3.447289251733428673e-04
-3.512274900992118820e-04
-3.717902465764658321e-04
-3.850560435846612107e-04
-3.927785419237912550e-04
-4.066145200932648083e-04
-4.151933864936744743e-04
-4.265718945902885581e-04
-4.387746581978840105e-04
-4.505161693819371678e-04
-4.602558607458827897e-04
-4.899817327857554795e-04
-5.132974564202901413e-04
-5.223434209007831765e-04
-5.557372481494112252e-04
-5.887444165716602907e-04
-5.993406472606898879e-04
-6.481638287991054034e-04
-6.703739197221444046e-04
-6.905482961823900586e-04
-7.254381459307652092e-04
-7.420067449183490342e-04
-8.169376258443988761e-04
-8.698317759241854180e-04
-9.302434413026006675e-04
-9.656052460620713485e-04
-1.073650396579683367e-03
-1.189847554107471448e-03
-1.289664287296559634e-03
-1.526622488142297465e-03
