-3.551597172749089149e-01
-1.296835737810188016e-01
-1.123759127795602164e-01
-6.937433946891419234e-02
-4.937283732204134079e-02
-4.513549887575602632e-02
-3.431527331327982600e-02
-3.089217279409380013e-02
-2.809176245930872923e-02
-2.711520469777081027e-02
-2.534058585175178596e-02
-2.142945772962501910e-02
-1.932982278037672849e-02
-1.808969662791623870e-02
-1.631411703424069659e-02
-1.485331263256104740e-02
-1.350831454869982733e-02
-1.271255670925187757e-02
-1.112922723890348055e-02
-1.069815255007306593e-02
-9.574318738051075181e-03
-9.266192193795147816e-03
-8.407460019451048691e-03
-8.173951286937718858e-03
-7.483501647902932735e-03
-7.261353777055890892e-03
-7.171321599415084874e-03
-6.763953288079427133e-03
-6.515952961020464798e-03
-6.265852249039678343e-03
-5.515718533499349915e-03
-5.436376439099975706e-03
-5.339101733377417565e-03
-5.228620533709300508e-03
-5.065604816640982729e-03
-4.743882762223835745e-03
-4.525075618334229235e-03
-4.373325106892399401e-03
-4.268202669533942631e-03
-4.139160659572709185e-03
-3.992604509390092898e-03
-3.701703337681571272e-03
-3.573810213022309175e-03
-3.519742851929011027e-03
-3.417586415514092986e-03
-3.329889163626965649e-03
-3.293197047225927040e-03
-3.236877578335424239e-03
-3.053627038914342399e-03
-2.915462666671559712e-03
-2.836557847487763094e-03
-2.787328622120330453e-03
-2.717642266660791686e-03
-2.559049406065626742e-03
-2.527610312151825234e-03
-2.501748818274386436e-03
-2.449897593831641771e-03
-2.409713007678956822e-03
-2.388236419603503163e-03
-2.314266389413558844e-03
-2.158044265735982719e-03
-2.129314425506758073e-03
-2.044007053084842540e-03
-2.007642135212981457e-03
-1.999624506003509251e-03
-1.965908958037350125e-03
-1.927038769573122517e-03
-1.904167583176446599e-03
-1.834654585946471047e-03
-1.793133864799752999e-03
-1.762472917124454025e-03
-1.684955795020546491e-03
-1.675941367084226750e-03
-1.649193648089189923e-03
-1.588894583726297317e-03
-1.574710162617472655e-03
-1.538797090983367059e-03
-1.522324608990506057e-03
-1.489429940690636511e-03
-1.473369855154909105e-03
-1.442402663823036868e-03
-1.416854228765854077e-03
-1.407067812746556380e-03
-1.370954570797818265e-03
-1.354931720543344799e-03
-1.333004577563924251e-03
-1.320011687059012171e-03
-1.284575744177640557e-03
-1.237427228426820139e-03
-1.207413961803647422e-03
-1.194791220535885946e-03
-1.171625833125104202e-03
-1.159742962970897531e-03
-1.145821495556136700e-03
-1.123513638983850019e-03
-1.099802423617851936e-03
-1.094525090754187207e-03
-1.075151826942138348e-03
-1.060889231711531879e-03
-1.008239008538351850e-03
-9.986191599715764193e-04
-9.867403036069180913e-04
-9.753109527813462899e-04
-9.706027591933572571e-04
-9.258734429931639786e-04
-9.237970146225106321e-04
-9.039006693147196578e-04
-8.925709348364378347e-04
-8.857869103393134318e-04
-8.729501174270554338e-04
-8.705724467850926591e-04
-8.598074090057263984e-04
-8.526922450894730771e-04
-8.490473930779851098e-04
-8.345358359120310732e-04
-8.160400958286192098e-04
-7.813742891288401630e-04
-7.717319965987709572e-04
-7.533452976410195696e-04
-7.521853115265642519e-04
-7.385084125600359633e-04
-7.246846929068156539e-04
-7.171149559709968403e-04
-7.073724469890869688e-04
-7.009720876460037459e-04
-6.911921602047945042e-04
-6.710200896931407550e-04
-6.681750699954356817e-04
-6.652510335563070970e-04
-6.561768051713029633e-04
-6.376440343931903719e-04
-6.275687134151736223e-04
-6.204660255901594049e-04
-6.159075037173145604e-04
-5.980863864387703666e-04
-5.944460565563551872e-04
-5.876902962171402052e-04
-5.728837800354786430e-04
-5.692513150518220891e-04
-5.616808444709800712e-04
-5.532291449664146574e-04
-5.529740837760035175e-04
-5.496082522743497801e-04
-5.439923467176085948e-04
-5.388145904285827426e-04
-5.343452593578710977e-04
-5.242775485160911311e-04
-5.219552105815758848e-04
-5.098239136310941336e-04
-4.958327398333822527e-04
-4.871415850625358704e-04
-4.756752434671662430e-04
-4.706741260151560196e-04
-4.663727869800133284e-04
-4.636999728641176413e-04
-4.514647543444346269e-04
-4.430754535191419683e-04
-4.421255880204551084e-04
-4.388864601584003015e-04
-4.344021373900382762e-04
-4.267939932877380486e-04
-4.254527499166498744e-04
-4.175930756751111000e-04
-4.085873032903426252e-04
-4.043840807560762879e-04
-4.020615854330395009e-04
-3.963134008387566892e-04
-3.848985937508410285e-04
-3.834872629776222186e-04
-3.762048549701912611e-04
-3.735345908704172289e-04
-3.688688612720471228e-04
-3.665068001223721161e-04
-3.597445870986983821e-04
-3.565740620427099638e-04
-3.505672062843420179e-04
-3.490592625112999494e-04
-3.452387562552567042e-04
-3.405330905491507111e-04
-3.397019126764589639e-04
-3.362594249223455132e-04
-3.331782659167211520e-04
-3.281041587862381335e-04
-3.238263271671525134e-04
-3.182217142452044723e-04
-3.170929806976459137e-04
-3.115826254462930362e-04
-3.052506453677967667e-04
-2.988177640163498013e-04
-2.943549892516317094e-04
-2.902903119049176522e-04
-2.865719013945982360e-04
-2.832117876376525375e-04
-2.813991832122597018e-04
-2.784076777410064295e-04
-2.720644663168483380e-04
-2.707191034791212622e-04
-2.678910514882284219e-04
-2.673656603475149901e-04
-2.651619514412408203e-04
-2.600519370251518276e-04
-2.539618735430635441e-04
-2.518624129548840962e-04
-2.492029310684771085e-04
-2.487979819936867614e-04
-2.452953659561992925e-04
-2.427282683233952386e-04
-2.397158481670654353e-04
-2.366060875646781283e-04
-2.314724065317644514e-04
-2.307057240894149408e-04
-2.302751025171044519e-04
-2.267511643991778085e-04
-2.243656725260724267e-04
-2.215626497747486185e-04
-2.195766021411189211e-04
-2.176067846213223579e-04
-2.139459100787079225e-04
-2.123088724699125334e-04
-2.113954901565337334e-04
-2.087698797192583295e-04
-2.077568880848191656e-04
-2.023690969534890332e-04
-2.020567730354100625e-04
-1.998770350806759917e-04
-1.987542751924754577e-04
-1.975538159333534312e-04
-1.942459845209448116e-04
-1.921448973990997960e-04
-1.898923659778987744e-04
-1.860073498046332539e-04
-1.825637368976554785e-04
-1.806811056329222500e-04
-1.778952741099804448e-04
-1.751794223108096111e-04
-1.722001596608412001e-04
-1.710286573390421558e-04
-1.700898991383414764e-04
-1.691734007986803515e-04
-1.686152784008637477e-04
-1.653465892533559063e-04
-1.646913214124515711e-04
-1.633722990175984224e-04
-1.628527256357836437e-04
-1.576604899201999269e-04
-1.541245158415707154e-04
-1.520460548265173233e-04
-1.516719453999126302e-04
-1.492395289739652557e-04
-1.487902218460697976e-04
-1.482450644844885508e-04
-1.459455237377901967e-04
-1.442562552277663261e-04
-1.422871216286261719e-04
-1.401231609581955024e-04
-1.388061774618325271e-04
-1.378069067980767603e-04
-1.376931622617434681e-04
-1.370601549896628061e-04
-1.351905144460626112e-04
-1.329185982910259512e-04
-1.319063810527313545e-04
-1.298357304754545042e-04
-1.289078945964831186e-04
-1.274709480702077599e-04
-1.254710626127061358e-04
-1.241186021414912295e-04
-1.233637766446987521e-04
-1.232072881382661642e-04
-1.228138490893890950e-04
-1.203101615494864534e-04
-1.192777177171640783e-04
-1.161430498962014445e-04
-1.148881671474105925e-04
-1.139208891261430387e-04
-1.127660596938195598e-04
-1.108042047742574651e-04
-1.099574100590676792e-04
-1.089216960598219866e-04
-1.080605972357319850e-04
-1.050807363021642217e-04
-1.044783147285878076e-04
-1.019770846389945465e-04
-1.012279858181488589e-04
-9.987813809902854533e-05
-9.902351857017200958e-05
-9.879311685734228510e-05
-9.685715424810685233e-05
-9.591256836961572141e-05
-9.580788691707202442e-05
-9.456192368211597426e-05
-9.341112036399615846e-05
-9.271740838161120202e-05
-9.148244450364822024e-05
-9.131927194939861261e-05
-9.082782990509668717e-05
-8.936170750602136659e-05
-8.765730586857671406e-05
-8.626581135098150522e-05
-8.541647177504768131e-05
-8.511267919854155993e-05
-8.415322223603132737e-05
-8.310703224634088092e-05
-8.216514868221117950e-05
-8.115834138725269329e-05
-8.024554261770126123e-05
-7.944810267991281956e-05
-7.915234981929351789e-05
-7.872273141504229773e-05
-7.761271409712312342e-05
-7.632680944484020321e-05
-7.522607302236029500e-05
-7.467943409119726756e-05
-7.402520579966501255e-05
-7.220025728209916933e-05
-7.142795451333395205e-05
-7.109715530845178212e-05
-6.987486955150824699e-05
-6.897486646727475428e-05
-6.825642321923920013e-05
-6.697004771879032207e-05
-6.617099138645419728e-05
-6.564960571704639306e-05
-6.506883125166600535e-05
-6.465810936104668394e-05
-6.423828399537312060e-05
-6.321827339797269447e-05
-6.243914420314160469e-05
-6.201604024931777826e-05
-6.023445325563271945e-05
-6.007670347681327931e-05
-5.900740703793722948e-05
-5.887121906542266834e-05
-5.771639404925456486e-05
-5.757342205880946388e-05
-5.701140913005862151e-05
-5.626188285793390375e-05
-5.607823655507321255e-05
-5.486821143336308360e-05
-5.401409438163054397e-05
-5.360044888481393092e-05
-5.315169877372794710e-05
-5.234816668753371086e-05
-5.226175475592670258e-05
-5.144512465229804534e-05
-5.084056753261708751e-05
-5.014163583103646940e-05
-5.004739224711748089e-05
-4.904263070763718142e-05
-4.866662798627060811e-05
-4.848743280140929311e-05
-4.794394354144358993e-05
-4.717702606287206091e-05
-4.701197428457075974e-05
-4.640870472353965604e-05
-4.589706649038097501e-05
-4.541646359031765756e-05
-4.489372866695295330e-05
-4.457168747037718563e-05
-4.397607750341802436e-05
-4.381550023039049597e-05
-4.357126470542355552e-05
-4.315334109331513747e-05
-4.256198279341779543e-05
-4.207935983653020984e-05
-4.185535205671651415e-05
-4.132873980332152358e-05
-3.980083073137156958e-05
-3.972193419699283603e-05
-3.942319606855014058e-05
-3.933422627213216155e-05
-3.862169543434225557e-05
-3.803484767897076074e-05
-3.796952333569771635e-05
-3.701067508348654834e-05
-3.692297151876555830e-05
-3.677277073120598859e-05
-3.619187846332622393e-05
-3.543121432374307921e-05
-3.505319129390612170e-05
-3.461601602823445996e-05
-3.437818244566650009e-05
-3.394496887471234434e-05
-3.329694735247833252e-05
-3.307099491993658436e-05
-3.280468804479798865e-05
-3.262551672400483202e-05
-3.230513443286193358e-05
-3.168804670305765944e-05
-3.164976220465865652e-05
-3.114196478513271037e-05
-3.019822366106814565e-05
-2.991017018133852062e-05
-2.956738655947584540e-05
-2.915349412612623303e-05
-2.905989239450008693e-05
-2.870050543533540327e-05
-2.859779959034225512e-05
-2.822470062803906802e-05
-2.807048937901439757e-05
-2.788350354739667505e-05
-2.759005298653010948e-05
-2.699246672612437759e-05
-2.696156669563379020e-05
-2.684132610960607466e-05
-2.648409770376806922e-05
-2.634050351580190705e-05
-2.581820091004667544e-05
-2.540301505055498688e-05
-2.530246215043226857e-05
-2.515191915169199735e-05
-2.486454521679760712e-05
-2.456169789061545287e-05
-2.440490595463104897e-05
-2.416069599083775946e-05
-2.391928781138992377e-05
-2.363357713240622920e-05
-2.326734407905923333e-05
-2.290212955707903245e-05
-2.267901592921519943e-05
-2.256896222157111991e-05
-2.235350039252182575e-05
-2.190973898804392462e-05
-2.154014462593242257e-05
-2.113881107480738343e-05
-2.109881356845056774e-05
-2.060910706632902039e-05
-2.042203667543808252e-05
-2.005175993013780055e-05
-1.999662421423518808e-05
-1.977960468947305929e-05
-1.956857023671340181e-05
-1.925714358075141642e-05
-1.909780056942483973e-05
-1.885631590623460281e-05
-1.864737316780202430e-05
-1.852511291465370438e-05
-1.821173014834414201e-05
-1.771171996305746427e-05
-1.746324634855128455e-05
-1.732122599065005449e-05
-1.720275385686099477e-05
-1.709570784106915646e-05
-1.689147020361309726e-05
-1.675439649012817368e-05
-1.650079363245861777e-05
-1.630970255807344713e-05
-1.608653813482633030e-05
-1.591106760635035869e-05
-1.578657405315505232e-05
-1.536236371115171445e-05
-1.501222819027300211e-05
-1.493933547928025939e-05
-1.475542957897353704e-05
-1.457901531409378090e-05
-1.439360815989719867e-05
-1.408342140445695040e-05
-1.397077987362712146e-05
-1.387377621236206820e-05
-1.355324433251874286e-05
-1.342399342220108710e-05
-1.335948555843507516e-05
-1.302605626897476538e-05
-1.291725428358629699e-05
-1.282799878033487369e-05
-1.272544201861210742e-05
-1.261886066178227720e-05
-1.222421580313076033e-05
-1.214594102438466285e-05
-1.209737396021136011e-05
-1.194383192613837456e-05
-1.177936795489105901e-05
-1.172690061051634345e-05
-1.150988652668061061e-05
-1.123354950611576474e-05
-1.108359292367724510e-05
-1.100340414740782718e-05
-1.084235730178391942e-05
-1.080878055939924480e-05
-1.074090249985321693e-05
-1.052028106331588517e-05
-1.043917823881399864e-05
-1.023831698270581462e-05
-1.015317528123052007e-05
-9.883428949868338346e-06
-9.747666857372781974e-06
-9.656258940385747179e-06
-9.572553689975832439e-06
-9.353554750749757223e-06
-9.206839367906100645e-06
-9.009505552169264829e-06
-8.915304876920118667e-06
-8.621021098382981930e-06
-8.561878503610443705e-06
-8.468697172148957760e-06
-8.298871076946682108e-06
-8.210173451947567409e-06
-8.137525476509973230e-06
-8.047148285662304514e-06
-7.923239713387228913e-06
-7.862577864009730788e-06
-7.684673023184979672e-06
-7.525063739252575937e-06
-7.451998849191436572e-06
-7.350938783848090863e-06
-7.148210348632824530e-06
-7.012734541849449153e-06
-6.813254205234304831e-06
-6.643193692362290149e-06
-6.506245332222168455e-06
-6.461042949085737841e-06
-6.372957998501088713e-06
-6.146363057870591752e-06
-6.108469376178820431e-06
-5.952385185583268485e-06
-5.927054732513325767e-06
-5.893199320889201461e-06
-5.738383970507924219e-06
-5.651194316818930427e-06
-5.629703046066542807e-06
-5.515480830082717095e-06
-5.431913506866519899e-06
-5.299444897634554046e-06
-5.244731221646732964e-06
-5.113726280582075421e-06
-5.014921065835455398e-06
-4.969538139634247248e-06
-4.837220207568382152e-06
-4.672345013499950875e-06
-4.602802332609042727e-06
-4.530953856520425317e-06
-4.491586088710933227e-06
-4.449714324100003900e-06
-4.294715977685239891e-06
-4.193139207261872260e-06
-4.138835723733634048e-06
-3.956508221683703193e-06
-3.916964332892958797e-06
-3.850524383432576189e-06
-3.822749578472885690e-06
-3.643645560458926931e-06
-3.637981145404307719e-06
-3.564857266634979674e-06
-3.428633498008108488e-06
-3.400860507135158837e-06
-3.304018610424933985e-06
-3.231560868826840567e-06
-3.156491565710732617e-06
-3.039787570527198081e-06
-3.012243814476840212e-06
-3.001219544240813072e-06
-2.905811364653664560e-06
-2.835852470143143048e-06
-2.722828992701279468e-06
-2.687657495470141600e-06
-2.643468576307913962e-06
-2.545184534998331892e-06
-2.464642851737110297e-06
-2.431444415689075273e-06
-2.363769604983448440e-06
-2.320325858835822078e-06
-2.250959389298759202e-06
-2.170776416375301700e-06
-2.141778655906777725e-06
-2.075697266137624557e-06
-2.050740309059567289e-06
-1.993035820609378944e-06
-1.957501130263300584e-06
-1.911671170945492984e-06
-1.799820299492084802e-06
-1.781364937312348878e-06
-1.694189189218891818e-06
-1.649168662815200450e-06
-1.591134302671334831e-06
-1.576877837939818271e-06
-1.490350021381188144e-06
-1.463677820208342650e-06
-1.395821299327961537e-06
-1.302804873664225914e-06
-1.244144060903741624e-06
-1.162188856554570138e-06
-1.121221356031982614e-06
-1.107317030730617075e-06
-1.088475308999533437e-06
-1.030327098398272295e-06
-9.971794774744525303e-07
-9.667594795787514328e-07
-9.096384559448006582e-07
-8.060270249227620102e-07
-7.807801296163245971e-07
-7.055313850896660476e-07
-6.540059286822802912e-07
-5.636173233431815833e-07
-5.483231676935442008e-07
-4.547461815566559008e-07
-4.273869460695269029e-07
-3.597301654971910508e-07
-2.844417682165275409e-07
-2.564835835814005083e-07
-2.066109660643133112e-07
-1.806745954011359390e-07
-1.605194156406207650e-07
-1.325640374010520186e-07
-1.134314655657934558e-07
-6.940454008055122265e-08
-6.699148368646548996e-08
-3.141990541398060874e-08
-1.389913000341648853e-08
-9.026409219275307942e-20
1.536286046413782593e-19
1.478493468814235433e-09
5.655436759070837226e-09
1.610848183538105170e-08
3.454804919944167479e-08
4.512330765692036118e-08
6.163025873803846763e-08
7.632446551720764328e-08
8.484596969230063211e-08
1.037102324144450830e-07
1.179885351805116605e-07
1.432497559268871110e-07
1.668195344853060030e-07
1.767845186395604619e-07
2.242690924892248933e-07
2.381731385866007784e-07
2.570547391506064557e-07
2.900637185811640541e-07
3.146042952580534982e-07
3.452064529376037974e-07
3.740702695261162347e-07
3.920077831120933548e-07
4.206538357590668151e-07
4.686045368454750856e-07
4.797271648088386477e-07
5.775856270369067523e-07
6.242595743681188209e-07
6.613516797103103734e-07
8.233440727207630066e-07
8.473333779148016966e-07
8.815643384387415471e-07
9.949997549988176088e-07
1.145809413802185573e-06
1.308551141270512000e-06
1.461324631669802926e-06
1.692225936795790135e-06
1.843523475456184985e-06
2.531797243424564575e-06
2.616989722499152156e-06
3.002826799636271865e-06
3.100905554605558952e-06
3.732750914000021279e-06
4.333968864246735673e-06
4.703204363561274497e-06
5.676494112650880039e-06
6.110036941383745748e-06
7.195671430998800398e-06
9.897529365424357796e-06
1.048982980178574495e-05
1.399693796760319753e-05
1.522097680812738209e-05
1.900115169343244957e-05
2.302057974041378329e-05
2.391761598369137326e-05
3.097594375806251768e-05
4.029312838513329634e-05
5.121195384649111218e-05
1.099228664901931636e-04
1.599188343963430848e-04
1.808202615668694484e-04
1.921378381645832240e-04
2.477351065654481558e-04
2.676523666882930702e-04
3.317929187297363009e-04
3.856973275684579851e-04
7.649476698739471987e-04
3.126287607583075594e-03
