1.168595936557144561e-02
9.269813389070956020e-03
6.464795451173791646e-03
3.468274520981514796e-03
2.741694318765246653e-03
1.918493714601795120e-03
1.436961694319889831e-03
1.080292235508731064e-03
1.015308547964405110e-03
9.362255498975770741e-04
8.624264879416772018e-04
8.271574805296642591e-04
6.091390175877971821e-04
5.960546557156513143e-04
5.908859277196483678e-04
5.276925708069520136e-04
4.810390184680245814e-04
4.551632854869876394e-04
4.227866240675005037e-04
4.140666343654536563e-04
3.275757154572656233e-04
2.978439439101882935e-04
2.542215279953282357e-04
1.995227816636349063e-04
8.076315531651176677e-05
7.326468258221613868e-18
3.711958296060853258e-18
3.534310938541059214e-18
2.898100766774065606e-18
2.853658294726790581e-18
2.790468109819494561e-18
2.739817640005455526e-18
2.596522839818205141e-18
2.564612638133226377e-18
2.489205574510534291e-18
2.401342295502038068e-18
2.359675946641808921e-18
2.340239548435347036e-18
2.287582853654445558e-18
2.260825084145957797e-18
2.223729303190285760e-18
2.194531617573384488e-18
2.176458389635401682e-18
2.138803536184670660e-18
2.119088651419738768e-18
2.067674064817656615e-18
2.026349511886190829e-18
1.964361184492168218e-18
1.958891385323667633e-18
1.905122101258422706e-18
1.890286767962251285e-18
1.872541856815720007e-18
1.838404241677691191e-18
1.821339832907704511e-18
1.795837993830067762e-18
1.747675971227238449e-18
1.745440696040006365e-18
1.724983853759504167e-18
1.707930412624200469e-18
1.694557943800821797e-18
1.671380377123684594e-18
1.650281661106846286e-18
1.625651497614915003e-18
1.605198089435023153e-18
1.583870217718090156e-18
1.559241512526851091e-18
1.536078185465190894e-18
1.533159499179029016e-18
1.504670353565733033e-18
1.501479670954544292e-18
1.482345137251915935e-18
1.461901535208226083e-18
1.447744377679864410e-18
1.435181597154599597e-18
1.416261483809076586e-18
1.407233531225424906e-18
1.379434828507719183e-18
1.362502304374067459e-18
1.347245968771461301e-18
1.339715753811510598e-18
1.314659623082919407e-18
1.308795456844877884e-18
1.294339483872345552e-18
1.287954022975049938e-18
1.260107230557436059e-18
1.235486660021302195e-18
1.230579887133294349e-18
1.228897112512920938e-18
1.218251091337654727e-18
1.209255845025817198e-18
1.182122856060300402e-18
1.176808406457053799e-18
1.168973360995175548e-18
1.154097827779121098e-18
1.146815796213280614e-18
1.136339881735807532e-18
1.114742017340132437e-18
1.107548725996959618e-18
1.103220496788935753e-18
1.091038653881624690e-18
1.088898279370410781e-18
1.074103163684993789e-18
1.062982167726808306e-18
1.052133401049216163e-18
1.043484552135788464e-18
1.037194654641795067e-18
1.020913132220439668e-18
1.017743006439471747e-18
1.002092090223842796e-18
9.852983320354651089e-19
9.758137619792725726e-19
9.679974682666890402e-19
9.635076948794528004e-19
9.512439100778539260e-19
9.463978733635953967e-19
9.333962044284905024e-19
9.273006160569847007e-19
9.253204104708641216e-19
9.124952885367052927e-19
9.073606538192031957e-19
8.941344406393686202e-19
8.839065682880777126e-19
8.720602313804824629e-19
8.654425119219366933e-19
8.593969286069908252e-19
8.542872530965249126e-19
8.466732110563614224e-19
8.308673988497690514e-19
8.225874371702553012e-19
8.180348649366088215e-19
8.053032640031057648e-19
7.970193087464669096e-19
7.909861701233871830e-19
7.899082651093723802e-19
7.753617235726442219e-19
7.682078814265846817e-19
7.574493264887585464e-19
7.554390764454948678e-19
7.535550853960670098e-19
7.438495685342968500e-19
7.404626239366564027e-19
7.359775638243937949e-19
7.281349619731419264e-19
7.249757355269376716e-19
7.104330228797417675e-19
7.026671048758967584e-19
6.930835569903548194e-19
6.922391073608209710e-19
6.828335693891966493e-19
6.807577140569729278e-19
6.724500032622902971e-19
6.704018208847577767e-19
6.641980361348559550e-19
6.526098764015165458e-19
6.441271213648532149e-19
6.398048471829191379e-19
6.328533814841416424e-19
6.302997069946756119e-19
6.293795937604570229e-19
6.256098644451779840e-19
6.179668169164599550e-19
6.046440359322284081e-19
5.929989047460803525e-19
5.899370759772122322e-19
5.867061874487907643e-19
5.845944876780754196e-19
5.756477708161298600e-19
5.743336112702911288e-19
5.671518618053500967e-19
5.626116078027971197e-19
5.560055309498433497e-19
5.504558307725019357e-19
5.414570506016040675e-19
5.401251227688408607e-19
5.340392865083301705e-19
5.301568099379319985e-19
5.211670938367489887e-19
5.169286342571171967e-19
5.124915504914334695e-19
5.090735324262395842e-19
5.063023042352311011e-19
5.009605654565728316e-19
4.939902522279117857e-19
4.886558422094135695e-19
4.873914165774151129e-19
4.831211516641378558e-19
4.804550848285243298e-19
4.783749588814985962e-19
4.751409606609835494e-19
4.701753384950255744e-19
4.672671266334394224e-19
4.606120909070062511e-19
4.538382191881036285e-19
4.498854369827383507e-19
4.452929433299887283e-19
4.401590072511114699e-19
4.367574392290453387e-19
4.318185365564661858e-19
4.252957090831339279e-19
4.237564408119620166e-19
4.193703481178293699e-19
4.112047018670536912e-19
4.066619100875240683e-19
4.013898957041619603e-19
3.956825559346544949e-19
3.929207728059997056e-19
3.901060245835460223e-19
3.852800853594052761e-19
3.781862633428651004e-19
3.743660552568246841e-19
3.742011964161346611e-19
3.714165883651308264e-19
3.657752154779667182e-19
3.590925257421905568e-19
3.579229423345413856e-19
3.535814399026941435e-19
3.459353677913510502e-19
3.429143795089408514e-19
3.396200670386007531e-19
3.363491464225305247e-19
3.333432216602680973e-19
3.301057423530736479e-19
3.271752743950033267e-19
3.223008824228708676e-19
3.173247544934058264e-19
3.154964419678998612e-19
3.141580186719685937e-19
3.090819640179674461e-19
3.049468927478281764e-19
2.985264371753758293e-19
2.963215772392634708e-19
2.931203959740289976e-19
2.880706131184344212e-19
2.871115886051168918e-19
2.784590251778517283e-19
2.762450181665692682e-19
2.722195081968287638e-19
2.715145493368124981e-19
2.693959709113348507e-19
2.655651304212553136e-19
2.606614507047882285e-19
2.592233430700573677e-19
2.541496061933959764e-19
2.497048125019463626e-19
2.474126682468411881e-19
2.440974265801780554e-19
2.387960017075338801e-19
2.364536685698297848e-19
2.358598084819286074e-19
2.342594069427436225e-19
2.263076606217051372e-19
2.246131299730366731e-19
2.230840272409121853e-19
2.204731752620836196e-19
2.172860730868137518e-19
2.114077009640889634e-19
2.105456624774231779e-19
2.053854510740006521e-19
2.044953872126449433e-19
1.978174652899465449e-19
1.959855612608460824e-19
1.927667097895737095e-19
1.907306561879522982e-19
1.896232996892041521e-19
1.870953953157091598e-19
1.836445774876942583e-19
1.798048174593779969e-19
1.755705232988120126e-19
1.742608834033010647e-19
1.706734440290866314e-19
1.686520435558757112e-19
1.663994933066662747e-19
1.651270225891793822e-19
1.596297290960250381e-19
1.574430599359053878e-19
1.522914217321438327e-19
1.502922828652101520e-19
1.485150616401675010e-19
1.447108089163866738e-19
1.410568225324775025e-19
1.380657187047744370e-19
1.368997703761765003e-19
1.354063551434701724e-19
1.348247323055349098e-19
1.272045116196919519e-19
1.263613799607601216e-19
1.245537908615476433e-19
1.215202371269149601e-19
1.194760148125287863e-19
1.170649766582340825e-19
1.146729095573113242e-19
1.122344728612794201e-19
1.074134791647385001e-19
1.065756636667635381e-19
1.040252566290291749e-19
1.036434146519950407e-19
1.004994448449952835e-19
9.742378551774488947e-20
9.552282621443899508e-20
9.209139536720494216e-20
8.905863922783455704e-20
8.644418258884081129e-20
8.509797796530365007e-20
8.315315359617213137e-20
8.086050056722043506e-20
7.900180298993544960e-20
7.808944970912014490e-20
7.365661250667179613e-20
7.293501034106595738e-20
7.032706483602122036e-20
6.872941989060026936e-20
6.594722042658560461e-20
6.431459181686183492e-20
6.203682504468611596e-20
5.914443574780911952e-20
5.835988828118439783e-20
5.703964914199159792e-20
5.431683776210882759e-20
5.243886463429950766e-20
4.990230444536666650e-20
4.877924292411942916e-20
4.778971039794307202e-20
4.575122838084868852e-20
4.407312886574029581e-20
4.116396080083659822e-20
4.025778218612254533e-20
3.700397940831116877e-20
3.599244532934359568e-20
3.336673693063943523e-20
3.141310423118567246e-20
3.003456486805339162e-20
2.774610455441717215e-20
2.656694921995196758e-20
2.603913603054322732e-20
2.396597132435925012e-20
2.211953480744290977e-20
2.163645375490383650e-20
1.931396423320291182e-20
1.777589883404677378e-20
1.675626639895962207e-20
1.569856613574265133e-20
1.303757727252293588e-20
1.096551176938087868e-20
9.908294612265747747e-21
9.669914728324355251e-21
7.291789041439389064e-21
5.303162081969174073e-21
4.494495086095686291e-21
3.531303448498496205e-21
1.375439197173291134e-21
5.843442250404629174e-22
-2.227735462232632691e-21
-3.420224626028311571e-21
-4.704942562619505995e-21
-6.110451470370275079e-21
-7.252587975976523559e-21
-7.482544490928567946e-21
-8.425494208161462819e-21
-9.217902440514086569e-21
-1.040208927381469950e-20
-1.063783277162509672e-20
-1.311407048366854019e-20
-1.643707278207502143e-20
-1.869026734342407564e-20
-1.985450477249168684e-20
-2.175858643463711591e-20
-2.265107213159190041e-20
-2.401855283687879643e-20
-2.458085284985143758e-20
-2.600476038199464405e-20
-2.661402864191590433e-20
-2.815734603149183610e-20
-3.203595573838079888e-20
-3.349411826568568692e-20
-3.554288635458630130e-20
-3.734814483376325240e-20
-3.849945825536678989e-20
-3.993305410792813762e-20
-4.101934126432467437e-20
-4.437532687981169217e-20
-4.517207833635530276e-20
-4.686575682388445902e-20
-5.202676770790516206e-20
-5.447452646821154523e-20
-5.493988993076899523e-20
-5.542176291154209898e-20
-5.978155629892653559e-20
-6.174182361414156540e-20
-6.341618826019068552e-20
-6.779832963221510161e-20
-6.913537774380351403e-20
-7.010600365832159963e-20
-7.219423618616556002e-20
-7.360472829841210231e-20
-7.812350500893966868e-20
-7.931204676019317483e-20
-8.170391902879465992e-20
-8.316932515957309833e-20
-8.365058469606806641e-20
-8.466624443738347900e-20
-8.877461333665337140e-20
-8.930445442432573217e-20
-9.272789157974456748e-20
-9.424316192473485656e-20
-9.629117007099764265e-20
-1.009758565585843830e-19
-1.051225179995737804e-19
-1.070802845398688981e-19
-1.080064507878105399e-19
-1.115806548194013781e-19
-1.133867557375686416e-19
-1.143555486933899212e-19
-1.175727807312073909e-19
-1.198566194476844410e-19
-1.240041525023326253e-19
-1.256683840255194585e-19
-1.307916433828929905e-19
-1.321958791707861586e-19
-1.349251205673930658e-19
-1.379937171608463671e-19
-1.400803633207329758e-19
-1.426311576382121777e-19
-1.456806118153578968e-19
-1.460094176417778460e-19
-1.473958385911955177e-19
-1.503868475322341073e-19
-1.541051108810697027e-19
-1.544740763519553028e-19
-1.588420737857586147e-19
-1.630659285474256027e-19
-1.660578470391076830e-19
-1.675821068890213498e-19
-1.714215587664822012e-19
-1.748906461230194026e-19
-1.803911234539951198e-19
-1.814928931909192202e-19
-1.850788015149396180e-19
-1.879283303558499056e-19
-1.911604299309629092e-19
-1.944982052177123154e-19
-1.987344191500684786e-19
-2.020972830078811895e-19
-2.049050761938302159e-19
-2.066812903297615174e-19
-2.088192215245188772e-19
-2.131524656486606591e-19
-2.167969162623730651e-19
-2.207626281530520105e-19
-2.227136198822964338e-19
-2.269198829905808762e-19
-2.286677515807573013e-19
-2.311417144916681351e-19
-2.367398971470882457e-19
-2.394760541023820522e-19
-2.412184517299438193e-19
-2.417644579175781860e-19
-2.460422498989043371e-19
-2.499583798868748834e-19
-2.536498443937351252e-19
-2.563209341593335538e-19
-2.566318746750917054e-19
-2.651858918739533109e-19
-2.698189511671949690e-19
-2.749628956096232887e-19
-2.771081921248234961e-19
-2.814961219337514613e-19
-2.833389694810795024e-19
-2.847809721459931053e-19
-2.887944083984965640e-19
-2.947784657807687471e-19
-2.968752321103044824e-19
-2.991241849222522576e-19
-3.031628325956653423e-19
-3.092455902747099662e-19
-3.124110356979855478e-19
-3.141916605106129641e-19
-3.159877077583079406e-19
-3.204613968819312528e-19
-3.233898982343376057e-19
-3.275065757019536218e-19
-3.297254342887426599e-19
-3.387355563788879221e-19
-3.418006678499327743e-19
-3.421566456865133794e-19
-3.477038723893861410e-19
-3.539979058913672554e-19
-3.561764832582265323e-19
-3.607446251392521128e-19
-3.631301707825059801e-19
-3.677752179727770011e-19
-3.748863140248093538e-19
-3.757900284345037751e-19
-3.795587245828210806e-19
-3.856677892261261309e-19
-3.905059051903914953e-19
-3.946988188992453533e-19
-4.014357954832850960e-19
-4.037270691325297216e-19
-4.118483336993987955e-19
-4.129673840423792047e-19
-4.163307729171405361e-19
-4.199023404309705740e-19
-4.275737037925669426e-19
-4.287735974897647182e-19
-4.310734401668601619e-19
-4.382827601425159637e-19
-4.403480895688675733e-19
-4.468990833385393511e-19
-4.497168899921540238e-19
-4.536655711702908606e-19
-4.575622517061052764e-19
-4.592569067044305188e-19
-4.631193108332222975e-19
-4.670379945785538476e-19
-4.699275858029444247e-19
-4.753584500646850665e-19
-4.801348283012395568e-19
-4.856884196509368599e-19
-4.933618098353203736e-19
-4.970227970429448000e-19
-5.051346616499325792e-19
-5.078373194210930978e-19
-5.109927377386952682e-19
-5.114246127379214818e-19
-5.175668193589960887e-19
-5.276781261441673255e-19
-5.302394470310416127e-19
-5.325361610656276633e-19
-5.415613013079830255e-19
-5.454330030123932218e-19
-5.505533085345479451e-19
-5.570087002590435013e-19
-5.675137835214446918e-19
-5.736528236772600032e-19
-5.765065445661270340e-19
-5.811856998482012313e-19
-5.859197285082875439e-19
-5.871373551947962835e-19
-5.936870378947228270e-19
-5.967421934364753703e-19
-6.074300868633084629e-19
-6.181606966399924741e-19
-6.245036482816325320e-19
-6.279467282641060698e-19
-6.390227764042894144e-19
-6.465234862966032049e-19
-6.497926074862082665e-19
-6.499944161463736802e-19
-6.602864440831662031e-19
-6.639060347866465746e-19
-6.737102694236395554e-19
-6.784590685027802864e-19
-6.889748082499831979e-19
-6.945652739846229342e-19
-7.015138619387218990e-19
-7.027748561441159207e-19
-7.108509281061526478e-19
-7.271546346194423638e-19
-7.281705079932986170e-19
-7.338643135792823711e-19
-7.379694650127714329e-19
-7.479339487415930717e-19
-7.519092797152778169e-19
-7.570283896791246025e-19
-7.680171932927645767e-19
-7.775809224857802303e-19
-7.777519582490174071e-19
-7.886011398753761938e-19
-7.937836097744247262e-19
-7.999484582508551677e-19
-8.026369948309837295e-19
-8.094663921854754648e-19
-8.203672242950178491e-19
-8.269515527451146288e-19
-8.397924386599834507e-19
-8.526286552506123367e-19
-8.682429506770378655e-19
-8.687949243629791844e-19
-8.804225830725230999e-19
-8.909931800655154741e-19
-8.961534102819015663e-19
-9.074494074403759727e-19
-9.143113802078448136e-19
-9.219325661917435369e-19
-9.315305750901555467e-19
-9.339640873158474180e-19
-9.488806638991829008e-19
-9.492123496255818296e-19
-9.604548777790438105e-19
-9.746225162217204167e-19
-9.867186860121281581e-19
-9.887112760546392267e-19
-9.961219207458915045e-19
-1.012948464349166296e-18
-1.023129674763492689e-18
-1.025644952353639050e-18
-1.038662135372310562e-18
-1.042374395105179361e-18
-1.053216133655931834e-18
-1.066478790821605731e-18
-1.084738466839725306e-18
-1.096886291570806583e-18
-1.113400445604394155e-18
-1.115211091662600447e-18
-1.127350366188537727e-18
-1.131680101271929667e-18
-1.146564792832470880e-18
-1.152149268541810469e-18
-1.163787817068361872e-18
-1.172527355015724714e-18
-1.184197490676403361e-18
-1.213663693884687770e-18
-1.223991267280973066e-18
-1.231440052966496978e-18
-1.250937398156481352e-18
-1.267115201735344574e-18
-1.272852670787660543e-18
-1.288200703914807190e-18
-1.304733834462020719e-18
-1.314524813172683551e-18
-1.325389335222388428e-18
-1.333069648084587717e-18
-1.344319341015694075e-18
-1.358690420925408272e-18
-1.391260852977275256e-18
-1.394510013695995907e-18
-1.418573073647101155e-18
-1.421304691522853985e-18
-1.446262857049119372e-18
-1.460801817243272077e-18
-1.472537053354553308e-18
-1.480348366106934904e-18
-1.521917294512674911e-18
-1.535010318527246670e-18
-1.551634822765485037e-18
-1.562731988371370918e-18
-1.590617245342412768e-18
-1.624313125273860153e-18
-1.633909866831324354e-18
-1.645957702745541932e-18
-1.661989091003884261e-18
-1.698039669562866213e-18
-1.725026366623521208e-18
-1.745339735295185638e-18
-1.750043618326816845e-18
-1.765342805250722029e-18
-1.809222098020718375e-18
-1.846960050274118348e-18
-1.889395511762028588e-18
-1.912026559798302150e-18
-1.937139766320886681e-18
-1.964846983738459730e-18
-1.976114514939276486e-18
-1.987900995455295600e-18
-2.070449921978182122e-18
-2.080319937740566570e-18
-2.115829234928745684e-18
-2.141942186514203372e-18
-2.184841652814889252e-18
-2.236779389410371533e-18
-2.298609032105311569e-18
-2.321274446061747938e-18
-2.389878994922542367e-18
-2.441599330298063867e-18
-2.466750801948881852e-18
-2.561181672049919469e-18
-2.638898615592692700e-18
-2.721162866072223892e-18
-2.787320931180267613e-18
-2.855338983554515369e-18
-2.944117971688283692e-18
-3.054836216469742761e-18
-3.223719113716201538e-18
-3.490395245932322652e-18
-3.860001425860464273e-18
-7.161941338819857572e-18
