-1.130341759516135802e+00
-1.654144687474545794e-01
-1.566112561840530271e-01
-6.444998240855179250e-02
-5.063081990510318042e-02
-3.634348683506088279e-02
-2.930463056735181995e-02
-2.139284810799541720e-02
-1.786949453686633230e-02
-1.725191137304868741e-02
-1.406532186085406033e-02
-1.264738856042488258e-02
-1.197169830077832869e-02
-1.041657155933417567e-02
-9.928342071796183305e-03
-9.297314757697894977e-03
-8.198994298146519005e-03
-7.615206558759477287e-03
-7.268936703097587243e-03
-6.865421179007287315e-03
-5.888197243850650138e-03
-5.341345678974565754e-03
-5.108431183648161865e-03
-4.893580160150465611e-03
-4.530928915201124993e-03
-4.336301917513180754e-03
-4.136827600275316472e-03
-4.074098848531608648e-03
-3.798710405397262915e-03
-3.396107983657294278e-03
-3.267929290770444327e-03
-3.176560862765328078e-03
-3.070549026130257788e-03
-2.880928127302771237e-03
-2.858502490165645664e-03
-2.734982524744992635e-03
-2.545859788249451965e-03
-2.504147297014793373e-03
-2.480078686610043704e-03
-2.302533932847739429e-03
-2.132618715355227932e-03
-2.119325507021049739e-03
-1.978246777278816308e-03
-1.964056072400634147e-03
-1.878967071484325020e-03
-1.827054681317260903e-03
-1.823527404297798716e-03
-1.767310018245606216e-03
-1.705669983150043083e-03
-1.699124216588627232e-03
-1.559612782374574782e-03
-1.475689583490210222e-03
-1.444636448405478340e-03
-1.386134994776606595e-03
-1.377249844562412071e-03
-1.325797633013428437e-03
-1.269862287358125867e-03
-1.247981741564317118e-03
-1.246090161106347925e-03
-1.218592416805836702e-03
-1.198328867544763482e-03
-1.159740122062662745e-03
-1.120751281783330519e-03
-1.086686859671160115e-03
-1.033201630043412275e-03
-1.016007494329113211e-03
-1.004352011986350086e-03
-9.273816346824241465e-04
-9.092913480252851370e-04
-8.969636322162976216e-04
-8.819217329858174701e-04
-8.719808676298678634e-04
-8.286977647046989614e-04
-8.212183667836780521e-04
-7.632063920379834540e-04
-7.614648280158844811e-04
-7.478555149559364687e-04
-7.199191621309776598e-04
-7.134950362122653624e-04
-6.870380753122222288e-04
-6.812580031630297494e-04
-6.391065980362374641e-04
-6.285432393064922275e-04
-6.166677229251839049e-04
-5.991581917267638311e-04
-5.967514663337095690e-04
-5.757529954564738831e-04
-5.742561958681029720e-04
-5.580853813008322109e-04
-5.527773582060424747e-04
-5.337949493763185322e-04
-5.267656231769165392e-04
-5.196574588602836204e-04
-5.141418381534711840e-04
-5.011545080696866569e-04
-4.877952240589383554e-04
-4.785820531579551085e-04
-4.534077168828310562e-04
-4.488489639461654113e-04
-4.376932972952933759e-04
-4.208315824644937204e-04
-4.138665424935044756e-04
-4.121948628771114555e-04
-4.085032960288029267e-04
-3.877794783996724583e-04
-3.839162936436616206e-04
-3.744841468235160877e-04
-3.689798724528677823e-04
-3.666299020585267140e-04
-3.569324427722472695e-04
-3.441102833038454001e-04
-3.422502002550171563e-04
-3.274256224693066256e-04
-3.227075206324147693e-04
-3.119309817433128687e-04
-3.094133507168149921e-04
-3.051248112890669472e-04
-3.005394879312058595e-04
-2.998799648032297871e-04
-2.887953470232301951e-04
-2.855668363320752723e-04
-2.807107950297202132e-04
-2.750908143524019426e-04
-2.702548342609958345e-04
-2.660720843734652014e-04
-2.610369164996667666e-04
-2.576035858470406589e-04
-2.515450962284821509e-04
-2.457040436827952461e-04
-2.424063966547296744e-04
-2.335578046268058441e-04
-2.289258174136234636e-04
-2.271026263878864063e-04
-2.238854247964029709e-04
-2.205289255534236708e-04
-2.178998181167001130e-04
-2.095905511300316713e-04
-2.070452206958447582e-04
-2.027110899448907326e-04
-1.971828647379085682e-04
-1.922106889711696438e-04
-1.908131952894594262e-04
-1.884093032451631701e-04
-1.813861204453082285e-04
-1.809560272950390251e-04
-1.742498508820759979e-04
-1.689655157229123523e-04
-1.675830105936194990e-04
-1.649943373428927010e-04
-1.630757612041248993e-04
-1.583855319577408326e-04
-1.577242722369402760e-04
-1.558304493882769744e-04
-1.530157511084564894e-04
-1.497969144594295124e-04
-1.483747487276272604e-04
-1.454490668546763862e-04
-1.412045242850898689e-04
-1.392263410738067285e-04
-1.367823987293936112e-04
-1.346248264460461915e-04
-1.308044322567855850e-04
-1.283516820572618705e-04
-1.260444597744056017e-04
-1.241663519123518424e-04
-1.216721615459768010e-04
-1.212104884134278113e-04
-1.178747819327371907e-04
-1.159830068127178744e-04
-1.143585396378982827e-04
-1.132044873637015831e-04
-1.114894224746614584e-04
-1.082145861578648853e-04
-1.075357428083904463e-04
-1.056690650186273170e-04
-1.042537837123640545e-04
-1.014610983342438473e-04
-9.965356505036327295e-05
-9.577316605209974310e-05
-9.461997137899688887e-05
-9.252044517908198165e-05
-9.182753651811648751e-05
-8.911340413746345632e-05
-8.866387875897224747e-05
-8.645463059186909592e-05
-8.611295401615622633e-05
-8.409598020358994013e-05
-8.307686238277063823e-05
-8.269469635857397167e-05
-8.072819531492893383e-05
-7.739620110797500196e-05
-7.478794254956828904e-05
-7.374123389466753396e-05
-7.353798080212642992e-05
-7.151171390094079113e-05
-7.022379226962944024e-05
-6.921623667185192576e-05
-6.832036635361511115e-05
-6.607474740814987433e-05
-6.527373377164280869e-05
-6.455563620410570836e-05
-6.402076178677503220e-05
-6.269337981911999398e-05
-6.192067318293061333e-05
-6.053155989229462997e-05
-5.989298021589389479e-05
-5.780786605850851581e-05
-5.571744715545470805e-05
-5.531560547351966413e-05
-5.440832097237244453e-05
-5.339817662460081540e-05
-5.237613971770221216e-05
-5.134642698876006327e-05
-5.057030546943251659e-05
-4.942309261619510624e-05
-4.862376598933387708e-05
-4.750470304745845059e-05
-4.682554105411801886e-05
-4.643269756533794295e-05
-4.549081509244695388e-05
-4.400559018523884507e-05
-4.365930039648832709e-05
-4.301791861326782833e-05
-4.251837419638386875e-05
-4.228800638460360596e-05
-4.144681716174340529e-05
-4.100091822875555716e-05
-4.027600618774246246e-05
-3.919607003130269238e-05
-3.856850926163039807e-05
-3.827706257956131744e-05
-3.693459964131107481e-05
-3.604882075620038072e-05
-3.549108148347017487e-05
-3.501804347342650779e-05
-3.495619711937770748e-05
-3.371217812920206087e-05
-3.326714318010127791e-05
-3.306372605388227743e-05
-3.273749070464496277e-05
-3.149973682070856369e-05
-3.046190493526571455e-05
-3.002156904596218887e-05
-2.935796525608255281e-05
-2.874317393547604389e-05
-2.836627305580165568e-05
-2.802849557853184529e-05
-2.766372805584492019e-05
-2.686001077136900960e-05
-2.678108588646632463e-05
-2.564933666974230763e-05
-2.506853989033589288e-05
-2.497095078964723606e-05
-2.447972913058109765e-05
-2.391672216949011477e-05
-2.330578716462163339e-05
-2.289408750146066499e-05
-2.275467353960147540e-05
-2.273561448674691861e-05
-2.228768919147714757e-05
-2.159460740580088190e-05
-2.123541336944577196e-05
-2.086813661743540320e-05
-2.066426170641704290e-05
-2.054998666794787454e-05
-1.996715993753823000e-05
-1.957170913260613746e-05
-1.925041603526264056e-05
-1.875784986670107524e-05
-1.824810272524629375e-05
-1.780726814886050144e-05
-1.742006279456124722e-05
-1.710188251378560537e-05
-1.698069514355336976e-05
-1.667157557730279268e-05
-1.615526815675970664e-05
-1.598031979477812484e-05
-1.567832556868833273e-05
-1.527647425656538939e-05
-1.508042542892398333e-05
-1.501985039738742475e-05
-1.483143460603780600e-05
-1.456600990294835724e-05
-1.419397313983318061e-05
-1.406418349270270764e-05
-1.349123199084762746e-05
-1.310688920082167408e-05
-1.293757055004497038e-05
-1.265604680686326654e-05
-1.236381265427364549e-05
-1.222537890081477369e-05
-1.197697159648726729e-05
-1.172160706648824138e-05
-1.144150581032270787e-05
-1.136283359090290912e-05
-1.091235575332039595e-05
-1.038955276500353391e-05
-1.006196662516225840e-05
-9.932956225092770799e-06
-9.734540461554039016e-06
-9.652901374823334290e-06
-9.494146567143144669e-06
-8.877274226681260982e-06
-8.674303757161226026e-06
-8.577722237150256165e-06
-8.376192235485785517e-06
-8.268228799336972424e-06
-8.153976788675617470e-06
-7.944383811560103446e-06
-7.857940972149590834e-06
-7.633758567651084391e-06
-7.384468915440270134e-06
-7.065323862437063376e-06
-7.056259610835640689e-06
-6.847551041954720534e-06
-6.680951081333824118e-06
-6.567136120789209325e-06
-6.297508652941945420e-06
-6.254180668987954611e-06
-6.013286909387107966e-06
-5.866301743170476528e-06
-5.739370023372684172e-06
-5.505667419626708819e-06
-5.379024086082034293e-06
-5.174448228027106742e-06
-5.057767555409184071e-06
-4.944433167315912980e-06
-4.749826860056696423e-06
-4.622410068104781032e-06
-4.455516618918806162e-06
-4.325237247877527632e-06
-4.233466345814553885e-06
-4.093012959700536615e-06
-3.863546720813809360e-06
-3.826483727154255357e-06
-3.653084021121006882e-06
-3.576488372023235533e-06
-3.519322459740496707e-06
-3.354721476074640775e-06
-3.226726473688886556e-06
-3.127205310422580809e-06
-3.026744812121281667e-06
-2.877742524088849610e-06
-2.758094213674558807e-06
-2.723641182936110481e-06
-2.564023266539246422e-06
-2.518153986542830845e-06
-2.347368473729008278e-06
-2.313169476316433257e-06
-2.223859465119873189e-06
-2.182803696390704057e-06
-2.126467059706172991e-06
-2.104492612692890546e-06
-1.985680581984043988e-06
-1.915671856608646228e-06
-1.784821324951571321e-06
-1.636142688404122114e-06
-1.574671823890045386e-06
-1.505696901797356077e-06
-1.463567627589029084e-06
-1.397910235099661639e-06
-1.346851810580373497e-06
-1.322704704333584414e-06
-1.190072344901348612e-06
-1.141207585835691666e-06
-1.008196536190057116e-06
-9.885747484975791639e-07
-9.737222632604222550e-07
-8.276308603039985925e-07
-7.884839663407769360e-07
-6.743462295005050244e-07
-6.479941304111261490e-07
-5.198418180902221961e-07
-4.526514100089873897e-07
-4.412350624735034679e-07
-3.942436786927776758e-07
-3.622512306958813137e-07
-2.625724046612239221e-07
-2.489401129338614877e-07
-2.037941224914292700e-07
-1.504358389093075300e-07
-1.044996954626184209e-07
-4.707869756344092356e-08
-1.973616704430967235e-08
-4.278447022133016557e-20
2.359054306472811378e-19
3.692727428674254155e-08
6.475515241852921838e-08
1.091264067318816612e-07
1.350369413992138985e-07
1.876626079422099183e-07
2.103500475445777967e-07
2.463952627118587191e-07
3.474765040352687671e-07
4.111297571976800411e-07
4.912261997756028852e-07
5.843542397471447732e-07
6.397457712902297048e-07
7.075019860284966304e-07
8.699208033074831224e-07
9.166857153011839574e-07
9.378572701466446487e-07
1.062612069698309895e-06
1.149631682254551101e-06
1.201454102423568148e-06
1.370736157518174139e-06
1.469002879941902331e-06
1.515540283816648232e-06
1.546824380636047082e-06
1.806277541064424398e-06
1.861384806169724041e-06
1.945285052423623856e-06
2.081365546102578494e-06
2.128895316690180247e-06
2.232799925908740649e-06
2.303939783645535326e-06
2.483600549859740570e-06
2.702756631551561277e-06
2.821064109120786594e-06
2.984883993037429390e-06
3.162896192727284918e-06
3.221520842113629041e-06
3.410866155022866049e-06
3.619351990254861771e-06
3.873445074323329282e-06
3.915121888580311372e-06
3.960263703399669273e-06
4.255131006650416440e-06
4.349282484409557798e-06
4.685286972739297579e-06
4.825025117135058473e-06
5.033968732037741324e-06
5.153826352410702965e-06
5.367724264687022714e-06
5.447559072249284258e-06
5.831095757170708185e-06
5.953465808149577019e-06
6.235454990044481349e-06
6.507176509355676283e-06
6.573429286169582948e-06
6.891611337743469776e-06
7.209880492753028552e-06
7.590048747278002223e-06
7.753116184683105588e-06
7.890867736111113759e-06
7.914820117407444060e-06
8.252809875571633238e-06
8.642013835975913153e-06
8.863207947300009155e-06
9.268584906943046420e-06
9.678567857771734834e-06
1.021226024724041076e-05
1.029620600569060403e-05
1.051702270001674164e-05
1.076711132642245981e-05
1.097333196919204933e-05
1.141577970322568832e-05
1.158985047428990921e-05
1.234373937016009808e-05
1.251378390576098615e-05
1.308700391778743395e-05
1.347252170981698705e-05
1.394820609013886892e-05
1.418279218644215226e-05
1.528789178718734733e-05
1.546101836528038261e-05
1.573421568545438245e-05
1.593154330138296827e-05
1.637507841292033366e-05
1.650134822848035653e-05
1.706504012810851505e-05
1.745863700440485972e-05
1.786664035011702883e-05
1.865788200143226881e-05
1.899722696513582456e-05
1.925378699258246436e-05
2.025326760077788532e-05
2.076794478430828915e-05
2.129809588873003289e-05
2.249753530107694130e-05
2.271353612582457975e-05
2.326511383779217437e-05
2.365849468926966336e-05
2.448595211302458100e-05
2.548734193795783236e-05
2.592216259360918007e-05
2.651628444920812653e-05
2.701979363966065304e-05
2.836482320766852742e-05
2.858362243369572806e-05
2.921186244373063032e-05
3.088730116907231055e-05
3.131301971828890816e-05
3.175407705449161344e-05
3.210854645981575054e-05
3.291012055129059744e-05
3.393361797516254681e-05
3.482812711744437075e-05
3.522055406571656370e-05
3.646517120994174937e-05
3.778922841206670634e-05
3.871908347170535723e-05
3.956797295581329041e-05
4.025889850168989947e-05
4.072060454281366661e-05
4.222357282827209936e-05
4.417015498235142101e-05
4.491555825376414480e-05
4.731289291798783039e-05
4.836221547449035761e-05
4.947631235137850484e-05
5.012791612550095718e-05
5.048718098601516897e-05
5.235360325336337831e-05
5.248582538811701509e-05
5.422746402639880194e-05
5.745390091419526259e-05
5.767650618534442801e-05
6.043100900735521658e-05
6.303140528294977850e-05
6.386911807314041138e-05
6.477880673578510393e-05
6.872802864893336053e-05
7.029905068345307958e-05
7.167456509029407547e-05
7.256990589789713163e-05
7.522882186264859381e-05
7.627696118338784571e-05
7.750059259640856239e-05
7.886454710232787394e-05
8.057155911295588288e-05
8.408986331059591763e-05
8.632011431317615339e-05
8.874944838222410435e-05
9.055949277522357837e-05
9.401763995896119470e-05
9.616505577336380381e-05
9.980507920992377367e-05
1.021895188476539348e-04
1.047492510776216074e-04
1.060082551683269304e-04
1.083752205691511513e-04
1.122598627646487018e-04
1.152912915498023307e-04
1.169543676035335967e-04
1.199735311397215717e-04
1.228542674523180097e-04
1.260016342145958950e-04
1.301603687844818077e-04
1.340283763064303098e-04
1.361490634030691586e-04
1.399847062539744721e-04
1.400676587819322573e-04
1.435364505615821463e-04
1.470348777894042757e-04
1.536419157075476455e-04
1.566744898743860218e-04
1.618781090410467650e-04
1.631386145667430994e-04
1.685352413903261966e-04
1.700046426598394826e-04
1.794102730827644280e-04
1.836999784075118059e-04
1.839703181432103052e-04
1.920381919922584427e-04
1.963526019372565561e-04
2.024271330003390729e-04
2.084739146110538386e-04
2.136299958335784784e-04
2.197672149518214502e-04
2.260059211991690450e-04
2.373551904486479478e-04
2.457062913166707598e-04
2.511892346855234799e-04
2.543600870279235206e-04
2.568629076565010199e-04
2.699909316826122532e-04
2.768078698991237167e-04
2.857549011488803858e-04
2.897274374041856112e-04
3.006954561918112894e-04
3.146348336881672715e-04
3.233507785652565622e-04
3.265840512450329997e-04
3.351530353714092330e-04
3.408105518774102376e-04
3.602660331947367097e-04
3.629742488368596577e-04
3.720437566584140548e-04
3.788662625678954326e-04
3.907294237051886976e-04
4.060612644549528236e-04
4.203070585566714740e-04
4.398906561797839756e-04
4.503294199283014053e-04
4.572667411514309810e-04
4.774449856503462718e-04
5.008470611873787424e-04
5.117453361186592459e-04
5.188761159256310030e-04
5.359136517128593007e-04
5.379466806046893359e-04
5.463028843391149868e-04
5.617043392467277159e-04
5.689115130471172291e-04
5.853972050156576413e-04
6.014695832959260835e-04
6.200251274774596462e-04
6.551461766140398045e-04
6.669655019849432456e-04
6.867057803283360381e-04
7.159645779985995351e-04
7.467103781287512225e-04
7.781221357541157546e-04
7.943994481133775628e-04
8.201504295540350958e-04
8.498608693679740112e-04
8.789474560204761948e-04
9.014014507595817039e-04
9.357296004133095098e-04
9.435533162456687280e-04
9.947323274841538519e-04
1.044713750196511965e-03
1.063295639044733922e-03
1.100925924524120449e-03
1.138438121470040703e-03
1.142451693929641887e-03
1.264310298772069628e-03
1.295761073913241938e-03
1.335819755984024321e-03
1.390165541714443115e-03
1.443798133436706606e-03
1.545480343858889613e-03
1.590876705084347644e-03
1.650766926205242619e-03
1.655994537105396659e-03
1.728397872371462401e-03
1.900578937460871724e-03
1.910027163689647896e-03
2.054586588319173499e-03
2.134643268322843849e-03
2.204391166081658398e-03
2.281843235109977039e-03
2.340955142690378642e-03
2.433676342128081142e-03
2.683958797160364805e-03
2.748666623279205027e-03
2.982688074828698192e-03
3.118148712336791823e-03
3.376923460524081967e-03
3.529451369460773029e-03
3.663552234163476411e-03
4.002770176432060047e-03
4.025216985488806742e-03
4.664510341731061167e-03
4.761698040923702767e-03
5.292871297154656124e-03
5.511564486543558093e-03
6.506338141278085983e-03
6.587023775007958860e-03
7.034662894474756969e-03
7.865896113109041923e-03
9.040562923235496984e-03
9.875740829266173998e-03
1.170813464536980299e-02
1.212982819144498361e-02
1.309876534655371461e-02
1.533674247408138569e-02
1.770197304898679658e-02
1.953490872238943313e-02
2.359992416633811471e-02
2.898311032305829482e-02
3.911444798260391154e-02
5.106191041419783083e-02
7.918185700858840215e-02
2.145767509746239199e-01
