-8.204550957974559022e-01
-1.361864790027468020e-01
-1.032714432457193937e-01
-5.439868219005209588e-02
-4.321699989645165496e-02
-2.967212236011216447e-02
-2.414897263847115561e-02
-1.859283632256324495e-02
-1.619169809441602798e-02
-1.459217574519279352e-02
-1.172440813081814318e-02
-1.100360687672085648e-02
-9.543498617526607192e-03
-9.195110646603820229e-03
-8.030576555479678955e-03
-7.749420368652264884e-03
-6.866047278918110085e-03
-6.246427902724592703e-03
-6.009830822098835915e-03
-5.390052433207797103e-03
-4.724901514957394535e-03
-4.446957719101366641e-03
-4.300488886198154670e-03
-4.143230109895205265e-03
-3.891425505955723070e-03
-3.598136846502996648e-03
-3.474105598601161596e-03
-3.146521914078516217e-03
-3.043519501407393642e-03
-2.868933202858128893e-03
-2.796314795872861369e-03
-2.611951713802376524e-03
-2.537572435748570131e-03
-2.465080171161646190e-03
-2.340540331755128906e-03
-2.270276128752998172e-03
-2.193307114245282748e-03
-2.070634601624057880e-03
-1.931305898822770466e-03
-1.883098271895860360e-03
-1.866106578336717680e-03
-1.756998716908966720e-03
-1.704213488506588475e-03
-1.685550968254071824e-03
-1.646848731383982042e-03
-1.562582146876658699e-03
-1.515320727224466315e-03
-1.448005851080168402e-03
-1.388238873110516584e-03
-1.329772830565466562e-03
-1.289155876328836698e-03
-1.281823868758376296e-03
-1.212265537318994117e-03
-1.163411051564565597e-03
-1.120263407671606790e-03
-1.086175992452131965e-03
-1.078016670598862465e-03
-1.059624030705812788e-03
-1.030681225005386156e-03
-1.010102585203441396e-03
-9.750820466105362310e-04
-9.164425522046924051e-04
-8.925517374412554128e-04
-8.816611297073394336e-04
-8.394195906470273754e-04
-8.043422283144956641e-04
-7.844101721242099923e-04
-7.636493250010619035e-04
-7.453226789036546248e-04
-7.334375114066653658e-04
-7.179703611020213979e-04
-7.057128950996959102e-04
-6.544377835528606248e-04
-6.416724110404942085e-04
-6.258135508180331322e-04
-5.880131110053604714e-04
-5.808542431047208215e-04
-5.640320857343738203e-04
-5.517653200547159792e-04
-5.423429858512182795e-04
-5.255089526656495438e-04
-5.081527537859205053e-04
-5.063176339896221373e-04
-5.009427399780265423e-04
-4.875107308846511134e-04
-4.698088256967939769e-04
-4.620049875610039106e-04
-4.413386195472883042e-04
-4.300971133722960877e-04
-4.176541121357931060e-04
-4.175880513304147321e-04
-4.072634567518415290e-04
-3.963501571847033618e-04
-3.898287215028063885e-04
-3.821325528722324043e-04
-3.612582398079767967e-04
-3.572132796132541509e-04
-3.472725328024213551e-04
-3.427868463151100952e-04
-3.358175033076612006e-04
-3.260853003802318024e-04
-3.203242125799090571e-04
-3.133595288748074800e-04
-3.051409679260633245e-04
-2.964661057483746333e-04
-2.950046691543593337e-04
-2.872507568248481419e-04
-2.784502986494683473e-04
-2.695747991794627510e-04
-2.682879035074368641e-04
-2.558579486851340987e-04
-2.481043109670571394e-04
-2.427722527229411113e-04
-2.408803709373617840e-04
-2.401344796246634734e-04
-2.334129443393230551e-04
-2.289218209206977516e-04
-2.202428530483289926e-04
-2.153529812732187215e-04
-2.118561005389157470e-04
-2.075216267317655865e-04
-2.032433935823352940e-04
-1.980745796443622814e-04
-1.944416755047658971e-04
-1.912001647909714356e-04
-1.885259293756437059e-04
-1.828560347771651824e-04
-1.805982912025311856e-04
-1.765388241466301549e-04
-1.700120291851240826e-04
-1.676912982750272945e-04
-1.660022345306510312e-04
-1.620521600753186547e-04
-1.595665116953094253e-04
-1.552720397425045348e-04
-1.528616922160781170e-04
-1.447940886575536663e-04
-1.425133935358340563e-04
-1.390457555348782802e-04
-1.384763101364095621e-04
-1.330651098713111602e-04
-1.327514237379566594e-04
-1.297037219709119566e-04
-1.279480820066823579e-04
-1.217034457749253517e-04
-1.193474025405988435e-04
-1.173962287748799255e-04
-1.158190467789771731e-04
-1.133029675332796707e-04
-1.098972056518620981e-04
-1.060706738199819271e-04
-1.054138025319605932e-04
-1.026337764460951677e-04
-1.016137832793958027e-04
-9.877355257850684803e-05
-9.816605521421391961e-05
-9.335958520162680665e-05
-9.237088542174850495e-05
-9.014623852796085197e-05
-8.749328242415547064e-05
-8.570315477837872847e-05
-8.239504605254637892e-05
-8.156361262701832015e-05
-8.008496491445810952e-05
-7.807731921211476722e-05
-7.691901283745185888e-05
-7.592873069747254884e-05
-7.449705789222604900e-05
-7.335744972048282740e-05
-7.135903208394645371e-05
-6.910671153026572220e-05
-6.736323707796328445e-05
-6.662198787789111432e-05
-6.564810602903047769e-05
-6.253865731078584172e-05
-6.234272105287202634e-05
-6.160173914944271079e-05
-6.089711425824156357e-05
-5.977823204019738225e-05
-5.837663655860000521e-05
-5.593871521904016005e-05
-5.527420498775356423e-05
-5.501295142385204362e-05
-5.260932797677408674e-05
-5.093390046719071585e-05
-4.967773846986381700e-05
-4.883294174221507655e-05
-4.782254610980348722e-05
-4.737646118067143932e-05
-4.685650197039947806e-05
-4.505646272189012518e-05
-4.449211890816939644e-05
-4.370559678296456047e-05
-4.245889920988472015e-05
-4.173608341879841396e-05
-4.050654173282479262e-05
-3.949447801476433235e-05
-3.936187888733785114e-05
-3.907349054396608729e-05
-3.800040830542071910e-05
-3.666946836228073930e-05
-3.631006285750345956e-05
-3.413167784785963203e-05
-3.357776365640388063e-05
-3.290792079419377689e-05
-3.248108000106617228e-05
-3.202089786030718897e-05
-3.162176462476100298e-05
-3.141863189420298133e-05
-3.025197475442064493e-05
-2.931431826102643413e-05
-2.915814931641815490e-05
-2.808960762460940895e-05
-2.763692214752969334e-05
-2.653500274272058029e-05
-2.619894507734458480e-05
-2.586311674695793597e-05
-2.515715450486360813e-05
-2.459860103789224386e-05
-2.424175785154544541e-05
-2.349855683833348377e-05
-2.325865949989065548e-05
-2.214409233684924331e-05
-2.160853979622389434e-05
-2.117283801807473331e-05
-2.099558969188060020e-05
-2.041007707787641928e-05
-1.960990493020534276e-05
-1.919140743295129554e-05
-1.886371698766126106e-05
-1.862147794526019187e-05
-1.835587609923541809e-05
-1.808921088718699497e-05
-1.781617473476173824e-05
-1.715715177283375380e-05
-1.690635412939445940e-05
-1.645638865330245252e-05
-1.625237936631814423e-05
-1.575569534285327391e-05
-1.540951320696749063e-05
-1.495362637485594164e-05
-1.487440760622287142e-05
-1.432110661143926656e-05
-1.415378399898987541e-05
-1.390596183870568198e-05
-1.352174431492615523e-05
-1.272647289610856165e-05
-1.235804766035705464e-05
-1.198449477389879998e-05
-1.162526528977249667e-05
-1.121933165036432044e-05
-1.112251866639761630e-05
-1.099860977487384929e-05
-1.037542020628681260e-05
-1.025879877408839968e-05
-1.006219897645691972e-05
-9.916967462460968041e-06
-9.731285392682477166e-06
-9.424717862337307522e-06
-9.045730226732939954e-06
-8.982112757111783310e-06
-8.807086910381042939e-06
-8.431793005801837209e-06
-8.025781236247799067e-06
-7.911885038365564751e-06
-7.746819777105002597e-06
-7.318974757372542403e-06
-6.975967500901638674e-06
-6.844906704124094629e-06
-6.420135554610049819e-06
-6.296840903830546552e-06
-6.141823826201829354e-06
-6.013598706711865627e-06
-5.939550723471256025e-06
-5.622014967566607761e-06
-5.495822575964985049e-06
-5.236683703683329481e-06
-5.091737352708025379e-06
-4.887819272633898761e-06
-4.871979861321484374e-06
-4.664326005492884831e-06
-4.585130531853922975e-06
-4.353493510192777369e-06
-4.082652200123745723e-06
-4.029686023617866860e-06
-3.866526018334316594e-06
-3.611458388739190297e-06
-3.373610785214812036e-06
-3.307199043438994191e-06
-3.288290896946040022e-06
-3.124161345150267827e-06
-3.044837921857865091e-06
-2.922240886617819087e-06
-2.829717097966266242e-06
-2.781414893562688524e-06
-2.524270300823920767e-06
-2.510584726044470517e-06
-2.390335255395092478e-06
-2.375448357657557316e-06
-2.184749149959566683e-06
-2.116425395766856704e-06
-2.043936555201361087e-06
-1.978906508119593973e-06
-1.896871869188776454e-06
-1.816768683339405595e-06
-1.790822132426173082e-06
-1.638567133302810431e-06
-1.528491909512780869e-06
-1.411128048090033273e-06
-1.363875693537835218e-06
-1.231350119821328865e-06
-1.172738202422751491e-06
-1.097550486061365043e-06
-1.052352568955647103e-06
-9.323169258692471695e-07
-8.814223408103269652e-07
-8.054582322172972562e-07
-7.602684758219766983e-07
-6.491322980101163406e-07
-6.101960252286227470e-07
-5.365155548244825560e-07
-4.345800179240748553e-07
-3.756973992078705117e-07
-3.022941654386428507e-07
-2.775989198378794266e-07
-2.040621364007799998e-07
-1.271604950274071050e-07
-1.113755551987566430e-07
-7.332220141434097691e-08
-3.168880980574693556e-08
-2.615768363106353002e-19
1.576234502564861583e-19
4.168878974226170081e-08
7.308245553406946855e-08
1.210941143417347830e-07
1.917676329327441736e-07
2.213034970845034837e-07
3.458452717705949351e-07
4.176494401650838274e-07
4.478231943931502249e-07
5.045832312526687140e-07
5.717242377013553547e-07
6.031657645372698289e-07
7.640216445210732448e-07
7.716162313100617670e-07
8.710807984388860172e-07
9.472657305585971655e-07
1.038258874738555316e-06
1.066737520153972629e-06
1.142092575605428765e-06
1.235971890434385808e-06
1.376646614337208457e-06
1.475668894163153305e-06
1.563149625393313430e-06
1.621385101768504210e-06
1.699303913561738152e-06
1.881528209808487921e-06
2.049150359783829288e-06
2.143052719150656647e-06
2.200080027932136448e-06
2.495479440032533301e-06
2.528679800221078588e-06
2.716693432439864704e-06
2.798979017349635528e-06
2.987555840764705894e-06
3.026845928068221014e-06
3.096422487466657189e-06
3.350934038054061017e-06
3.377246778378940202e-06
3.528952412633913707e-06
3.734033190515994753e-06
3.893231695873740468e-06
4.140056400657573481e-06
4.359489866261340812e-06
4.500158915305589859e-06
4.572936804868529768e-06
4.757878063423627805e-06
4.798860988667229303e-06
5.006112356654972199e-06
5.056620629122159281e-06
5.426334083412226484e-06
5.463750178265261499e-06
5.766970143110182700e-06
5.841803139972242387e-06
6.010730881610227526e-06
6.225144816659136326e-06
6.483560941366594737e-06
6.644258018682531555e-06
6.936428176699663530e-06
7.174496300055817996e-06
7.339366420130719351e-06
7.642939657846479292e-06
7.739084925707887878e-06
8.058874748677093068e-06
8.321462404578391646e-06
8.582759567744874618e-06
8.974562350671863592e-06
9.142700279892787546e-06
9.247613472891038787e-06
9.483732892947907613e-06
9.691626942376508892e-06
9.900856262988791843e-06
1.049349106485400337e-05
1.056127358224772166e-05
1.095550129360902590e-05
1.124006089105865182e-05
1.171821019907351159e-05
1.184799952296450590e-05
1.205838378320728651e-05
1.282935787195940934e-05
1.289075545882709241e-05
1.325069528243561938e-05
1.367111087576512573e-05
1.395040087741625908e-05
1.405542837798777939e-05
1.460149410082200913e-05
1.500449307443700733e-05
1.531403423246065624e-05
1.575324889602701837e-05
1.621756244425515183e-05
1.648587137086206789e-05
1.673672549527607179e-05
1.691909980470202436e-05
1.745697664599877444e-05
1.798636577590772149e-05
1.820349092562308874e-05
1.859180255157561994e-05
1.929562758891786362e-05
1.973660257268985716e-05
1.988940369614682592e-05
2.119065270056192862e-05
2.162619620342679240e-05
2.186286136090030534e-05
2.304675542206419960e-05
2.339312367117677886e-05
2.423337338753139380e-05
2.432387242334552144e-05
2.472405059454064449e-05
2.522730438662134048e-05
2.566495657573924339e-05
2.607060487653838283e-05
2.671324749114220064e-05
2.749057059654268418e-05
2.788741969052246694e-05
2.811793938244688918e-05
2.961370382203280940e-05
3.041053073825093346e-05
3.064563001104774116e-05
3.123576990434558700e-05
3.209379023767093325e-05
3.248846267277138359e-05
3.320823688611908281e-05
3.350129959578335902e-05
3.452492416142989492e-05
3.494929207194170565e-05
3.540044863308088025e-05
3.715471008781795606e-05
3.896614809225941559e-05
3.923759832714332111e-05
4.015586902107723725e-05
4.035581952670216557e-05
4.071567917886611420e-05
4.227466327739879326e-05
4.311592066499250872e-05
4.463347220539153965e-05
4.524981285944845922e-05
4.583360604579600603e-05
4.661947213915930026e-05
4.762365139729793964e-05
4.958692251979102925e-05
5.087606204378514733e-05
5.246311220266690551e-05
5.257700503143790762e-05
5.475387072992599611e-05
5.555191173336333744e-05
5.577991528469296967e-05
5.747817823522798953e-05
5.863636327257070163e-05
6.036225710486772594e-05
6.092711071654652105e-05
6.252083380883281479e-05
6.304995848066867958e-05
6.382581810535019437e-05
6.710477318357029606e-05
6.759071669501559890e-05
6.942599243137790210e-05
7.136988263809210459e-05
7.260841950703562941e-05
7.513626614973385070e-05
7.685401087066101307e-05
7.788782324825910860e-05
7.929674977595938500e-05
8.065263164949036179e-05
8.204632600156276081e-05
8.302007422484292099e-05
8.496308486076688444e-05
8.696774948261016581e-05
8.807779853095410567e-05
9.161224495158714742e-05
9.214476969418900387e-05
9.489012293959433087e-05
9.772258423868425685e-05
9.886751620810901430e-05
1.016139999154663353e-04
1.017454225389182246e-04
1.055089914533888636e-04
1.078186081282163936e-04
1.096726799819891757e-04
1.109940729582696627e-04
1.123165833846242730e-04
1.163983878812623122e-04
1.176436772069607407e-04
1.200537172606313928e-04
1.222359259194915758e-04
1.238414771492805315e-04
1.254012695041838903e-04
1.303077773195089964e-04
1.338361551523532290e-04
1.361748666574876378e-04
1.406221982732962694e-04
1.413141171595741117e-04
1.475532964589056030e-04
1.484655067141624327e-04
1.516749432730078782e-04
1.539379428022714068e-04
1.567924198936504205e-04
1.639774375768917865e-04
1.687678259826850592e-04
1.721889192795676010e-04
1.786031457300386567e-04
1.826622792593412853e-04
1.854121807483154910e-04
1.894696668112669539e-04
1.910096468835439779e-04
1.941527488463156391e-04
2.038219317228119663e-04
2.063402496102923216e-04
2.106028733373974907e-04
2.170014483509023350e-04
2.199408012157867080e-04
2.241167379715407085e-04
2.321094259453141859e-04
2.365251107983031389e-04
2.429691224008604408e-04
2.466697121474274333e-04
2.496580694194501016e-04
2.516211732763670456e-04
2.595945495513816504e-04
2.680369173068277528e-04
2.710432222599660742e-04
2.769972289791411673e-04
2.867763655730598679e-04
2.958792654873559263e-04
2.974591896300846647e-04
3.042626477288447578e-04
3.102802222091694852e-04
3.168941833876460709e-04
3.247689818021880161e-04
3.394938429055987367e-04
3.449027300734919081e-04
3.530778969356311082e-04
3.566661794773431471e-04
3.589068903404071765e-04
3.726380443434241748e-04
3.808079395573264595e-04
3.946170112349594076e-04
4.014900977191565579e-04
4.153759609175417715e-04
4.277232418819014686e-04
4.467976795640942042e-04
4.557418270770394100e-04
4.674950776134096319e-04
4.827993273783590241e-04
4.902067661474334478e-04
4.941360695041651730e-04
5.158514415903646486e-04
5.214198288771697710e-04
5.321864217505118235e-04
5.542944905326590774e-04
5.655393255021567978e-04
5.778945755024294780e-04
5.966147069460017152e-04
6.141183621388803839e-04
6.215238732046161636e-04
6.405115182041858004e-04
6.589438439963128842e-04
6.636711882937733776e-04
6.778273140799064922e-04
6.857935853521546308e-04
7.239247917286250732e-04
7.366268450678804640e-04
7.405192149260417288e-04
7.569621557474644257e-04
7.972106488521375116e-04
8.057674444072325699e-04
8.294998509659862965e-04
8.387074404367592800e-04
8.637252918598074553e-04
8.875714459532497817e-04
9.145849064370302223e-04
9.332583701434788706e-04
9.511077338612154751e-04
9.744699700183407677e-04
1.001664978631089343e-03
1.019973947936456300e-03
1.029926028553619990e-03
1.096061865744804142e-03
1.127604192613974182e-03
1.155813306914495664e-03
1.190548978598797523e-03
1.260240444308852441e-03
1.288252249565866817e-03
1.299573796242895450e-03
1.356605382303868994e-03
1.413263652058549188e-03
1.468485865028565764e-03
1.489232348134049205e-03
1.544905284314080805e-03
1.585197723108084907e-03
1.634095242313013526e-03
1.718852675938895014e-03
1.796967539308743289e-03
1.811828861414296584e-03
1.870801231057661130e-03
1.972938936383212324e-03
1.989944990498238118e-03
2.103106215900141501e-03
2.206478665650012539e-03
2.237936781079266201e-03
2.316339683505653276e-03
2.370474888034912117e-03
2.550654194462074770e-03
2.632048545897940680e-03
2.727038132942772013e-03
2.748081250741085321e-03
2.906737654904598383e-03
3.068187268058063591e-03
3.258847486170443793e-03
3.282667615466027932e-03
3.485965019647636540e-03
3.600537434760145861e-03
3.701921492627655626e-03
3.854023316123326992e-03
3.931564668542298149e-03
4.287722807101475818e-03
4.488749936660015386e-03
4.550625008661600933e-03
5.036912839992361418e-03
5.440265347640065724e-03
5.491468196983029931e-03
5.928139635258888700e-03
6.191211743013718544e-03
6.605337110466797355e-03
7.008363481486933749e-03
7.492332150949964319e-03
7.933636838898930344e-03
8.960556068592735388e-03
9.364876945333840130e-03
1.041813792587801234e-02
1.116740148198142393e-02
1.136981745423535500e-02
1.288455150556409336e-02
1.401514156589288990e-02
1.669153646908680400e-02
1.859224441303633166e-02
2.006878880743892188e-02
2.255421301590419814e-02
2.665866289256969140e-02
2.949247708875900320e-02
3.655126068920570848e-02
4.239521589498673748e-02
5.558890394481111330e-02
6.074935973279897011e-02
8.935231737677981623e-02
1.178467364076926371e-01
2.388216346083933961e-01
