-4.898515022502560239e-18
-4.081767827344151014e-18
-2.851529077282320414e-18
-1.780242870051499072e-18
-1.483007492975254424e-18
-1.304586364353421599e-18
-1.276636568655742197e-18
-1.122698558092401695e-18
-1.000681758105949525e-18
-9.249295129747287153e-19
-8.504194689883949760e-19
-8.045905883680133806e-19
-7.989875281419980196e-19
-7.051793827052850458e-19
-6.650105076778156368e-19
-6.624222964878511101e-19
-6.359878790488306882e-19
-6.236954229814218099e-19
-5.919315409666979710e-19
-5.807006706030719088e-19
-5.748157550180235964e-19
-5.472612199163686722e-19
-5.377523194359221096e-19
-5.318839162182613763e-19
-5.132415135747923676e-19
-5.072028620977469729e-19
-4.795487456625525207e-19
-4.680137150551040074e-19
-4.666385621290412753e-19
-4.537813264372702608e-19
-4.517938562799428182e-19
-4.494913518499669932e-19
-4.440409465670785100e-19
-4.261338204663517641e-19
-4.140910187978714626e-19
-4.002519621325229595e-19
-3.963418038060976372e-19
-3.952206486622192332e-19
-3.914936132916464017e-19
-3.820585995312855541e-19
-3.685037989313830055e-19
-3.615074845906894619e-19
-3.587440293596645089e-19
-3.539069788539328099e-19
-3.502149308974536350e-19
-3.485248342029724024e-19
-3.412031473212719341e-19
-3.395911408092434370e-19
-3.344566114831695287e-19
-3.293241805827898466e-19
-3.229442552302723116e-19
-3.195101004722331827e-19
-3.135323883075760316e-19
-3.077975257754268562e-19
-3.037801166732238291e-19
-2.994438378138820125e-19
-2.966062077242751237e-19
-2.916732154970234188e-19
-2.890556131588291060e-19
-2.869299311163237896e-19
-2.817997254747361791e-19
-2.767419079170342058e-19
-2.740893288210800339e-19
-2.727278454083112274e-19
-2.674981100924085243e-19
-2.637090502388147284e-19
-2.597038939967327812e-19
-2.567656766132021533e-19
-2.541620342333150402e-19
-2.535530201858430298e-19
-2.500514056322389589e-19
-2.470558877232177767e-19
-2.443149362363169552e-19
-2.402467737861940516e-19
-2.369632691459750791e-19
-2.351394848124915621e-19
-2.341608329564857994e-19
-2.298053493053339594e-19
-2.294627495242351630e-19
-2.258676234835350885e-19
-2.225629986725523349e-19
-2.207948402977948664e-19
-2.176386427302446506e-19
-2.161224688623525987e-19
-2.136865468146921158e-19
-2.109036306804747914e-19
-2.105418526372744760e-19
-2.104437064534278293e-19
-2.068168838169528811e-19
-2.047346658282638766e-19
-2.015701072802855309e-19
-1.992259433828777363e-19
-1.978232948972445166e-19
-1.957946573517401021e-19
-1.908356920250748256e-19
-1.900794138769259392e-19
-1.879176732399586419e-19
-1.864686924042136771e-19
-1.840696603619062972e-19
-1.820252593529332134e-19
-1.811208581086099105e-19
-1.795714766511668434e-19
-1.782930033170900946e-19
-1.764624113570672941e-19
-1.740156661228824311e-19
-1.730813575426001641e-19
-1.712943591103586790e-19
-1.697874609944679707e-19
-1.672393022354939380e-19
-1.661411657127813606e-19
-1.637274565393661729e-19
-1.630740776269635579e-19
-1.608783587839381118e-19
-1.602980133978278970e-19
-1.587402639108021549e-19
-1.576068222826519806e-19
-1.553235229404783078e-19
-1.536664025641731639e-19
-1.522393571833712094e-19
-1.506264433703986454e-19
-1.485315822365890055e-19
-1.482940220049448750e-19
-1.475852842286197559e-19
-1.466911042508354392e-19
-1.455471964022437184e-19
-1.447734446995185000e-19
-1.423203484951192616e-19
-1.409151566074537761e-19
-1.405164138779467855e-19
-1.393146127853522654e-19
-1.381879202821360830e-19
-1.355336616009140657e-19
-1.345335906682112403e-19
-1.331016386976909278e-19
-1.312474281809658232e-19
-1.292038594170720576e-19
-1.286798001568695386e-19
-1.281998269007825410e-19
-1.260786195037978164e-19
-1.249646329172264868e-19
-1.229394652394235906e-19
-1.221954787242139579e-19
-1.218147923993805110e-19
-1.203111044122858340e-19
-1.187736997184540684e-19
-1.179422160657609581e-19
-1.165417949104907675e-19
-1.153151464594169393e-19
-1.150217258457134479e-19
-1.135069286881855434e-19
-1.128343674419960934e-19
-1.117766551869164877e-19
-1.108583745354626165e-19
-1.096541340942923201e-19
-1.085336830009058465e-19
-1.077098583853268953e-19
-1.069855747292326899e-19
-1.066877306351021916e-19
-1.041255189594451262e-19
-1.036474816260438018e-19
-1.025154924101233143e-19
-1.018549514511026770e-19
-1.006747962646670577e-19
-9.917075892498426140e-20
-9.865093713236205017e-20
-9.847276529299494589e-20
-9.732338643652890051e-20
-9.607459769493752446e-20
-9.461308753746567744e-20
-9.447487474081853898e-20
-9.346805806125152940e-20
-9.180587598699706194e-20
-9.113594012372628219e-20
-9.093938827698034954e-20
-9.035531630960111853e-20
-8.982996712670398500e-20
-8.837957663233638068e-20
-8.796288419487081294e-20
-8.601781155266315194e-20
-8.524892284058581185e-20
-8.451171512006334275e-20
-8.415294159431867547e-20
-8.307842927508902953e-20
-8.125436250528552638e-20
-8.004854243549676400e-20
-7.942143110728290226e-20
-7.821581179563746986e-20
-7.781930568712728304e-20
-7.674635352574071608e-20
-7.659552391981491895e-20
-7.517142499193442833e-20
-7.469765359138385739e-20
-7.397351303996349508e-20
-7.298878748580721410e-20
-7.253693927608609311e-20
-7.178479025973127409e-20
-7.131888167731115965e-20
-7.100949813601794761e-20
-6.986879024326010341e-20
-6.897949691882046312e-20
-6.819170400741936309e-20
-6.724007447395227502e-20
-6.660916268735512069e-20
-6.568704075334938087e-20
-6.507195529611379078e-20
-6.491401734960198563e-20
-6.346976433104484421e-20
-6.240030319434729897e-20
-6.193340256231669366e-20
-6.091771601896849739e-20
-6.017846543381828132e-20
-5.959633267506114819e-20
-5.881399975688146565e-20
-5.777993158763327322e-20
-5.674964442879609326e-20
-5.663052557529504755e-20
-5.498699322434724693e-20
-5.427820280537007578e-20
-5.342460250097322205e-20
-5.313421597196968342e-20
-5.248276070421514111e-20
-5.210548475284600815e-20
-5.117713876155387132e-20
-5.050619378884114972e-20
-4.926512910842250669e-20
-4.874089234185001343e-20
-4.842464758798671365e-20
-4.777006546868534571e-20
-4.689465506980179490e-20
-4.575259716837664426e-20
-4.507542952207945627e-20
-4.442426019354877418e-20
-4.335908107509370432e-20
-4.298191699616738444e-20
-4.250382178284698828e-20
-4.203844443126139673e-20
-4.166524720678413196e-20
-4.126347958480636717e-20
-4.042290690811779565e-20
-4.007744048429425143e-20
-3.921669498726810190e-20
-3.884308499613960511e-20
-3.776603433093341086e-20
-3.732920624808858129e-20
-3.680200234516838340e-20
-3.604864483370521133e-20
-3.531929726915924228e-20
-3.497623587119265667e-20
-3.424216209207078538e-20
-3.405004902278426061e-20
-3.349140206063554275e-20
-3.310517120753720632e-20
-3.252065784431813104e-20
-3.242673547098679382e-20
-3.117606449864751466e-20
-3.059990613341476604e-20
-3.013800851622171766e-20
-2.934291340609352838e-20
-2.880500331272900680e-20
-2.845664770352058492e-20
-2.828812457501024119e-20
-2.740147440715571432e-20
-2.658227847261234344e-20
-2.637792793683432289e-20
-2.566955179593949294e-20
-2.519387343880370864e-20
-2.513235187929111445e-20
-2.438589556066006532e-20
-2.370870363059152256e-20
-2.303585705978495747e-20
-2.225613285719664372e-20
-2.168401368438927700e-20
-2.123122873908451466e-20
-2.111286779747633508e-20
-2.030137605729055059e-20
-2.004930217762198161e-20
-1.925689128004626202e-20
-1.874150803864547621e-20
-1.859852468627000198e-20
-1.816746008844809818e-20
-1.793220508921545215e-20
-1.749618843592946143e-20
-1.681673124183297743e-20
-1.620368545930873363e-20
-1.585132935021329579e-20
-1.548007463059475490e-20
-1.519896414941437627e-20
-1.453252776683192283e-20
-1.417239041550027075e-20
-1.382493065660987112e-20
-1.340925176677439708e-20
-1.326044406583044241e-20
-1.252591652699904902e-20
-1.197141733656828565e-20
-1.124284476787954401e-20
-1.082610364477587865e-20
-1.046890982354844438e-20
-1.029554250181259481e-20
-9.889771887212847233e-21
-9.623427085079327816e-21
-8.875499869003912510e-21
-8.213745086295717918e-21
-8.173100009964242494e-21
-7.806460423307390018e-21
-7.548217547323687111e-21
-7.330745802413822363e-21
-7.066674755280807049e-21
-6.840016797431920056e-21
-5.964905817301240893e-21
-5.508440228976043218e-21
-5.132117996021865401e-21
-4.735798877232943992e-21
-4.305963978719234336e-21
-4.074371805617694576e-21
-3.576398018195982569e-21
-3.432858329763125405e-21
-3.224340048698707490e-21
-2.913759279144609117e-21
-2.737125926004456380e-21
-2.328899622603348585e-21
-1.981874502592523824e-21
-1.339730168199381232e-21
-1.062163192147966686e-21
-6.413551818666551539e-22
-5.765430623343370254e-22
-3.685288415628333762e-22
3.359741624592936769e-23
3.929016447332585051e-22
4.821053437637707429e-22
1.142040532315026218e-21
1.314245392280403657e-21
1.536878164471502260e-21
2.010521207009022551e-21
2.364176330293479466e-21
2.624680992643261871e-21
3.017259996724940506e-21
3.354524890415597715e-21
3.736478520251742592e-21
4.072463335079396884e-21
4.163130544095479839e-21
4.547710219089519751e-21
4.881298791816309209e-21
5.137725930895232436e-21
5.660186769468380450e-21
5.717898276833008534e-21
6.216036451227017922e-21
6.682293306639748372e-21
6.942556140407463722e-21
7.249161508304581011e-21
7.550386806606125948e-21
8.163798784666522729e-21
8.482962999952526348e-21
8.807379269367825956e-21
9.286803068911025202e-21
9.933322682967780373e-21
1.033900776676373468e-20
1.059610556705170248e-20
1.094721215471311934e-20
1.144560457872381276e-20
1.191303036926494117e-20
1.237488068613576840e-20
1.252340846333738247e-20
1.306690691202094141e-20
1.339910875155607211e-20
1.388498638347907937e-20
1.442988992588446526e-20
1.474991527504338891e-20
1.492198444321135258e-20
1.564473045009354527e-20
1.605603119685755509e-20
1.693972608343812388e-20
1.736873437300287728e-20
1.759157963059389967e-20
1.813363579134451004e-20
1.837947447903667026e-20
1.881297206288976754e-20
1.950730146950881323e-20
1.990078296118631745e-20
2.090711280449811720e-20
2.132516688613644946e-20
2.194281032831426326e-20
2.242240100330458173e-20
2.266382559797621442e-20
2.281449961595330161e-20
2.350144830389737029e-20
2.416931188036837839e-20
2.462453908535664599e-20
2.494136732646726485e-20
2.532417284230622209e-20
2.703514654196437410e-20
2.721584746470304166e-20
2.770036761660526851e-20
2.825328883827311290e-20
2.862284822436497066e-20
2.892525256053166871e-20
2.982013984027536443e-20
3.033410283007711194e-20
3.105393450172741050e-20
3.152271787084783930e-20
3.204302183206685438e-20
3.244837778778268451e-20
3.309728145050913289e-20
3.315238335557695509e-20
3.422395480495331776e-20
3.442440029468374671e-20
3.492755922244309665e-20
3.511924556370885847e-20
3.606472815469222074e-20
3.709911606446554485e-20
3.778823535660470517e-20
3.803675363097954939e-20
3.829458820914305666e-20
3.961546892621162228e-20
4.032770510763058684e-20
4.091900888804781788e-20
4.124502498339001144e-20
4.169143773514319999e-20
4.262497121867121638e-20
4.361173544567513010e-20
4.396146483061855499e-20
4.442777534849484563e-20
4.531824756590207397e-20
4.539681112702315179e-20
4.605143515122097438e-20
4.655762964489712654e-20
4.694393475577580539e-20
4.771533671833249256e-20
4.815405415776598547e-20
4.885781669378533677e-20
4.953713832804780329e-20
5.068311506890299169e-20
5.155346924698528313e-20
5.234600816499366259e-20
5.308100836560411593e-20
5.341466840100088843e-20
5.391344289713269461e-20
5.456225240396621501e-20
5.532519404761038081e-20
5.599943882700472284e-20
5.633177505909234752e-20
5.663651479203763577e-20
5.774459914056575942e-20
5.945929113026600873e-20
5.999412172319857105e-20
6.049735629308677085e-20
6.080762184408587965e-20
6.223148443890812883e-20
6.302459327597453765e-20
6.410266861570949528e-20
6.463218172641468529e-20
6.547070259488376057e-20
6.599533683519000860e-20
6.621439858654046745e-20
6.650765347845222227e-20
6.818997498380516900e-20
6.888186475558838572e-20
6.944613667586591645e-20
6.998307144004773116e-20
7.160719730525152400e-20
7.233724600409457025e-20
7.266802507605248087e-20
7.398570764668898183e-20
7.452134590574574584e-20
7.550953285653246651e-20
7.636654658657959835e-20
7.767168060166863475e-20
7.774556579685317819e-20
7.860942184181509135e-20
7.981054169919096761e-20
8.012794492771143310e-20
8.114385786345238235e-20
8.189493386259663791e-20
8.254130845423990399e-20
8.367739943055216873e-20
8.497993446363408902e-20
8.545235080758155524e-20
8.680039548741214092e-20
8.720672472893091116e-20
8.890217536366197841e-20
8.970981557721154511e-20
9.082388990254020581e-20
9.191128302397946340e-20
9.288177928620875393e-20
9.329851235765328335e-20
9.374716763417647405e-20
9.511519241330029896e-20
9.581688929152341145e-20
9.716691586137735643e-20
9.794271541993841924e-20
9.878204246962179796e-20
1.003395027113358831e-19
1.006252640899731404e-19
1.021153785552240423e-19
1.035293513513261995e-19
1.040393816119211648e-19
1.045736890442903827e-19
1.047368907284342292e-19
1.062438931716118436e-19
1.077459711749319130e-19
1.093579104643847952e-19
1.096826221712943571e-19
1.104145788217541389e-19
1.113213631740680868e-19
1.122873730439269379e-19
1.127936996197686995e-19
1.135629715636062368e-19
1.153948891203146228e-19
1.161491182098005764e-19
1.170045250426860315e-19
1.198653238802409279e-19
1.213551590486132858e-19
1.223180602443041060e-19
1.237577113270239963e-19
1.242635825704857364e-19
1.249352082209408988e-19
1.263317030121036061e-19
1.288765013399983382e-19
1.292052640978167672e-19
1.313968034900784672e-19
1.318396528762578671e-19
1.336539300155570835e-19
1.349825828790549691e-19
1.360989009593291242e-19
1.367461692486015879e-19
1.381158067972684663e-19
1.396317114313230495e-19
1.405487759175765681e-19
1.421121377923010893e-19
1.438463282852886691e-19
1.457023851807254158e-19
1.466670149578706307e-19
1.485545883985953768e-19
1.507867434883646937e-19
1.528221569994571588e-19
1.538648292472336360e-19
1.554726431537836747e-19
1.558455473717048490e-19
1.578593124384974934e-19
1.590156992201686556e-19
1.608068002689578126e-19
1.634272480830820772e-19
1.645378057724734940e-19
1.658863809032554558e-19
1.669828346011058025e-19
1.686903672267001247e-19
1.698555800730038966e-19
1.717174644188856017e-19
1.737096696104677234e-19
1.742900456226013211e-19
1.776854950128688334e-19
1.779572048208530887e-19
1.804964465528644979e-19
1.818577951338012994e-19
1.840412038534988949e-19
1.849524823208998430e-19
1.862255459074426890e-19
1.899925106224362049e-19
1.909503827547880660e-19
1.917899300013051799e-19
1.948141465107803813e-19
1.984752451055398045e-19
2.009762775182314526e-19
2.021840693595194184e-19
2.034995356584440161e-19
2.063803664959777908e-19
2.068278263953648765e-19
2.100158493894061404e-19
2.131958318828530718e-19
2.167451903974678442e-19
2.186026342765000902e-19
2.198482058021631523e-19
2.226169920653046051e-19
2.244325468187580413e-19
2.250321801717655803e-19
2.313966578355232447e-19
2.333025551972407271e-19
2.350176054038262948e-19
2.385699041377065606e-19
2.410332941939539977e-19
2.455351109995494385e-19
2.475835544716375449e-19
2.490104291786761304e-19
2.502272121843870745e-19
2.533505667527261723e-19
2.569599291169862616e-19
2.591336793954325269e-19
2.637236643220277330e-19
2.648863034482715600e-19
2.696918811914822496e-19
2.717754408128636673e-19
2.761470673869189277e-19
2.788485323899600601e-19
2.829645288122241646e-19
2.851433102236815000e-19
2.877004977060736316e-19
2.934381013483001045e-19
2.938142495180542356e-19
2.966979305820964483e-19
3.044237450022654830e-19
3.085136203816444796e-19
3.138771037552515941e-19
3.185556312523057300e-19
3.227342805965204580e-19
3.286307248529753571e-19
3.353550755504596652e-19
3.430528893320018331e-19
3.483517625025139892e-19
3.553703603320718711e-19
3.610781738054421958e-19
3.635349584078261614e-19
3.709874056290519466e-19
3.723218481300198493e-19
3.799819341700733925e-19
3.881280206409739932e-19
3.885987232189370838e-19
3.993350040992151814e-19
4.031186367938788344e-19
4.065510466467892518e-19
4.126322553952663697e-19
4.308169175464589663e-19
4.375459230808908714e-19
4.538940396779623857e-19
4.588625310980958055e-19
4.677965665497594652e-19
4.809273753023362387e-19
4.912384430146265740e-19
4.988279540072276292e-19
5.318259147937472968e-19
5.374955391277733326e-19
5.539330004441316416e-19
5.816196046134746570e-19
5.900939959177128827e-19
6.005024594201038445e-19
6.142237548520805637e-19
6.331170278678915090e-19
6.447325735816246943e-19
6.918851739260556341e-19
7.259387012980284083e-19
7.535462705978861687e-19
7.561400762259222114e-19
8.288079926121248530e-19
8.701910460287618991e-19
9.275289927492870379e-19
9.876594849019883254e-19
1.101674220559174775e-18
1.111677467144371077e-18
1.301398519053612846e-18
1.400364281308217815e-18
1.591441348534008877e-18
1.821039824753082635e-18
3.708639348645730535e-18
4.196532478146426421e-06
7.298195614570619239e-06
1.153965486438119827e-05
1.272380250038725352e-05
1.701519464181031798e-05
2.612644179346484548e-05
2.984261585280474383e-05
3.028973114095979480e-05
3.240724664050857734e-05
3.949097524119244551e-05
5.720776119488289225e-05
6.719225146410637685e-05
7.761664375040278063e-05
1.000389213867548230e-04
1.525289221550702140e-04
2.341771573135391121e-04
2.725899210271540683e-04
3.245838620514141719e-04
3.571579200598711543e-04
7.393933958550199604e-04
7.565655678238044192e-04
2.276950508690383027e-03
1.127983584817289324e-02
1.451554276251219334e-02
5.040626023486967366e-02
