3.432974846118109265e-03
1.939221124575141522e-03
3.963476641919034811e-04
2.693108264023519132e-04
2.059440753388057019e-04
1.885384072151707934e-04
1.770807851112969709e-04
1.645286017648129413e-04
1.556195508286880430e-04
1.457973949304084446e-04
1.380311160190831688e-04
1.145976677352918377e-04
1.019352210273957596e-04
9.995608174471135845e-05
9.116245301398448497e-05
8.338631697679526613e-05
7.909514436119166202e-05
6.909379603393363213e-05
6.655430100343189643e-05
6.417289118864278783e-05
6.036510005168492971e-05
5.547231091155386070e-05
4.968293378311805205e-05
4.537836008687622189e-05
4.129278200523367042e-05
3.867990588436423283e-05
3.769273739168118789e-05
3.336166959030259857e-05
2.988231498842728145e-05
2.791377413559507979e-05
2.615165653430740259e-05
2.453548403795614136e-05
2.400007433720027200e-05
2.279156485353424561e-05
2.078356878354669740e-05
1.811923186511267821e-05
1.665394168264074752e-05
1.602485987473393754e-05
1.446538393889396407e-05
1.351382236354122104e-05
1.238325506181742917e-05
1.195181634718104289e-05
1.169054282577372219e-05
1.044843224877026876e-05
9.236232313520694427e-06
8.981159466611959079e-06
8.721039295468209263e-06
7.935396580390950764e-06
7.013838629803484364e-06
6.663653034037990200e-06
6.243469206132358130e-06
5.678000025504313338e-06
5.546334712822984280e-06
5.076191604698371283e-06
4.749247169815459471e-06
3.770042324323225352e-06
3.647335723414953703e-06
3.527438662963436612e-06
3.477322062518215102e-06
2.661480716959096448e-06
2.527701364394574874e-06
2.386662111024536261e-06
2.124199440943022965e-06
2.056921074625408633e-06
2.014016492294778277e-06
1.766610304703539484e-06
1.637215794046603628e-06
1.557589832488046076e-06
1.413589280104228228e-06
1.218489119081571689e-06
1.132906965319284570e-06
1.064307894653445436e-06
9.683951969161362839e-07
8.772937018662119649e-07
8.636754011332458083e-07
8.083679417140606599e-07
7.608466046879820269e-07
6.846602887780117564e-07
6.730752310136507840e-07
5.869868553831235012e-07
5.267294364344002361e-07
5.045936570855635345e-07
4.854795493833554474e-07
4.525802675116043094e-07
3.855766680528925743e-07
3.652293299696842676e-07
3.484009893624098862e-07
3.242306117081529274e-07
2.740031826382653657e-07
2.460677033213434534e-07
2.278209401001860046e-07
1.886401272596990687e-07
1.729439036679963431e-07
1.095128160149122303e-07
8.552844941504015948e-08
7.397057702712781361e-08
4.339314702180336332e-08
7.978088561655604786e-09
7.385613938988303047e-22
-2.625215322655970110e-20
-4.303596878108778983e-09
-5.370352352197826264e-08
-1.040350908786794882e-07
-1.131884116145641489e-07
-1.716555606473367812e-07
-1.973525667048481647e-07
-2.417302097834408355e-07
-3.148686249885858091e-07
-3.263086656878846576e-07
-4.712567132027035476e-07
-5.304444220239072176e-07
-5.833160600777615549e-07
-6.206400287397969613e-07
-6.512638784591361762e-07
-7.310795369905955723e-07
-8.397158800675079847e-07
-9.248764657056798728e-07
-1.021451976092868003e-06
-1.072794759782899707e-06
-1.091694097643722530e-06
-1.224792553564555183e-06
-1.245725963275551298e-06
-1.358393484829555761e-06
-1.504711781263237545e-06
-1.579463483002466631e-06
-1.619174598460838932e-06
-1.687457630786313367e-06
-1.761533739838053639e-06
-1.927424256434327437e-06
-1.961696342447103233e-06
-1.988915289303534265e-06
-2.153148035157264424e-06
-2.243123535516376798e-06
-2.265588464874111783e-06
-2.362286853043253187e-06
-2.399737484077390964e-06
-2.535101949645422865e-06
-2.713321027362457329e-06
-2.807234768736627612e-06
-2.885585517592886889e-06
-2.973833445508215848e-06
-2.997750648096862910e-06
-3.063897685972503911e-06
-3.211475466817321810e-06
-3.275448602339945585e-06
-3.389469397429690244e-06
-3.444527774909640083e-06
-3.532478127658084480e-06
-3.628575632161442351e-06
-3.727318295694704510e-06
-3.751834059800819471e-06
-3.928591339776197265e-06
-3.945368364884795759e-06
-4.006009958552311403e-06
-4.105422684714458130e-06
-4.177032563409477381e-06
-4.306396535501649121e-06
-4.416320434751732187e-06
-4.507895520338494186e-06
-4.673687404037758482e-06
-4.719016522032123357e-06
-4.864766506076034590e-06
-5.018050092530080082e-06
-5.096230686745077439e-06
-5.216412980055455895e-06
-5.278330915538111932e-06
-5.349272328626900271e-06
-5.442955977145636404e-06
-5.591883553596540463e-06
-5.790693684982284472e-06
-5.839981857252318972e-06
-5.896187927366577559e-06
-6.038796112075580725e-06
-6.156385912882457321e-06
-6.206788676609579564e-06
-6.312504101369466950e-06
-6.546788619399464180e-06
-6.576337126538150771e-06
-6.639531642839733989e-06
-6.874348696987544720e-06
-7.004876463190260868e-06
-7.156073496422945121e-06
-7.317073209027489939e-06
-7.432705878639328973e-06
-7.478970615092372028e-06
-7.668817684509889634e-06
-7.752633091195568023e-06
-7.884564156341743771e-06
-8.125997251806503353e-06
-8.392080892028571496e-06
-8.424557195776279897e-06
-8.588599298968987923e-06
-8.744193261741753609e-06
-8.848020446742283431e-06
-8.911292681137450309e-06
-9.248844986921948559e-06
-9.326409981870589644e-06
-9.477939876247641669e-06
-9.660780436756246766e-06
-9.819438299638159358e-06
-9.951090726242374168e-06
-1.004938695055871751e-05
-1.026714713027485541e-05
-1.056058567412813795e-05
-1.065586744239059587e-05
-1.069985417541047400e-05
-1.079736943666616160e-05
-1.107425506767619970e-05
-1.129987060235743085e-05
-1.137517593358955081e-05
-1.150602273501151332e-05
-1.188813959956696311e-05
-1.215314608321509484e-05
-1.217361967032514397e-05
-1.249497048933451767e-05
-1.251743114434648571e-05
-1.264669707511961720e-05
-1.285426167690760280e-05
-1.297612239771180920e-05
-1.307009762093377745e-05
-1.342828622627233766e-05
-1.361505536666069456e-05
-1.375879143044235864e-05
-1.420126596487960441e-05
-1.424775014648800488e-05
-1.432108907535431331e-05
-1.469415969814908710e-05
-1.482614918699255801e-05
-1.493155705993992079e-05
-1.528323312505889869e-05
-1.543568192294066877e-05
-1.557961844540006613e-05
-1.605534528471278647e-05
-1.625594201749660009e-05
-1.651063772040211659e-05
-1.672366101221331095e-05
-1.707406529804997986e-05
-1.724561042154965334e-05
-1.741475023576889470e-05
-1.747036056472636478e-05
-1.758001007348161091e-05
-1.767565006785879511e-05
-1.813097880137971068e-05
-1.831185379629284604e-05
-1.862119438152484995e-05
-1.872121661061263131e-05
-1.899527095858293650e-05
-1.941867787720537352e-05
-1.958557500775402006e-05
-1.980431642746555116e-05
-2.012360994758939824e-05
-2.041088923386980618e-05
-2.072013285128855860e-05
-2.084286477662695015e-05
-2.095213670699440362e-05
-2.142355984614526402e-05
-2.181696019095936167e-05
-2.198145175168618429e-05
-2.230363373440650125e-05
-2.240277671947342024e-05
-2.283581263412976783e-05
-2.308961648256595294e-05
-2.332382545034394873e-05
-2.350529121713621039e-05
-2.408599663210521667e-05
-2.440197238326619766e-05
-2.479489733696766405e-05
-2.482177540001093499e-05
-2.499783355914650626e-05
-2.530589911655345981e-05
-2.549958433234795785e-05
-2.568392028678529267e-05
-2.619329881673595426e-05
-2.664180013838934706e-05
-2.698488021718476530e-05
-2.700597531259694021e-05
-2.761930203770926015e-05
-2.790766042488181727e-05
-2.803586230050526996e-05
-2.855184601073590793e-05
-2.873597719133731370e-05
-2.929278796622762984e-05
-2.944276547573432653e-05
-2.969614294774604565e-05
-2.979277990110686957e-05
-3.041502841096944160e-05
-3.112732781620410213e-05
-3.135505615375705301e-05
-3.149913691183166210e-05
-3.215765181306435590e-05
-3.251222026633894427e-05
-3.267157272605085612e-05
-3.298232737573810792e-05
-3.315804786492781785e-05
-3.379815529491108310e-05
-3.403296052209686651e-05
-3.447557558525312960e-05
-3.480216909006873224e-05
-3.513222614864111592e-05
-3.565333426871491345e-05
-3.584272112479467093e-05
-3.621440772586738042e-05
-3.682070398269091116e-05
-3.695386170275896919e-05
-3.777103547760518257e-05
-3.812083579058368169e-05
-3.824274769682215814e-05
-3.881880738585495025e-05
-3.905860187012512720e-05
-3.930123948422805725e-05
-4.011271273297553516e-05
-4.040591524368211565e-05
-4.095688084284978978e-05
-4.145212466136414658e-05
-4.181992275649889731e-05
-4.191806198465883445e-05
-4.235124669160503859e-05
-4.322070853322500727e-05
-4.352113459540447535e-05
-4.389676897878879553e-05
-4.461008470971485041e-05
-4.504094749146048246e-05
-4.544537847495119760e-05
-4.590714667946211414e-05
-4.602629806523370504e-05
-4.709655824604532155e-05
-4.737820948790527327e-05
-4.755019909985443882e-05
-4.846941265391426672e-05
-4.862809598204777896e-05
-4.900647254270743566e-05
-4.999128765056021418e-05
-5.053841923542885963e-05
-5.073532705579728822e-05
-5.158400790826152201e-05
-5.207589536243171710e-05
-5.260532270896547518e-05
-5.346954077869683257e-05
-5.385384626200112276e-05
-5.492592473825785816e-05
-5.516169783683598098e-05
-5.555262719730068668e-05
-5.612310357458067262e-05
-5.656417889173824450e-05
-5.747432225363091054e-05
-5.776751859284757009e-05
-5.830912576207557198e-05
-5.867323352749876292e-05
-5.910216457655121682e-05
-6.005630947459014214e-05
-6.141126667760839360e-05
-6.167566786151567866e-05
-6.183142826150663212e-05
-6.281155407665763469e-05
-6.365086772355482247e-05
-6.435017687963521182e-05
-6.536962936280445646e-05
-6.640595019706553288e-05
-6.699402377564138400e-05
-6.710143671648654835e-05
-6.768222659681078000e-05
-6.852831960111990708e-05
-6.869391349060140033e-05
-6.977250239573769134e-05
-7.105296882336386991e-05
-7.203102710910445981e-05
-7.244328266384495103e-05
-7.353240837979090777e-05
-7.397809066831197188e-05
-7.499585919269100259e-05
-7.510173962564627647e-05
-7.561775653744821153e-05
-7.629208427059520241e-05
-7.747741610157717529e-05
-7.815490583127573541e-05
-7.886023988140380373e-05
-8.055771934965558841e-05
-8.140756280858082853e-05
-8.268183482195332295e-05
-8.352217455437135484e-05
-8.383304422933530434e-05
-8.480745528563188426e-05
-8.550430864866965131e-05
-8.629092179246285123e-05
-8.819262264464464997e-05
-8.837996606680130539e-05
-8.967029132164378350e-05
-8.984268238906711207e-05
-9.083509101706171941e-05
-9.110959895205705751e-05
-9.249991932810564953e-05
-9.305689528691233931e-05
-9.396657993571090519e-05
-9.518324017864118974e-05
-9.609692143040571332e-05
-9.728960122082835416e-05
-9.853969581136875458e-05
-9.916536253630039489e-05
-9.969351438951382181e-05
-1.009194358748193926e-04
-1.028242870436393630e-04
-1.032645775841291037e-04
-1.047753278881073029e-04
-1.049455557386203301e-04
-1.070923250856318322e-04
-1.073271604390242868e-04
-1.087766469932251119e-04
-1.100646071978954608e-04
-1.104365592876987930e-04
-1.133002303738708615e-04
-1.136990895437070678e-04
-1.154298270917155869e-04
-1.157319213703075306e-04
-1.158524906150596204e-04
-1.174415870052203945e-04
-1.186636584591084850e-04
-1.198136616672575914e-04
-1.209502050967876561e-04
-1.218550996530462635e-04
-1.232912457510926892e-04
-1.248263025573611640e-04
-1.255902356019320562e-04
-1.267408250048155717e-04
-1.283750723724010577e-04
-1.301554899539212012e-04
-1.322656502750663328e-04
-1.328804093001955582e-04
-1.341978456954150264e-04
-1.352198601296741983e-04
-1.359583998338583931e-04
-1.365471710925748872e-04
-1.401098472947374062e-04
-1.407529019185006422e-04
-1.425657817833733503e-04
-1.435777269623918250e-04
-1.460119524447279669e-04
-1.461763378170789210e-04
-1.486710557911777623e-04
-1.497080651572031435e-04
-1.508758390899954513e-04
-1.525309443737364427e-04
-1.533801190374704175e-04
-1.566687006400626486e-04
-1.582671008912396929e-04
-1.590722254044542002e-04
-1.603976918159824333e-04
-1.620572404878384482e-04
-1.633724472313326226e-04
-1.650709637029718242e-04
-1.656686741432278679e-04
-1.689459650031290710e-04
-1.703167743609348582e-04
-1.715707357061639713e-04
-1.736183943739433636e-04
-1.757595717377448440e-04
-1.781827183270215723e-04
-1.788852995096351303e-04
-1.817204709870025878e-04
-1.836129613675706372e-04
-1.845382497628077537e-04
-1.861211041199748784e-04
-1.869888193928028689e-04
-1.897829932502431412e-04
-1.908429735792202943e-04
-1.914678895300169349e-04
-1.928080393047136055e-04
-1.958368782466956236e-04
-1.985358809169879377e-04
-1.996181821727313664e-04
-2.017266997988974048e-04
-2.032250455529567991e-04
-2.059859166695642029e-04
-2.073754466976216132e-04
-2.117198967706206494e-04
-2.123168789533118447e-04
-2.150591176152044431e-04
-2.168189887891448244e-04
-2.180764226169588883e-04
-2.206684649429389215e-04
-2.226246454569780556e-04
-2.256301226129631783e-04
-2.262033376996547144e-04
-2.306096702118906789e-04
-2.312269066611068809e-04
-2.359679725705823503e-04
-2.364382363476751027e-04
-2.391446108260618223e-04
-2.394674991760659230e-04
-2.437320598034659210e-04
-2.461186075503259433e-04
-2.480715536812355074e-04
-2.509321504042237323e-04
-2.515765642086911519e-04
-2.555341262609764157e-04
-2.570002350559676498e-04
-2.596843513168947811e-04
-2.601931652856159577e-04
-2.642146076562436026e-04
-2.649049427004419562e-04
-2.697471117290026004e-04
-2.718823712148486110e-04
-2.752622278832439809e-04
-2.767971598836639928e-04
-2.773944708803052685e-04
-2.795550022827804804e-04
-2.817708930527220313e-04
-2.846628143010437829e-04
-2.874123658669333397e-04
-2.913653113278642857e-04
-2.935695682660292654e-04
-2.952133306067738442e-04
-3.019012393027142903e-04
-3.056140700359532246e-04
-3.089963297812065956e-04
-3.103563040075539613e-04
-3.150064410830799989e-04
-3.164710872912377413e-04
-3.191685048676582499e-04
-3.230496227267768859e-04
-3.259801418391980671e-04
-3.332490728498199066e-04
-3.365970185676277985e-04
-3.390614763040341760e-04
-3.399098080434462287e-04
-3.459997370337039710e-04
-3.476996171348475983e-04
-3.513801580728657102e-04
-3.559967752471156059e-04
-3.588580938389883228e-04
-3.624894094533221778e-04
-3.629705740214597622e-04
-3.657038558203979934e-04
-3.721331197456225664e-04
-3.779541421301117776e-04
-3.793481177135623683e-04
-3.826250737672610069e-04
-3.868097021688667817e-04
-3.911868114565962172e-04
-3.932874787969633710e-04
-3.954413028129694259e-04
-4.026672074492626281e-04
-4.061528423667911856e-04
-4.086104004724790237e-04
-4.151106940410230592e-04
-4.188580999080833596e-04
-4.250427755977126149e-04
-4.308746450590613774e-04
-4.353860927460316750e-04
-4.370892837974825191e-04
-4.424956491180049504e-04
-4.436129931339706446e-04
-4.488412382911560750e-04
-4.558778025312606162e-04
-4.629834797714853256e-04
-4.660413569879170298e-04
-4.731760997178762742e-04
-4.742842194985635320e-04
-4.809416681194185971e-04
-4.865506339675882059e-04
-4.901160939391128579e-04
-4.957582631585458503e-04
-4.975160689704408341e-04
-5.030226866636844591e-04
-5.061720717807998825e-04
-5.129386764382597901e-04
-5.135189406005167710e-04
-5.192062577183371519e-04
-5.212224516217619109e-04
-5.317977096349239341e-04
-5.398684686028649418e-04
-5.425919146926536877e-04
-5.498723828513029299e-04
-5.551296243222878955e-04
-5.693160920217311049e-04
-5.723755836643771048e-04
-5.733221272255875113e-04
-5.803960873433666474e-04
-5.871156493635254405e-04
-5.962380507595634559e-04
-6.032068440718545230e-04
-6.081628122295197354e-04
-6.196963214810798050e-04
-6.285874558311860608e-04
-6.343178480846749885e-04
-6.369303296851154322e-04
-6.461435041096387543e-04
-6.502788189754886731e-04
-6.507450522545473598e-04
-6.565794512288936763e-04
-6.698607101250556419e-04
-6.722456408237742790e-04
-6.841395291254487006e-04
-6.955107755787732831e-04
-7.024721230372995250e-04
-7.131006925531671982e-04
-7.182499536231089872e-04
-7.260571146126460927e-04
-7.278740171606922372e-04
-7.453082156693648271e-04
-7.533264788169729588e-04
-7.563986582691554703e-04
-7.789234203225008134e-04
-7.852196115272007089e-04
-7.928529320439466109e-04
-7.942162706636036584e-04
-8.028173518813532059e-04
-8.080429979925323912e-04
-8.290347313589680476e-04
-8.347288001004027824e-04
-8.561285023545875611e-04
-8.680855415847493718e-04
-8.697842758053135571e-04
-8.753111189255176902e-04
-8.854593481661231094e-04
-8.935658576508901134e-04
-9.075749761835104042e-04
-9.305347652154090550e-04
-9.406902547436948826e-04
-9.541275282232356946e-04
-9.629169351582095174e-04
-9.735807032414760514e-04
-9.828697717999485342e-04
-9.969018069460489507e-04
-1.011380896878793546e-03
-1.018968871639711884e-03
-1.031534647594251845e-03
-1.038539176051349929e-03
-1.061070028920916989e-03
-1.071293880408378217e-03
-1.087123250014629828e-03
-1.095402521475544264e-03
-1.121806068280999710e-03
-1.134844847377177194e-03
-1.141792057481995706e-03
-1.151372643975593670e-03
-1.175801590278860269e-03
-1.177647181007665652e-03
-1.204256805922404236e-03
-1.224724834917541088e-03
-1.231878481175845532e-03
-1.251133202812045346e-03
-1.266349778578574605e-03
-1.292213190391913779e-03
-1.302609072399303495e-03
-1.324677509839473173e-03
-1.333426884901146468e-03
-1.355015708965603451e-03
-1.384380566643404666e-03
-1.407443025306035888e-03
-1.469637791981042796e-03
-1.480841633956907471e-03
-1.493262925119319450e-03
-1.512081462431395665e-03
-1.562370790450876620e-03
-1.620729969514668641e-03
-1.630249772036267879e-03
-1.648324110618694383e-03
-1.686128636858157635e-03
-1.764668825862137844e-03
-1.791797612190998553e-03
-1.826975887091358700e-03
-1.850997160236156651e-03
-1.918095913383066533e-03
-2.002962975481423994e-03
-2.031989642355136200e-03
-2.073028915232532320e-03
-2.213535176818207627e-03
-2.308108949771345460e-03
-2.406927887618007418e-03
-2.539178182409204503e-03
-2.562282803582247113e-03
-2.752329398632420016e-03
-2.810160251819126230e-03
-2.980986155144847195e-03
-3.278447153553043850e-03
-3.454423714359601289e-03
