1.083562624945592912e-02
9.553148824207574608e-03
7.303210131147449755e-03
3.348721348817940927e-03
2.326095796432074182e-03
2.277444371895961939e-03
2.077823153289502962e-03
1.337793637760936825e-03
1.205247205504273540e-03
1.143940016431201209e-03
1.112172899630190469e-03
1.001418807887852983e-03
9.727629438182750074e-04
9.384678839952250145e-04
9.064567655335879466e-04
8.870374073610731757e-04
8.199447562224710046e-04
8.055114883427899998e-04
7.818600217083979901e-04
7.587997097686336205e-04
7.015380337993794508e-04
6.842294100366969360e-04
6.590049529481455592e-04
6.422338045388736481e-04
6.106810118422590153e-04
6.078200613463909845e-04
5.868148659034444969e-04
5.719827659933445592e-04
5.487985302707291003e-04
5.319362846703952182e-04
5.260108195486639998e-04
5.079830721235239956e-04
4.998495181536159520e-04
4.909976478258868630e-04
4.712342836226497342e-04
4.613421330138176273e-04
4.481670349590839340e-04
4.353985529088842395e-04
4.186174849114172609e-04
4.130604892177640428e-04
4.112743345042284542e-04
4.012472670449888533e-04
3.858688695307626996e-04
3.762753836600193609e-04
3.668893146808965919e-04
3.605734272914702101e-04
3.574314108729341596e-04
3.498439448278021688e-04
3.383779195239143165e-04
3.370289277683294056e-04
3.258053121387678242e-04
3.181967789090166861e-04
3.149292076802290589e-04
3.086984182580720481e-04
3.049288548178660601e-04
2.953386129411895273e-04
2.852255037149579358e-04
2.819766500018611719e-04
2.745717511349193298e-04
2.734696954670252575e-04
2.669691755429959767e-04
2.623082126207121573e-04
2.562735007349205459e-04
2.529673149618975382e-04
2.439462255769578682e-04
2.412282398118500808e-04
2.375328237596008307e-04
2.315961052573558469e-04
2.300560717568112890e-04
2.236553530384810030e-04
2.219375218448438260e-04
2.181365543934043257e-04
2.160461535661728917e-04
2.108611526510864457e-04
2.071085269693968671e-04
2.024846714986493906e-04
2.006055746798011366e-04
1.978436819438184546e-04
1.951030846883003368e-04
1.922435898699900475e-04
1.892175404686297720e-04
1.878399245969670519e-04
1.865205140087156327e-04
1.796503300091451493e-04
1.754838918386870884e-04
1.733173069955749922e-04
1.683527056499778797e-04
1.674939615345273235e-04
1.643654074145762536e-04
1.597668937904957046e-04
1.581922218739916517e-04
1.562732046085123293e-04
1.541641953423501614e-04
1.504913066737414344e-04
1.487265139458601661e-04
1.436581351639641538e-04
1.430841450005608756e-04
1.404879432528805731e-04
1.388352414996678330e-04
1.363073969887834886e-04
1.353166656093065124e-04
1.332655589424497030e-04
1.320478622119231060e-04
1.298959583656643228e-04
1.282467415719206697e-04
1.263533039287004862e-04
1.260745762134298344e-04
1.232015368697373346e-04
1.226750464870494126e-04
1.193510308718001280e-04
1.174507379280739067e-04
1.164957090811372873e-04
1.145095366048423180e-04
1.132902266041867846e-04
1.125392395564775070e-04
1.096577183556075939e-04
1.075386299529336074e-04
1.062700117674857597e-04
1.046535281159533150e-04
1.033013379833820508e-04
1.017652713533203192e-04
1.005639837341449310e-04
9.983287588352836046e-05
9.839216431261813391e-05
9.612019315628897225e-05
9.503198195916224948e-05
9.408450000948030125e-05
9.307886620571503063e-05
9.101315369683153839e-05
8.834719086045494940e-05
8.761353952995535612e-05
8.665896758078121299e-05
8.374829487250897700e-05
8.261646025512270667e-05
8.213767576035055286e-05
8.101017096777915775e-05
7.963688921419390348e-05
7.906556226351938354e-05
7.712436691975198960e-05
7.636014306722304723e-05
7.506453543029168189e-05
7.373156372386353104e-05
7.330686044093060198e-05
7.232076335913649370e-05
7.171144547337595233e-05
7.027563846376240974e-05
6.944457744130402279e-05
6.851929820158329852e-05
6.734499887338248308e-05
6.635055752444967553e-05
6.549875899494304215e-05
6.476829448838005256e-05
6.446441534262632473e-05
6.336097936128615008e-05
6.206431433203408250e-05
6.090817613322848588e-05
5.976920176133262665e-05
5.916578085692129175e-05
5.886203892370184021e-05
5.804272791303082679e-05
5.736919417636937287e-05
5.631133815164347643e-05
5.495725433481122332e-05
5.406378239615066165e-05
5.387418073952845250e-05
5.271737516031734595e-05
5.186100036760472697e-05
5.163025913527519406e-05
5.083576788350544916e-05
5.005358797024927402e-05
4.926591386691671462e-05
4.851296516544172186e-05
4.784741745002778343e-05
4.691322059633333774e-05
4.642655815748654425e-05
4.609904028770478603e-05
4.571831909570893372e-05
4.562212707897283088e-05
4.499373163302154249e-05
4.420990346450589538e-05
4.368890058052082810e-05
4.269460498974277302e-05
4.206166859099334918e-05
4.101009099582995953e-05
4.026090455575840525e-05
3.966692635050920204e-05
3.926671263809312191e-05
3.881064042804500329e-05
3.856934386955404337e-05
3.755743435207855538e-05
3.689177060178773314e-05
3.603458882658482250e-05
3.593740062932588203e-05
3.538907770655806250e-05
3.525893288161457474e-05
3.388585419760014998e-05
3.376831022394084124e-05
3.321981114184539103e-05
3.252386887108705789e-05
3.214347281824110294e-05
3.200580780816999506e-05
3.154645989430103958e-05
3.079775443179657912e-05
3.065226858496145860e-05
3.034821172232996358e-05
2.943957861826623971e-05
2.906980690586408189e-05
2.873778480998201930e-05
2.826693931706069726e-05
2.815209015844552607e-05
2.739819450873545720e-05
2.720466243943198890e-05
2.661306114829177350e-05
2.643087998812454720e-05
2.567431098490018343e-05
2.524572200923175591e-05
2.501186742259893357e-05
2.447701379954480248e-05
2.432890262106011074e-05
2.420672311150621857e-05
2.376566026885353183e-05
2.316819753585677764e-05
2.312188961352034248e-05
2.301694699350938139e-05
2.255413918722191303e-05
2.218019636335671129e-05
2.195606145676895566e-05
2.149101224072538555e-05
2.123437834670712041e-05
2.094678586113882382e-05
2.065480684363198521e-05
2.049191853591339401e-05
1.999568196760247691e-05
1.995919784444973602e-05
1.951721976148161879e-05
1.927381772037291719e-05
1.890505635169139934e-05
1.870598198632862148e-05
1.842294577129547850e-05
1.791286306084846644e-05
1.745176924731004230e-05
1.725402905151510776e-05
1.706587534973572667e-05
1.670943686963464057e-05
1.652126275738692720e-05
1.643503184400601656e-05
1.623137940871704726e-05
1.567976164987782800e-05
1.552935054771401849e-05
1.541837028591644491e-05
1.522845817268544221e-05
1.477240703281079381e-05
1.445390940863416091e-05
1.422317790358054837e-05
1.410030557333875824e-05
1.396291661635829822e-05
1.378788796149548929e-05
1.356500425378551528e-05
1.335885927242864671e-05
1.300521321587011183e-05
1.295024359989955278e-05
1.282888808526407182e-05
1.272760573048912865e-05
1.260385128929158977e-05
1.245749455018938606e-05
1.212704453000800495e-05
1.205927131367205745e-05
1.173111455528320438e-05
1.163568234648473785e-05
1.155761704775707868e-05
1.150002788752195954e-05
1.116231269461997596e-05
1.106387842779107356e-05
1.092824628520299050e-05
1.069130870375236975e-05
1.049257328427168687e-05
1.020261917409002588e-05
1.004097156484630774e-05
9.898247157299755868e-06
9.794277850186649945e-06
9.699280416919441283e-06
9.594227022522623942e-06
9.419034397748466363e-06
9.253132988152951486e-06
9.047352591843222625e-06
8.888752297200334717e-06
8.864236701897142378e-06
8.667791931195134261e-06
8.439748668789106691e-06
8.339082947841203238e-06
8.288426000041787100e-06
8.146141056215605128e-06
8.073220644562639073e-06
7.901387586908188652e-06
7.788086148425211561e-06
7.701652896596847907e-06
7.372970194167876478e-06
7.238322438424787959e-06
7.104065531400533817e-06
6.923143786065097085e-06
6.868320888781040102e-06
6.753238644978439082e-06
6.644319654134430479e-06
6.556493254656996149e-06
6.429047199455608425e-06
6.283472522423780873e-06
6.123721020188776472e-06
5.975263136410934956e-06
5.753126431068230917e-06
5.724198171313099384e-06
5.600966167405411163e-06
5.550356929632834596e-06
5.482073521172477482e-06
5.396424962998515722e-06
5.222093462135614788e-06
5.081594046999793198e-06
4.998686800112057027e-06
4.894801989529269846e-06
4.775650517824743104e-06
4.688321812322009314e-06
4.592344147876364224e-06
4.495423223366331845e-06
4.399710703533553634e-06
4.252314377092335790e-06
4.180927769550608160e-06
4.122819374081311689e-06
4.071078330730042272e-06
4.018272954663651231e-06
3.960437798389414417e-06
3.806924742669105307e-06
3.702616048335289636e-06
3.633280744021331293e-06
3.565857670560468573e-06
3.522545096303074581e-06
3.446490344891243061e-06
3.372924561451542655e-06
3.327653968599041834e-06
3.258198525141485884e-06
3.141414291508144348e-06
3.062397109404294432e-06
2.980482656951168730e-06
2.939595692953201144e-06
2.905518681314264331e-06
2.839117057481907106e-06
2.804085231980334621e-06
2.734843320878207647e-06
2.675154816455717089e-06
2.558661476287327311e-06
2.499447298722813021e-06
2.430269046564963349e-06
2.377225480416394595e-06
2.324069778075366206e-06
2.273689752736560396e-06
2.208671684870400798e-06
2.127936518967723817e-06
2.067687656476030216e-06
2.022647044263028182e-06
1.965096100466579498e-06
1.866641245300427612e-06
1.853240421440922454e-06
1.804954570220608494e-06
1.738204724322737047e-06
1.688548150440633926e-06
1.643912820045332747e-06
1.598430874083530995e-06
1.533681913103159677e-06
1.505931465257709727e-06
1.485970012444929362e-06
1.413251274409771400e-06
1.359345007786792969e-06
1.256084417118966033e-06
1.242063616912930080e-06
1.201861105504520909e-06
1.181042034665064025e-06
1.169080749611356724e-06
1.088149164567224558e-06
1.066523331238421468e-06
1.004366051579517769e-06
9.787404646638409796e-07
9.602766290761564883e-07
9.375610666606519646e-07
8.459352508177703854e-07
8.171616300891163660e-07
7.883889670613957463e-07
7.494377859904363976e-07
7.299987934347369746e-07
6.692314011585221808e-07
6.429359238318146167e-07
6.097136773094308988e-07
5.872190407166432349e-07
4.846358176278015478e-07
4.741921378853397568e-07
4.328060594156091763e-07
3.823280191799107742e-07
3.722352488559307874e-07
3.473081735147522397e-07
2.887350382877571330e-07
2.334850610765461413e-07
1.849866590768824223e-07
1.822831990608106384e-07
1.705661629431634564e-07
1.191066714379913999e-07
9.786168385615033838e-08
8.910333813805546064e-08
5.633581192286191582e-08
3.288931556259617541e-08
2.117886587975139535e-08
8.428312008096666803e-09
6.680828537579580271e-20
-7.589223218350871577e-21
-1.738446725549458981e-08
-3.399902114828722149e-08
-6.206475610561379381e-08
-7.821591949911387404e-08
-9.888453654775690990e-08
-1.138149876030426811e-07
-1.473540899371461247e-07
-1.827289837859574372e-07
-2.198610537298036067e-07
-2.508967689134349624e-07
-2.770690873797229667e-07
-3.133693830378757050e-07
-3.422972123058862414e-07
-3.531043271611797604e-07
-3.785818749309440157e-07
-4.169334210639213782e-07
-4.519748430089777901e-07
-5.018010377917388050e-07
-5.702138080453730848e-07
-5.898664064196955739e-07
-6.246389268000871871e-07
-6.548890377352472668e-07
-7.521641108210493777e-07
-7.764887774560133665e-07
-8.446482246648795171e-07
-9.522955072650909032e-07
-1.013668851670035366e-06
-1.063697628294897221e-06
-1.111902552060354529e-06
-1.154818373925076433e-06
-1.170018088643438404e-06
-1.185074100948051532e-06
-1.259205785878532482e-06
-1.396710586074964718e-06
-1.454762340873733970e-06
-1.484485416246149225e-06
-1.520316379669443058e-06
-1.590252679036585913e-06
-1.702839687292967199e-06
-1.761518305976256935e-06
-1.855566952033837106e-06
-1.970280530526397415e-06
-2.006239699286185398e-06
-2.050535166026792053e-06
-2.142015628518689025e-06
-2.267296175188681329e-06
-2.283752926980959628e-06
-2.438569276745208760e-06
-2.610319823249506085e-06
-2.638198518590151489e-06
-2.725295543441728963e-06
-2.783503482775386919e-06
-2.886206455197774371e-06
-3.066414049662323878e-06
-3.108773217926058508e-06
-3.331108260902667834e-06
-3.459709331821651350e-06
-3.583412417796701307e-06
-3.837377685961707803e-06
-3.849496916859830328e-06
-4.024494760976338260e-06
-4.094683553745422769e-06
-4.191962235634925063e-06
-4.229301840093350023e-06
-4.377993022009490733e-06
-4.443973848997029920e-06
-4.506419516973777690e-06
-4.659468097050686265e-06
-4.810039332423784622e-06
-4.861586415271454284e-06
-4.973889757589711052e-06
-5.237966223762760424e-06
-5.435915222685924177e-06
-5.472718058085979134e-06
-5.603200327941852365e-06
-5.690276155563858370e-06
-5.853994850951050223e-06
-6.066288353089594322e-06
-6.093256712268889186e-06
-6.299285027344491669e-06
-6.639091799626052316e-06
-6.680901366228600575e-06
-6.957254739411238417e-06
-7.296073515587849412e-06
-7.488941169532409483e-06
-7.643479713946669599e-06
-7.804648416321200897e-06
-7.897959224489361341e-06
-8.038987189804196410e-06
-8.344126103495996030e-06
-8.698702638357589225e-06
-8.823444118602078045e-06
-9.042682640659942394e-06
-9.233796415362721343e-06
-9.702466862794290037e-06
-9.767251976781187917e-06
-1.011935500806824830e-05
-1.028920960644780176e-05
-1.059289337895633424e-05
-1.102248272012805605e-05
-1.125497315177882852e-05
-1.130666809303523983e-05
-1.167557341865388953e-05
-1.200308764166001555e-05
-1.234146557541770040e-05
-1.264649599598887279e-05
-1.282343061584839974e-05
-1.299832159253018513e-05
-1.346566555789997164e-05
-1.381320738281492874e-05
-1.400014907226848587e-05
-1.441161312015022760e-05
-1.464238442325794580e-05
-1.494898784892304686e-05
-1.540660143516256196e-05
-1.557467687466827078e-05
-1.612488012090314916e-05
-1.642554358500295078e-05
-1.720906147159464064e-05
-1.739420420041366827e-05
-1.793192777816746516e-05
-1.863284539979057796e-05
-1.882214474581586189e-05
-1.910875768472428531e-05
-1.945608030034556070e-05
-2.055234773766469511e-05
-2.062945892190222135e-05
-2.128159343807381956e-05
-2.195518880836919661e-05
-2.232464442739952681e-05
-2.278378063152437609e-05
-2.329247804031651603e-05
-2.336880866661655325e-05
-2.440884633639922816e-05
-2.483180879923777172e-05
-2.557535658110838539e-05
-2.653122686121675331e-05
-2.687634229203035699e-05
-2.762579118777112880e-05
-2.840607043009464355e-05
-2.886921386248174763e-05
-2.903809285052284884e-05
-2.940360844428501614e-05
-3.011435099167372728e-05
-3.114431699094552861e-05
-3.138081094446683225e-05
-3.216904161461324783e-05
-3.296488418588791564e-05
-3.400461666649574866e-05
-3.490797633696899119e-05
-3.618193244508035444e-05
-3.628738774339973196e-05
-3.672481528546238741e-05
-3.824784144626057757e-05
-3.832202335064338275e-05
-3.867324228580270191e-05
-4.011934921342563942e-05
-4.035713843062828848e-05
-4.072337264020924708e-05
-4.120478898797680660e-05
-4.189462426912398633e-05
-4.308486701532644573e-05
-4.394976127403980089e-05
-4.521964765035991162e-05
-4.666384682727255410e-05
-4.764421258515987040e-05
-4.825683738155021581e-05
-5.008581659694963194e-05
-5.108677402159220719e-05
-5.257990716263993494e-05
-5.354605792746046155e-05
-5.441359142320382933e-05
-5.573699773274072859e-05
-5.707677803099465188e-05
-5.861987015756730727e-05
-5.976332839105620001e-05
-6.099252704466636115e-05
-6.260438968745840767e-05
-6.334415086826912609e-05
-6.480717103304238849e-05
-6.711439857530048523e-05
-6.993680667111361706e-05
-7.144973306325820767e-05
-7.249509765335533510e-05
-7.431502356266688229e-05
-7.516733739649704654e-05
-7.627212849663044100e-05
-7.957038635658645232e-05
-8.268673174887824801e-05
-8.447644686256256007e-05
-8.707296192176345695e-05
-8.764031723549393124e-05
-8.852322247926853451e-05
-9.053195625780508188e-05
-9.167683291508309012e-05
-9.419327529168296112e-05
-9.651589235027755310e-05
-9.785039804978609148e-05
-1.005006118815138575e-04
-1.023169856062277505e-04
-1.047836165562359735e-04
-1.065363118367639690e-04
-1.071217059892470500e-04
-1.121732002764126940e-04
-1.162666437743870989e-04
-1.207762997323639256e-04
-1.223091988569727695e-04
-1.236909773759064211e-04
-1.258627858512169134e-04
-1.272234042869835953e-04
-1.327436448723868807e-04
-1.391757424898113957e-04
-1.403484661497503294e-04
-1.436583580030700727e-04
-1.465972665720147259e-04
-1.478656132911733065e-04
-1.540581091518235062e-04
-1.565864833444852665e-04
-1.609469669983129938e-04
-1.623015225010402134e-04
-1.667239870354779235e-04
-1.741576941395097940e-04
-1.770696084275937563e-04
-1.797698748859596918e-04
-1.843076409525264961e-04
-1.899046131608276297e-04
-1.950555629850630503e-04
-1.987876945814445176e-04
-2.027372524333800061e-04
-2.114015849529642175e-04
-2.162480652314594421e-04
-2.206305750995540588e-04
-2.294222451425139136e-04
-2.381981512474433199e-04
-2.454835666036316966e-04
-2.466097842740429627e-04
-2.580880952803263936e-04
-2.653695489699757601e-04
-2.724210996133922548e-04
-2.930476049220454536e-04
-2.987596563920818593e-04
-3.046412088833333996e-04
-3.050059346630890696e-04
-3.176165127900190004e-04
-3.227706621801898598e-04
-3.422417595839844342e-04
-3.452464610781811770e-04
-3.623495490306789216e-04
-3.857453728503332365e-04
-4.116495296089993849e-04
-4.283663852806348813e-04
-4.312296112172173427e-04
-4.481505924732919681e-04
-4.820963871486828498e-04
-5.150085803829311266e-04
-5.246202954584581026e-04
-5.657057536231767814e-04
-5.806432042707270055e-04
-6.068433265109524207e-04
-6.425697457544874130e-04
-7.167844611485253313e-04
-7.611480843450247908e-04
-8.079963097231166813e-04
-9.121585861926519720e-04
-9.861658603422369072e-04
-1.207234280511255888e-03
