1.970010755785918562e-03
1.521621580573439061e-03
1.344890441818497647e-03
1.228969281044981453e-03
1.173782929222973040e-03
1.106035664362268328e-03
9.963616755313852488e-04
9.352760003280848576e-04
9.020674842600814652e-04
8.751226438606299471e-04
8.637265919471625013e-04
7.863994417066707144e-04
7.595863109435177073e-04
7.053964146483141179e-04
6.790927501851953861e-04
6.535431288603402861e-04
6.495283675217022185e-04
6.122305881995230084e-04
5.924543604079761036e-04
5.684152533369686566e-04
5.509104467646935410e-04
5.312395720901067061e-04
5.023250646226108370e-04
4.916054610154495502e-04
4.701208281151411628e-04
4.543227736966124787e-04
4.486314473328668288e-04
4.360925642160266673e-04
4.226728172347797075e-04
4.146123120013930040e-04
4.103176699325196647e-04
3.954339785264562542e-04
3.762822523355654472e-04
3.586217720844236240e-04
3.565460717462240990e-04
3.509197740729234818e-04
3.368904172210401685e-04
3.252839575544828042e-04
3.228320757080665538e-04
3.184069634746210221e-04
3.039143668502549984e-04
2.913678109143115610e-04
2.857053689626304978e-04
2.725968058848847616e-04
2.649257119150360933e-04
2.623341841347160731e-04
2.519861300321151712e-04
2.469470772053231544e-04
2.462143884116078604e-04
2.422948754511131543e-04
2.393432814387016236e-04
2.331524154522935050e-04
2.307679216915236079e-04
2.193218251437276741e-04
2.103580983934115901e-04
2.061035260147597869e-04
2.024408948964259442e-04
1.972104020247618329e-04
1.934777004809497519e-04
1.912650602200978217e-04
1.909308150669498765e-04
1.879112023002219543e-04
1.809990227215735846e-04
1.749445769681703001e-04
1.682360531874038830e-04
1.643203044986768686e-04
1.623252436327862020e-04
1.570010635353142811e-04
1.554418796127234026e-04
1.514963779707592792e-04
1.509774272623766575e-04
1.420905494419117982e-04
1.387848393939301547e-04
1.369829073020465467e-04
1.363717469027602477e-04
1.326278821632280078e-04
1.304435922911632156e-04
1.287807513592384141e-04
1.249907073290495334e-04
1.244315410706079838e-04
1.225245784648432406e-04
1.191558436196753717e-04
1.174907584404331532e-04
1.136649038469199173e-04
1.097861263608394849e-04
1.068545698649885892e-04
1.045835754039578774e-04
1.019326215036624579e-04
1.011595523985210344e-04
1.010254946363863774e-04
9.800616841185342903e-05
9.739075408237130819e-05
9.621518232247578772e-05
9.117436466727371841e-05
9.021010773858064910e-05
8.783301705100840268e-05
8.695049316397803786e-05
8.444198086808421056e-05
8.365448777873467617e-05
8.325999165371500508e-05
8.112963016088735432e-05
7.728706080197001989e-05
7.719667408826338224e-05
7.549565548469925561e-05
7.353610750113856074e-05
7.199413754211788827e-05
7.049626437385925464e-05
6.895924079562355455e-05
6.736109121895985654e-05
6.620013370519384492e-05
6.474844502926510495e-05
6.346072509207362872e-05
6.168047911972057457e-05
6.052006941800265372e-05
6.021819586116245143e-05
5.873300726567879645e-05
5.764492062977179726e-05
5.598377681611761204e-05
5.557418887438320181e-05
5.462939571095075028e-05
5.362580868030975749e-05
5.155010248148245351e-05
5.034675328253447547e-05
5.001216862967412975e-05
4.962351480336281700e-05
4.885360256248035481e-05
4.694165858430526513e-05
4.612362847807451960e-05
4.545940853928752304e-05
4.477511355585425841e-05
4.353470035956748691e-05
4.313500916034645143e-05
4.210650680085285043e-05
4.085076144976235049e-05
3.996644450008571546e-05
3.844680780488684267e-05
3.817405381518590001e-05
3.802320623367027631e-05
3.651299935829668310e-05
3.597223428178150250e-05
3.475549887655327610e-05
3.454935548704393298e-05
3.397677830168628437e-05
3.307902720649683417e-05
3.229513480021324330e-05
3.225669007985749884e-05
3.150188007132765787e-05
3.143226137510427221e-05
3.119706060865978033e-05
3.044281771681496982e-05
2.965150005405145489e-05
2.861948016813789465e-05
2.840231348748968357e-05
2.766808155236899068e-05
2.735999352596168977e-05
2.647555887462285968e-05
2.599439819759623646e-05
2.557238286536061935e-05
2.458398568853716816e-05
2.421172665574776960e-05
2.397963807677530067e-05
2.351285994174958526e-05
2.225922690073369064e-05
2.218009257650170249e-05
2.126311474528645319e-05
2.103389346247825397e-05
2.058336089107276590e-05
1.975136120931662230e-05
1.956420845364084806e-05
1.895767519253209127e-05
1.879284198831932649e-05
1.835524922944636243e-05
1.799847964834185360e-05
1.784431652014573983e-05
1.750608370875741577e-05
1.678228382131271429e-05
1.664279308531846780e-05
1.601804917984893240e-05
1.546381646612521549e-05
1.514356256829168670e-05
1.486983608807515465e-05
1.461034520393279702e-05
1.455851798979668908e-05
1.402339954463991084e-05
1.384806531735701920e-05
1.363688532282785162e-05
1.334511479337048640e-05
1.286305943676369460e-05
1.267253494594484771e-05
1.238529313609755820e-05
1.225835261592023944e-05
1.148900847103398503e-05
1.116690689233118965e-05
1.096339411546137447e-05
1.078029617590405366e-05
1.065567407640912526e-05
1.048941054267664572e-05
1.014578119070471963e-05
9.972877546119245638e-06
9.658354589661203291e-06
9.477957312942777190e-06
9.390387593418489449e-06
9.032288692914369489e-06
8.947163348570668222e-06
8.594055677458978842e-06
8.345966509212465262e-06
8.216562021827047638e-06
8.050893144969758683e-06
8.019852766137487046e-06
7.895460957913059778e-06
7.635451304988250659e-06
7.479742879594724644e-06
7.189019796711299659e-06
7.009527278395475905e-06
6.769090742252659550e-06
6.688315046183461971e-06
6.456309273495559581e-06
6.350371634611041546e-06
6.165258240310436093e-06
6.042247204804342553e-06
5.721210137948389959e-06
5.673716185587398017e-06
5.553194504025737954e-06
5.390705320530945383e-06
5.249863415252499966e-06
5.215542055974764733e-06
5.035627228915740657e-06
4.927330524813096154e-06
4.891929827934208313e-06
4.598979421016547770e-06
4.516456724244635833e-06
4.319247231011750883e-06
4.209742386703615792e-06
4.169255534332626343e-06
4.043547666331921955e-06
3.981860478180352732e-06
3.691559961220049704e-06
3.614662208573034318e-06
3.476600145743460603e-06
3.414382670653426523e-06
3.333977493138371896e-06
3.211970612062937120e-06
3.011263975249586886e-06
2.983441900252461184e-06
2.929707970546761027e-06
2.801846643339398384e-06
2.695034710134702748e-06
2.646571984166711554e-06
2.562970256023999364e-06
2.494916219768796007e-06
2.381417733629536096e-06
2.220364525343413747e-06
2.141782533155316655e-06
2.119362189361329373e-06
2.027248128908570669e-06
1.908936035495348689e-06
1.801403245391477495e-06
1.739145799698500863e-06
1.664359615063904442e-06
1.597196630740182268e-06
1.512099723883494799e-06
1.422915701797606730e-06
1.380518858497126988e-06
1.295534545774748827e-06
1.232268137540721244e-06
1.163447848056591417e-06
1.125131328870197992e-06
1.095307059881122216e-06
1.058722896821964971e-06
9.732215441590110249e-07
9.526865976009023055e-07
8.693832729471890652e-07
8.235723609844985000e-07
7.793125311651819375e-07
6.850033232311865156e-07
6.549144241492935672e-07
5.997846045225193917e-07
5.444875060747152208e-07
5.149984215016288284e-07
4.848509865533500880e-07
3.587202232277960516e-07
3.453030475937727332e-07
3.241654633894693788e-07
2.930290071612327962e-07
2.600380052676506129e-07
2.337072958113924223e-07
1.755769089219188339e-07
1.672664281848222461e-07
1.329012815832331586e-07
1.189477018511047287e-07
7.614581254824009518e-08
6.772492750579200567e-08
3.554215536580679015e-08
2.292940288812649805e-08
1.132079618862520826e-08
9.100772402523718503e-21
3.713686697399345975e-21
-9.112862952711601045e-09
-2.436325986628210618e-08
-4.349186428501423820e-08
-7.056525295427556156e-08
-8.874655766198252112e-08
-9.926489947846283921e-08
-1.315381994718870877e-07
-1.423338662549926508e-07
-1.845406139537975694e-07
-2.362311870531123899e-07
-2.763949548914203056e-07
-2.992254059527011224e-07
-3.568818177983912104e-07
-3.590919347577956398e-07
-3.727380628368045468e-07
-3.812770799655880482e-07
-4.191928807379875156e-07
-4.294839299992745895e-07
-4.816756554581357398e-07
-5.222077489963064096e-07
-5.580727521010400696e-07
-5.914522419064060875e-07
-6.431323627934082518e-07
-7.011280328913265106e-07
-7.170400578707714844e-07
-7.566902148350777822e-07
-8.177930094745973008e-07
-8.515091209257240719e-07
-8.881738062818443705e-07
-9.268507134601633642e-07
-9.570379595251401581e-07
-9.882097009218657171e-07
-1.043666235470476273e-06
-1.074918143290190450e-06
-1.123731074833750832e-06
-1.135076198963254757e-06
-1.190691499990711825e-06
-1.246325800795196677e-06
-1.278161938515293441e-06
-1.321549111258360219e-06
-1.416300026046389650e-06
-1.444976556223295050e-06
-1.463673078098810865e-06
-1.520914082401899097e-06
-1.604026795272598620e-06
-1.647674069812800719e-06
-1.692596793866443570e-06
-1.749036226164729292e-06
-1.847026605648953137e-06
-1.872724893592230684e-06
-1.893395559121613216e-06
-1.941643866489091921e-06
-2.079598232330734926e-06
-2.178836395093175947e-06
-2.245468122478657597e-06
-2.252873790555927271e-06
-2.338416430270444932e-06
-2.407591139597273190e-06
-2.506266193697485167e-06
-2.562619229499452570e-06
-2.590019356289517232e-06
-2.612035376572291607e-06
-2.714344484193366615e-06
-2.897193555174469302e-06
-2.959556183278963933e-06
-2.986284713328764854e-06
-3.091898409741325397e-06
-3.178330237191342220e-06
-3.230266386706170573e-06
-3.304957304833105856e-06
-3.398319561077296681e-06
-3.434514509396551510e-06
-3.573612748004072586e-06
-3.630729513559029504e-06
-3.711120052592279984e-06
-3.731912750833344988e-06
-3.784497428960786853e-06
-3.808046462573950359e-06
-3.939338595832689345e-06
-4.042128491405695672e-06
-4.149322946107702185e-06
-4.179130009013464701e-06
-4.350121315514688133e-06
-4.430248951941364216e-06
-4.540556590654800157e-06
-4.683912128177409471e-06
-4.803173145671955806e-06
-4.964658205802305361e-06
-5.022273187297481788e-06
-5.073321323326057436e-06
-5.246699061214715202e-06
-5.278716217097477211e-06
-5.311436811728398677e-06
-5.400833674707827313e-06
-5.490362239409530172e-06
-5.647592786619916121e-06
-5.836283165551243272e-06
-5.915628400676808394e-06
-6.023046818527252575e-06
-6.094222960355951504e-06
-6.257981799424484413e-06
-6.488316440997818064e-06
-6.535156586653283034e-06
-6.730736803807985980e-06
-6.784555968620603846e-06
-6.921386438339385412e-06
-6.982799585441709003e-06
-7.144354032154896764e-06
-7.269978590340537216e-06
-7.415798878961689615e-06
-7.510645133869568111e-06
-7.809695097544611117e-06
-7.930182007225243382e-06
-7.970698815409250977e-06
-8.182347845069456928e-06
-8.421244306411595693e-06
-8.562057524950603284e-06
-8.693215189109452734e-06
-8.935569605313106799e-06
-9.067620652834009146e-06
-9.104860179188414357e-06
-9.130293484241828051e-06
-9.368098589766951065e-06
-9.385890287402280744e-06
-9.591698505474798367e-06
-9.667587678653110652e-06
-9.843792378528694011e-06
-1.029559200246683093e-05
-1.041096991476415909e-05
-1.048963050748647573e-05
-1.069121240562895354e-05
-1.074055722393231357e-05
-1.090920481579459047e-05
-1.139875897820689890e-05
-1.143478012918221077e-05
-1.176700256627894526e-05
-1.181248454333999937e-05
-1.202519489049427376e-05
-1.216158634699367635e-05
-1.233197084649224320e-05
-1.242670929730038596e-05
-1.288367762076967990e-05
-1.314018116233151435e-05
-1.323518611356696389e-05
-1.354257010388549017e-05
-1.376805565466313004e-05
-1.407056077861840714e-05
-1.434104118611986501e-05
-1.467529536690915968e-05
-1.480556088793045919e-05
-1.504700872059642932e-05
-1.508376961732191626e-05
-1.539906329489676873e-05
-1.550556505411464158e-05
-1.582078848247634649e-05
-1.607200594568451813e-05
-1.620821562027422396e-05
-1.644380389181832175e-05
-1.675649789201751492e-05
-1.739281393427140766e-05
-1.753217563385003447e-05
-1.761674404879956431e-05
-1.790244822448291924e-05
-1.827615134698388461e-05
-1.836990301469797654e-05
-1.883469795065949290e-05
-1.933403168360334722e-05
-1.939950656219524810e-05
-1.968594140887374342e-05
-2.003486177689273425e-05
-2.036021270910610501e-05
-2.071170237531692678e-05
-2.121083925222615096e-05
-2.147982515500480567e-05
-2.153425896528111152e-05
-2.213419080928886258e-05
-2.237067180224501609e-05
-2.251607056857392607e-05
-2.305646601042110960e-05
-2.360180628107679554e-05
-2.419022383258102068e-05
-2.458908798117974981e-05
-2.510474293775968497e-05
-2.549687650149601485e-05
-2.575108411961585597e-05
-2.588704008457270333e-05
-2.623267854555619147e-05
-2.704279007677093687e-05
-2.754732870962842766e-05
-2.788594446457794121e-05
-2.813468880257439421e-05
-2.835821872940299995e-05
-2.891371050814770078e-05
-2.941276172810476520e-05
-2.978165737813296893e-05
-3.056285744076641558e-05
-3.077486098968109469e-05
-3.159318883390387035e-05
-3.173910059460668243e-05
-3.240260046257628711e-05
-3.273038006774463754e-05
-3.291119912427094963e-05
-3.331799629888245763e-05
-3.360409529164409468e-05
-3.426111025221176840e-05
-3.498376952585598084e-05
-3.520986345264152050e-05
-3.578862063799751435e-05
-3.636030523543825428e-05
-3.713852662212371896e-05
-3.750303421529015710e-05
-3.827260862859824633e-05
-3.889985970956296720e-05
-3.939089261502612426e-05
-4.012696276738732682e-05
-4.032806372887853569e-05
-4.151126231521870297e-05
-4.183312328326328159e-05
-4.246081524137723017e-05
-4.281340236662389083e-05
-4.310874713472517578e-05
-4.443967084371023895e-05
-4.453167008014275125e-05
-4.571980058524762548e-05
-4.650552595747774832e-05
-4.764148956699358655e-05
-4.850450670077013644e-05
-4.884978967931815128e-05
-4.937563380299976904e-05
-5.001075561560246093e-05
-5.102388878061240977e-05
-5.125398186488340317e-05
-5.252627073964362685e-05
-5.303054273839963154e-05
-5.397941620323440604e-05
-5.521021379018323081e-05
-5.582105365517364009e-05
-5.744334186374052125e-05
-5.784043057694379815e-05
-5.906607427776268534e-05
-5.948734206015273291e-05
-6.096554952726612243e-05
-6.150503235471804092e-05
-6.353730806468146962e-05
-6.389004864858147386e-05
-6.618180470804910611e-05
-6.717314650387141441e-05
-6.775144924270803861e-05
-6.891723008336237397e-05
-6.943742175866247869e-05
-7.055305307780205507e-05
-7.111602550921099664e-05
-7.252547981035139060e-05
-7.287062295830280703e-05
-7.299521919459425322e-05
-7.466356397743208380e-05
-7.620137347167322205e-05
-7.711145898611902370e-05
-7.799806546121383632e-05
-7.971524789236300026e-05
-8.166553363020874489e-05
-8.373754786655700016e-05
-8.404666900679783721e-05
-8.502109038640922483e-05
-8.626921689109955961e-05
-8.884204764048174322e-05
-9.010799068764201202e-05
-9.146257921954567137e-05
-9.228628338605158077e-05
-9.317752817382427639e-05
-9.649861338167419823e-05
-9.715617377993451007e-05
-9.789942470811196010e-05
-9.889780290084583720e-05
-9.970451149507858480e-05
-1.001473863015119801e-04
-1.049536694758699195e-04
-1.065401620853437698e-04
-1.071757559712747048e-04
-1.091955165580147741e-04
-1.107223796810762940e-04
-1.121008597746394779e-04
-1.134846748544210838e-04
-1.184302564124934678e-04
-1.198651650834671245e-04
-1.214655278067425427e-04
-1.227534139133404736e-04
-1.253178361549909289e-04
-1.260110224020420644e-04
-1.283902460633975042e-04
-1.300979438988530924e-04
-1.328834440675772874e-04
-1.336349589768736745e-04
-1.373807864245511746e-04
-1.387768058549801724e-04
-1.415398436820184953e-04
-1.418157993472314419e-04
-1.451518341101036254e-04
-1.481480076440718364e-04
-1.506732995738088330e-04
-1.533641526629693876e-04
-1.556777361323892917e-04
-1.586261156873212497e-04
-1.599958621416961574e-04
-1.611133331478584218e-04
-1.664181850566062606e-04
-1.709831151948676008e-04
-1.737371996153971626e-04
-1.767808670304142594e-04
-1.791233970119399512e-04
-1.809759362798094549e-04
-1.848347620454049000e-04
-1.888106047846043172e-04
-1.904312874250738336e-04
-1.958642943680132214e-04
-1.998427085759697515e-04
-2.057389548957193413e-04
-2.074411094819317346e-04
-2.089863431603037019e-04
-2.130211983833650254e-04
-2.169782846011250512e-04
-2.193512252630666170e-04
-2.207313453843280963e-04
-2.255383136092843556e-04
-2.280286486554717489e-04
-2.404785512408318950e-04
-2.420052438951885755e-04
-2.492637398062918044e-04
-2.520628704795544860e-04
-2.537918967395102945e-04
-2.597466187617741211e-04
-2.685779846590591368e-04
-2.691489501048177158e-04
-2.735922190685935798e-04
-2.778806423000415387e-04
-2.911068339645981316e-04
-2.929573118161494464e-04
-2.993156274584861864e-04
-3.065609141012034687e-04
-3.138213946021087362e-04
-3.199684211001261875e-04
-3.245675405025443580e-04
-3.366471988672034977e-04
-3.431107687708648789e-04
-3.459790949215534213e-04
-3.485584720038249740e-04
-3.510391610519813599e-04
-3.623474703298945024e-04
-3.792645677737145789e-04
-3.945425990971168097e-04
-3.965698264931465902e-04
-4.019564391023589911e-04
-4.193254490202487318e-04
-4.275861126481705584e-04
-4.393217429054947754e-04
-4.496992858062974301e-04
-4.578103348127743571e-04
-4.899505874196046678e-04
-4.937953713613542090e-04
-5.042821230532737280e-04
-5.298538658237960655e-04
-5.428606753805306252e-04
-5.561726193976576898e-04
-5.641497049205449052e-04
-5.802590272292705575e-04
-6.090542600739429994e-04
-6.206365595307090227e-04
-6.376552126886778603e-04
-6.524008814964397810e-04
-6.838937577092266129e-04
-7.279382231765917045e-04
-7.300988370287701769e-04
-7.651471024606377232e-04
-8.273971603687114811e-04
-8.778206748780180207e-04
-8.925623097107482145e-04
-9.165781530234468110e-04
-1.005725553418837081e-03
-1.075482345888184414e-03
