4.150658694515248909e-03
3.605671669884180641e-03
3.530803937936336998e-03
3.431611992342565969e-03
3.253825614061860074e-03
3.063386809282718504e-03
2.893612367947041158e-03
2.758530485669544001e-03
2.548790376664537231e-03
2.514248443637738268e-03
2.314805996463122593e-03
2.155293245156235989e-03
2.050080748944617826e-03
2.004822751569703028e-03
1.948813286928989877e-03
1.874778385998362301e-03
1.784607484563378692e-03
1.763090043322721422e-03
1.730994529324930914e-03
1.682282797771859212e-03
1.633721774063843276e-03
1.591624157266210288e-03
1.552204717412961456e-03
1.516227527933964540e-03
1.442490722697095358e-03
1.426060256727023148e-03
1.371922725121759758e-03
1.345245837582950384e-03
1.287837262301955556e-03
1.278567386935274388e-03
1.222694072163704564e-03
1.167590693886323217e-03
1.152079805764294126e-03
1.141853992042052204e-03
1.099204219951475329e-03
1.073414338304323756e-03
1.046953115399867386e-03
1.022645098886941365e-03
1.013146128265611382e-03
1.000991461289207473e-03
9.897602583285492091e-04
9.807144337093322718e-04
9.407362201379732393e-04
9.237904557385843117e-04
9.159957955317041657e-04
9.015804397405932473e-04
8.881198456799759564e-04
8.807587595092437318e-04
8.465314029544496232e-04
8.386984732363932408e-04
8.165181887635494058e-04
8.112925049555157935e-04
7.985190250923864235e-04
7.852318668511928815e-04
7.691794390462377770e-04
7.646036958399066207e-04
7.392635855326559844e-04
7.306522699073272117e-04
7.225211868794582546e-04
7.074882459911448120e-04
6.957077504725073247e-04
6.770554075846954610e-04
6.737883553187241307e-04
6.673657047997166945e-04
6.508267523167876080e-04
6.379678893784931871e-04
6.328060577060168031e-04
6.289918037246430144e-04
6.174569256867964810e-04
6.135464518157310657e-04
6.065183355355608253e-04
5.994142904495834831e-04
5.874569452570799471e-04
5.840153993732638549e-04
5.747153925906271646e-04
5.682545264929873613e-04
5.577789968095198938e-04
5.485293183613328127e-04
5.399527158105633939e-04
5.359032690832836584e-04
5.305857703444986700e-04
5.198760938574882497e-04
5.159301112518004714e-04
5.133931099486741976e-04
4.929767052508870996e-04
4.902977052211477532e-04
4.858673714710626929e-04
4.798229314283665925e-04
4.675675744747968387e-04
4.585276648277440952e-04
4.537688146491789627e-04
4.533578723642189378e-04
4.424027102731795157e-04
4.382332547809762138e-04
4.358424148980519826e-04
4.241887872271057533e-04
4.213205204291042556e-04
4.180692430531244186e-04
4.054595383193094257e-04
4.007333881874135424e-04
3.891475949457037656e-04
3.837711419464939831e-04
3.808861071689714360e-04
3.755192974210862884e-04
3.719291927226073594e-04
3.679982806762038187e-04
3.656071239341726555e-04
3.628667138016408332e-04
3.551524498464776855e-04
3.538058966646312757e-04
3.501376741701699245e-04
3.476095291456425844e-04
3.438625853496188279e-04
3.367049386937749525e-04
3.319738063733966051e-04
3.281123875105715695e-04
3.273588005702886966e-04
3.246179475642511024e-04
3.196356701271509527e-04
3.164148712681802661e-04
3.120626974290729842e-04
3.040533137081485805e-04
2.998028543830095452e-04
2.956076242463265367e-04
2.916239784487211569e-04
2.888392669822269524e-04
2.852972892187501889e-04
2.832700422733273795e-04
2.783392837415700136e-04
2.768757793778590113e-04
2.743540971371238478e-04
2.702088605583829344e-04
2.670646325575658600e-04
2.605861795974803762e-04
2.592260730283117926e-04
2.565202718558184459e-04
2.538209677715677235e-04
2.495783653670627508e-04
2.454864752198133711e-04
2.408129947564661348e-04
2.373687446235468583e-04
2.356938536138538450e-04
2.338722796079170739e-04
2.282750263263614524e-04
2.261786615302083540e-04
2.214650492954548249e-04
2.202127635692119941e-04
2.183906802303470945e-04
2.158436160385141596e-04
2.127542702784405277e-04
2.107124126197183387e-04
2.063329492359916378e-04
2.055799050398819910e-04
2.041745451915753166e-04
2.025846518189841064e-04
2.010412648679841554e-04
1.996271155451328333e-04
1.950468100348614416e-04
1.926510666018041863e-04
1.918519626095725543e-04
1.890087872334848384e-04
1.872625936190429699e-04
1.836322364708089237e-04
1.829954184586886584e-04
1.801505945891726719e-04
1.795496581363127393e-04
1.757991998138317964e-04
1.741402489566748653e-04
1.698259797127038074e-04
1.686818431242121091e-04
1.662685806694092720e-04
1.616813077266696390e-04
1.598325240012292859e-04
1.594536427997949386e-04
1.583917807322993078e-04
1.560451058124067434e-04
1.537823402666989715e-04
1.499533705590363694e-04
1.494783471483348528e-04
1.478049771632839599e-04
1.453397737445574105e-04
1.428547576328888648e-04
1.409284930292429097e-04
1.397689030359787791e-04
1.383553515373811538e-04
1.368277363141566559e-04
1.359521221616738994e-04
1.351432171884438282e-04
1.337058514220754700e-04
1.312156779801326842e-04
1.294388874134855803e-04
1.283137098309417631e-04
1.279583142762810352e-04
1.258886556633071472e-04
1.237459179168730740e-04
1.213539282672192643e-04
1.200115404158742414e-04
1.186037879281389969e-04
1.180996754503273383e-04
1.158778750614946755e-04
1.154822640625167833e-04
1.135750296192251322e-04
1.119306890667898544e-04
1.109943730686100365e-04
1.097409422863891237e-04
1.086317981451787843e-04
1.074842487292123055e-04
1.060802313746890758e-04
1.050702584605808136e-04
1.042645136138342058e-04
1.028858091266867281e-04
1.008823571383810302e-04
1.002597507669238526e-04
9.824035136609738554e-05
9.713651435632734597e-05
9.606389785147662985e-05
9.403046604051841127e-05
9.327407824587387970e-05
9.285998889205554952e-05
9.124973434610003512e-05
9.015138445326685427e-05
8.933066625248882106e-05
8.908122575315774113e-05
8.762949785052204905e-05
8.595911344997903371e-05
8.487795161079802185e-05
8.349931390398012852e-05
8.296366539122695168e-05
8.164318520226897095e-05
8.086145357907506678e-05
7.979503849999899662e-05
7.913057554104354447e-05
7.881065094151439444e-05
7.828799056580985612e-05
7.712457185411549540e-05
7.626090798876187398e-05
7.453105273825929775e-05
7.400730909939187262e-05
7.328230246455898092e-05
7.169547792186881162e-05
7.129720087852456736e-05
7.013595014876651470e-05
6.932342049722543223e-05
6.827418239958583631e-05
6.762831484629046113e-05
6.717168901124445982e-05
6.617789075484775772e-05
6.583854364947064471e-05
6.415178670800187374e-05
6.300143623628354868e-05
6.236979593404484051e-05
6.192782280910897870e-05
6.155908204190182098e-05
6.100524209731058548e-05
5.997507197758639473e-05
5.923859623640898405e-05
5.836289394660737994e-05
5.741921329672944091e-05
5.706273079914198266e-05
5.596439718369872630e-05
5.483637851361191452e-05
5.417766406983427123e-05
5.299651778986873979e-05
5.262294905554187614e-05
5.161243441332041994e-05
5.140893315020920296e-05
5.103916768128031621e-05
5.007018263223787156e-05
4.956712709193198470e-05
4.906566797603846721e-05
4.870382165832964986e-05
4.838577243504766528e-05
4.731464680273951594e-05
4.664332062939267225e-05
4.635239665141664711e-05
4.573049624132462086e-05
4.534882901035094038e-05
4.497811346424340111e-05
4.466470989421682686e-05
4.406009267018057225e-05
4.284487412244583187e-05
4.247142189524080974e-05
4.213270780368460957e-05
4.137790162469431865e-05
4.084764122825254042e-05
4.058984815967762343e-05
3.966300589060210951e-05
3.938429459105435788e-05
3.926412082969728338e-05
3.794265809330634771e-05
3.757428786627863509e-05
3.706038816444820998e-05
3.675611682873092587e-05
3.614297644496149495e-05
3.545386146923205082e-05
3.518093180889929225e-05
3.486404557767333942e-05
3.449909534952175845e-05
3.413463463238000222e-05
3.384295194371357281e-05
3.321862844874833557e-05
3.295940397778765788e-05
3.249821045249969882e-05
3.226632521334165456e-05
3.125288893044630642e-05
3.116410420656994955e-05
3.090549850765525003e-05
2.989053200284452169e-05
2.981047006915247104e-05
2.950987862492946673e-05
2.890052170039674774e-05
2.868223599586623501e-05
2.810183478553522350e-05
2.787522459746820394e-05
2.768033414313259601e-05
2.729969022168344855e-05
2.690190912060069536e-05
2.644557453335070929e-05
2.615068213216218920e-05
2.577543335902949468e-05
2.562748413010631840e-05
2.519192375336776077e-05
2.488874328394905449e-05
2.454895835023825749e-05
2.420627411490539746e-05
2.402633773836583198e-05
2.363831254203040624e-05
2.322404399030084284e-05
2.284102540122895519e-05
2.257621559004800639e-05
2.183885905376065575e-05
2.179038715661109127e-05
2.156160639426940524e-05
2.143793941401476655e-05
2.091483836314664215e-05
2.059342794136724943e-05
2.057259716063984789e-05
2.013745932565104863e-05
1.997705922277855564e-05
1.968088708567504244e-05
1.938263902619795291e-05
1.895990088505580007e-05
1.861223559814265648e-05
1.808593638781733924e-05
1.787887297012736922e-05
1.764122841402718692e-05
1.747062513196717427e-05
1.730086489311410153e-05
1.713874330804945052e-05
1.680311456952017301e-05
1.656389422166377147e-05
1.627104056607961657e-05
1.607182507103687474e-05
1.588096765598475643e-05
1.534588408828190166e-05
1.514880269082768326e-05
1.489358017398756840e-05
1.445835465300460708e-05
1.427428676398143782e-05
1.396438967290575636e-05
1.383063740468542238e-05
1.361726899097870211e-05
1.308566582386485127e-05
1.306782752609423301e-05
1.275574272728442709e-05
1.249655242290653396e-05
1.236339807955021777e-05
1.213819690196457293e-05
1.195005400245327185e-05
1.179789584128434536e-05
1.157089742779810973e-05
1.135503185752649658e-05
1.125361628075051429e-05
1.101431172783918479e-05
1.097139465426451651e-05
1.059580565092524988e-05
1.036365963697758877e-05
1.017063650534819348e-05
9.920753875933631505e-06
9.859255077814071697e-06
9.688355555180940733e-06
9.411979445072308372e-06
9.248962140019005061e-06
9.056289202118739213e-06
8.854952267170559073e-06
8.758472451328831948e-06
8.683286387322705369e-06
8.453745774905994356e-06
8.189609053085099736e-06
8.036599558224733660e-06
8.002193461739647075e-06
7.955421707796659224e-06
7.667576674805560473e-06
7.488239771149173620e-06
7.463570465805962763e-06
7.200656999293183427e-06
7.085288995839523735e-06
6.985645790750788785e-06
6.914116219452459667e-06
6.707744287333716995e-06
6.602835543504004498e-06
6.314216465087810581e-06
6.250067412019103601e-06
6.079503678035173028e-06
6.068635592927854451e-06
6.033169405087488317e-06
5.928106507577727329e-06
5.731896334234844713e-06
5.494124717918485500e-06
5.397660477682604050e-06
5.316567220220538734e-06
5.282257649204892421e-06
5.155534673470529250e-06
5.079758660925940435e-06
4.847136614670126494e-06
4.822115876635237817e-06
4.615164051684737642e-06
4.528184045435542378e-06
4.436116806322037641e-06
4.326584499635752433e-06
4.072220031125638787e-06
4.038023328006897441e-06
3.891170490587649018e-06
3.854115234449712735e-06
3.716312867126431612e-06
3.538482450422733555e-06
3.466993409792681943e-06
3.380419305998227380e-06
3.281312565233611243e-06
3.236121118354205860e-06
3.165612723483367729e-06
3.035713445131395953e-06
2.889191417601461477e-06
2.867635957786923432e-06
2.822876794914170896e-06
2.733919070834639717e-06
2.625633467294022781e-06
2.531416321208298783e-06
2.497466321312116743e-06
2.407317674868595619e-06
2.357567356824106993e-06
2.127915485978417649e-06
2.090613022540218934e-06
2.040245949625766439e-06
1.983839819531345555e-06
1.888324717517784222e-06
1.803436450883253182e-06
1.749037806101317031e-06
1.655268676210037847e-06
1.549107314783888524e-06
1.510086163110720172e-06
1.432781319557497144e-06
1.354319137789016656e-06
1.325054713412487860e-06
1.204184118860462902e-06
1.120519957570539563e-06
1.046876296312547824e-06
1.011309520457578607e-06
9.670969105949960028e-07
9.272243253915889757e-07
8.202410871026606750e-07
7.039534510029156714e-07
6.592311945945612755e-07
5.962174405356892114e-07
4.970819585171602643e-07
4.604388941185657368e-07
4.459324904365969418e-07
4.166396966259093447e-07
3.938008232489459612e-07
2.749994017929193062e-07
2.326593867805464622e-07
2.083094086419181094e-07
1.707554868773470509e-07
1.410076742924250189e-07
9.855827822377520320e-08
8.767262358356529709e-08
2.483847390521870994e-08
1.144359890485566695e-08
4.714538476300296035e-20
-4.157651454674415715e-20
-5.699617472759443164e-08
-7.542712882232925001e-08
-8.680863879328467381e-08
-1.268008786452118156e-07
-1.425213739928523286e-07
-1.487911090584294945e-07
-1.601969693194432643e-07
-2.420927138215448396e-07
-2.560897445143599995e-07
-2.749778568160698128e-07
-2.831687413437503217e-07
-3.103679244557092636e-07
-3.622693696377324971e-07
-4.024046700398577208e-07
-4.233752597516846495e-07
-4.448648521429960485e-07
-4.517512217986227254e-07
-4.991344602925499092e-07
-5.472374639770386120e-07
-5.771312537254472169e-07
-6.005802715501646535e-07
-6.852834207337494086e-07
-6.958142794896977973e-07
-7.044031291663732612e-07
-7.581176340699115669e-07
-8.337311454039680777e-07
-8.873588804519733792e-07
-9.047010777047737478e-07
-1.002553118968801896e-06
-1.035133742319545350e-06
-1.081520450775462902e-06
-1.136713227012847027e-06
-1.177783476897884529e-06
-1.227160575783220562e-06
-1.244269243312495036e-06
-1.325929366858299642e-06
-1.351581756091980579e-06
-1.449237641915076048e-06
-1.463380993305054490e-06
-1.559800890247778237e-06
-1.609062220986053437e-06
-1.690299087795322762e-06
-1.714511237640752742e-06
-1.853726657518577459e-06
-1.890742790394185587e-06
-2.004295808333769159e-06
-2.083065473587731195e-06
-2.179960560152332060e-06
-2.306845501854972054e-06
-2.459255186835700249e-06
-2.535900389961457117e-06
-2.651585435664853895e-06
-2.841079429883783186e-06
-2.872247019574377482e-06
-2.953501866270981473e-06
-3.124301972190335766e-06
-3.167212514463789301e-06
-3.263622345426523898e-06
-3.544564846396956141e-06
-3.625336897482415919e-06
-3.783681618444487213e-06
-3.976739096328525881e-06
-4.060196522778557517e-06
-4.256599148438625760e-06
-4.459068839601128637e-06
-4.660270198787918283e-06
-4.732029137811605683e-06
-4.886255639426831585e-06
-5.256923109084958557e-06
-5.469991799425831985e-06
-5.515547584328000582e-06
-5.819211537264963702e-06
-6.039113451518289404e-06
-6.264078879598576184e-06
-6.377863772928780773e-06
-6.872443768798089688e-06
-7.000205593577739761e-06
-7.184834917780596492e-06
-7.483995810225921992e-06
-7.721118929621119964e-06
-8.002711895137624328e-06
-8.498823019268314220e-06
-8.804123719768900381e-06
-8.865387851582451979e-06
-9.292108687014922396e-06
-9.429616426253856172e-06
-9.542877728716563015e-06
-1.007718025875692644e-05
-1.035369824626994036e-05
-1.080194849385614651e-05
-1.116519827107194489e-05
-1.148378115664710003e-05
-1.177076212058319727e-05
-1.219332322634775443e-05
-1.318339859910554238e-05
-1.341067419791071594e-05
-1.379766590582896948e-05
-1.421995430655412245e-05
-1.471614210452690941e-05
-1.512825287576892032e-05
-1.537601768517272646e-05
-1.617636642417370020e-05
-1.673006228720708708e-05
-1.713107647842556099e-05
-1.790040356581040965e-05
-1.804199491012583751e-05
-1.884356597587119310e-05
-1.933210786717556685e-05
-1.959672718996626319e-05
-2.063853160002555680e-05
-2.146044621981815635e-05
-2.186729609231350516e-05
-2.225415442692833790e-05
-2.308745595638207404e-05
-2.358164939677739384e-05
-2.451973943133108617e-05
-2.466827953369650839e-05
-2.594369490174546896e-05
-2.725868165421520921e-05
-2.849627233226069157e-05
-2.875256312687462766e-05
-2.939111240220286820e-05
-3.010872219465274738e-05
-3.141407823314577922e-05
-3.236690338108618597e-05
-3.373901092114199845e-05
-3.487690086996958786e-05
-3.533093770939217231e-05
-3.604891115319591347e-05
-3.753958300241014317e-05
-3.886925980882560022e-05
-4.045953405656326185e-05
-4.172123871365566338e-05
-4.256007610749272329e-05
-4.353773870559249110e-05
-4.463536488134750330e-05
-4.739838148480280875e-05
-4.895123154773987738e-05
-5.023842425822365449e-05
-5.103882077990413405e-05
-5.252304913126415963e-05
-5.403900208011086601e-05
-5.553564186882953377e-05
-5.719920059933015529e-05
-5.990364374020743334e-05
-6.182627130949872583e-05
-6.264673598401859864e-05
-6.418330753828638702e-05
-6.921715830048608023e-05
-7.041561205489196677e-05
-7.270333299134884857e-05
-7.583884190949562523e-05
-7.677653214535459434e-05
-7.855825111450523651e-05
-7.997548342934828912e-05
-8.363410680913340247e-05
-8.445705336800956393e-05
-8.803521450721126245e-05
-9.051648900117937788e-05
-9.533492581576662607e-05
-9.743381053472997800e-05
-1.026217436816075529e-04
-1.038155400886813326e-04
-1.077551491809780642e-04
-1.141209845216569873e-04
-1.165952786684626181e-04
-1.198525979307606126e-04
-1.240666760550509313e-04
-1.271185034438868783e-04
-1.304377500573190277e-04
-1.415208263157210751e-04
-1.441089393633486861e-04
-1.454010338321819282e-04
-1.477351375757595081e-04
-1.566167702018157835e-04
-1.618523767106101968e-04
-1.683623737351035729e-04
-1.748669586071549748e-04
-1.806063108030014843e-04
-1.871694497638518636e-04
-1.911785322811037334e-04
-2.035405723738522730e-04
-2.101833963680767780e-04
-2.170973910831052703e-04
-2.355995558412087455e-04
-2.512351325495760677e-04
-2.596945475755280900e-04
-2.705859279413313579e-04
-2.886948164409021194e-04
-3.086652435648129717e-04
-3.117672185469695417e-04
-3.330282606244522737e-04
-3.362846717746974007e-04
-3.767004473482019880e-04
-3.926659462523977222e-04
-4.097929658695279899e-04
