-1.229849739332786627e-16
-1.174418309683963112e-16
-5.847007200226676062e-17
-4.661100517193840820e-17
-4.319895016669860056e-17
-3.984890752448136995e-17
-3.481603591688055947e-17
-3.263194485274155454e-17
-3.150874776384709303e-17
-3.055512324524320252e-17
-2.954451511574816377e-17
-2.675737687029118465e-17
-2.556877730973918662e-17
-2.501139336939901902e-17
-2.406626214702753155e-17
-2.354050495804565101e-17
-2.322050876115269570e-17
-2.266674933061351790e-17
-2.154397858065816564e-17
-2.056819907918949708e-17
-2.036605660065632986e-17
-1.997474573080703509e-17
-1.948519865240164691e-17
-1.916250920862930997e-17
-1.895771483907105265e-17
-1.843101084162162790e-17
-1.800753541273766989e-17
-1.770685110252872041e-17
-1.761533798998497219e-17
-1.732997970082932112e-17
-1.686706636243325880e-17
-1.684281210133938739e-17
-1.645104151001710705e-17
-1.628299914442367852e-17
-1.613617889344691657e-17
-1.562141154831477116e-17
-1.546094791631159735e-17
-1.536576668171729010e-17
-1.525696475641279479e-17
-1.511338950045175821e-17
-1.483555012220531593e-17
-1.467819658078714245e-17
-1.434483026567131390e-17
-1.411367662781590825e-17
-1.392659890149356752e-17
-1.371044356748542823e-17
-1.349147045497369997e-17
-1.330610743597370143e-17
-1.313470794882646891e-17
-1.294988970187013780e-17
-1.279308284284056122e-17
-1.261989245615295997e-17
-1.249408032775965381e-17
-1.236878960958023205e-17
-1.215798391059245833e-17
-1.208473941025562593e-17
-1.187203170872332227e-17
-1.182570349524875780e-17
-1.172101511807337370e-17
-1.155655282003753959e-17
-1.130619567278513685e-17
-1.123570237892004208e-17
-1.119073523980736265e-17
-1.106630859346108065e-17
-1.102914666498606957e-17
-1.075881165085252571e-17
-1.060705445207377976e-17
-1.057167377087672686e-17
-1.045008323955045768e-17
-1.044092943101899018e-17
-1.032543857628153628e-17
-1.024539206991868670e-17
-1.014833945564425116e-17
-9.917209813767342613e-18
-9.844028502308456721e-18
-9.735264660395768051e-18
-9.728373178848728538e-18
-9.606062365266109453e-18
-9.476604808132760641e-18
-9.395600258263088199e-18
-9.299347819753351217e-18
-9.256215363928577654e-18
-8.997315864644702657e-18
-8.971371695191975973e-18
-8.900347114843155306e-18
-8.872250077929772237e-18
-8.728722584620680407e-18
-8.709394122377287118e-18
-8.624241260318263086e-18
-8.589972775182549709e-18
-8.504993243971783447e-18
-8.391378538060727135e-18
-8.325761989745482395e-18
-8.316039703965641058e-18
-8.211620061976397636e-18
-8.133363909712683895e-18
-8.081368399327397028e-18
-7.992862828285885369e-18
-7.964998642999021429e-18
-7.906528754418221666e-18
-7.851127756170884165e-18
-7.739966493094997858e-18
-7.634219446505723752e-18
-7.557016742844809559e-18
-7.442363914119215823e-18
-7.416949862181759388e-18
-7.367433654579259985e-18
-7.286054897809646102e-18
-7.183118282181847832e-18
-7.146782635342327569e-18
-7.082682515986015241e-18
-7.049422285384926695e-18
-6.940689514897548927e-18
-6.838908273048202304e-18
-6.757664145366061909e-18
-6.721987477807839811e-18
-6.707078405313929214e-18
-6.620333039666412498e-18
-6.582130452450204414e-18
-6.515169708145438097e-18
-6.488456197645690611e-18
-6.442915462830337811e-18
-6.382016750983816942e-18
-6.328990608011852808e-18
-6.298425910563122084e-18
-6.160584117507153788e-18
-6.080922248710439732e-18
-6.041213936886149408e-18
-5.993894537457240970e-18
-5.946349302435019617e-18
-5.904835057419160965e-18
-5.899037446776666519e-18
-5.846539488160840659e-18
-5.756687184203533196e-18
-5.705556585832944050e-18
-5.667258334270205485e-18
-5.615348584800077398e-18
-5.597127636797928532e-18
-5.554298590157028278e-18
-5.486223944957631669e-18
-5.443574565355119363e-18
-5.353620150755032972e-18
-5.268495992953354899e-18
-5.243790329993951985e-18
-5.235505371969471295e-18
-5.157234303733921950e-18
-5.125397392329603175e-18
-5.077636406627605760e-18
-5.043451589049756667e-18
-4.998123014187025460e-18
-4.970007924069921206e-18
-4.867066615655866705e-18
-4.856594012951029801e-18
-4.821818280379702890e-18
-4.785867494482586426e-18
-4.717305194022737220e-18
-4.634779532544759569e-18
-4.619318451777561457e-18
-4.570582545788686525e-18
-4.507484558993959725e-18
-4.501995053376922438e-18
-4.488758770405030604e-18
-4.340367710222405668e-18
-4.321603103373356328e-18
-4.303257382142935068e-18
-4.247195924619909757e-18
-4.221978040288817689e-18
-4.159906859704695043e-18
-4.111117179832914890e-18
-4.072021421820245710e-18
-4.053084125538674012e-18
-4.014625094657395565e-18
-3.959495445043197960e-18
-3.937368434250295051e-18
-3.891961411151503061e-18
-3.883484794813062100e-18
-3.834291698705831365e-18
-3.816199849334326116e-18
-3.755224308328284393e-18
-3.745376311662341643e-18
-3.685188154841104341e-18
-3.638158854732864761e-18
-3.600718147530658089e-18
-3.561489876336439779e-18
-3.555947562656217642e-18
-3.525459858191001502e-18
-3.476102616442994655e-18
-3.404068682541610185e-18
-3.379482947060701965e-18
-3.338289003865798385e-18
-3.294375346436754338e-18
-3.274120855957431028e-18
-3.243298515782135264e-18
-3.180008669450530385e-18
-3.113927344292588909e-18
-3.099810633592948863e-18
-3.069194474313555513e-18
-3.046766880433121587e-18
-3.004616033989532024e-18
-3.000479360385070791e-18
-2.948471757063602360e-18
-2.937034113374839904e-18
-2.892915357396227467e-18
-2.853354396857077626e-18
-2.827012234574416113e-18
-2.773498596111288505e-18
-2.744787377338169496e-18
-2.694936893114380421e-18
-2.641682154177533622e-18
-2.626406138639443221e-18
-2.612132426644587933e-18
-2.576571817760263777e-18
-2.574713983380273021e-18
-2.540968284498387969e-18
-2.499372131564249775e-18
-2.483762280657120570e-18
-2.477677586854003711e-18
-2.430367360471257244e-18
-2.402380066686002406e-18
-2.369999005070208767e-18
-2.353815362028572310e-18
-2.311531973556054879e-18
-2.255297008320327984e-18
-2.218816398700181115e-18
-2.200274662177638211e-18
-2.167882918890515085e-18
-2.141340838810516592e-18
-2.121530783192819274e-18
-2.116747654972415075e-18
-2.068427628564330779e-18
-2.046912103170129425e-18
-2.006921836982724140e-18
-1.985123815464884758e-18
-1.954769501806755376e-18
-1.924135451002083132e-18
-1.911131315216927871e-18
-1.874758059847467526e-18
-1.845929707278156127e-18
-1.783977220616824311e-18
-1.768105482752109690e-18
-1.753865521647855340e-18
-1.743494700974500188e-18
-1.713695981206651386e-18
-1.688200969204119315e-18
-1.664784820222478520e-18
-1.632328689426635922e-18
-1.593228526429532463e-18
-1.582363510918787355e-18
-1.548636982617141062e-18
-1.523145804525462581e-18
-1.489329087479004972e-18
-1.484696263418955199e-18
-1.463473522349135286e-18
-1.428993818287297861e-18
-1.408592489251054070e-18
-1.396410021321621696e-18
-1.350384406821823343e-18
-1.332095094578146660e-18
-1.302184296270167699e-18
-1.291609303082162807e-18
-1.256904832543723287e-18
-1.234160725417071434e-18
-1.197456669560456801e-18
-1.184928253955152545e-18
-1.169894187868300859e-18
-1.168533356894670847e-18
-1.124503691886428609e-18
-1.100877214184452057e-18
-1.064993375955717191e-18
-1.051361472130333238e-18
-1.020462619683965958e-18
-9.897155136222788745e-19
-9.721168325539387062e-19
-9.561593033442714587e-19
-9.268505069803100116e-19
-9.089158454879104090e-19
-8.958464545423206936e-19
-8.664829282229149831e-19
-8.285147097668749938e-19
-8.093644497649845333e-19
-8.018370116024155706e-19
-7.787828640204598463e-19
-7.695663164201991149e-19
-7.588905511809278502e-19
-7.316558011670639273e-19
-7.089728807025424923e-19
-7.057277182633151207e-19
-6.899833505284078734e-19
-6.728539596881201881e-19
-6.508708373243058311e-19
-6.212308032674656644e-19
-6.082561831635357718e-19
-5.520088347975566431e-19
-5.370126736444258568e-19
-5.322916427556140364e-19
-5.210169909706784755e-19
-4.837407681237144458e-19
-4.611214166594900469e-19
-4.510021124728868709e-19
-4.301692008600684627e-19
-4.013737986990327438e-19
-3.911655308727356603e-19
-3.789330418553735145e-19
-3.677929604502481363e-19
-3.311818801484511116e-19
-3.200292473181085145e-19
-2.962103102357684558e-19
-2.955855284768708313e-19
-2.863466389892053349e-19
-2.694674034164222352e-19
-2.521375957137815285e-19
-2.298411805133188104e-19
-2.087823237745516909e-19
-2.003853769132874161e-19
-1.903589748895212119e-19
-1.318192353053433229e-19
-1.155595573785164502e-19
-1.045572676816339946e-19
-8.694005482726211388e-20
-7.030893357281130242e-20
-6.626398873866323545e-20
-5.553016479261745027e-20
-3.506123838805992456e-20
-3.237245942733890039e-20
-9.788906018056032809e-21
8.311068884991527816e-21
1.583973689329076694e-20
2.349700141845027769e-20
4.520408059967888926e-20
5.619837029935832424e-20
7.359448910592185153e-20
8.647838428242268815e-20
1.003992638537396801e-19
1.147507733426019218e-19
1.165196240932622078e-19
1.385538070315089968e-19
1.451246528105496999e-19
1.637286685335225077e-19
1.943245012574030465e-19
2.163684590134687452e-19
2.249425645337217643e-19
2.493046693780255688e-19
2.660537414140316202e-19
2.992201795958690891e-19
3.015051839348790268e-19
3.221797807698989910e-19
3.352661537778160580e-19
3.535026043551382190e-19
3.584395881781357319e-19
3.800448328565100453e-19
4.221177446645523667e-19
4.277026329182352126e-19
4.699934838005903166e-19
4.751184820667910488e-19
4.971561860992258459e-19
5.026388315313618314e-19
5.315943556758250072e-19
5.597147885120571947e-19
5.756979499762893431e-19
6.103942020775652879e-19
6.205445377452281709e-19
6.402014639284029683e-19
6.611817164677119758e-19
6.730223892054539251e-19
7.087120928741363177e-19
7.522803225622599214e-19
7.567780703202793802e-19
7.968696307209022649e-19
8.168061973725143237e-19
8.334887536888083849e-19
8.482566251966211098e-19
8.645289160100918964e-19
8.878587645778319639e-19
9.186251617702348026e-19
9.361980616471307717e-19
9.662068140357116502e-19
9.845221935867356623e-19
9.954306664125410792e-19
1.017558018804340262e-18
1.050770122689193729e-18
1.068765602083395099e-18
1.103208125445245067e-18
1.130125584709743037e-18
1.152263302785923792e-18
1.176436340555129011e-18
1.180891067792522742e-18
1.222438378418954639e-18
1.237886842057357560e-18
1.264945093042790624e-18
1.283441867576637474e-18
1.307235400110197319e-18
1.334327556190947424e-18
1.363937976092065591e-18
1.404670792829954032e-18
1.430180393483426677e-18
1.455853738478902124e-18
1.462759997622168609e-18
1.489228955504190706e-18
1.519012598257308094e-18
1.534442908427589665e-18
1.567147884934203624e-18
1.604336542823031805e-18
1.636537386328863208e-18
1.657774201483068123e-18
1.670976518445667536e-18
1.715107099716280386e-18
1.729803168957070727e-18
1.745102102492589260e-18
1.752818840189836861e-18
1.814249278487626364e-18
1.832323778318705409e-18
1.848283071814984263e-18
1.876134871917334283e-18
1.905390811603059994e-18
1.920356757566745069e-18
1.937401137276689650e-18
2.000679348211142170e-18
2.035348420900794619e-18
2.051411736786760262e-18
2.092634266301032701e-18
2.130478578266171467e-18
2.144150501862173588e-18
2.155133568283150929e-18
2.197163737072100227e-18
2.249668790812165651e-18
2.277163440382374624e-18
2.293340540009691818e-18
2.301413068807671918e-18
2.345265044340845247e-18
2.357950351458774972e-18
2.377577582028840505e-18
2.422967793370830779e-18
2.441544093795363802e-18
2.492884938163728592e-18
2.526685624112811217e-18
2.563946068573349048e-18
2.579332039230000043e-18
2.603558731904876934e-18
2.688779657648033566e-18
2.703736637667142980e-18
2.725735438418306510e-18
2.762299770422330842e-18
2.802871274435674996e-18
2.855712505583620476e-18
2.874330615983551411e-18
2.909614093580818525e-18
2.935038172837542428e-18
2.948116754054172707e-18
2.992056314878519532e-18
3.011626880125200410e-18
3.039861760873843693e-18
3.096868177163133483e-18
3.159061522726716296e-18
3.196014923967553497e-18
3.222378796915761551e-18
3.248618400322941074e-18
3.271074454938380375e-18
3.290223219888230381e-18
3.347251115364663463e-18
3.379283161804927757e-18
3.420583159839398693e-18
3.439725344418476593e-18
3.462938862380124072e-18
3.493060473884954971e-18
3.553603247844045130e-18
3.583525916670867537e-18
3.598747358395038530e-18
3.648133551926217194e-18
3.666175899185824987e-18
3.693361637268084751e-18
3.733707760347850653e-18
3.753850353699397269e-18
3.815127393183032152e-18
3.835819070158706627e-18
3.929594062956905097e-18
3.958758396787052624e-18
3.983982738562529230e-18
4.031438211870830491e-18
4.084522243866727054e-18
4.100559177178470881e-18
4.126746758821573876e-18
4.200467747315782960e-18
4.216645227707752458e-18
4.262842332810373021e-18
4.299603576946878259e-18
4.363576941380613661e-18
4.387211634273941971e-18
4.441303460753532325e-18
4.481677796761152537e-18
4.492432286135854656e-18
4.543052260777767366e-18
4.577823455959484653e-18
4.645102180438463485e-18
4.672663529480168725e-18
4.675411520965263875e-18
4.706708000916827880e-18
4.751290669522800709e-18
4.824974905535757045e-18
4.880566007688483834e-18
4.920390666512439826e-18
4.968148629760382019e-18
5.019217915699540996e-18
5.036570222103644424e-18
5.146234247164217848e-18
5.169805764182831521e-18
5.205321662758184725e-18
5.260666784284661957e-18
5.286142910245281805e-18
5.346093051221940310e-18
5.406476966008256446e-18
5.431254304150560403e-18
5.504533670988363838e-18
5.553738916541845186e-18
5.586667249850636333e-18
5.643361206913440793e-18
5.661387365748392967e-18
5.774493857749843845e-18
5.844592261576452912e-18
5.862730618174691753e-18
5.904011167565898773e-18
5.964976565695955770e-18
5.997711732207046714e-18
6.065468942131411476e-18
6.106205925911411817e-18
6.119901715999917407e-18
6.204322958778952131e-18
6.234701114273941536e-18
6.317362250197563748e-18
6.329629472035064309e-18
6.360095733007064729e-18
6.403938876767674318e-18
6.472983950384191486e-18
6.542009286438220187e-18
6.577012887194403898e-18
6.664932253114717057e-18
6.748065201456325572e-18
6.847912948746964528e-18
6.875102312422576308e-18
6.909470741544147696e-18
6.979378255775914975e-18
7.017621159625743093e-18
7.081424342206724154e-18
7.160222888695196975e-18
7.236891344974095579e-18
7.260332997795987981e-18
7.341558666020395629e-18
7.481533772108316738e-18
7.491389630888574640e-18
7.588816680991051912e-18
7.651332265518918855e-18
7.742807529666561413e-18
7.792523796602897349e-18
7.833723404430470699e-18
7.950046704091472301e-18
8.081126121238649426e-18
8.113506632513672909e-18
8.176559992096220360e-18
8.381262128172473118e-18
8.442714953770366799e-18
8.502955841452550534e-18
8.554679314344238742e-18
8.610684945017668670e-18
8.702571214667421559e-18
8.789992730224123297e-18
8.876974884655388202e-18
9.021885675794338468e-18
9.053706973032116141e-18
9.126201516865658240e-18
9.221193989398279255e-18
9.303984185746386730e-18
9.348859255488208408e-18
9.484286328418131757e-18
9.556374275594835608e-18
9.777238745125754632e-18
9.835572055607239767e-18
9.979343494820089769e-18
1.001360510593202129e-17
1.008914578601982200e-17
1.017144008590287594e-17
1.030508402079629099e-17
1.044492028853498654e-17
1.051518616901267087e-17
1.062243916285274652e-17
1.067330040722923089e-17
1.085563710732652285e-17
1.104352299752126899e-17
1.121730627079013337e-17
1.129003442786145292e-17
1.145536478107795940e-17
1.156503659058719152e-17
1.165440110019813206e-17
1.184330507373584710e-17
1.188338733271235551e-17
1.204542597294410192e-17
1.230794528434415543e-17
1.239098820233552008e-17
1.253535116204461588e-17
1.269510373867035855e-17
1.277324828263579415e-17
1.294246057488566624e-17
1.326555009015469533e-17
1.342499165219972551e-17
1.363666770309255792e-17
1.383906526012448527e-17
1.401610625773787434e-17
1.406262475069323699e-17
1.444112417047043804e-17
1.461861001544898870e-17
1.471901672513616809e-17
1.499616999024218772e-17
1.507130123943390212e-17
1.541747455051937106e-17
1.549392224488069097e-17
1.558748095433716215e-17
1.607026037559413148e-17
1.653900963834256348e-17
1.688333034252890024e-17
1.706498321481170896e-17
1.758183887568415350e-17
1.785537466724422410e-17
1.795266976329450234e-17
1.840696314400723803e-17
1.887603924447024841e-17
1.925635033445291271e-17
1.928466305562001081e-17
1.952942589815003899e-17
2.021742795459536358e-17
2.049594361364483199e-17
2.075838966383848149e-17
2.128222481541805832e-17
2.185734309796428227e-17
2.227568427199999600e-17
2.275472956288052010e-17
2.369465721496998789e-17
2.435708796536677611e-17
2.549023036356737686e-17
2.626226706448068459e-17
2.792938401995073329e-17
2.876793443403841103e-17
2.992643028492168355e-17
3.085399378550995161e-17
3.191317504226977314e-17
3.592619578818949221e-17
3.765982943894963001e-17
3.953013976535623670e-17
4.386619016028095009e-17
4.898476323863711631e-17
6.637732726081359570e-17
1.178839807535048772e-16
1.333621214046048545e-16
3.266998247637009516e-16
2.791642945533533192e-04
5.444791394398882951e-04
1.111383736855092860e-03
1.253589664716071080e-03
1.551609355588805163e-03
1.757056533803491105e-03
1.897052794190963627e-03
2.083873693167988261e-03
2.259197576483823033e-03
3.108266832324874541e-03
4.079505528207458438e-03
4.566637594738876330e-03
6.025609703085922295e-03
7.139358098594412311e-03
1.354836850525074216e-02
1.649834835912551007e-02
1.853754970605635960e-02
2.217175265952071872e-02
2.299702650757476721e-02
4.156444824520692111e-02
4.471489497521979883e-02
1.371969768205260065e-01
5.359989385576764409e-01
7.473690486702526670e-01
1.455342680882576900e+00
