-3.263328917951979075e-02
-3.051536625593008825e-02
-2.101066029902985341e-02
-1.737842553349809929e-02
-1.470609811794447615e-02
-1.337589141745119774e-02
-1.091536886841427446e-02
-9.824467800628344794e-03
-8.652000835037107138e-03
-8.361397451800676311e-03
-7.709213715519205867e-03
-6.665529766463507144e-03
-5.995888334228004213e-03
-5.725957677242642443e-03
-5.367805579674050746e-03
-5.117466922588100736e-03
-5.013131801544732161e-03
-4.625761292828258105e-03
-4.230762408121678704e-03
-3.807281150303587752e-03
-3.671001279600836966e-03
-3.393696843398162372e-03
-3.232657099671791545e-03
-3.026477708276359944e-03
-2.980294461185771081e-03
-2.734210816176247186e-03
-2.548161175297833717e-03
-2.503136967251987696e-03
-2.383464123519240911e-03
-2.316722551559815407e-03
-2.286727630487868194e-03
-2.149347562959862991e-03
-1.981593197835176436e-03
-1.885605742569543015e-03
-1.818324199966899445e-03
-1.740940995111127680e-03
-1.721355064184149899e-03
-1.609060410163403723e-03
-1.552659002328270459e-03
-1.529274639187268173e-03
-1.507248027290481384e-03
-1.414154136054278886e-03
-1.351432628247916864e-03
-1.336862202723456804e-03
-1.252472317186353922e-03
-1.211294884501394782e-03
-1.140799135418789530e-03
-1.123895850115004839e-03
-1.078219084355308815e-03
-1.022750679672187460e-03
-9.938645353294913581e-04
-9.797570351357497154e-04
-9.351285390066908657e-04
-8.971313870772949263e-04
-8.643780699752639293e-04
-8.535207170266934183e-04
-8.033809476293310393e-04
-7.912336902793676470e-04
-7.620935230328428761e-04
-7.311161912554435278e-04
-7.053461217083175023e-04
-6.791247234731615044e-04
-6.626033099220828958e-04
-6.466542743498496747e-04
-6.312507991000769914e-04
-6.040693567816633964e-04
-5.942071960238165616e-04
-5.803133037126202102e-04
-5.715134648229197936e-04
-5.455256507540120299e-04
-5.269693372221613981e-04
-5.171700361556874495e-04
-4.982946830586025555e-04
-4.928862703880294545e-04
-4.730898130590271110e-04
-4.694996349217546157e-04
-4.635221993880173932e-04
-4.335816134932583051e-04
-4.233993638881258250e-04
-4.191653949769766786e-04
-4.090498663792424701e-04
-3.875226671593990768e-04
-3.809658528080639493e-04
-3.731717694261037720e-04
-3.560483115170408721e-04
-3.496807972122243486e-04
-3.312123514036424579e-04
-3.284442996989514756e-04
-3.214346736553679246e-04
-3.106560887619081715e-04
-3.045917355078306367e-04
-2.921284221636075715e-04
-2.873621407388238518e-04
-2.812846510141851861e-04
-2.733957961283803501e-04
-2.705524559978048581e-04
-2.648577970233904986e-04
-2.533784461252305202e-04
-2.457379739568177519e-04
-2.393174133868763108e-04
-2.377395463175555610e-04
-2.323978968760049863e-04
-2.234883153368497706e-04
-2.186775537824287073e-04
-2.175541691572982061e-04
-2.069941777344476333e-04
-2.058334852512935125e-04
-2.024774885512017246e-04
-1.967860092047355619e-04
-1.907462095814345295e-04
-1.827800635673027701e-04
-1.812145658757436870e-04
-1.776200307345690750e-04
-1.704510951562186640e-04
-1.657853016292694934e-04
-1.628532213425822777e-04
-1.579295231800554157e-04
-1.541781376828449835e-04
-1.505323227388119544e-04
-1.468489855477667831e-04
-1.434040962742294447e-04
-1.397025795068722971e-04
-1.375868802988989951e-04
-1.319306111704252418e-04
-1.271367653929425718e-04
-1.228500703403675955e-04
-1.219507708375418373e-04
-1.180027026559830259e-04
-1.141090241054724616e-04
-1.138491272226669449e-04
-1.108369057038540448e-04
-1.086259978631596803e-04
-1.044367878566314844e-04
-1.013695918731282787e-04
-9.919075739330642839e-05
-9.635151403294115770e-05
-9.472658468787334050e-05
-9.353037246708327947e-05
-9.057450679238235574e-05
-8.751311301120125478e-05
-8.421150827136006953e-05
-8.278262650449877327e-05
-8.098478274749191380e-05
-7.984460815867450558e-05
-7.726928912034059210e-05
-7.570828461309581450e-05
-7.516808916258133967e-05
-7.308456147527611071e-05
-7.077928621134175764e-05
-6.810566751920383807e-05
-6.574969115819394717e-05
-6.523458505228559500e-05
-6.398953415410880258e-05
-6.255149578091362861e-05
-6.040247173627107401e-05
-5.941353584487228684e-05
-5.777541152244026492e-05
-5.617615873399388414e-05
-5.499502388375686779e-05
-5.395521993284716974e-05
-5.173228854108035042e-05
-5.084111330455850147e-05
-4.879696834021596675e-05
-4.751920643071275076e-05
-4.557686325960299390e-05
-4.483001233182509158e-05
-4.396169732249239362e-05
-4.317035101084169157e-05
-4.175120754249562755e-05
-4.116058567785002114e-05
-4.089072957712570617e-05
-3.865993425559964433e-05
-3.831521802831004805e-05
-3.745656999995335330e-05
-3.629976687020684844e-05
-3.514416511041692359e-05
-3.471341339873408626e-05
-3.370469374696157146e-05
-3.280126703333506659e-05
-3.218245219693920665e-05
-3.147780833980294091e-05
-3.056714866071136608e-05
-2.990702136852227430e-05
-2.931845476933776741e-05
-2.854502212221922977e-05
-2.827745855951510786e-05
-2.662346010252726746e-05
-2.590453382418885764e-05
-2.514363892549138137e-05
-2.393559305320521841e-05
-2.359676865826185302e-05
-2.305870239038705210e-05
-2.244927148818220045e-05
-2.197399279298660547e-05
-2.144484035828445837e-05
-2.108821233791514300e-05
-2.020743231558974444e-05
-1.968178709258765996e-05
-1.930107426651390864e-05
-1.830865770618466529e-05
-1.827325583495066288e-05
-1.749943753944598532e-05
-1.703720020317953807e-05
-1.695148888929769827e-05
-1.614125432127319835e-05
-1.567622681693049260e-05
-1.526062892278037033e-05
-1.474292938106005175e-05
-1.451400960973879134e-05
-1.422441324832291555e-05
-1.369767552284850264e-05
-1.339564327613554982e-05
-1.287834537987881996e-05
-1.277126037857753678e-05
-1.233611966251430644e-05
-1.210571637442773500e-05
-1.170199151818124968e-05
-1.138989722635943747e-05
-1.107744434593645872e-05
-1.100961349422842493e-05
-1.019409484049168258e-05
-9.750150761847457153e-06
-9.529291394617051949e-06
-9.418592637705664199e-06
-9.120991311000450550e-06
-8.995357704123497594e-06
-8.783071477932732779e-06
-8.483719898067670047e-06
-8.230066341078469945e-06
-7.832741449068561699e-06
-7.447977027869505878e-06
-7.262288505480650572e-06
-6.971467276607899838e-06
-6.727661065880074522e-06
-6.572646299153515296e-06
-6.228410143472197576e-06
-6.017470733717422522e-06
-5.732376774031497959e-06
-5.598782474125118021e-06
-5.414084857471343330e-06
-5.074851894236044033e-06
-4.812217563458780713e-06
-4.673428687080935264e-06
-4.571049917038880151e-06
-4.426476395397481137e-06
-4.293837705440669056e-06
-4.197120379844034805e-06
-3.876802911658115759e-06
-3.720367485434350545e-06
-3.542269944389013198e-06
-3.425510460724763636e-06
-3.341327861976905802e-06
-3.003759818558869453e-06
-2.903041668257933758e-06
-2.834439947340327338e-06
-2.682117165708490569e-06
-2.604191167305946844e-06
-2.380707824409025364e-06
-2.266359291178387516e-06
-2.150613084391465411e-06
-2.112164812307827146e-06
-2.022992595353952915e-06
-1.920923094171214818e-06
-1.832994693829129617e-06
-1.623063399621759954e-06
-1.588557036843179503e-06
-1.456333228563421092e-06
-1.309653340720880172e-06
-1.280324698910033631e-06
-1.120909587266672528e-06
-1.054937538631927512e-06
-9.665828782644990885e-07
-8.873223511969679155e-07
-8.250377369815659472e-07
-7.002312647554403068e-07
-6.037470882539448861e-07
-5.496009758953539942e-07
-5.444343803288635249e-07
-5.314823701534857710e-07
-4.367879706012679030e-07
-3.573184221974086708e-07
-3.040417956598485801e-07
-2.776977124478524883e-07
-1.803919654241934353e-07
-1.465046469516704612e-07
-7.799419348437899582e-08
-7.114529143448831929e-08
-1.232835530185809453e-08
-7.483849477138541244e-19
5.423693102875406335e-18
1.310284713164927895e-09
2.665864811569524855e-08
8.864637838855152916e-08
1.624597153766755901e-07
1.893032770720844196e-07
1.974610835199848513e-07
3.471328496757288688e-07
3.727383873441966687e-07
4.025231786252721722e-07
4.316806411329761333e-07
6.025960972839199243e-07
6.563158744875125177e-07
6.985888584948579268e-07
7.273873815751863845e-07
8.048678784511592470e-07
8.623914619122603481e-07
9.913853848159498785e-07
1.026326761801497312e-06
1.069089572526282252e-06
1.197321767664428136e-06
1.284031310677256183e-06
1.369233269894567204e-06
1.408885422377063097e-06
1.504831183643887460e-06
1.569864741617287856e-06
1.621887994823632341e-06
1.686430229756106638e-06
1.786078670947808331e-06
1.815642718073435835e-06
1.947377454097696291e-06
2.012538522760867653e-06
2.117534303783975237e-06
2.168690734596472702e-06
2.296691862842183563e-06
2.389511801921759553e-06
2.578670966120426809e-06
2.638636138602054967e-06
2.739200542720070356e-06
2.801274586746556313e-06
3.008205345718705832e-06
3.062039992914227527e-06
3.139930433844871281e-06
3.190624191608134691e-06
3.327940793073914634e-06
3.452770747582583415e-06
3.594536101459346857e-06
3.762300962943079557e-06
3.877287346883886259e-06
3.959246187834151348e-06
4.059027007431407267e-06
4.134865156406493889e-06
4.264255194014542576e-06
4.485169007220014027e-06
4.756688771622319078e-06
4.879654663058308501e-06
5.001409717562148320e-06
5.068540420426028274e-06
5.205336542651593382e-06
5.386029730372784105e-06
5.474386810256066381e-06
5.727445289754247120e-06
5.772384292574980552e-06
5.986259460176563677e-06
6.122194193549200937e-06
6.233490331240339972e-06
6.421142372522564476e-06
6.658051166530336573e-06
6.711540211014331263e-06
6.800510658383424562e-06
7.110497926073852205e-06
7.236835565431504049e-06
7.407524732635728031e-06
7.568504607282996168e-06
7.654971571906775746e-06
7.773520359708167865e-06
8.188358810782916478e-06
8.276295559961623321e-06
8.495880052583723759e-06
8.634700765108004129e-06
8.956707621607707762e-06
9.288140332319444329e-06
9.433081569726997262e-06
9.568332949894387516e-06
1.010869177526513212e-05
1.013216299410352391e-05
1.027984112465260577e-05
1.087882871019592814e-05
1.120761897794904343e-05
1.145557029685214806e-05
1.156664520218822321e-05
1.179568731671340221e-05
1.217832317560866415e-05
1.231873180106706040e-05
1.258035526399427851e-05
1.293136018120114561e-05
1.298157075503952366e-05
1.352040123445533124e-05
1.404994637263383731e-05
1.431410357644897420e-05
1.443459268229592384e-05
1.470684719543638941e-05
1.516379945974317086e-05
1.535737450971529506e-05
1.559721130853258496e-05
1.564594091205910570e-05
1.608303762989020286e-05
1.633597309248049402e-05
1.664910755335746500e-05
1.726501912031379329e-05
1.728405170342852843e-05
1.779229556658326784e-05
1.789341164836202058e-05
1.808659797249916967e-05
1.919093042223414528e-05
1.975238440745076960e-05
1.997074695352952649e-05
2.046247010462744488e-05
2.087514011307927336e-05
2.113616944897145816e-05
2.141467278993198993e-05
2.157795697578966871e-05
2.197752279209175204e-05
2.227327596173057374e-05
2.262462742116843803e-05
2.310373905720093494e-05
2.346805649521082235e-05
2.370396957492240737e-05
2.447136031450740392e-05
2.538811941089798364e-05
2.587961129004845412e-05
2.606616943867646241e-05
2.661243747315037569e-05
2.701847513556535370e-05
2.743919344141105497e-05
2.800556733751273064e-05
2.812881037315657169e-05
2.869974338265902962e-05
2.978962344462301657e-05
3.023167018709889376e-05
3.080265303112317580e-05
3.183539690658982520e-05
3.242183583147227192e-05
3.274585580996962938e-05
3.353450963315307603e-05
3.399996504326323506e-05
3.460348339039994700e-05
3.526877022902791871e-05
3.534549367442446128e-05
3.684183642167010648e-05
3.779421833586374987e-05
3.863801387655583402e-05
3.929279647142578877e-05
3.964379391847752242e-05
3.997636408278011031e-05
4.121159442618975758e-05
4.160446914079120057e-05
4.177075350086648700e-05
4.276544091025335695e-05
4.346168196382610449e-05
4.388791687256603799e-05
4.480421275387784925e-05
4.601439859915172897e-05
4.663948239879405221e-05
4.694619247084557730e-05
4.753975740782131646e-05
4.944677079452413504e-05
5.010040263519297286e-05
5.062352786855319614e-05
5.189874070913509684e-05
5.253188352759751502e-05
5.413740921306022034e-05
5.475639560392605096e-05
5.600096287558452789e-05
5.822540354798222043e-05
5.983393478699564787e-05
6.071471965108580886e-05
6.121464625224670394e-05
6.211951941421971690e-05
6.247811824641219438e-05
6.363994143005391371e-05
6.473302971488896116e-05
6.629903117806931886e-05
6.777881339028191403e-05
6.952600245715338887e-05
7.033255519417884222e-05
7.133663333537113612e-05
7.159279281272095188e-05
7.439706434734890046e-05
7.484713833870288943e-05
7.642603921301098816e-05
7.887536998646510976e-05
8.043089597507934038e-05
8.247993728278959721e-05
8.379248801814249872e-05
8.523003425647987746e-05
8.654415999713194760e-05
8.736824004992689769e-05
8.855467461685602296e-05
9.237173516221940410e-05
9.312049098399406493e-05
9.431063215613288400e-05
9.672943966986793842e-05
9.872251274063789260e-05
1.001091802369990315e-04
1.030074313297385394e-04
1.040965382080513149e-04
1.046206629898216504e-04
1.072647321403588590e-04
1.098153568579488492e-04
1.133027576800448109e-04
1.144741691992660096e-04
1.159163672900041217e-04
1.181699481583642136e-04
1.200226514146303505e-04
1.208818616288471793e-04
1.257090589822845771e-04
1.266385698553796973e-04
1.296134461702198230e-04
1.301905987216912829e-04
1.331833756948717939e-04
1.365129839964603054e-04
1.383085409250536010e-04
1.426163677147210902e-04
1.455233993915016374e-04
1.473817393675995382e-04
1.497664905499176513e-04
1.509119787295547504e-04
1.536962689592992362e-04
1.563108948961651457e-04
1.613922629044924767e-04
1.663767789194184202e-04
1.679428349762732077e-04
1.709949693613203761e-04
1.734734370544516006e-04
1.788200649288335488e-04
1.826294666778800042e-04
1.858440238730859945e-04
1.903582145050828950e-04
1.915302667395720035e-04
1.949767986805714111e-04
1.988227007209876105e-04
2.003475426396784150e-04
2.096509384856052823e-04
2.146638920463525850e-04
2.189888287249070690e-04
2.239266542150100160e-04
2.297656283765586792e-04
2.313179865453279956e-04
2.341519575728989461e-04
2.439160187861718644e-04
2.440457225139768416e-04
2.497725882227750066e-04
2.541237984740779597e-04
2.598528310948801227e-04
2.609849379173215201e-04
2.665974720807852525e-04
2.741528824770616949e-04
2.789855828042484779e-04
2.832521984097443679e-04
2.984659589601174057e-04
3.041520868347973527e-04
3.108013295868160449e-04
3.121741898653347951e-04
3.191553461996185091e-04
3.246482407144734455e-04
3.268848790709722612e-04
3.368620123143391655e-04
3.450769598551820319e-04
3.518178678117792339e-04
3.670797911540299029e-04
3.746909549625037738e-04
3.795080225641431259e-04
3.898724672153737946e-04
3.939162719078445076e-04
3.944143020258396629e-04
4.082176403524422396e-04
4.094099935480946637e-04
4.261549696674314593e-04
4.398545432494377783e-04
4.463366392975989935e-04
4.585181529093693468e-04
4.724129398449567591e-04
4.848282773358130880e-04
4.865338509680122952e-04
5.073071627008441439e-04
5.233045567661284703e-04
5.357908087911838384e-04
5.461490195311245526e-04
5.517647934052837986e-04
5.599620069422893030e-04
5.659493988817588389e-04
5.749803457129392878e-04
6.062960147487585130e-04
6.082136974019697502e-04
6.206383328490498253e-04
6.484404009471033369e-04
6.530802029297696695e-04
6.791621336632882016e-04
7.043257876291336836e-04
7.114202535994223206e-04
7.285010098691762194e-04
7.500295260140708810e-04
7.674698215555424618e-04
7.723800399841028626e-04
7.910889470446239415e-04
8.113792300469950015e-04
8.558157168316282400e-04
8.707960470271107912e-04
8.809407602859050659e-04
9.006027874140879472e-04
9.481813126889065404e-04
9.595877227644272192e-04
9.852785429649505832e-04
1.014528595990650929e-03
1.047017823195725691e-03
1.080112197956302868e-03
1.099722827289212421e-03
1.167058624099503745e-03
1.211762303284915103e-03
1.279458555985868483e-03
1.284345193260770122e-03
1.330917408139667283e-03
1.362973324527943760e-03
1.398443638737236145e-03
1.412476544942574755e-03
1.475197948784883481e-03
1.503237965912625207e-03
1.559390052390889495e-03
1.631233258078533966e-03
1.728734378808937993e-03
1.760301391227773841e-03
1.802711857711912589e-03
1.859374529638097278e-03
1.899618123829204539e-03
1.933931747664259992e-03
2.090436475138384570e-03
2.105691314341628928e-03
2.271941230635676767e-03
2.302422187549502553e-03
2.447601480920574835e-03
2.508477741648530625e-03
2.626847366445079438e-03
2.657449617666504411e-03
2.839745366975861014e-03
2.974197759307017908e-03
3.061117637370299252e-03
3.311615084813611821e-03
3.364748141910752118e-03
3.567910880380358984e-03
3.634793438948560971e-03
3.964333987607144075e-03
4.343205786665443012e-03
4.386843862399242809e-03
4.616628457002708470e-03
4.747915395432798606e-03
5.108529637112666985e-03
5.724422305291109077e-03
6.135912274895865930e-03
6.517556611115013498e-03
7.193930782732872731e-03
7.667402474239901067e-03
8.449190526919799979e-03
9.345997295626644677e-03
9.861444340306821377e-03
1.073788528144103624e-02
1.166427913653238571e-02
1.317944969142399898e-02
1.318970475645154378e-02
1.523742222680902862e-02
1.819158711166745171e-02
1.954354310868465852e-02
2.140832099974043432e-02
2.452450216114444165e-02
3.049335991339499619e-02
3.476114283861872489e-02
5.031683702226566468e-02
6.555869822179577477e-02
6.832930494278255384e-02
9.236163547770685767e-02
1.038078328181612497e-01
1.871614360402940047e-01
1.988409416650009365e-01
5.151255084355670366e-01
2.149229860175524642e+00
4.161237445517452116e+00
1.106700954431794770e+01
