1.638184325068825367e-03
1.201043011856028474e-03
1.052900567443771284e-03
9.822508297241774357e-04
8.909215401695328319e-04
8.624111184693907580e-04
7.780452853479726764e-04
7.196720319756931203e-04
7.053024696498503589e-04
6.807917730690852360e-04
6.671843092370498404e-04
6.054023379613556258e-04
5.814014969378547429e-04
5.451848987182903155e-04
5.202484953505967600e-04
4.984184694983287076e-04
4.846466369697845157e-04
4.685759910389064760e-04
4.488721296549944310e-04
4.437740138341705410e-04
4.219988959125482307e-04
4.009546180481539119e-04
3.930233781712810142e-04
3.735221366569313689e-04
3.596603697718954310e-04
3.527024921730806503e-04
3.409663234832865995e-04
3.376419842033424293e-04
3.220093655579785272e-04
3.171302205417192671e-04
3.133999276253707895e-04
2.945197763892048017e-04
2.886819727458707200e-04
2.688607587454166451e-04
2.637080508910691129e-04
2.588817631712734407e-04
2.517859125387280966e-04
2.450204740876524723e-04
2.378105307289594798e-04
2.358173901564538386e-04
2.265291260207381960e-04
2.194014472794165570e-04
2.123795993898322358e-04
2.077260519122461587e-04
2.053698596963524959e-04
2.032536983371474137e-04
1.942520406755292523e-04
1.861894594862796614e-04
1.852102932994223981e-04
1.790292958064340178e-04
1.768381750316910079e-04
1.706128198947440288e-04
1.699271187720760785e-04
1.652922458093661502e-04
1.569867461983319565e-04
1.545674082198997636e-04
1.511317983590266612e-04
1.451340160859345557e-04
1.430224012775473781e-04
1.398389270380809963e-04
1.376450036472056803e-04
1.350397526735783226e-04
1.338732622793063298e-04
1.302576378854717080e-04
1.292508928015825257e-04
1.256708004051245386e-04
1.202087637827654258e-04
1.171485845982410423e-04
1.152270843148685362e-04
1.114661830445687937e-04
1.087144790352488762e-04
1.069301150684275861e-04
1.025314363509343329e-04
1.011270167625814582e-04
9.998916587266721255e-05
9.868068280546640736e-05
9.733219675436830041e-05
9.332352304778149255e-05
9.215401122219863859e-05
8.864418406622908298e-05
8.851854611497929695e-05
8.716113348328065010e-05
8.600169676499023314e-05
8.076289723717218374e-05
8.015524122203816076e-05
7.701902232374327950e-05
7.563597873792683528e-05
7.450546072016982495e-05
7.362704269538390873e-05
7.126663153749228288e-05
6.973729413614297289e-05
6.907471764352339277e-05
6.809206729297641910e-05
6.760881642834626836e-05
6.518040489328164532e-05
6.512327156167063160e-05
6.267790835041589070e-05
6.154714963743353282e-05
5.962609503833078321e-05
5.898532034536895700e-05
5.880671547179698735e-05
5.672337740893893849e-05
5.535903840819111362e-05
5.458215213461137315e-05
5.442032865803232542e-05
5.349177359964743522e-05
5.247642336684139831e-05
4.968223756081934005e-05
4.888787422757269311e-05
4.662496253878449591e-05
4.551178996893883377e-05
4.431840138915469338e-05
4.338808877999966718e-05
4.324419517449961704e-05
4.213526239388192717e-05
4.151334833913874356e-05
4.032904979942617229e-05
3.928904597504833578e-05
3.911552881864431791e-05
3.815427279493474757e-05
3.651475724195597832e-05
3.607075887859162498e-05
3.531373326240799218e-05
3.439501460869672422e-05
3.364108480481856165e-05
3.259131742922727885e-05
3.213630763955574888e-05
3.181284595558039343e-05
3.131714429486696059e-05
3.039794555244618648e-05
2.991426140848403678e-05
2.973803799322505728e-05
2.885959459031936262e-05
2.808730747181562083e-05
2.756077915358830813e-05
2.669048491619933778e-05
2.614963371339492753e-05
2.564390670025206131e-05
2.479810250357945532e-05
2.444305292916865320e-05
2.414382404321886998e-05
2.341627451492833396e-05
2.277490074528113690e-05
2.222480015936422888e-05
2.184694172382915361e-05
2.114236530080971789e-05
2.059816961510606715e-05
2.037751509965063477e-05
2.001778506561693765e-05
1.933102470614376237e-05
1.910541954506042662e-05
1.859395121505432778e-05
1.832427039451436839e-05
1.802105053367561820e-05
1.743589899287790725e-05
1.682231094378291452e-05
1.670042663961487475e-05
1.624580669825002709e-05
1.586434048600889681e-05
1.562510683029758905e-05
1.510373811382850198e-05
1.459899426613174545e-05
1.443910824722757945e-05
1.408969374728101868e-05
1.365640044840788041e-05
1.339312881414890273e-05
1.300905627978807098e-05
1.281795658408099243e-05
1.264541422330635457e-05
1.226202491312434415e-05
1.184779615240554318e-05
1.161639558705893618e-05
1.152808718182877662e-05
1.130627545217765326e-05
1.054261340451134998e-05
1.042998703391209520e-05
1.018890469941126009e-05
1.003484915801301367e-05
9.627234652007688349e-06
9.386109885704654310e-06
9.305703177442934377e-06
8.874346475992219501e-06
8.663562342645195506e-06
8.543871753598167865e-06
8.282052507226503874e-06
8.052592716744969749e-06
7.889054935941350164e-06
7.735050736651389385e-06
7.691672053259864344e-06
7.433898018096245282e-06
7.123336726294250432e-06
7.098362321545089092e-06
6.954192901523276445e-06
6.646855421071181065e-06
6.416487595555596329e-06
6.125901470411157959e-06
6.099521656220649117e-06
5.952362618217931935e-06
5.842411703460034559e-06
5.640950913679511000e-06
5.530462469469744933e-06
5.321628844249319942e-06
5.156217072317688982e-06
4.912733435334859909e-06
4.801939911307119925e-06
4.733492330589810639e-06
4.673217906573104975e-06
4.546532209888387486e-06
4.512091103999734337e-06
4.320908379685141664e-06
4.285883440931665917e-06
4.221725060425027176e-06
4.134083757772111395e-06
3.875629577318250432e-06
3.719776749428386688e-06
3.608780584070971567e-06
3.584423079074109781e-06
3.454251891386973125e-06
3.392873493178701120e-06
3.158549642942704255e-06
3.022780944427824062e-06
2.942347843256779087e-06
2.868869637341899389e-06
2.754580815108365403e-06
2.725282761526478429e-06
2.578357303178850978e-06
2.441468690797035951e-06
2.378669401261416022e-06
2.311536310184451185e-06
2.256351890722780286e-06
2.126823239453055298e-06
2.043673427014471001e-06
1.959841203635300891e-06
1.928687018972055834e-06
1.786926483739717077e-06
1.768856836992796553e-06
1.663683177528793473e-06
1.633583806506365226e-06
1.576109685119067757e-06
1.502203972733285952e-06
1.434018598097767159e-06
1.373317518041809190e-06
1.303947005407634038e-06
1.242581973252976458e-06
1.159307783925557164e-06
1.103408406818117248e-06
1.023136757795031295e-06
1.010836566508344707e-06
9.963348846859438082e-07
9.341954622025403380e-07
8.376344914362526753e-07
8.153005624351625169e-07
7.443584002591609492e-07
6.813403727379382382e-07
6.600052440597661134e-07
6.469589239784601428e-07
5.607938262502544446e-07
5.290433216927956138e-07
4.498972992217447233e-07
3.989530987376798528e-07
3.919711137459150501e-07
3.453203458692298215e-07
3.367695182572982379e-07
3.099751348317404070e-07
2.980196377989469112e-07
2.288455640291452819e-07
2.196368616796173835e-07
1.760366649748893434e-07
1.413152836646617635e-07
1.186552565944095546e-07
9.678285314879205408e-08
3.806833000950940046e-08
2.994150246399909427e-08
9.847103312773293510e-09
9.860787741227945762e-21
6.199263127330514109e-21
-4.937525324030875781e-09
-1.377541772989103178e-08
-2.813238084505225542e-08
-6.616431220637751587e-08
-7.492507975081138049e-08
-1.076072362145460616e-07
-1.337043201300288881e-07
-1.461240071696936982e-07
-1.807238086561955135e-07
-2.211023792647229310e-07
-2.486688880286659297e-07
-3.192111019207896989e-07
-3.348248352501513212e-07
-3.492210825428127598e-07
-3.718382305877065160e-07
-4.190090519959060715e-07
-4.452516432545523242e-07
-5.124227107228521622e-07
-5.352139005066264980e-07
-5.957013972789698305e-07
-6.216314223572799382e-07
-7.071629037742611535e-07
-7.146162707902097931e-07
-7.480764208176286182e-07
-7.880524432296647121e-07
-8.109087741719579581e-07
-8.629698884872187196e-07
-8.900333493867591697e-07
-9.337190056079937541e-07
-9.782216133946686046e-07
-9.945311040199577178e-07
-1.044032206961805085e-06
-1.088778274258314157e-06
-1.132732925386237364e-06
-1.177263390774452928e-06
-1.207921616148494370e-06
-1.230627689559378742e-06
-1.294898230839360754e-06
-1.349035153471319051e-06
-1.396520812564152313e-06
-1.453580475031914454e-06
-1.483880184873594209e-06
-1.524854825142247039e-06
-1.537282115051866906e-06
-1.570964530402420643e-06
-1.628515164516794820e-06
-1.690411004573750945e-06
-1.805157132344059302e-06
-1.810825735822832538e-06
-1.894383295497704795e-06
-1.931373553774660269e-06
-1.993368661154071880e-06
-2.024566928955980393e-06
-2.053319632101134418e-06
-2.128404150944765984e-06
-2.173413709733004828e-06
-2.290995186853433838e-06
-2.359575240154216961e-06
-2.378981732774234933e-06
-2.486179514615374971e-06
-2.553930430858522391e-06
-2.669654158061486944e-06
-2.730955440837713381e-06
-2.744407462814437955e-06
-2.773324186612563268e-06
-2.865622226442723881e-06
-2.898523209626419071e-06
-2.951947907591111568e-06
-3.061365368945418976e-06
-3.114746538735870941e-06
-3.156691457369905240e-06
-3.223884900753370612e-06
-3.307589080048452069e-06
-3.354797419299092950e-06
-3.423971096883143159e-06
-3.575038732450980639e-06
-3.619534813951911510e-06
-3.676562408439763083e-06
-3.789698562111597417e-06
-3.865777612283325749e-06
-3.932472471359161264e-06
-4.023851748361140555e-06
-4.078524734721423191e-06
-4.115075307806166251e-06
-4.334566397784489670e-06
-4.387265792249371488e-06
-4.477621008713982805e-06
-4.525736544474309793e-06
-4.634712812515033471e-06
-4.779218103266268239e-06
-4.898970993446945553e-06
-4.974886692096220413e-06
-5.026073609576255488e-06
-5.177269221717917614e-06
-5.204729216509228169e-06
-5.302972827829326242e-06
-5.494924255013710184e-06
-5.610053564488635079e-06
-5.665023110196272092e-06
-5.790580414204704551e-06
-5.881157858809768508e-06
-5.998727647746545058e-06
-6.199125648321533223e-06
-6.428174022720460523e-06
-6.469042686509041674e-06
-6.588290866054233607e-06
-6.797169385028263924e-06
-6.815304829059174822e-06
-6.876943644025751171e-06
-6.943934593463350885e-06
-7.308371264961262257e-06
-7.373484167511318700e-06
-7.448369764696375990e-06
-7.533244483445354505e-06
-7.723366368475146102e-06
-7.893147074705188123e-06
-8.063720997365891356e-06
-8.095231335195995662e-06
-8.240728976491035811e-06
-8.443510407689710853e-06
-8.546999874364378158e-06
-8.610423318270179645e-06
-8.792650132697966641e-06
-8.965255775751369613e-06
-9.265666315477633368e-06
-9.302332783575540976e-06
-9.361102567248057551e-06
-9.571558959963570985e-06
-9.742429100267040046e-06
-9.875384663590538968e-06
-9.966419582265882877e-06
-1.012977155273462418e-05
-1.039235554076428957e-05
-1.068762885023000778e-05
-1.079063501193857913e-05
-1.086875005425008680e-05
-1.111684155838999959e-05
-1.113382723272169634e-05
-1.137560026697039725e-05
-1.150207868836966227e-05
-1.170901383808156890e-05
-1.207523198468490068e-05
-1.222134540471108432e-05
-1.232075142033009998e-05
-1.236179017683560213e-05
-1.253237211610962357e-05
-1.272455756046569141e-05
-1.300256327286021235e-05
-1.305610800727154453e-05
-1.344524312517736879e-05
-1.357833325388018275e-05
-1.373508534104119469e-05
-1.390384369984882102e-05
-1.400130679198601651e-05
-1.407942394039607542e-05
-1.449594445833052550e-05
-1.488983404248805082e-05
-1.517655939190539125e-05
-1.528997734896703859e-05
-1.551338125927532243e-05
-1.566971846742905294e-05
-1.614937430142923794e-05
-1.635343485341567729e-05
-1.653757852491345164e-05
-1.678153965463888162e-05
-1.708878204572486682e-05
-1.731458895595565736e-05
-1.755680094961318508e-05
-1.781525881138157829e-05
-1.818834673821853018e-05
-1.846031591936506605e-05
-1.886626646194348151e-05
-1.933890260609481937e-05
-1.968539321089127195e-05
-1.999476665389239032e-05
-2.015611990799644990e-05
-2.045506980763039272e-05
-2.062557051226360778e-05
-2.092785155402749576e-05
-2.163429367366691047e-05
-2.207967455978112050e-05
-2.216255878282632382e-05
-2.242308693932647766e-05
-2.283790194321754630e-05
-2.304710005894333377e-05
-2.323474623377525111e-05
-2.332549164113882211e-05
-2.366687669316221569e-05
-2.417881051479381163e-05
-2.447386517222643719e-05
-2.472578303458905101e-05
-2.504293610235876363e-05
-2.528590552659070167e-05
-2.619347307543185707e-05
-2.632749098892690461e-05
-2.674778407838185177e-05
-2.713828738901295426e-05
-2.763722172661682347e-05
-2.769666186947787221e-05
-2.832968344371193900e-05
-2.879469456206094419e-05
-2.944283931763918015e-05
-2.954699566999969331e-05
-2.976071414536748556e-05
-3.009055150539147332e-05
-3.033815716387763546e-05
-3.136745531285894863e-05
-3.161385380235674715e-05
-3.233131589697634862e-05
-3.249315702660745793e-05
-3.317728062704011050e-05
-3.363737749284445469e-05
-3.463399988055318316e-05
-3.476793608572788079e-05
-3.512706432019291396e-05
-3.550774843237603526e-05
-3.635076888017339943e-05
-3.690991424002522593e-05
-3.752379637770499195e-05
-3.784868626603166695e-05
-3.838985452782273046e-05
-3.930342847084892247e-05
-4.006440627128077199e-05
-4.016880576388391161e-05
-4.085852632415204114e-05
-4.164292665634445695e-05
-4.265971440660864481e-05
-4.293052391040331193e-05
-4.311996180137643532e-05
-4.417455950533672235e-05
-4.461613154593353705e-05
-4.497257480000514869e-05
-4.553653949190054038e-05
-4.666463606837269488e-05
-4.707085118430970338e-05
-4.783944451358698426e-05
-4.847752555237804179e-05
-4.890835676500689377e-05
-4.918951108835279784e-05
-4.958468057531903342e-05
-5.065220127721984869e-05
-5.101040441700377924e-05
-5.187564013494067440e-05
-5.296834554676056923e-05
-5.417671782415554182e-05
-5.505786079513049934e-05
-5.526922025177628540e-05
-5.652357813410929186e-05
-5.655998311154519358e-05
-5.776793296516420802e-05
-5.868908325734333459e-05
-5.963147564158101794e-05
-5.979354856470372743e-05
-6.007901076658976673e-05
-6.202464406691607997e-05
-6.302313660199003735e-05
-6.363073776826927289e-05
-6.454530626608635737e-05
-6.518783113879942422e-05
-6.730302893033752543e-05
-6.784650716544954373e-05
-6.864901552210719935e-05
-7.065083277914952333e-05
-7.102228711236620198e-05
-7.206732848382810979e-05
-7.285879611472386710e-05
-7.399251153536521956e-05
-7.492761485109912111e-05
-7.594323311814852467e-05
-7.646326496814233309e-05
-7.669088704651108633e-05
-7.854907212705077458e-05
-7.962578523165481526e-05
-8.017464122156765956e-05
-8.100782842361522117e-05
-8.222014531390780699e-05
-8.317043948895113672e-05
-8.507858459145577006e-05
-8.680374356933479604e-05
-8.750928629736444246e-05
-8.928397254349596424e-05
-8.982462576659393716e-05
-9.153327539777999914e-05
-9.290109744463895703e-05
-9.360759264747033775e-05
-9.720464401011877896e-05
-9.897872514257929747e-05
-9.928912002973935304e-05
-1.007884086463084131e-04
-1.011554048357579102e-04
-1.044849733958713234e-04
-1.051343518924522432e-04
-1.069498778487677125e-04
-1.072427746664293528e-04
-1.083290571807740715e-04
-1.115731592766212133e-04
-1.131629684146002996e-04
-1.146684350907317337e-04
-1.159151304319685203e-04
-1.168771632553218445e-04
-1.180878029776828090e-04
-1.210377880227260251e-04
-1.220177494426628975e-04
-1.274615504044880100e-04
-1.282501205743831875e-04
-1.299526483801069748e-04
-1.328192809634678540e-04
-1.345218877159035477e-04
-1.357965794943126014e-04
-1.372924612311760136e-04
-1.380504523950437028e-04
-1.390670317035966319e-04
-1.418542384846661116e-04
-1.441448119102974783e-04
-1.459258330876559177e-04
-1.496579327282127883e-04
-1.504491845176195901e-04
-1.539255236938616466e-04
-1.551756829011496821e-04
-1.587529848921380199e-04
-1.612637222360672345e-04
-1.646756195067353580e-04
-1.679599026627113102e-04
-1.688829715363903729e-04
-1.704615531004962910e-04
-1.725503359317152180e-04
-1.784730525572019008e-04
-1.819346068978070169e-04
-1.861133826440120823e-04
-1.875836605430822096e-04
-1.908597548506648950e-04
-1.940480502895543366e-04
-1.965441852554552300e-04
-1.986229894840792231e-04
-2.070249022028881512e-04
-2.095326146891079489e-04
-2.145398232829788456e-04
-2.159006309392697866e-04
-2.183626252040249112e-04
-2.213060309604057598e-04
-2.241967645992545355e-04
-2.292174061572262980e-04
-2.298310063148690130e-04
-2.343521151427064946e-04
-2.379858097852393176e-04
-2.495278657438202048e-04
-2.528738070320807330e-04
-2.594087327703256261e-04
-2.632054209663368472e-04
-2.644123551760110000e-04
-2.660780363478481756e-04
-2.716566223441730515e-04
-2.784066286319535977e-04
-2.847280794330041081e-04
-2.903619295909785685e-04
-2.952712357320052042e-04
-3.041761366376308120e-04
-3.061233346031396255e-04
-3.125317657682693856e-04
-3.214075919446937363e-04
-3.265228564247181866e-04
-3.338024921842455217e-04
-3.410451010683498139e-04
-3.503661051338424542e-04
-3.552114227090594580e-04
-3.577613757381419945e-04
-3.642194791615826349e-04
-3.661672652421565596e-04
-3.794945143044675261e-04
-3.941625402514817734e-04
-4.104484144389606865e-04
-4.120615791573854314e-04
-4.175944253819996173e-04
-4.342920258600183048e-04
-4.440436562251870141e-04
-4.596918904506459716e-04
-4.720451431554734622e-04
-4.741694362297669695e-04
-5.071297567232317541e-04
-5.102738355207647692e-04
-5.224075816718931750e-04
-5.474370576739799685e-04
-5.639006084218885998e-04
-5.728306699573738415e-04
-5.837442047300109120e-04
-5.991938234764215268e-04
-6.329536401321314478e-04
-6.393096322915727383e-04
-6.621905036803417931e-04
-6.819380940566511281e-04
-7.039052228169366716e-04
-7.563362925662043667e-04
-7.600150378363571555e-04
-7.967778160625147961e-04
-8.536613864140170198e-04
-9.053662406152366161e-04
-9.220151218763904775e-04
-9.461529715005039757e-04
-1.029641212407365111e-03
-1.096335564788612944e-03
