-7.875456252773784301e-16
-3.860930727184677971e-16
-2.932584482850998531e-16
-2.643574751874291912e-16
-1.889670065995905028e-16
-1.875212786042325116e-16
-1.777149097247329144e-16
-1.596814983198432348e-16
-1.511409527791362153e-16
-1.293718991294611002e-16
-1.233204291824883783e-16
-1.189221182987716666e-16
-1.114177596530370860e-16
-1.085431938541090689e-16
-1.044579415517290916e-16
-9.958878284485503572e-17
-9.399767127398330590e-17
-9.194795052700172708e-17
-8.782499339314144258e-17
-8.674225272619442027e-17
-8.525010528877231933e-17
-8.244123198399120642e-17
-7.921502281441362096e-17
-7.731291743067486449e-17
-7.607727263407020799e-17
-7.438701365197240383e-17
-7.300275240217186809e-17
-7.202435258003988845e-17
-7.006771034987015618e-17
-6.993021072115370936e-17
-6.883055972405958515e-17
-6.600050491689601359e-17
-6.444859428137364775e-17
-6.400913875076153285e-17
-6.364701651038086334e-17
-6.277300185391263549e-17
-6.105892689070280252e-17
-6.052275450072866823e-17
-5.907691846178745272e-17
-5.827418209640748961e-17
-5.724559968784993065e-17
-5.613473634407140134e-17
-5.517732573927716244e-17
-5.442213094451674218e-17
-5.346428951058453308e-17
-5.273000033583753369e-17
-5.237628024080077554e-17
-5.150626037755121375e-17
-5.080183205392207578e-17
-5.060444443503976578e-17
-4.970058815514544224e-17
-4.776594698745739777e-17
-4.753071843199689307e-17
-4.703566567112450612e-17
-4.662530076448423530e-17
-4.571596895342001047e-17
-4.526661009838048945e-17
-4.477803247024247223e-17
-4.426226398612258204e-17
-4.373050751249922860e-17
-4.306155333924108303e-17
-4.284502347273638138e-17
-4.204967077346114911e-17
-4.147428986609322481e-17
-4.141087756129121972e-17
-4.082307240632623571e-17
-3.988722379663469594e-17
-3.907345354710234973e-17
-3.885762745443691025e-17
-3.845213602896042722e-17
-3.792024499996374385e-17
-3.768081697458813400e-17
-3.725710123741905377e-17
-3.668428936798543357e-17
-3.637570688995545465e-17
-3.584094596030576799e-17
-3.537269709927342993e-17
-3.498154960649809379e-17
-3.479825322244023451e-17
-3.447856042953835158e-17
-3.417543214937316719e-17
-3.378994874129071028e-17
-3.331840037049004931e-17
-3.305126381959000214e-17
-3.280938770828308927e-17
-3.231763630925355601e-17
-3.193576708441680809e-17
-3.124334524278507571e-17
-3.095851438137427141e-17
-3.058530821571332356e-17
-3.054209321732181375e-17
-3.013788782575962973e-17
-2.993518934325402734e-17
-2.961392470950395396e-17
-2.943507485110073202e-17
-2.918473149890939138e-17
-2.869144359091322187e-17
-2.851588599249511175e-17
-2.823962368605752107e-17
-2.788445564545343927e-17
-2.746280545038823373e-17
-2.718278713256126051e-17
-2.689915559906572129e-17
-2.648529792044984862e-17
-2.613512286312399710e-17
-2.601514784338872409e-17
-2.588062220492109009e-17
-2.561597666456515148e-17
-2.553953643691196176e-17
-2.539382061038410588e-17
-2.525896763498880638e-17
-2.474554371257106724e-17
-2.453605174952098889e-17
-2.410899519032788616e-17
-2.381675660517236716e-17
-2.369230391099487272e-17
-2.353570580341977941e-17
-2.332187295082654498e-17
-2.312510942859719916e-17
-2.278416929831107988e-17
-2.247991914521582197e-17
-2.246770333454823347e-17
-2.232875365094972188e-17
-2.223312208760029568e-17
-2.182443261352010981e-17
-2.172338121476660908e-17
-2.137182540394897839e-17
-2.131847745767859278e-17
-2.118215984306204468e-17
-2.087363433610691672e-17
-2.075450670057080554e-17
-2.044523415953634366e-17
-2.027448089882520493e-17
-2.011869082275959197e-17
-1.979772636977991464e-17
-1.953810063453097349e-17
-1.948487970051154652e-17
-1.929273800247500693e-17
-1.905714362942387549e-17
-1.889440845140242410e-17
-1.882869773268023349e-17
-1.875208338891382310e-17
-1.841585650794730642e-17
-1.820531173934507277e-17
-1.797808436763850835e-17
-1.779079777065224452e-17
-1.769776534489899655e-17
-1.749546723962048719e-17
-1.737485484549867383e-17
-1.728041931591110007e-17
-1.705591476939456792e-17
-1.684190488948846228e-17
-1.670043492991059680e-17
-1.651233136336287592e-17
-1.631561427284254684e-17
-1.618233419821091604e-17
-1.601465117686585286e-17
-1.587431406420302062e-17
-1.571321193780072813e-17
-1.549094363763757040e-17
-1.543225436063023575e-17
-1.524583507384634405e-17
-1.514032128244747787e-17
-1.510940944518967455e-17
-1.479214215288556787e-17
-1.465482995326110456e-17
-1.459623855541038489e-17
-1.446424576598375565e-17
-1.418579580689382003e-17
-1.403598188989923601e-17
-1.392531772839890183e-17
-1.388060574499692224e-17
-1.369499655330281762e-17
-1.345115210895484131e-17
-1.330473096802652925e-17
-1.315887267529067448e-17
-1.297060323955829473e-17
-1.294487283907932915e-17
-1.288710692063657874e-17
-1.274022312944732034e-17
-1.260079906351546754e-17
-1.246214372949892635e-17
-1.244265235795067050e-17
-1.230659830886398276e-17
-1.212520291971978665e-17
-1.209460769695997487e-17
-1.192663566018447586e-17
-1.162047119499509844e-17
-1.159095898001312985e-17
-1.121522999194622881e-17
-1.111477774083339782e-17
-1.107426679715384335e-17
-1.094189325694834784e-17
-1.084931972429455806e-17
-1.082855435394096066e-17
-1.074112721961978939e-17
-1.064039593944689021e-17
-1.048513865067964074e-17
-1.041534775764248575e-17
-1.029917607680933949e-17
-1.015452855020595388e-17
-1.004517561021255202e-17
-9.924954337349431304e-18
-9.762190137327060933e-18
-9.681549486255410061e-18
-9.539489732041022938e-18
-9.475660330120315139e-18
-9.349198718678426961e-18
-9.265213548103099580e-18
-9.213343356240818660e-18
-9.111430145319441484e-18
-8.860156331361795108e-18
-8.858384880577142653e-18
-8.725605486123326948e-18
-8.590385880727197877e-18
-8.443600884420455639e-18
-8.350323062487379938e-18
-8.286813941294783911e-18
-8.181497953969271464e-18
-8.080580276468112990e-18
-8.037992749022502711e-18
-7.923756123892613596e-18
-7.777314169702505385e-18
-7.647965053959970057e-18
-7.573822028884079402e-18
-7.498032382071892147e-18
-7.331078644556346473e-18
-7.183519599141299954e-18
-7.121481351614772989e-18
-7.045631014140885601e-18
-7.022148114052773440e-18
-6.828287558221599501e-18
-6.749371338985103485e-18
-6.642232670719469571e-18
-6.601802123073367972e-18
-6.510300352157393444e-18
-6.379900771635069098e-18
-6.308017344143324797e-18
-6.217356902217755623e-18
-6.116909377864441021e-18
-6.037663495411937164e-18
-5.956800168236433043e-18
-5.867387535618874093e-18
-5.808894750084330135e-18
-5.712087933783362576e-18
-5.623085712449372132e-18
-5.470582921017267674e-18
-5.452090012202601924e-18
-5.394511552621022767e-18
-5.303705934173951564e-18
-5.261549686598369345e-18
-5.213432000253778350e-18
-5.030045203995749823e-18
-4.987164723439352034e-18
-4.905100569022048141e-18
-4.854380621528883148e-18
-4.766192573350556400e-18
-4.667991761797432468e-18
-4.550620513478189583e-18
-4.505193608045490142e-18
-4.427293738051319444e-18
-4.282920635024494532e-18
-4.226311826642707659e-18
-4.098821532287490216e-18
-4.063851637579745612e-18
-3.961037466740874800e-18
-3.844321304862458377e-18
-3.778766450227747610e-18
-3.709829881624418571e-18
-3.623834434664783418e-18
-3.529405998754179120e-18
-3.467860604796312734e-18
-3.355999405409742233e-18
-3.305062876969099339e-18
-3.217656627491523971e-18
-3.151555759166760435e-18
-3.068378910055469749e-18
-3.037659162332268552e-18
-2.954070044616543711e-18
-2.832568314114217043e-18
-2.797290965205703096e-18
-2.645687892422664910e-18
-2.620483433888093973e-18
-2.532307257705067470e-18
-2.435570124515168044e-18
-2.332549031431640524e-18
-2.301763885696607657e-18
-2.270672080981847405e-18
-2.217774687781664741e-18
-2.149330630597172338e-18
-2.062702355320305877e-18
-1.988134864796057187e-18
-1.978028583940572849e-18
-1.923060354307306093e-18
-1.840773001458658846e-18
-1.784861451359651591e-18
-1.759807965105206255e-18
-1.686753665262464186e-18
-1.587692496275445464e-18
-1.579834458627107426e-18
-1.508836680572208812e-18
-1.452868938970500510e-18
-1.287941088930153292e-18
-1.258533835191669685e-18
-1.235637235080518786e-18
-1.152734617012809031e-18
-1.146596608884547805e-18
-1.060184432780410583e-18
-1.049019236393779111e-18
-9.479521934159206304e-19
-8.925107653095095018e-19
-8.267233245478145050e-19
-7.139177041146001609e-19
-6.774453852850804185e-19
-6.122641475448713102e-19
-6.027733443786697994e-19
-5.167393863289575612e-19
-4.758814044084925040e-19
-4.314670922202678937e-19
-3.850573439079375715e-19
-3.388944770448117877e-19
-2.954501888135282685e-19
-2.383577603356304352e-19
-8.560665094555940409e-20
-7.033028800568175860e-20
1.018188537901757068e-20
2.830551191448934418e-20
4.833539255583922844e-20
9.510921976221065653e-20
2.200700467972631581e-19
2.414217738843742195e-19
3.349081946674106830e-19
3.785907005126541213e-19
3.982839279967742652e-19
4.285150875083364777e-19
4.400530154987451970e-19
5.265068466296266976e-19
6.184961336919271305e-19
6.621100274452064590e-19
6.896056698673361628e-19
7.680178065442090249e-19
8.462951317762585025e-19
8.561564267531058966e-19
9.292202061105502302e-19
1.051400971910601170e-18
1.087004370768655506e-18
1.172214948844504618e-18
1.196141414009025353e-18
1.267435786374716429e-18
1.347403989686607036e-18
1.404506392099963052e-18
1.511658692899737931e-18
1.529582388827633761e-18
1.578456021552098266e-18
1.675546032930419883e-18
1.716441144151148003e-18
1.827493644687152036e-18
1.833893832306090175e-18
1.999096142613761964e-18
2.036939803542711139e-18
2.124483837444666641e-18
2.241259953023023834e-18
2.341465865133209871e-18
2.353145712302645978e-18
2.450613525252558697e-18
2.551186552009730825e-18
2.560559917949622327e-18
2.588430685180877953e-18
2.726573425301079579e-18
2.795022097170949343e-18
2.881666672564743610e-18
2.931782004099908492e-18
2.975386982109228400e-18
3.079756873422690759e-18
3.152047717863692645e-18
3.186011827550783471e-18
3.345181022555719746e-18
3.416095424279379634e-18
3.469996864340080805e-18
3.616225820423355024e-18
3.644162073042527385e-18
3.674654924567518443e-18
3.801170059203411060e-18
3.817998548678915479e-18
3.891676535868642329e-18
4.064970404114508647e-18
4.114654129686331060e-18
4.183325248939819781e-18
4.310980173918765701e-18
4.394133205822089797e-18
4.411061924800638240e-18
4.530067423520928969e-18
4.587610957399466722e-18
4.668852224970153437e-18
4.705083817386069643e-18
4.816739123789688151e-18
4.931994552654258323e-18
4.964904062539286373e-18
5.107774690309673541e-18
5.217073654433297594e-18
5.327247955451489444e-18
5.430596080048832828e-18
5.492387262934614657e-18
5.539729906941960789e-18
5.575743114306959861e-18
5.697387511846919086e-18
5.720388254561491083e-18
5.860152637878098853e-18
5.979312238518412272e-18
6.048249695221600321e-18
6.149026785269181269e-18
6.293566943454961934e-18
6.307214351162334776e-18
6.334632724953700134e-18
6.497679086005375254e-18
6.587175621034735623e-18
6.612713742572684389e-18
6.744164807155077790e-18
6.848925544127098404e-18
6.923205625379258767e-18
6.984430733801611440e-18
7.125448046247280555e-18
7.230644131284902691e-18
7.357591462678815273e-18
7.414565078374607399e-18
7.499887627155469716e-18
7.663056327380577853e-18
7.689662627704692761e-18
7.756482879328831059e-18
7.894296880477777937e-18
8.058127302141224932e-18
8.091905814241215174e-18
8.144806302585771871e-18
8.314903612407353582e-18
8.500648724160497181e-18
8.620159427730699402e-18
8.655548029411784794e-18
8.823675360738420752e-18
8.879807058343071695e-18
8.938106073528514329e-18
9.108608207557709073e-18
9.206004911251746890e-18
9.262478962732029976e-18
9.305386661320692562e-18
9.399932212858928288e-18
9.547471835394299846e-18
9.602260564185168504e-18
9.795195019553835201e-18
9.838735038079723883e-18
9.926478413294995217e-18
1.010904889170220270e-17
1.030244158284281241e-17
1.036322197318532872e-17
1.039461491438551042e-17
1.063459738877799646e-17
1.079681554331438512e-17
1.100271577889102804e-17
1.109081491794277332e-17
1.113932700716766687e-17
1.123678792194167250e-17
1.129811980481674944e-17
1.145312827972913381e-17
1.150486222707919329e-17
1.172010248864841259e-17
1.179909768166278535e-17
1.188384177704448829e-17
1.204009108692230991e-17
1.221478924646930679e-17
1.236224407313964604e-17
1.249086314356700699e-17
1.259230308927962462e-17
1.279731220943754982e-17
1.304974466329217651e-17
1.312124396405633944e-17
1.324254029472536980e-17
1.331985557587260070e-17
1.347806242254797671e-17
1.361145717660034773e-17
1.381780167369834961e-17
1.392547041184862579e-17
1.403880137443390475e-17
1.422393664847959540e-17
1.433793638858283851e-17
1.443026726993404089e-17
1.449972488519042424e-17
1.470066459077799947e-17
1.489606504575851369e-17
1.500898348648848786e-17
1.513073157335471336e-17
1.528648455280158978e-17
1.540281225832110049e-17
1.553245369982894738e-17
1.591597936339323812e-17
1.596334039085596144e-17
1.615110476841394320e-17
1.618324851247083446e-17
1.632180888176180424e-17
1.646099043345689684e-17
1.673181197934453013e-17
1.683421921707691129e-17
1.698515387950042328e-17
1.721566490308789251e-17
1.740266866186711623e-17
1.743821214176535558e-17
1.772015740795882866e-17
1.794235171653307011e-17
1.803791623817238533e-17
1.822857077703311406e-17
1.838677961632689112e-17
1.879369862527667418e-17
1.891723920006016147e-17
1.915743248610287448e-17
1.953588276368886884e-17
1.953707729841202066e-17
1.968268593715907985e-17
1.977321889522719277e-17
1.980878142763336826e-17
2.009427799209648366e-17
2.027037183997732302e-17
2.032245194510737414e-17
2.061205873197055281e-17
2.082429152705421404e-17
2.101644697069602554e-17
2.133821869335236593e-17
2.155322913894718336e-17
2.165571285554467781e-17
2.181260428104719905e-17
2.193326972011941336e-17
2.231937120637696629e-17
2.253534706942795407e-17
2.281129194218252820e-17
2.289157187145585252e-17
2.320511327815950547e-17
2.341107978718578646e-17
2.352906762804208306e-17
2.360548306655302093e-17
2.380594497689430894e-17
2.406766375078442414e-17
2.436779648301620993e-17
2.475022522995018474e-17
2.499279623144912761e-17
2.513289139239099709e-17
2.536184192966161301e-17
2.556638119866563164e-17
2.595431558643346639e-17
2.612010471928043185e-17
2.632114828884213744e-17
2.677623279690886174e-17
2.703730390665535997e-17
2.746673008112024281e-17
2.761685492454060279e-17
2.786666971635573598e-17
2.833296660630097638e-17
2.839800867750112302e-17
2.898876330069645499e-17
2.927371455594234067e-17
2.943483018383758512e-17
2.967718871490042597e-17
3.000414469812464379e-17
3.043718093883935992e-17
3.072021729243735375e-17
3.080227296796706175e-17
3.088892993025052399e-17
3.147953975358014024e-17
3.210453764380516748e-17
3.233080735178156776e-17
3.246062064937264711e-17
3.291999310361567739e-17
3.359160699452578959e-17
3.389218375437144386e-17
3.419432779159015502e-17
3.451562002252895318e-17
3.492824952304698892e-17
3.555022396308879264e-17
3.567136620811200002e-17
3.588492825931139951e-17
3.635627853072581194e-17
3.661034229369532582e-17
3.677121479337693030e-17
3.724551851279024765e-17
3.761896658844754236e-17
3.818697850070334419e-17
3.856255100269823947e-17
3.918099276058220063e-17
3.949576003022574799e-17
3.990560849964219092e-17
4.027179809212849473e-17
4.163159589155790605e-17
4.167229624456140228e-17
4.217385343772704954e-17
4.265222050528814623e-17
4.346520330866800228e-17
4.438142476823634105e-17
4.502871301062549074e-17
4.601664381056421091e-17
4.629827538143352342e-17
4.693680485038598461e-17
4.740078314873746372e-17
4.816203710446161626e-17
4.903160035864919522e-17
4.951098715865020138e-17
5.003177209794270857e-17
5.015340022723286595e-17
5.037894930070589620e-17
5.188323307374916920e-17
5.239811889672616063e-17
5.343906838482017736e-17
5.422350171306774332e-17
5.475514796135678305e-17
5.579636383724358216e-17
5.613922787091468372e-17
5.685236526659912485e-17
5.889287762147249361e-17
5.943869128817708321e-17
5.972323765974852019e-17
6.064591757695067436e-17
6.265611259687288471e-17
6.363425713258048567e-17
6.473182849815278833e-17
6.573721324236940579e-17
6.800785361623076000e-17
6.926409962093915044e-17
6.963182279142806001e-17
7.057454307171165838e-17
7.456968828085243012e-17
7.584855640214035860e-17
7.992128618849622793e-17
8.085953974750833403e-17
8.216293236885310954e-17
8.622535310655185557e-17
8.823625074853409147e-17
8.926553293218283066e-17
9.224789145051863577e-17
9.243643509711725050e-17
9.345027375455521070e-17
1.024152257653681148e-16
1.039921386392156153e-16
1.122827391750710400e-16
1.162436821902498401e-16
1.218959759670052009e-16
1.255229768234004582e-16
1.334407343926196726e-16
1.442472007436203864e-16
1.528872755073179302e-16
1.596557841282656670e-16
1.770334399559145440e-16
1.872311663092443408e-16
2.162615527652880841e-16
3.369636215166724031e-16
3.712696661764986514e-16
5.542568866435932997e-16
1.031129536277572900e-03
2.008935805508225547e-03
4.245735634683312464e-03
4.688799646508678629e-03
5.566724037614633087e-03
5.984635745095042390e-03
6.422379775246559418e-03
7.716622519408594498e-03
8.427969129267340320e-03
1.275774436542602419e-02
1.445749567696288929e-02
1.488965161920374064e-02
2.152431067518566568e-02
3.080910814278941048e-02
4.305438506767426260e-02
4.954400622324772741e-02
5.713186500827959619e-02
7.876651558123318186e-02
8.741124272326139533e-02
1.265935341950234494e-01
1.578125775858657820e-01
4.203372832281020433e-01
1.613490816200465972e+00
3.167249099109981980e+00
6.803797213400130772e+00
