9.910761241854458906e-03
8.832661161562688906e-03
6.294775347082575204e-03
3.131726261292168498e-03
2.436206231678537254e-03
1.831073488647074312e-03
1.398957903461987232e-03
9.502427717950941025e-04
9.169770797827612617e-04
8.576158560628704876e-04
8.176928265384618769e-04
6.796991640521158305e-04
5.846106938343854009e-04
5.495458570500489021e-04
5.366926702321844940e-04
4.657828547390673729e-04
4.341491577735678582e-04
4.121909820265578324e-04
4.076718145833928926e-04
3.704404092008207810e-04
3.132963633284292088e-04
2.914267402585078780e-04
2.405176637680933745e-04
1.873020616114596712e-04
7.351458237309855853e-05
7.570196354385191016e-18
3.967835180745079834e-18
3.477576237353854345e-18
3.151565986286837115e-18
3.013892217656126774e-18
2.809680277722105803e-18
2.742461941995165405e-18
2.695151356557467191e-18
2.578291543444416916e-18
2.498151193363324783e-18
2.478064276326465916e-18
2.373568559202261998e-18
2.364543456629061410e-18
2.324698541595533518e-18
2.255456801680621356e-18
2.213689866027782400e-18
2.150727243013745584e-18
2.123302598693898311e-18
2.053219332051753728e-18
2.011049277563694969e-18
1.995939796808184393e-18
1.953332771555752921e-18
1.952064518506319571e-18
1.918506288508330090e-18
1.859153579665958171e-18
1.840143490808420650e-18
1.808063667103279786e-18
1.792894954758456579e-18
1.765305731441966742e-18
1.741956751823299815e-18
1.719266579003327997e-18
1.692154583899649402e-18
1.635786402116053326e-18
1.628354111423257386e-18
1.616553559171259444e-18
1.577910882774783881e-18
1.570363646119789735e-18
1.550233855308999381e-18
1.533549057627804954e-18
1.513694130445197969e-18
1.505565701257453386e-18
1.471648303840355044e-18
1.456923222206464261e-18
1.431395891475784517e-18
1.414735800037911701e-18
1.394039287653000998e-18
1.383221336201875924e-18
1.378062482963313480e-18
1.365536705527266146e-18
1.354073823622849938e-18
1.331051610640120843e-18
1.323639802052557039e-18
1.286475708477505784e-18
1.277213631544179492e-18
1.256470311751577815e-18
1.247832320577610125e-18
1.243696666400978852e-18
1.241843413580968415e-18
1.213542862449842375e-18
1.203956461395425057e-18
1.188642897173426392e-18
1.177766269199796985e-18
1.159236505953759605e-18
1.146185242592893456e-18
1.137302786181188535e-18
1.122636566726241858e-18
1.112825207546710407e-18
1.098962440668597366e-18
1.091668828355824787e-18
1.080694950446187197e-18
1.075842989700617854e-18
1.070487501857953613e-18
1.054863873645187229e-18
1.050565495532466635e-18
1.037465818360509775e-18
1.029510296081846145e-18
1.025217111044554719e-18
1.009377816708014551e-18
9.997299694584280241e-19
9.967540898578692886e-19
9.909719204214116676e-19
9.717933780228399361e-19
9.598989682086034364e-19
9.529365511267819357e-19
9.470104351439974341e-19
9.315527145032752037e-19
9.149420878310969432e-19
9.121610935818204032e-19
9.077068752586089685e-19
8.910030545908137961e-19
8.890205571845276501e-19
8.856258487923164557e-19
8.755388662954387313e-19
8.637212830303873574e-19
8.523519226581384231e-19
8.460741948142942918e-19
8.409492483252917485e-19
8.357828275363249180e-19
8.203404352821164853e-19
8.092688016686640851e-19
8.069122241979549484e-19
7.999749342572972940e-19
7.919108933612450390e-19
7.865934165420636103e-19
7.724019635435505544e-19
7.693528007441057535e-19
7.619344622727893919e-19
7.535892817174576369e-19
7.487335124498067809e-19
7.361140396439504526e-19
7.321654282520151509e-19
7.250977544406328872e-19
7.130630022170753176e-19
7.100235653545075639e-19
7.006962653404033815e-19
6.992049490296677246e-19
6.915986778245609160e-19
6.895718371392775304e-19
6.788206067426756679e-19
6.745041133975951620e-19
6.694404823848004521e-19
6.657619572766010967e-19
6.618347242475335766e-19
6.469918292896116407e-19
6.413864629386318880e-19
6.343802778907823187e-19
6.275577633817570855e-19
6.244676171366415670e-19
6.182475142630069454e-19
6.110437972588024348e-19
6.069085872949662578e-19
5.968154855814810943e-19
5.944448444970126694e-19
5.850789364891406638e-19
5.819040002053558748e-19
5.766551987938274903e-19
5.735903035051178998e-19
5.711948801948245997e-19
5.690653495342023506e-19
5.643971562016729760e-19
5.564259058168909017e-19
5.513961274018816158e-19
5.498343177289026481e-19
5.411674530391960487e-19
5.331884775072402209e-19
5.219615122861873669e-19
5.203371229131160610e-19
5.144857491077679455e-19
5.073335673199236389e-19
5.053449719400688294e-19
4.984388242902040648e-19
4.925944339200420361e-19
4.850542272494050066e-19
4.825729803789008701e-19
4.818085568075895001e-19
4.801243446442535307e-19
4.714096023009186776e-19
4.638789988793720845e-19
4.610374021292417521e-19
4.592611148279927502e-19
4.501126805713984473e-19
4.494310080425591067e-19
4.455341765878490942e-19
4.391409649164616926e-19
4.377686876773662718e-19
4.328629861400171634e-19
4.292412873011328506e-19
4.258781098982794563e-19
4.207789922593386261e-19
4.195835394811503920e-19
4.129726783254005643e-19
4.027596550010133317e-19
4.017370109822247276e-19
3.984183867618086002e-19
3.932057997489217179e-19
3.908425672635439379e-19
3.885837843140502708e-19
3.852485602491310169e-19
3.800743437853572913e-19
3.739649034337295758e-19
3.706637568355865916e-19
3.688460231028751315e-19
3.617803755584463753e-19
3.586002665319548877e-19
3.559951097542611324e-19
3.508449252373862328e-19
3.486875646721901579e-19
3.455098536862046331e-19
3.378490244911922864e-19
3.339365391068658661e-19
3.327037573691598121e-19
3.300805772849876966e-19
3.226825761644500995e-19
3.197532398471065776e-19
3.152674728472898198e-19
3.106620164079984640e-19
3.081000255938931707e-19
3.066871903719079918e-19
3.025821139961510124e-19
3.003992110661879846e-19
2.977931415198002148e-19
2.938666252867064038e-19
2.926038349385505001e-19
2.903088504739240308e-19
2.810847332383577997e-19
2.751703355145511601e-19
2.748548342050434515e-19
2.732553320402901449e-19
2.683728157911727980e-19
2.671809194081069647e-19
2.645941713036583427e-19
2.623533789834506251e-19
2.576937026336694169e-19
2.525605770055850157e-19
2.496141890902046408e-19
2.489619964697097440e-19
2.424916241065656304e-19
2.375373991434549804e-19
2.366337695846368675e-19
2.358536757282590713e-19
2.312578477461373634e-19
2.294810033282038165e-19
2.253918501025295598e-19
2.215217330568612313e-19
2.184297367122399017e-19
2.166522253308979920e-19
2.154262981871324544e-19
2.107209404138893216e-19
2.094879897899243987e-19
2.039750771263810256e-19
2.014746980808459902e-19
1.972616428583919957e-19
1.952194207189678291e-19
1.928811720385782294e-19
1.895369893951211527e-19
1.860085663647340047e-19
1.849475968029652457e-19
1.820352753175133713e-19
1.795691800495094239e-19
1.757257029195690228e-19
1.731099930632667022e-19
1.688921969045933326e-19
1.665057276213907754e-19
1.658376335409398364e-19
1.612414623772036766e-19
1.586137898262917151e-19
1.538973439993618521e-19
1.524844293628603263e-19
1.499379866233145702e-19
1.479453035091711554e-19
1.455238102408883823e-19
1.426066248079854898e-19
1.388101988165424334e-19
1.371460422893012982e-19
1.351102632885116761e-19
1.323812941848053425e-19
1.299997113332363205e-19
1.295306901105208406e-19
1.271002952218872104e-19
1.234327258987985174e-19
1.202900170042777050e-19
1.171066583834981635e-19
1.145685982997748168e-19
1.138877969539525478e-19
1.123184450998137138e-19
1.082704338089736381e-19
1.057027445192524447e-19
1.012134691105711700e-19
9.741701610125985179e-20
9.680035617572481833e-20
9.523262926129750500e-20
9.507237134400510024e-20
9.190914448909612502e-20
9.182637161027249608e-20
8.675865522727778119e-20
8.513871302097954441e-20
8.470262833742810130e-20
8.291323513651305972e-20
7.869651299673090756e-20
7.784018350905246802e-20
7.595698957104754119e-20
7.380965046629534595e-20
6.983054390727751237e-20
6.766109020067776132e-20
6.497086380615031940e-20
6.149212517088410472e-20
6.021018938530649487e-20
5.707646569953714532e-20
5.572150989139503221e-20
5.543045770215673640e-20
5.360213121461899724e-20
5.266251647731145695e-20
4.969325537406246329e-20
4.889635720139297330e-20
4.722387496643072053e-20
4.520921917479035812e-20
4.389252990651016839e-20
4.076310446936933214e-20
3.982701424663284823e-20
3.831645674424340792e-20
3.775832742259609231e-20
3.365363999704319482e-20
3.193428906592644975e-20
2.998830585350476517e-20
2.859156550545163804e-20
2.775504882421079435e-20
2.595338027230851083e-20
2.464276703689259945e-20
2.388771347341929142e-20
2.183809194034761433e-20
2.054375954185055292e-20
1.872333859414235279e-20
1.843382167907637001e-20
1.615268031186753694e-20
1.497720522836252624e-20
1.312885033302617658e-20
1.257975643114769299e-20
1.222895875493615237e-20
1.071453190048964462e-20
9.508442807118035694e-21
8.292161685431132281e-21
6.298743706922125941e-21
5.696519624672599772e-21
4.745137807008304859e-21
1.759711995417467959e-21
1.298499660046111582e-21
8.711109706828160974e-22
-2.053790348206176515e-21
-3.845739755006267246e-21
-4.057387027741337572e-21
-5.359111878058150605e-21
-7.695150542236921661e-21
-8.467077047490051418e-21
-9.828141083744460304e-21
-1.059267641755314531e-20
-1.088146925654479017e-20
-1.271367133821385967e-20
-1.428036477860819281e-20
-1.510122545580614290e-20
-1.587767658057330009e-20
-1.726550745847211948e-20
-1.857861456887198537e-20
-2.227309735799323753e-20
-2.394619817100152255e-20
-2.456699288712581872e-20
-2.895365187682205795e-20
-2.941400415744569181e-20
-3.062166252298195618e-20
-3.091443523004657834e-20
-3.336190345956988396e-20
-3.352952955056891654e-20
-3.496012170619662999e-20
-3.663288158353982740e-20
-3.778059588120190517e-20
-4.004257884315308321e-20
-4.197967791148273285e-20
-4.426932751494358810e-20
-4.637041403290115778e-20
-4.718350218707400621e-20
-4.808230336476924779e-20
-5.320100197593061459e-20
-5.457004724116187437e-20
-5.647671902615326935e-20
-5.780371795472510513e-20
-5.943394044587134411e-20
-6.181763002056148010e-20
-6.291406983723385991e-20
-6.586238295523108223e-20
-6.755832854418291994e-20
-6.961452405396274180e-20
-7.090309835755104500e-20
-7.174104531828081667e-20
-7.382006461361540279e-20
-7.776872263650877981e-20
-7.891745602932836523e-20
-8.138365583091638447e-20
-8.370254720254824463e-20
-8.507377135450854727e-20
-8.896723526054377216e-20
-9.270578324463725670e-20
-9.483985836679052624e-20
-9.639754538483053580e-20
-9.768572851351202029e-20
-9.926522441924978395e-20
-1.025718227524386892e-19
-1.048624291388174494e-19
-1.050835351538501484e-19
-1.087612580210540948e-19
-1.137821871969576951e-19
-1.162985401312731680e-19
-1.172884663477725483e-19
-1.219430244705266718e-19
-1.237300678918921157e-19
-1.258827517750166118e-19
-1.281210685958671669e-19
-1.286900733569154287e-19
-1.322736501574225183e-19
-1.338861049722378493e-19
-1.370467970994267613e-19
-1.403722010022485686e-19
-1.444849885827909719e-19
-1.470053736302403869e-19
-1.487403218419907207e-19
-1.530335440999674989e-19
-1.564615727408009369e-19
-1.580268649067080154e-19
-1.614197258920703539e-19
-1.639827771022559146e-19
-1.651167903020970202e-19
-1.679748425630030278e-19
-1.690787816225327368e-19
-1.720347171239262049e-19
-1.768046084106414088e-19
-1.822945308433861455e-19
-1.850506268922754382e-19
-1.874791821399709642e-19
-1.893173218383622782e-19
-1.902449314621767634e-19
-1.938506744239430683e-19
-1.958680529527148819e-19
-2.018015313620369595e-19
-2.034587304190387451e-19
-2.068151530073782170e-19
-2.096014151983666536e-19
-2.110948340669348437e-19
-2.159814664101661798e-19
-2.167155193960581525e-19
-2.233556030924428325e-19
-2.244358132204657695e-19
-2.263718541392439831e-19
-2.286888865817170146e-19
-2.336316407988371210e-19
-2.363749460871671040e-19
-2.391224225137946113e-19
-2.428732760827311333e-19
-2.451022323068074288e-19
-2.482143238672672925e-19
-2.521972774860521425e-19
-2.561650121389301494e-19
-2.569132233643399882e-19
-2.612057528516898882e-19
-2.641378960243473151e-19
-2.683675274838500734e-19
-2.704117811352715339e-19
-2.750099914087282735e-19
-2.783704158231615232e-19
-2.805277636971300845e-19
-2.822944874247836888e-19
-2.847499751779167912e-19
-2.907362258046990663e-19
-2.916635522394001040e-19
-2.945329574680395011e-19
-2.990561649054015818e-19
-3.026491255713742332e-19
-3.075382155029263382e-19
-3.097504910215477089e-19
-3.141730104654594739e-19
-3.183891703284326978e-19
-3.216515422982640679e-19
-3.238412556411635448e-19
-3.251086187333289175e-19
-3.270932459927590190e-19
-3.353363228180064545e-19
-3.415463772079338151e-19
-3.431041555624268042e-19
-3.469506360079717661e-19
-3.532199475609339694e-19
-3.547773611653680059e-19
-3.576594467994888470e-19
-3.604659334170149367e-19
-3.690505024094235532e-19
-3.702009256702024676e-19
-3.737183467036107690e-19
-3.768888147769605913e-19
-3.826579294081715555e-19
-3.841127363130088095e-19
-3.967511212453868693e-19
-3.995454965424884764e-19
-4.033135422330250507e-19
-4.054052710513429894e-19
-4.144646289487648580e-19
-4.151471913811124900e-19
-4.182944670625402178e-19
-4.250004918392803967e-19
-4.283400743703117242e-19
-4.353402956377388394e-19
-4.377273944657076261e-19
-4.412015860904604315e-19
-4.452681066201297720e-19
-4.486739194078846699e-19
-4.546330697833486957e-19
-4.591483560598900321e-19
-4.609282212170113276e-19
-4.654088799008927876e-19
-4.711661868598059471e-19
-4.721176020552546309e-19
-4.773051122136089236e-19
-4.836031755343605318e-19
-4.865676986080433870e-19
-4.945194941597566515e-19
-5.016719911608271259e-19
-5.030164830336531169e-19
-5.060364840148570926e-19
-5.071584143037517883e-19
-5.140447599922485326e-19
-5.194710069949670727e-19
-5.275736310287723626e-19
-5.287285725011494232e-19
-5.334331073428771465e-19
-5.395968614887563292e-19
-5.472665532032141617e-19
-5.510660808797007605e-19
-5.568268833579408180e-19
-5.660890611998880496e-19
-5.684176391921236030e-19
-5.733177705168469234e-19
-5.740135783718018842e-19
-5.836567752964753987e-19
-5.890268859517958916e-19
-6.001281599196508959e-19
-6.004341418528926359e-19
-6.075349173655435748e-19
-6.110037726197155157e-19
-6.130648031067825177e-19
-6.173960780919811807e-19
-6.218370159885443097e-19
-6.293845977156481233e-19
-6.402799109704956152e-19
-6.456653833872205799e-19
-6.470314349474530202e-19
-6.563854470562064169e-19
-6.601159625787781268e-19
-6.653673682537706222e-19
-6.705670719895490234e-19
-6.748062679552296438e-19
-6.899483017043545329e-19
-7.013540582942732764e-19
-7.093840204528075399e-19
-7.130909166814652445e-19
-7.195857017212299932e-19
-7.245771664314628469e-19
-7.299895878429046670e-19
-7.387991211332026113e-19
-7.489617755122818807e-19
-7.514882970867702642e-19
-7.610430252869593658e-19
-7.715232969969616912e-19
-7.832364311842189969e-19
-7.865601211914452553e-19
-7.928860834327048248e-19
-7.975600072692293805e-19
-8.120008938262890992e-19
-8.172001931303367629e-19
-8.196991940722335957e-19
-8.251753735474774374e-19
-8.287811968139171094e-19
-8.336025258212762106e-19
-8.511269519253031874e-19
-8.556937165924878941e-19
-8.674558114008913366e-19
-8.768938341630177167e-19
-8.856417227628540837e-19
-8.884843623644436116e-19
-8.926929024963588035e-19
-9.092892396680501953e-19
-9.244986836773579484e-19
-9.283517714112615985e-19
-9.442608552955664243e-19
-9.461231960188130628e-19
-9.600050601844090037e-19
-9.659606588381325465e-19
-9.778937900746897903e-19
-9.846362765932340911e-19
-9.946944303664468825e-19
-9.958566608836738710e-19
-1.009153042816738941e-18
-1.019145060696584707e-18
-1.039586724607353584e-18
-1.048499516731488562e-18
-1.066727408344637006e-18
-1.077714872019399918e-18
-1.093656068681788864e-18
-1.096087888734748246e-18
-1.111208479822301024e-18
-1.115360371257349719e-18
-1.132376684600710991e-18
-1.145686718564294016e-18
-1.150029203805432653e-18
-1.169995409677233468e-18
-1.175680395335285863e-18
-1.185521084329871258e-18
-1.193521862303457021e-18
-1.206520766887744337e-18
-1.233022665046910616e-18
-1.236429594353446402e-18
-1.247141010045368352e-18
-1.255363647345148161e-18
-1.273519552893109749e-18
-1.289768774740238865e-18
-1.302374001274835508e-18
-1.306892345148959483e-18
-1.318247460988900345e-18
-1.336169775133690457e-18
-1.353722140224423586e-18
-1.380184215125357986e-18
-1.389332486381948619e-18
-1.403638350567605091e-18
-1.424804649416682313e-18
-1.440088920582846740e-18
-1.464664841173691186e-18
-1.477572573675050527e-18
-1.506454606244214370e-18
-1.524095198186599480e-18
-1.530018729283217287e-18
-1.548438792648776198e-18
-1.561088965455787599e-18
-1.585260305693107000e-18
-1.630013628034909185e-18
-1.638699979305259510e-18
-1.656992615571891396e-18
-1.676468853066708679e-18
-1.698323047425194215e-18
-1.723733241205932960e-18
-1.750753591743687743e-18
-1.775100597608664916e-18
-1.815652565475635377e-18
-1.842459886998506731e-18
-1.863954287958247504e-18
-1.889837327013804337e-18
-1.902563716879663886e-18
-1.920513839652305207e-18
-1.958288733370595561e-18
-1.996882560565713332e-18
-2.056234917857994466e-18
-2.088746723706216981e-18
-2.115907259811006041e-18
-2.136491431757111094e-18
-2.182799164943430648e-18
-2.253649981020974923e-18
-2.283047618229697347e-18
-2.324097395292378428e-18
-2.412561518352116809e-18
-2.432891428478104641e-18
-2.447634726627416056e-18
-2.551455616740492430e-18
-2.657120811043736817e-18
-2.692712967609483839e-18
-2.945496460156417951e-18
-3.362122648591995030e-18
-3.708186681573491673e-18
-6.935894284565547871e-18
