-1.092152982764103199e-15
-8.794313410821231311e-16
-5.035081192614971296e-16
-4.174384822301312878e-16
-3.256884183191087530e-16
-2.845270023905745972e-16
-2.519350624405800474e-16
-2.343976457622919246e-16
-2.236561311671186012e-16
-1.959329870456767033e-16
-1.747536888256131127e-16
-1.703216711077562447e-16
-1.621046143771346761e-16
-1.605180613417807834e-16
-1.555625626191680791e-16
-1.517046100355181054e-16
-1.468034864107789269e-16
-1.385931731332885077e-16
-1.346929491273966404e-16
-1.325980981525181775e-16
-1.244221455067396593e-16
-1.219704293949005788e-16
-1.164160968694466304e-16
-1.135596943121471584e-16
-1.127984835895009296e-16
-1.121861319922034175e-16
-1.091985791009591399e-16
-1.082502636141182019e-16
-1.066551879331975504e-16
-1.050045182217553114e-16
-1.018492113450204776e-16
-9.995605794626872980e-17
-9.868538297855372942e-17
-9.683657361919157762e-17
-9.627011225106986442e-17
-9.375332072498058966e-17
-9.322411692276901604e-17
-9.214407484006821148e-17
-8.932956561984426975e-17
-8.760328496669685269e-17
-8.648683509113865752e-17
-8.545475704481177084e-17
-8.402995590415821675e-17
-8.339313818107673182e-17
-8.243825621114254383e-17
-7.938728328498169693e-17
-7.883228866913286837e-17
-7.810202814176480460e-17
-7.690859427261571085e-17
-7.624405921570142603e-17
-7.532810491181286158e-17
-7.451946367355795973e-17
-7.307237171640245010e-17
-7.152771498429548571e-17
-7.108967243985160894e-17
-7.031880927503047438e-17
-6.979702443830341392e-17
-6.892450490961381748e-17
-6.808819322009802566e-17
-6.702829632619322769e-17
-6.639696087939311864e-17
-6.603135858492609728e-17
-6.526249462511682431e-17
-6.450331509595667824e-17
-6.400046280278376800e-17
-6.315233366212935030e-17
-6.259937975057473923e-17
-6.235670733812404647e-17
-6.210235595198047443e-17
-6.097433315187020880e-17
-6.069391202126333335e-17
-5.979547912298160162e-17
-5.923261480845821260e-17
-5.901067138668939151e-17
-5.779329508353705093e-17
-5.735833352850419064e-17
-5.682684004901007220e-17
-5.614135901539392340e-17
-5.538679798699758745e-17
-5.520321738164718204e-17
-5.461340379902735884e-17
-5.437096554948814012e-17
-5.334894139743434373e-17
-5.284901136142956497e-17
-5.270044937801572046e-17
-5.237948148669560798e-17
-5.158011124535835763e-17
-5.128364938972603700e-17
-5.018462582162433433e-17
-4.971881246665059254e-17
-4.899521360755497353e-17
-4.859899339942597319e-17
-4.792285999027830670e-17
-4.742015139497221576e-17
-4.734300170230457780e-17
-4.697291897108907272e-17
-4.677389505981506511e-17
-4.610241588372948653e-17
-4.551828409238606828e-17
-4.509107061450216675e-17
-4.445558552768583414e-17
-4.408048170411574193e-17
-4.390976636011836976e-17
-4.340737876883153636e-17
-4.275210328301650159e-17
-4.259864230996746549e-17
-4.211811092965926075e-17
-4.180601457153723555e-17
-4.153326405184180301e-17
-4.116669406294466738e-17
-4.091873302694026418e-17
-4.051721985750158806e-17
-4.036958722915720883e-17
-3.980804485879553187e-17
-3.911108226355405364e-17
-3.883316385825491164e-17
-3.859703428207325655e-17
-3.791831075233430110e-17
-3.742715459239269167e-17
-3.707118735105212137e-17
-3.679893172236913628e-17
-3.645966788467338018e-17
-3.593834145014158088e-17
-3.560179265413747298e-17
-3.554950005075473464e-17
-3.526926893895788663e-17
-3.482283356248574078e-17
-3.427667738531570336e-17
-3.418372866376595555e-17
-3.391726591451562901e-17
-3.382022635500384800e-17
-3.338694124508439294e-17
-3.295123682862321586e-17
-3.274264531575454553e-17
-3.237864333724303230e-17
-3.186150506108104553e-17
-3.138052687872397977e-17
-3.118430759907121372e-17
-3.109338337161614104e-17
-3.075115985860501624e-17
-3.054259582073006657e-17
-3.014778003242786514e-17
-2.962115254799534215e-17
-2.934771832603387050e-17
-2.918930215828975831e-17
-2.911675690771267261e-17
-2.887561151705798351e-17
-2.861666614640674852e-17
-2.830100618168757561e-17
-2.769223454919582872e-17
-2.757080169337489091e-17
-2.723318364129677367e-17
-2.702510940153086926e-17
-2.656248484099947300e-17
-2.637350668074344373e-17
-2.612199217005827768e-17
-2.567191501868039891e-17
-2.556129064986795706e-17
-2.537842393538222573e-17
-2.512946293603439053e-17
-2.481699876593440787e-17
-2.452917769127675058e-17
-2.433963918086841415e-17
-2.429506835329695824e-17
-2.409541862432530132e-17
-2.371662813227469361e-17
-2.349429806362151266e-17
-2.327964250246421562e-17
-2.324929864053332999e-17
-2.296069917488984982e-17
-2.274514206407072067e-17
-2.207822258102316009e-17
-2.185731603429216864e-17
-2.164610875552608995e-17
-2.147985818354628952e-17
-2.126950264760785184e-17
-2.083572120956127055e-17
-2.051746813237771221e-17
-2.035784841590663540e-17
-2.024890497296408128e-17
-2.016263099146782179e-17
-1.982583098781664726e-17
-1.957168752053446032e-17
-1.944581377985828589e-17
-1.917593117212981165e-17
-1.897501129046762212e-17
-1.869281285030746584e-17
-1.849647528450032970e-17
-1.837940217479720300e-17
-1.799627629326883725e-17
-1.779275161912217632e-17
-1.743239660465206488e-17
-1.732329580537701043e-17
-1.713702988633251580e-17
-1.701033876895835698e-17
-1.671486555655877642e-17
-1.642819373630827255e-17
-1.634884135799722335e-17
-1.614480558208253352e-17
-1.586343288443974669e-17
-1.574087576354998321e-17
-1.569100240172184747e-17
-1.532045055087443611e-17
-1.516547104170678507e-17
-1.510535635914629404e-17
-1.481743548335256338e-17
-1.443882809372461882e-17
-1.424465405799623744e-17
-1.407143222091241095e-17
-1.395481836488156232e-17
-1.374370865076379593e-17
-1.358004471430332400e-17
-1.328923811950416112e-17
-1.315754212118947975e-17
-1.289353678820298843e-17
-1.283498360095113656e-17
-1.239512841514997810e-17
-1.229111385073710759e-17
-1.207365055048707427e-17
-1.196248601565824956e-17
-1.190162382172706404e-17
-1.159571862353754376e-17
-1.150424377262854037e-17
-1.133059421807750368e-17
-1.117603940496920666e-17
-1.099232525490515565e-17
-1.075777748941386652e-17
-1.058960308947830881e-17
-1.040400318942171924e-17
-1.033373413094054367e-17
-1.010338543534028700e-17
-9.962967042860628745e-18
-9.904687800806018420e-18
-9.726960223236244119e-18
-9.543625407231846191e-18
-9.190579241778392228e-18
-9.108192899276521064e-18
-8.852225574541684494e-18
-8.648051804271831748e-18
-8.586865910292266049e-18
-8.489115060553951618e-18
-8.206829141708484541e-18
-8.150263552437820548e-18
-7.984041393750989203e-18
-7.815096150050650024e-18
-7.677589092992748380e-18
-7.513672265797141848e-18
-7.341197201318362085e-18
-7.213617166976523097e-18
-7.137824553925859957e-18
-6.878046269824793370e-18
-6.790004228353041932e-18
-6.743366498260719685e-18
-6.591559975177798205e-18
-6.298592762022998834e-18
-5.960039894654827148e-18
-5.876151663272650221e-18
-5.773786001940733360e-18
-5.727323632752152840e-18
-5.613742428658677329e-18
-5.368480388590315143e-18
-5.121575864209572843e-18
-5.099348190807057222e-18
-4.844727829662166381e-18
-4.728392530112200499e-18
-4.641285513527862369e-18
-4.560878791573173186e-18
-4.464678024593297019e-18
-4.187409028030354955e-18
-4.158089148437147975e-18
-4.126076756321258116e-18
-3.846276696503699973e-18
-3.678007891781240633e-18
-3.512995854784989406e-18
-3.345412929085643342e-18
-3.223789232513265991e-18
-3.000011695009663652e-18
-2.974369834793973337e-18
-2.825365253138774717e-18
-2.740106512554120096e-18
-2.667540122418626520e-18
-2.577198760692708625e-18
-2.504345891866534074e-18
-2.387801205995711569e-18
-2.232143141864176938e-18
-2.194175427898889667e-18
-2.131645004019828590e-18
-2.082187954477424903e-18
-1.742820386853702020e-18
-1.719710877512221993e-18
-1.632766901367892889e-18
-1.573222504096633479e-18
-1.514061261335565996e-18
-1.328553314527267921e-18
-1.193256117027653711e-18
-1.107502930346447236e-18
-1.078846167918108711e-18
-9.793284394923631104e-19
-8.828010854998195847e-19
-8.420628791090688458e-19
-7.366468054393825716e-19
-6.700670976511565054e-19
-6.259265705909041221e-19
-5.558332807163707828e-19
-5.446016267477758883e-19
-4.624685656965479561e-19
-3.747304245648287461e-19
-3.407488219348631888e-19
-2.463293049989159599e-19
-1.808448313525293795e-19
-1.321500814989869721e-19
-1.056194177452449657e-19
-6.857310647548508206e-20
-5.311470583096249662e-20
-3.602747372574098096e-20
-3.374803599338922957e-20
-3.151850054537355770e-20
-2.803860038442504328e-20
-2.510836663626691408e-20
-2.065854898480995429e-20
-1.871322840551707308e-20
-1.583680392130229640e-20
-1.002475631883399781e-20
-7.919898650960289049e-21
-4.767252628117760747e-21
-3.012993197764392793e-21
-1.781734955135757167e-21
-2.547675379626283868e-22
1.108194563482573097e-25
1.844108506585323206e-21
5.079725735631320073e-21
6.572024854276223978e-21
1.085242473135781012e-20
1.447574165237843084e-20
1.815514994257699082e-20
2.080786517695753793e-20
2.434155907035537866e-20
3.284447632743489517e-20
3.789213386659785379e-20
4.264789581384063885e-20
5.639273790517370265e-20
7.113666535937499136e-20
8.824979767288391863e-20
1.010579551961410434e-19
1.242500593495074171e-19
1.909706872034762376e-19
2.326772216915246323e-19
3.017233231142134517e-19
4.053071255514781569e-19
4.225960818834542433e-19
4.809681064924899500e-19
5.653877952219212244e-19
7.124510034140192682e-19
7.335267638038764117e-19
8.906492075056062206e-19
9.751758524859340797e-19
1.018798122978286504e-18
1.186122233395568705e-18
1.282280057718662548e-18
1.525551307491595276e-18
1.588735273693597332e-18
1.733731367712915648e-18
1.818067415028960449e-18
1.902702926940652573e-18
2.072059405591822459e-18
2.243930899356144586e-18
2.319634597392762425e-18
2.530836580401486874e-18
2.598773753079720388e-18
2.710396035302353530e-18
2.827774408614315041e-18
3.123213658739180480e-18
3.183355299979121424e-18
3.273702249682372377e-18
3.420899740606664732e-18
3.519658541161205958e-18
3.688755548253630998e-18
3.790307476352002299e-18
3.799839975792268655e-18
3.910753499563606226e-18
4.163799866549811354e-18
4.359512174365713903e-18
4.437257266441257126e-18
4.521713003135991913e-18
4.644832226712762307e-18
4.683777799293834256e-18
4.977909529896900292e-18
5.210598028448996707e-18
5.256975664173504036e-18
5.567658648424567086e-18
5.653393008683085050e-18
5.741479828761312699e-18
5.869911006828936092e-18
6.035182241617902078e-18
6.157736700918948938e-18
6.240059707219868603e-18
6.379414836161630859e-18
6.551105226628736782e-18
6.704234510654166098e-18
6.865017201281282968e-18
6.985521288910178528e-18
7.090761894119772732e-18
7.162425829232969634e-18
7.532746073713639599e-18
7.574318659320971573e-18
7.726941005790815373e-18
7.848176267677669538e-18
8.036569983021935364e-18
8.095250001615453212e-18
8.265465570777676181e-18
8.469898407934367053e-18
8.737731466080856312e-18
8.939309414203012494e-18
9.033378434725963743e-18
9.140462069340807391e-18
9.223090407563795812e-18
9.594418926037854764e-18
9.643113427614215295e-18
9.830917636764727837e-18
1.003153801644363692e-17
1.032849130202087638e-17
1.049185973790123530e-17
1.052395736516294093e-17
1.068364456583678400e-17
1.091103549167012222e-17
1.096674527595783038e-17
1.116729908096551515e-17
1.133261878698902588e-17
1.155707313835823483e-17
1.169714275130262764e-17
1.184676101928720057e-17
1.210727787855346488e-17
1.217373012726371678e-17
1.230441114091468246e-17
1.257695541499676573e-17
1.273135986358773114e-17
1.282675058361837204e-17
1.306320743333106317e-17
1.328321477495993079e-17
1.342487876397540210e-17
1.360368411425500932e-17
1.394349018916039415e-17
1.409779998475663024e-17
1.418480484692380400e-17
1.433113945958718038e-17
1.474057603834906711e-17
1.497943738348911002e-17
1.515399021680034677e-17
1.525743386201554326e-17
1.554317683377824304e-17
1.569829494309362659e-17
1.583156676008210945e-17
1.606075695409884121e-17
1.631007318675990121e-17
1.641371470178515974e-17
1.660046467600867301e-17
1.696559515468930590e-17
1.713246055614469930e-17
1.723465988779432066e-17
1.734874044037858944e-17
1.773096593465352700e-17
1.802518312101801057e-17
1.806447103491281888e-17
1.843269417787434331e-17
1.862747964009635699e-17
1.878515768279977544e-17
1.885129858696345529e-17
1.924603552828864556e-17
1.945839259434385638e-17
1.963942142565985445e-17
1.981747393943426865e-17
2.022454448879764471e-17
2.060120811974021704e-17
2.067594735121957006e-17
2.105039255600427237e-17
2.129296081953543810e-17
2.178256105274175688e-17
2.193226963745062518e-17
2.204087691623898790e-17
2.223953854604944399e-17
2.239005431056500128e-17
2.262579842720427020e-17
2.273902636746435665e-17
2.323821488840161701e-17
2.327993505182818797e-17
2.339052896183888623e-17
2.382059660529309259e-17
2.389088422858926743e-17
2.417044771203566666e-17
2.454087732437111376e-17
2.470888100559973333e-17
2.486501998960439799e-17
2.520951049546524547e-17
2.565713873667631608e-17
2.586352332959426203e-17
2.620193693564731699e-17
2.629022950535554816e-17
2.659553402969562292e-17
2.674024872803665730e-17
2.685345326884601775e-17
2.726767288324621735e-17
2.753210398350659752e-17
2.763405199864490211e-17
2.778945840003555626e-17
2.809718520096199959e-17
2.875501222983224450e-17
2.916812585145272840e-17
2.936788191244683517e-17
2.958740368053758283e-17
2.996051509438894889e-17
3.021094079695591746e-17
3.049909977953760185e-17
3.076766974343261638e-17
3.113931130485886637e-17
3.125119348984145434e-17
3.167176676727131307e-17
3.200373323745289435e-17
3.224944226178871595e-17
3.249336966094929855e-17
3.311221589699841312e-17
3.343391131972558502e-17
3.357467575784407044e-17
3.409634593516903347e-17
3.418343059907286004e-17
3.452564405714866846e-17
3.476747175237526520e-17
3.519570661965101913e-17
3.575430468738066324e-17
3.607206878281133536e-17
3.661407299278058153e-17
3.689454830618849494e-17
3.717671473171066249e-17
3.735000712419951245e-17
3.760148331578129654e-17
3.811269190308897076e-17
3.852210344313479520e-17
3.874188136596586471e-17
3.902593323729583658e-17
3.944327527352292048e-17
3.984262802867865259e-17
4.021641361481772791e-17
4.061244049212779443e-17
4.091328772785602147e-17
4.129928430849015715e-17
4.174432943133348006e-17
4.239208096669122301e-17
4.256709021258979952e-17
4.304063534798739642e-17
4.337021071959160411e-17
4.398323816202083973e-17
4.421124021479202090e-17
4.460553545916007240e-17
4.541965461760188324e-17
4.571581005464190771e-17
4.582893215993403066e-17
4.667476038705927021e-17
4.701341772890681307e-17
4.722843907661150408e-17
4.786054982024215682e-17
4.800713335919984926e-17
4.898563830760359180e-17
4.916057402906895790e-17
4.936000529665176733e-17
5.000606071747692380e-17
5.063357914391498664e-17
5.114490141232796009e-17
5.212109448004095583e-17
5.247759421857435501e-17
5.272214094232973272e-17
5.390317192893081507e-17
5.486104610640397803e-17
5.503200025338839165e-17
5.530414926381430039e-17
5.593003039036728714e-17
5.630207089836980676e-17
5.685463275843613863e-17
5.769131838520641398e-17
5.855747463231046038e-17
5.908813486809875171e-17
5.915341666872127796e-17
5.984582227101066585e-17
6.057623293554985507e-17
6.067883765729859992e-17
6.133477592485523085e-17
6.231952131186210968e-17
6.259223082096753445e-17
6.363750983884879672e-17
6.394680379507204104e-17
6.537167492983964480e-17
6.624146512646139199e-17
6.634294584137401637e-17
6.772858790307433534e-17
6.843010099134938701e-17
6.931386355179394536e-17
6.999988997766904737e-17
7.096428848883425106e-17
7.155077312945666515e-17
7.320598179731531412e-17
7.402291348974025335e-17
7.478615407012386551e-17
7.550493327059608185e-17
7.754716215578793071e-17
7.793975354258282789e-17
7.980087150247742348e-17
8.095937716213665692e-17
8.115450868473841150e-17
8.227669439692699917e-17
8.323259351240198551e-17
8.512026246834100792e-17
8.607701064920644961e-17
8.793689001452370381e-17
8.868442251022088703e-17
8.993349703863458900e-17
9.060260344714825711e-17
9.262785200784832352e-17
9.313653146559286687e-17
9.609814327719282685e-17
9.856897670540188593e-17
9.965647259245233646e-17
1.008855510969602555e-16
1.035571276978706588e-16
1.050341162189947231e-16
1.055544716504229289e-16
1.071711237822751902e-16
1.095582880305989625e-16
1.106571151990738287e-16
1.150331950733652319e-16
1.199919249516329182e-16
1.217426968355626392e-16
1.264463692617594378e-16
1.304081326080536298e-16
1.316420922228614033e-16
1.381146945337843219e-16
1.402920401583327509e-16
1.456996149591223631e-16
1.484651488381631543e-16
1.540278620020693947e-16
1.587502333027930256e-16
1.655857710288299442e-16
1.717409382021604916e-16
1.924082030089831711e-16
2.022542838422607348e-16
2.094578892050261533e-16
2.272228540201003546e-16
2.434400011597644369e-16
2.702181909507190518e-16
3.193371002695657599e-16
3.679107141283453484e-16
4.163422657230451190e-16
7.470368508833444339e-16
1.551646178128318419e-15
9.384389035056383502e-04
1.121132010198006013e-03
2.093229893319285568e-03
4.336265605447237222e-03
4.811065325269964395e-03
4.941663140262543552e-03
6.041230457017712600e-03
6.205117916106788964e-03
8.469110977210658059e-03
9.801191519239785613e-03
1.321694740043647190e-02
1.538682063622617835e-02
1.795707672111328257e-02
2.536705568886581802e-02
4.460273865427904355e-02
5.457377765936674563e-02
6.968627450262498968e-02
8.136874253904907706e-02
1.018176409872440513e-01
1.325750730546158551e-01
1.788422292536122060e-01
4.803367281699802982e-01
2.375019875416988668e+00
4.541707810614408203e+00
1.325783630648327005e+01
