-1.962337962727637650e-02
-1.730728036939069292e-02
-1.214778576808592248e-02
-8.094562987929994347e-03
-7.240906419755401523e-03
-7.060856939529304953e-03
-6.148339559876887968e-03
-5.637962183804121931e-03
-5.154559750384008800e-03
-4.431540508127646168e-03
-4.196330184336019391e-03
-3.749508212185673900e-03
-3.412881058975739210e-03
-3.280831625149505191e-03
-3.208931949985688575e-03
-2.663408877784186404e-03
-2.437610283693806938e-03
-2.369214100731853543e-03
-2.227082619084645547e-03
-2.044769482706096115e-03
-1.902026493209314989e-03
-1.769378988021508411e-03
-1.704942131545568581e-03
-1.567019669462180144e-03
-1.510421938512424532e-03
-1.471952712580775315e-03
-1.418823196493668604e-03
-1.372307605445458869e-03
-1.265926734379668956e-03
-1.151767168817306210e-03
-1.132475026390296390e-03
-1.086183487759463575e-03
-1.066324470624841619e-03
-1.038087766733683526e-03
-9.794842853073370843e-04
-9.647023348280745619e-04
-9.137439354351115962e-04
-8.089572389141944314e-04
-8.085539429622156304e-04
-7.756971746738373485e-04
-7.379911099073025674e-04
-7.241082011048007808e-04
-7.019181331131787343e-04
-6.461841924077204582e-04
-6.297432329837625905e-04
-6.151074377272499998e-04
-5.863063796838555164e-04
-5.684669465145596569e-04
-5.486179069782696647e-04
-5.321808659897993374e-04
-4.926246473916496118e-04
-4.761067442455196082e-04
-4.688805522145644638e-04
-4.602428069104889225e-04
-4.412814559071449004e-04
-4.260292472176901903e-04
-4.142881565863848784e-04
-3.933994169361056006e-04
-3.819346445416001655e-04
-3.783285317751965636e-04
-3.655543023553457067e-04
-3.404169949344041388e-04
-3.346952475570423363e-04
-3.289955821771762623e-04
-3.103283439321916602e-04
-3.084034961981453517e-04
-2.980721524984196826e-04
-2.892294236442413289e-04
-2.806370339081380467e-04
-2.784537436249717788e-04
-2.629746335229806776e-04
-2.594202942910846178e-04
-2.560079189506254916e-04
-2.424362326991479359e-04
-2.348864754400530638e-04
-2.313860579406115203e-04
-2.288302912170117034e-04
-2.186752824718551946e-04
-2.140614138300466829e-04
-2.124567844797809401e-04
-2.039827097213208699e-04
-1.967938115403602061e-04
-1.937385933333622267e-04
-1.867575047390284738e-04
-1.809706895654863328e-04
-1.779369279026040221e-04
-1.688663638845542083e-04
-1.644445737480242423e-04
-1.623528029872163179e-04
-1.580598750482533927e-04
-1.519157613730003705e-04
-1.455155519796209516e-04
-1.436545668714428296e-04
-1.363292944898699646e-04
-1.337305642010351027e-04
-1.299635632132470386e-04
-1.263878271605343702e-04
-1.221925986231087364e-04
-1.218436511069230217e-04
-1.169126519101528080e-04
-1.103724568571707936e-04
-1.095952579069582649e-04
-1.084859502520171582e-04
-1.057052355124179225e-04
-1.021624192834568330e-04
-9.954345284997448461e-05
-9.672327437613562398e-05
-9.433817912838236472e-05
-9.381708327067781491e-05
-8.994242456874193970e-05
-8.709426806532062258e-05
-8.534907885716897609e-05
-8.305856420951487288e-05
-7.931067858339822428e-05
-7.674900997620381611e-05
-7.358280606108799518e-05
-7.299829041423422718e-05
-7.009456322048042323e-05
-6.948440318535511182e-05
-6.798312525711689661e-05
-6.727822427523155334e-05
-6.519879793662600230e-05
-6.354087385305437529e-05
-6.335575238934923416e-05
-6.116663500588915637e-05
-5.872978327860692559e-05
-5.783411871970071201e-05
-5.509240695952736350e-05
-5.431923867002981792e-05
-5.287160160439686280e-05
-5.078210937453526286e-05
-4.941492824279894848e-05
-4.833470564326460646e-05
-4.724053336729364501e-05
-4.559853304180459029e-05
-4.534618666896488145e-05
-4.387036959922892640e-05
-4.205101482962303819e-05
-4.150893586319588159e-05
-4.029417818854392098e-05
-3.915393026224019433e-05
-3.784139251692183049e-05
-3.632660194564304052e-05
-3.587310979032447609e-05
-3.388155966540416585e-05
-3.337497510041729723e-05
-3.264531355139360641e-05
-3.221759429971222537e-05
-3.127396922845506643e-05
-2.977137997133342306e-05
-2.924662930102454018e-05
-2.849062569019180323e-05
-2.784402814657021492e-05
-2.733632220403070577e-05
-2.613450358282517686e-05
-2.507523245652166903e-05
-2.475634119110804547e-05
-2.436274331938444605e-05
-2.420890880944966827e-05
-2.291440856726098080e-05
-2.238195015080141935e-05
-2.206568958030867683e-05
-2.165425417402887655e-05
-2.091984990356925218e-05
-2.050525711704222394e-05
-2.015781863437433264e-05
-1.913774344013019043e-05
-1.824095225874933676e-05
-1.787962434723624024e-05
-1.756096188687740088e-05
-1.719689202068493700e-05
-1.673038664617417792e-05
-1.642493485165081053e-05
-1.588104120814474825e-05
-1.527444871109356667e-05
-1.492330846290214378e-05
-1.407173697530028617e-05
-1.361937580546289821e-05
-1.314226007568014083e-05
-1.251752265558249834e-05
-1.220606133960653357e-05
-1.173479597569272152e-05
-1.169055150106298418e-05
-1.126999578425697756e-05
-1.111842074693059339e-05
-1.092144562546946882e-05
-1.065438297741664575e-05
-1.024727913607074572e-05
-1.005522319557705078e-05
-9.926146964808948896e-06
-9.529209208229717573e-06
-9.265307546455167653e-06
-8.977186874162398903e-06
-8.578180927837233030e-06
-8.364146204424658689e-06
-8.088797226373354606e-06
-7.654748177971814786e-06
-7.505064155890645862e-06
-7.332946738348338541e-06
-7.185920399583022180e-06
-7.116255123000638558e-06
-6.909740784392502174e-06
-6.320424791131143903e-06
-6.213791214952965654e-06
-6.099507984248393214e-06
-5.665402200645227706e-06
-5.452299166311615822e-06
-5.285109912703206727e-06
-5.018164727701165541e-06
-4.977614359721142349e-06
-4.766827676852834127e-06
-4.690986920527143805e-06
-4.558600983956846252e-06
-4.371553993058422481e-06
-4.103698599413534071e-06
-4.046683389065132103e-06
-4.013156090486442262e-06
-3.789422529614142902e-06
-3.732366257750863299e-06
-3.579368615910652488e-06
-3.357308096005114980e-06
-3.315714370320174331e-06
-3.096822183973723920e-06
-3.009962596064471312e-06
-2.972509434255428759e-06
-2.788902417658723413e-06
-2.733675944224294069e-06
-2.570320335224956228e-06
-2.525448473455718514e-06
-2.415683123106740858e-06
-2.247824984254777235e-06
-2.172059992434500856e-06
-2.020053705105759719e-06
-1.960627283086928760e-06
-1.910918240097188861e-06
-1.819065978681073905e-06
-1.729018640878289889e-06
-1.703053067444453806e-06
-1.603597709556155732e-06
-1.357168559056205807e-06
-1.312142669430683632e-06
-1.183617107749422877e-06
-1.172178796139983555e-06
-1.103083016460699192e-06
-1.071817691921893468e-06
-9.178122725455465720e-07
-8.603758624293191291e-07
-8.098246793490442921e-07
-6.797099933836017045e-07
-6.331589806737000347e-07
-5.775301827193328662e-07
-5.721223076637133334e-07
-5.418058525044900642e-07
-5.111747382399072846e-07
-4.562581196022493093e-07
-3.749610244672335640e-07
-3.448344328976092131e-07
-2.907308977600603799e-07
-2.463482663485174655e-07
-1.985521040843525670e-07
-1.880717090744669493e-07
-1.573962960651108970e-07
-1.504243496045657357e-07
-1.032245841921255212e-07
-6.010689138485247535e-08
-3.423167812550456243e-08
-2.883570738129322632e-18
1.013999873853674022e-19
4.029309329048662607e-09
2.061740733446335961e-08
3.093154265134200717e-08
7.338506231120987558e-08
9.568992050045473231e-08
1.225026267157280058e-07
1.727683044936762589e-07
2.386629241444939873e-07
2.589405027706639629e-07
3.088734828205916662e-07
3.529480834277762834e-07
4.049393458057812562e-07
4.675901518292621815e-07
5.090039628883510994e-07
6.155363816804943246e-07
6.674223753426764064e-07
7.213554683115207384e-07
7.927514924325491939e-07
8.770813928788047130e-07
9.500242814740088465e-07
1.026717993149653355e-06
1.132495658239785798e-06
1.231762663433690807e-06
1.356439108125061697e-06
1.401907988993390968e-06
1.467531232468724033e-06
1.593929721272588993e-06
1.618821088462309645e-06
1.679506525369365475e-06
1.776688393237087067e-06
1.810298141830553905e-06
1.895131263326498887e-06
1.943172238310051931e-06
1.989679127779256305e-06
2.027686725594196258e-06
2.173778344568096159e-06
2.266779015523301878e-06
2.372918393181440694e-06
2.459109975699100936e-06
2.555427140353227888e-06
2.686081374796229165e-06
2.798000761690698454e-06
2.860038223598821793e-06
2.870931289539142198e-06
3.061554509251911503e-06
3.128766354967379534e-06
3.295811424611408075e-06
3.384533925427997791e-06
3.440864684699020887e-06
3.536681506585290018e-06
3.636019267098444404e-06
3.924951323309285014e-06
3.967697329514607335e-06
4.084644328461176938e-06
4.151585681277841448e-06
4.316974510304522312e-06
4.520379384114902267e-06
4.585817991254974635e-06
4.758962728509230267e-06
4.795446916521175355e-06
4.925647607914216543e-06
5.221387516637046412e-06
5.348784783094251793e-06
5.481052218251387541e-06
5.631914524048817033e-06
5.754866113862110931e-06
5.927856325962467756e-06
6.064886492892275380e-06
6.121431224929267282e-06
6.241082433620882314e-06
6.318342502680125469e-06
6.621304521863801890e-06
6.929939025747816515e-06
6.966046630333644421e-06
7.119214200575130510e-06
7.204914349550222121e-06
7.509402188073386450e-06
7.600925069748890339e-06
7.922647149200382586e-06
8.007817694953651348e-06
8.282440454601174958e-06
8.433392370230175772e-06
8.469245387485104822e-06
8.513060459376577821e-06
8.946111602945149157e-06
9.345745135105210048e-06
9.463343128198542246e-06
9.798253049809784783e-06
9.891726854013459239e-06
1.025829619590199391e-05
1.041841658657136680e-05
1.052286848628734058e-05
1.083895124309017360e-05
1.103113765692527036e-05
1.111615174133139543e-05
1.152105076741467465e-05
1.188066843889513816e-05
1.216870679566270189e-05
1.220958467073714105e-05
1.275278277756695366e-05
1.282923050827417445e-05
1.318372626536949649e-05
1.349010477194401088e-05
1.359212375191168880e-05
1.386372256334865627e-05
1.419807919587880651e-05
1.444398335829684533e-05
1.470824481565507039e-05
1.473151020917754614e-05
1.517478812807674128e-05
1.549818561100598229e-05
1.587461141897087693e-05
1.607762981745372937e-05
1.630070341513801624e-05
1.675968167737886783e-05
1.685166877085079965e-05
1.763125184329624213e-05
1.798085240368053878e-05
1.843818819416114725e-05
1.868836754695738555e-05
1.879818870043256697e-05
1.904084509433886588e-05
1.942418159399534325e-05
1.955979529954343210e-05
1.995154965637844927e-05
2.031149977654549544e-05
2.066590556018205665e-05
2.093275362681339881e-05
2.142921115276975259e-05
2.170674522777175702e-05
2.229169039266189721e-05
2.238673088368084318e-05
2.317192371401073303e-05
2.348441994345928669e-05
2.359593695318645758e-05
2.463085882102499717e-05
2.511380024039336806e-05
2.526688066042440163e-05
2.573274907308731782e-05
2.626100832608508248e-05
2.681401856429676503e-05
2.726296104003337885e-05
2.775787409974353313e-05
2.815183445238889274e-05
2.865971177437909547e-05
2.917795436556637064e-05
2.953056797968572802e-05
3.042365818648944478e-05
3.099121221351267431e-05
3.134537759901049594e-05
3.183001949525732211e-05
3.245304197759837466e-05
3.291432131726053573e-05
3.366665858266711277e-05
3.420536429341109927e-05
3.445679206615663754e-05
3.567161510012404469e-05
3.626942374034046544e-05
3.702338192110274281e-05
3.742479355991747771e-05
3.822954831371522857e-05
3.911817973428242332e-05
3.937980774984853170e-05
3.988035177715726023e-05
4.106388660066724139e-05
4.183277980726655921e-05
4.231419964061459532e-05
4.283302798047113833e-05
4.337837435963641340e-05
4.512693588808385588e-05
4.607760486205182232e-05
4.707055105335870724e-05
4.748332958068198607e-05
4.858856427900205388e-05
4.913311465579454153e-05
4.950438533474184273e-05
5.018453617769553750e-05
5.090173727751335243e-05
5.116794533204221935e-05
5.174058209974107182e-05
5.282726935438757039e-05
5.402219775792497722e-05
5.482722346946914814e-05
5.577123937951824735e-05
5.599547146475302936e-05
5.764639558684809249e-05
5.871287355993535584e-05
5.973107623346847299e-05
6.081625201129159749e-05
6.192255134914713161e-05
6.257935589440999651e-05
6.427802840343372238e-05
6.503760623364524148e-05
6.584164244085396903e-05
6.670001975353974128e-05
6.773024364232883648e-05
6.975550526828187044e-05
7.073881244450708227e-05
7.169889099749266826e-05
7.415905769725865220e-05
7.495527131000289593e-05
7.624118353520469775e-05
7.740903260849430476e-05
7.927380564251394887e-05
8.004126911149521525e-05
8.135327663179835189e-05
8.345003824570663249e-05
8.454752122891674650e-05
8.635614807929269500e-05
8.725084527564965213e-05
8.995844990309540500e-05
9.159663355304117416e-05
9.264273139305702451e-05
9.394294445018058130e-05
9.544324416807516370e-05
9.827310507782718938e-05
9.889878464567953989e-05
1.011167503272613542e-04
1.022628118555286771e-04
1.040282929222120811e-04
1.060254301830514416e-04
1.085699212532362234e-04
1.105405977374630642e-04
1.124810742413709949e-04
1.135902638188512881e-04
1.169416065144051502e-04
1.173657120648423098e-04
1.175326503318863776e-04
1.217890798279741690e-04
1.276451893565702341e-04
1.297290225329037969e-04
1.312486507964675663e-04
1.325810375769090831e-04
1.350318031515223140e-04
1.362187211558508180e-04
1.392144760340861993e-04
1.407517142929308961e-04
1.420989686135079577e-04
1.437985573653071140e-04
1.463413620976748155e-04
1.477008129225534493e-04
1.519969408421593070e-04
1.543371619731060665e-04
1.595232352228263080e-04
1.625421467520105307e-04
1.659157392864065740e-04
1.678427398097179593e-04
1.706758130620874257e-04
1.726720200499161709e-04
1.754567060861560374e-04
1.787459704053386423e-04
1.833994758491073204e-04
1.870167498371661538e-04
1.890867052573528824e-04
1.913404023583464234e-04
1.989586359650219927e-04
2.037923286939514816e-04
2.079505186935029840e-04
2.099066848160530596e-04
2.125815370349382917e-04
2.162675741007358851e-04
2.216870827729363800e-04
2.248025185596987823e-04
2.291523096047069340e-04
2.361339598329522380e-04
2.434908025972471141e-04
2.458924273941029610e-04
2.491828368538242752e-04
2.552137986905314744e-04
2.626199566532378153e-04
2.644909743266252232e-04
2.673213393673041669e-04
2.769148572032482827e-04
2.784982745337874835e-04
2.800577382094836189e-04
2.891803244953992393e-04
2.961221057209246447e-04
3.008481181434565963e-04
3.077923696521201488e-04
3.130262447351009401e-04
3.193262799661011767e-04
3.229456850987039423e-04
3.309278028222444046e-04
3.366492180105106402e-04
3.382038440126171482e-04
3.527978022937471882e-04
3.585462661705748986e-04
3.623443701375094676e-04
3.745185573850695311e-04
3.843110430258363935e-04
3.916779412795437813e-04
3.982849819878826075e-04
4.065095874537136516e-04
4.144005579759469033e-04
4.197757728253967749e-04
4.316096478104114410e-04
4.368219786148738672e-04
4.471899406283550630e-04
4.586221715352312785e-04
4.605604362468360136e-04
4.655361811284068792e-04
4.807753194765541698e-04
4.931027835161657215e-04
5.116815567485958434e-04
5.233223017977265681e-04
5.396999960059316315e-04
5.528339272068388387e-04
5.702785977350642620e-04
5.747452860281753069e-04
5.904268047022900607e-04
5.961307303048729448e-04
6.112439394992066509e-04
6.165863821663925210e-04
6.245487577292972194e-04
6.327786642242259332e-04
6.600360030773127313e-04
6.696333711660455885e-04
6.955550398431574639e-04
7.097625322835972566e-04
7.218771097347973127e-04
7.475692014787154501e-04
7.928233829687563253e-04
7.985615006860703356e-04
8.221385065437760353e-04
8.316394717259124663e-04
8.473765703617309889e-04
8.509940132997140770e-04
8.685069157778873422e-04
9.220319442188309664e-04
9.361450188122875460e-04
9.456211328163836556e-04
9.764277862180162360e-04
1.003240988296689789e-03
1.027074803781174647e-03
1.077890656582081424e-03
1.100591094885606473e-03
1.118876240066205181e-03
1.151531983430624170e-03
1.183799842034272522e-03
1.230186250884579688e-03
1.265175909311705253e-03
1.292941314497893799e-03
1.357186444318016216e-03
1.370399129833839436e-03
1.439894485189272162e-03
1.459874073073605437e-03
1.506323459374582160e-03
1.522097733497983522e-03
1.562742417916570918e-03
1.642866222171109189e-03
1.686898919355231310e-03
1.809207946102880894e-03
1.855721304027429380e-03
1.869924882454802612e-03
1.945183705668256319e-03
2.010550273260794038e-03
2.092253021472020857e-03
2.201972729161470743e-03
2.315055479920860755e-03
2.375183552843006512e-03
2.505011239768160317e-03
2.542720297855923135e-03
2.663350804119185393e-03
2.782991201817829226e-03
2.838315482383271457e-03
2.992422617131429950e-03
3.103510005964729007e-03
3.184537072061940054e-03
3.265618900761269473e-03
3.569375158203985134e-03
3.661717071709792715e-03
3.908920225264802227e-03
4.181232416641381122e-03
4.445760617093470930e-03
4.489444414017188141e-03
4.714859427367840833e-03
5.040342351587431650e-03
5.375849905017261038e-03
6.098767857768597200e-03
6.393160313032709291e-03
6.999506118659504922e-03
7.546508611733932122e-03
7.917451819059638518e-03
8.909625616305059947e-03
9.809000791349298601e-03
1.026557379862110334e-02
1.134589292909505068e-02
1.267699711156721441e-02
1.386251191073443328e-02
1.469190772925452887e-02
1.644092398116374365e-02
1.940752501734514107e-02
2.049831750845391640e-02
2.281531215305323060e-02
2.560912196553059850e-02
3.196640827613726754e-02
3.596081407182085549e-02
5.767136057968913487e-02
7.392763571856718341e-02
7.586904897952231885e-02
9.589949635122045624e-02
1.096769204843202339e-01
1.942278605628181276e-01
2.105282916994219711e-01
5.434899203896741415e-01
2.464047332072750063e+00
4.691803715677719921e+00
1.443431487473984731e+01
