-2.002326093484858571e-01
-1.066721495583428936e-01
-9.524324323356914146e-02
-7.181325897914939138e-02
-6.141382846601863010e-02
-5.217833781314167030e-02
-4.528570138158771047e-02
-3.999343129146214898e-02
-3.272552526455903277e-02
-3.123293222128975880e-02
-3.021696850603884307e-02
-2.592065117986245421e-02
-2.442986457689311219e-02
-2.337481252041577126e-02
-2.147051570635050144e-02
-1.985224375216712925e-02
-1.960441483699750659e-02
-1.693471290089777759e-02
-1.560646916462516721e-02
-1.467806017651150652e-02
-1.401352330170778371e-02
-1.345067130216325013e-02
-1.189043022740354089e-02
-1.164288839065943069e-02
-1.145781881070382160e-02
-1.057517997334068288e-02
-1.030998799115362061e-02
-9.936525998355877007e-03
-9.221462145531602109e-03
-9.170201683706307935e-03
-8.465822949740593045e-03
-8.377783882225157269e-03
-7.939265733152022636e-03
-7.457696299296135388e-03
-7.340471508022430001e-03
-7.131476469144493527e-03
-6.688495134452533339e-03
-6.426710307740672763e-03
-6.323736840019093287e-03
-6.099563402014586237e-03
-5.985292907243012182e-03
-5.804487573274784949e-03
-5.725146993952234288e-03
-5.661812083436706770e-03
-5.511619425216980270e-03
-5.141676779516590572e-03
-4.905413128029119385e-03
-4.828589690413378696e-03
-4.754157335754205863e-03
-4.675038636870169732e-03
-4.458581310518431803e-03
-4.427864643837708947e-03
-4.184633641696263937e-03
-4.033564727020913857e-03
-3.965763886098240543e-03
-3.879010659922391482e-03
-3.785425054994820578e-03
-3.750504699875372491e-03
-3.617131445796303076e-03
-3.508134323833835173e-03
-3.408523457693008168e-03
-3.329443958277606211e-03
-3.276548580001433821e-03
-3.163811107557070335e-03
-3.073664129248509722e-03
-2.987158128398136915e-03
-2.936176964504925557e-03
-2.885240430362905322e-03
-2.824308930493615952e-03
-2.806332737061247896e-03
-2.717905555459938088e-03
-2.656818732459468972e-03
-2.606773569025772411e-03
-2.583121744500900454e-03
-2.493262662605060225e-03
-2.433632833469111245e-03
-2.381199968879075569e-03
-2.359601414035680973e-03
-2.334525211080835157e-03
-2.292101917120291116e-03
-2.237271259207482179e-03
-2.205531143107376801e-03
-2.186208037008727494e-03
-2.145166272230670731e-03
-2.081745759703358678e-03
-2.043353353763744783e-03
-2.019982771102033382e-03
-1.978555029793107548e-03
-1.944605562531444461e-03
-1.931918885226418343e-03
-1.912581261233342036e-03
-1.836881481520301991e-03
-1.810702104965500239e-03
-1.802725497426372475e-03
-1.749357995323843522e-03
-1.714641358976827469e-03
-1.695071734870771040e-03
-1.666728051590170420e-03
-1.640581196991769148e-03
-1.627452700288093508e-03
-1.553360747091180527e-03
-1.546340074006386737e-03
-1.511103609425007823e-03
-1.486220780833412154e-03
-1.462842145680853453e-03
-1.457244027079678678e-03
-1.438141535155942115e-03
-1.405929458753636197e-03
-1.396915977049886402e-03
-1.366457801133085827e-03
-1.360566929984846412e-03
-1.336815744320897330e-03
-1.321007560546118547e-03
-1.286400762331192139e-03
-1.269466403262100272e-03
-1.259930251103597802e-03
-1.237165076117147230e-03
-1.213055287658572953e-03
-1.181211355852430141e-03
-1.162471990862077925e-03
-1.148070393618568028e-03
-1.144255605615757034e-03
-1.125330088185391621e-03
-1.110505454372306185e-03
-1.093153957692711729e-03
-1.052543205711163783e-03
-1.033837520098081914e-03
-1.019962547733666925e-03
-1.007206608216997239e-03
-1.003066594918818792e-03
-9.873524296779752091e-04
-9.695104114545818105e-04
-9.554568321568195077e-04
-9.429015360699331307e-04
-9.256242896128038990e-04
-9.114668757639036610e-04
-9.014877210773514444e-04
-8.877591672619808590e-04
-8.835388123957937673e-04
-8.718182956969674612e-04
-8.557492134807298881e-04
-8.381109213330353467e-04
-8.314213983224810582e-04
-8.148956147006235695e-04
-8.016505139522450175e-04
-7.991948576300518612e-04
-7.924242914058483595e-04
-7.818906196034988623e-04
-7.592730163155825447e-04
-7.501834641230879135e-04
-7.457298739613537958e-04
-7.335815543121433548e-04
-7.245217322716453363e-04
-7.185705339052004051e-04
-7.023298683368123024e-04
-6.881848875715526007e-04
-6.843377876561102880e-04
-6.819691581251543979e-04
-6.704393069564876760e-04
-6.547962735901753867e-04
-6.409900213006198243e-04
-6.378951080169725134e-04
-6.271411861013291220e-04
-6.243874115089277470e-04
-6.088914933788910954e-04
-5.921226873858335222e-04
-5.895901581981557180e-04
-5.810462593823759224e-04
-5.787018846379375983e-04
-5.729909084397063817e-04
-5.609710858911896207e-04
-5.548393149728428429e-04
-5.503921688999290074e-04
-5.444729940808163077e-04
-5.335149490197760823e-04
-5.257587043158801167e-04
-5.237222365051440393e-04
-5.200178378159676495e-04
-5.112023131042946504e-04
-5.096213854155931360e-04
-5.048749066300626826e-04
-4.926910509268029930e-04
-4.899270004383508804e-04
-4.804076119162355336e-04
-4.744589906316117652e-04
-4.718179876569195456e-04
-4.693574403886428153e-04
-4.557471779295070103e-04
-4.536546473869641359e-04
-4.508177850670633366e-04
-4.479692844801305804e-04
-4.384927734053125194e-04
-4.309605724448479602e-04
-4.260708977149389710e-04
-4.192253844629088952e-04
-4.157182968560115400e-04
-4.143079410324873287e-04
-4.109564638349145148e-04
-4.012672744246631343e-04
-3.929635713278321831e-04
-3.871971451529331704e-04
-3.838329208764602310e-04
-3.773458627973042641e-04
-3.731973797792117933e-04
-3.671827304054406881e-04
-3.624830029400981759e-04
-3.607961442715479751e-04
-3.589157105312206267e-04
-3.524324353897414748e-04
-3.508867660433690524e-04
-3.463404867665683447e-04
-3.440818869056569223e-04
-3.371810914079103032e-04
-3.333044518366211025e-04
-3.273383966070707958e-04
-3.225072579696484985e-04
-3.206164756026747237e-04
-3.122691592517072546e-04
-3.105870033013473407e-04
-3.099934903674571415e-04
-3.060539288237173528e-04
-3.027234780701760250e-04
-2.999807183167803358e-04
-2.953450888363875993e-04
-2.889212962621342173e-04
-2.879854547777197025e-04
-2.844525783040717645e-04
-2.825156642767390311e-04
-2.795612394486093259e-04
-2.776282911332224887e-04
-2.704102919541998646e-04
-2.667706372797818922e-04
-2.646684447791119998e-04
-2.634966522552105081e-04
-2.614484163707763527e-04
-2.578635587586061099e-04
-2.551536990564551798e-04
-2.493479406073980916e-04
-2.481715841628327908e-04
-2.445327053092829789e-04
-2.396206024847357795e-04
-2.377761357204291257e-04
-2.358892927234047105e-04
-2.326029110039741824e-04
-2.318950557491171027e-04
-2.271918528636848809e-04
-2.248291362805990138e-04
-2.220909493489914375e-04
-2.203377931109876120e-04
-2.183554303777688699e-04
-2.096216864747521829e-04
-2.092240143832230074e-04
-2.077010503862558729e-04
-2.051887964841859796e-04
-2.034176005826408102e-04
-2.000516510279441999e-04
-1.994281402595358672e-04
-1.964929027128744642e-04
-1.926682871062144597e-04
-1.924709494516967123e-04
-1.909981404999047910e-04
-1.880599671095118275e-04
-1.857842038351126160e-04
-1.842076973621945002e-04
-1.795208634355699385e-04
-1.781530556328034178e-04
-1.777828110273502041e-04
-1.745693033523259402e-04
-1.728357239871650402e-04
-1.698134432118314345e-04
-1.681163834949418040e-04
-1.656061859888067664e-04
-1.646206796860268410e-04
-1.620046061967483323e-04
-1.606107575404038283e-04
-1.591506789358333545e-04
-1.569815327468089550e-04
-1.556003202048280535e-04
-1.546175744676449087e-04
-1.515339356659406423e-04
-1.487913856340442346e-04
-1.464787891504152782e-04
-1.450479329430218092e-04
-1.431628964470241250e-04
-1.429809005710096009e-04
-1.420367204680382089e-04
-1.396825447694995256e-04
-1.365059456758215136e-04
-1.357226391010469180e-04
-1.325641740232119648e-04
-1.306322688134392465e-04
-1.293204978941392901e-04
-1.274106041597500619e-04
-1.268350510297625564e-04
-1.260619781320405442e-04
-1.239068924011236627e-04
-1.228402614968770318e-04
-1.219462817370589900e-04
-1.205762783499901981e-04
-1.184824110540277789e-04
-1.176352584755226095e-04
-1.166730519227650369e-04
-1.145373670096152895e-04
-1.136034890464228273e-04
-1.114254111569201673e-04
-1.100482184572394544e-04
-1.081362054677676332e-04
-1.076476357208821128e-04
-1.066084986959182939e-04
-1.053161945523729294e-04
-1.044669480932383838e-04
-1.035116626727742174e-04
-1.011915661185906187e-04
-1.006430646139764467e-04
-1.000502514161455853e-04
-9.929930103727751601e-05
-9.747516523342683278e-05
-9.528490949123664022e-05
-9.483538727201923152e-05
-9.476674201678465250e-05
-9.309447225222720564e-05
-9.174157490927108323e-05
-9.106371052175459685e-05
-8.962255429549675315e-05
-8.857478350247421299e-05
-8.731368748534005489e-05
-8.640741356224596005e-05
-8.548949809162291339e-05
-8.466426669326281181e-05
-8.384273133749178808e-05
-8.298725674775770810e-05
-8.095268686983811337e-05
-8.066611689685011311e-05
-7.944104578705292843e-05
-7.836003530270002843e-05
-7.772991529592457056e-05
-7.711577017748853986e-05
-7.579209829071513482e-05
-7.499547419639747664e-05
-7.396760508761368645e-05
-7.343535808304211751e-05
-7.285557551702155112e-05
-7.260730747996128323e-05
-7.131194536108229900e-05
-6.953023296155680399e-05
-6.892032673333863793e-05
-6.812594780888743475e-05
-6.771603414725030801e-05
-6.740716442600948354e-05
-6.573257610570491674e-05
-6.552515008805420173e-05
-6.436175904245393386e-05
-6.398566427984446069e-05
-6.370949988195566275e-05
-6.224294319296134678e-05
-6.170871901020060727e-05
-6.074227195900218867e-05
-6.048040110862177101e-05
-5.966537964142696373e-05
-5.860044546724990140e-05
-5.782621387099696043e-05
-5.775251569509557288e-05
-5.643798635083677000e-05
-5.598673641054930278e-05
-5.567432193027980000e-05
-5.525060549771702352e-05
-5.356451515084772444e-05
-5.289457146061617187e-05
-5.195189352952260693e-05
-5.126495672160422465e-05
-5.036326574983764146e-05
-4.935286271904765378e-05
-4.902866030372453847e-05
-4.870319809331774113e-05
-4.814311517649030322e-05
-4.789559029278584422e-05
-4.718479172394160232e-05
-4.657825453030544271e-05
-4.618650365643537959e-05
-4.562286752910343641e-05
-4.502776716940031377e-05
-4.407315563607573969e-05
-4.373576167656127375e-05
-4.363814617719817855e-05
-4.265308135567953067e-05
-4.254046722975308596e-05
-4.218811079899088259e-05
-4.149058243357165891e-05
-4.058739285636411479e-05
-3.991186139733139178e-05
-3.937174722428433933e-05
-3.919343489165028191e-05
-3.844671143514064807e-05
-3.824059216465727491e-05
-3.781530984400220398e-05
-3.766205913374592060e-05
-3.662362347793744169e-05
-3.647564126896158949e-05
-3.575661374208405878e-05
-3.507840742625465189e-05
-3.490314901329423834e-05
-3.463910609021687766e-05
-3.421137286598061945e-05
-3.369279692402200741e-05
-3.303698347524941997e-05
-3.243180625144890627e-05
-3.215370942398638863e-05
-3.193637203178083012e-05
-3.151729926953756732e-05
-3.055850942849129483e-05
-3.039487901257705203e-05
-3.015966660949053854e-05
-2.997462679778838674e-05
-2.941041709931970408e-05
-2.906209904343013856e-05
-2.877236035971435021e-05
-2.825204792080506338e-05
-2.721447929154505513e-05
-2.697898953090302975e-05
-2.620283112290283813e-05
-2.590274252044284689e-05
-2.580900567972709445e-05
-2.500441533213945548e-05
-2.492308162713823729e-05
-2.470008166524374467e-05
-2.435208640815423198e-05
-2.381796437081130826e-05
-2.365482058450047302e-05
-2.344311663686245642e-05
-2.330264589906625496e-05
-2.287546977821525737e-05
-2.233874321497128797e-05
-2.217764329831927827e-05
-2.190665332704336092e-05
-2.135484857188634140e-05
-2.112854785509583148e-05
-2.077312736254853615e-05
-2.066824735374977990e-05
-2.031938903774640093e-05
-2.011859271150992092e-05
-1.963517493691063431e-05
-1.946747215562945248e-05
-1.909188197840554896e-05
-1.891461004075514695e-05
-1.850322573750383618e-05
-1.819225403919666592e-05
-1.790942498980333612e-05
-1.758902633463827373e-05
-1.738097223481546824e-05
-1.729522650067755776e-05
-1.703380408455410890e-05
-1.681319545200782938e-05
-1.648053588510555858e-05
-1.634731855492074125e-05
-1.596265175379063355e-05
-1.558081684400830651e-05
-1.537396828293064911e-05
-1.520933119901933564e-05
-1.492258241037695550e-05
-1.475555424369303468e-05
-1.461490523586624627e-05
-1.425631304136190623e-05
-1.391765388512162723e-05
-1.368891679254810089e-05
-1.342276214718536179e-05
-1.325744611367957898e-05
-1.299629580508306038e-05
-1.278541973618853517e-05
-1.251669737557430555e-05
-1.243126952263004605e-05
-1.224999862247850829e-05
-1.203114770292235400e-05
-1.178896610831980195e-05
-1.139980398963777819e-05
-1.125313596010724781e-05
-1.116853146384372547e-05
-1.099144465983487276e-05
-1.081046249007087482e-05
-1.071703172860333559e-05
-1.007053170111477051e-05
-9.676430100339222863e-06
-9.647247057591929980e-06
-9.421156436344474376e-06
-9.302310640794783211e-06
-9.058365722625334271e-06
-8.872803425571323748e-06
-8.757506962262399860e-06
-8.714056449583726000e-06
-8.622700883924616473e-06
-8.274240344060862002e-06
-8.153565173765599133e-06
-7.941116677356103149e-06
-7.885778217402001863e-06
-7.743623269875025148e-06
-7.426115992018573236e-06
-7.350876783468973721e-06
-7.247007618914126985e-06
-7.091362523305032751e-06
-7.055063447371103427e-06
-6.891542057945487390e-06
-6.777071883712104467e-06
-6.513384265038725673e-06
-6.163496298945953967e-06
-6.107489742281939815e-06
-5.989938864597118817e-06
-5.604533613785034519e-06
-5.464675001794590397e-06
-5.439299429725837887e-06
-5.292737398230728052e-06
-5.213400495914462407e-06
-5.055186439353107646e-06
-4.966942997951114501e-06
-4.866887129976122616e-06
-4.757415260949339550e-06
-4.659392488360877203e-06
-4.420870747973767046e-06
-4.376234632365574311e-06
-4.244639136229701431e-06
-4.075018839647790675e-06
-3.944471251981507998e-06
-3.867884222085194996e-06
-3.722822993598903577e-06
-3.611306057571111858e-06
-3.571442087778567390e-06
-3.424714628392827331e-06
-3.330934466091665095e-06
-3.245142413615345373e-06
-3.063635507470729173e-06
-2.988907491111135433e-06
-2.849176842843527322e-06
-2.825715955754101010e-06
-2.734934338013990131e-06
-2.621199524934868530e-06
-2.477095203034288776e-06
-2.466370498740451779e-06
-2.339985287521345107e-06
-2.320766074700167858e-06
-2.002986910634040033e-06
-1.913278624563201023e-06
-1.854141134248988606e-06
-1.768980841387981094e-06
-1.703110786202974930e-06
-1.583980580430207676e-06
-1.476031747777875460e-06
-1.415864830162117419e-06
-1.330143185879792407e-06
-1.209277734283417779e-06
-1.176034680883898004e-06
-1.100039702174918312e-06
-9.758695451814139233e-07
-8.098542243957554309e-07
-6.500551155631382613e-07
-6.322174187815087384e-07
-5.829304905642646794e-07
-5.518106402407305833e-07
-4.575077666059888320e-07
-3.319511235713815348e-07
-2.653301243163983916e-07
-2.222613497261513695e-07
-1.588014933457553107e-07
-1.269508279664062708e-07
-6.295719246570119680e-08
-4.551669632986369902e-08
-1.062896876919081641e-08
-1.213331592434495343e-19
2.702946101346969585e-19
1.548116208322461357e-08
3.851229916313828132e-08
5.896141378045691562e-08
9.684233465928141929e-08
1.517990372074579532e-07
1.803278477183586099e-07
2.556615360942770576e-07
2.813254429298237754e-07
2.907079893585758320e-07
3.249060386660760478e-07
3.440609677652736601e-07
4.000558241924124171e-07
5.268096990562759264e-07
5.376832523015571482e-07
5.893766987580672641e-07
6.164600672747088063e-07
6.834381720767968480e-07
7.114299271167344926e-07
7.347037705851306232e-07
7.798784377075354757e-07
8.096631808888552055e-07
8.853627365668017914e-07
9.456574121717065960e-07
1.159441002473174991e-06
1.218239659893163436e-06
1.385467891873950599e-06
1.443087428806034568e-06
1.445937602116511525e-06
1.602161361244872363e-06
1.790839449834121545e-06
1.937434372912588674e-06
2.127926006518527406e-06
2.237067266623599409e-06
2.374120699291262947e-06
2.514368795100762197e-06
2.746040173961294287e-06
3.065720129409139145e-06
3.352514112611034780e-06
3.554326316720389413e-06
3.754877798122325080e-06
4.162596290175918214e-06
4.633670845045154699e-06
4.997794151956246296e-06
5.428316847168803498e-06
5.918930479518253204e-06
6.139655765980288387e-06
7.282294441616319158e-06
7.694257516657742062e-06
8.342673170646849049e-06
8.881170986713679660e-06
9.234414270112673527e-06
1.060165894964351520e-05
1.113064367415633732e-05
1.177082244272821870e-05
1.434133483030680862e-05
1.499912450939325873e-05
1.635228834497405928e-05
1.815109698636258815e-05
1.899506851932418353e-05
2.258919042459671487e-05
2.348220819758005263e-05
2.495672504501584329e-05
2.726556898718938951e-05
2.911647801876686669e-05
3.039528718083811014e-05
3.446380518030115495e-05
3.616763551116256904e-05
4.226868960143600909e-05
4.623990191140288434e-05
4.907685888533989315e-05
5.504778598877211080e-05
6.393159543672060859e-05
6.826768062527533972e-05
7.153591785972443539e-05
8.322184612594392200e-05
8.867702084406911078e-05
9.081493477462406795e-05
1.054147898735768412e-04
1.092877517635237048e-04
1.317273282732392609e-04
1.388645319176597841e-04
1.433411909771731036e-04
1.532684899605836579e-04
1.909719037477613992e-04
1.969952459231321664e-04
2.290170617301070621e-04
2.541459079667250805e-04
2.958862213235932746e-04
3.251507504593522291e-04
3.563081285943481193e-04
4.107538401331949757e-04
4.439237634715908912e-04
5.110533029280546306e-04
5.713050797895041387e-04
7.009385414990878822e-04
8.076762066491576485e-04
9.725799749004828245e-04
1.118354506424187097e-03
1.128305949402369892e-03
1.175266867031446753e-03
1.400156429782003662e-03
1.592783908380125636e-03
1.778868076541388968e-03
2.634623181829924381e-03
4.875595415922671233e-03
5.685212434545661858e-03
2.364155996253095027e-02
6.441018902476174091e-02
3.990194386066785448e-01
1.102244502032497575e+00
