-2.834899801604489136e-02
-2.740292944354632415e-02
-1.748051147568683086e-02
-1.496152157702943311e-02
-1.266423990629964719e-02
-1.115386848404823460e-02
-9.559079263601923115e-03
-8.743389003492130912e-03
-7.938922996944045712e-03
-7.703549223969162300e-03
-6.370963963037445249e-03
-6.078986909641731495e-03
-5.441502033904549278e-03
-5.239611193074780911e-03
-4.888693166739107275e-03
-4.608668316772949677e-03
-4.506588535412014811e-03
-4.188605365979820860e-03
-3.836821626045171674e-03
-3.464968753790570889e-03
-3.312872409580863275e-03
-3.097866009494271156e-03
-2.920111489382722254e-03
-2.741510569049191402e-03
-2.697169958387983252e-03
-2.453005115270796670e-03
-2.319782008148094446e-03
-2.270437517214910807e-03
-2.177618429307801202e-03
-2.074341079937971552e-03
-2.004935232535946885e-03
-1.950484795300271110e-03
-1.801046211488122311e-03
-1.723361288067677211e-03
-1.681509294897130455e-03
-1.598615890220380113e-03
-1.559892868273106631e-03
-1.462051267538293621e-03
-1.404921980983245104e-03
-1.391636885056656567e-03
-1.359006885969288661e-03
-1.290414260600612198e-03
-1.246198810702215005e-03
-1.212480261128091744e-03
-1.150264935673078748e-03
-1.102834952917785280e-03
-1.034201369461661786e-03
-1.021397918501769277e-03
-9.817508079242277200e-04
-9.329830420016356441e-04
-9.054779667339089800e-04
-8.811691169615176256e-04
-8.484392839277312467e-04
-8.265465686804493537e-04
-7.902782071285669547e-04
-7.765023260731502381e-04
-7.363035518302107592e-04
-7.173520511322507625e-04
-6.962812012896180949e-04
-6.676821936475326423e-04
-6.359605664972185768e-04
-6.089629368890985299e-04
-6.040617925446013737e-04
-5.960425618837003441e-04
-5.837226742534122777e-04
-5.493635950961948478e-04
-5.412435697453335482e-04
-5.243679169431933332e-04
-5.174694775963425758e-04
-5.041544198615988690e-04
-4.776427696231456141e-04
-4.756760678524158152e-04
-4.602092430666936151e-04
-4.507667207777039746e-04
-4.317151640451283344e-04
-4.287595530811200389e-04
-4.186380519001370055e-04
-3.952966846282464060e-04
-3.812013321041067050e-04
-3.787273178439464556e-04
-3.673203511684343110e-04
-3.549126856135119065e-04
-3.469569171890526157e-04
-3.413433207641482898e-04
-3.261511876570906063e-04
-3.179174846696643459e-04
-3.020984450731767118e-04
-2.986981997355276698e-04
-2.923931254645693477e-04
-2.820467057938183986e-04
-2.718060475446515173e-04
-2.698569450001583794e-04
-2.615661933378564895e-04
-2.604119779809605352e-04
-2.523478755816811487e-04
-2.492619453222132738e-04
-2.422312221685424391e-04
-2.355937734903449949e-04
-2.275095404873846182e-04
-2.184282801288817371e-04
-2.118840078275936549e-04
-2.106514950972183627e-04
-2.030573440393997834e-04
-2.012632659793187301e-04
-1.964823378469344496e-04
-1.878994020958344910e-04
-1.848147323329351753e-04
-1.787139940631454597e-04
-1.775757026998272202e-04
-1.726900439089634623e-04
-1.648757206789233675e-04
-1.620964572609204810e-04
-1.581545799053225777e-04
-1.543093359314245397e-04
-1.512821787288024346e-04
-1.424459809328480200e-04
-1.410025715630864544e-04
-1.387182633218455522e-04
-1.364818430788401489e-04
-1.322038096540088575e-04
-1.278532651409219510e-04
-1.265957288516055511e-04
-1.237530037040496462e-04
-1.192499989647984650e-04
-1.142525859754903964e-04
-1.083418430075835378e-04
-1.074029801663333778e-04
-1.057861052017014828e-04
-1.037685115165591713e-04
-1.022289372709528371e-04
-1.001395178391248093e-04
-9.738670447717346105e-05
-9.335645135896388164e-05
-9.057266555983242533e-05
-8.880732246443275198e-05
-8.623908947195560004e-05
-8.543849268127296686e-05
-8.448588003171469800e-05
-8.110525232087777755e-05
-7.907886166198968851e-05
-7.791275257468546712e-05
-7.521586105990060397e-05
-7.272102323511668153e-05
-7.095899983448838934e-05
-6.947235044171118758e-05
-6.752567911866553358e-05
-6.722896135300924397e-05
-6.413388233930633175e-05
-6.394795854888932695e-05
-6.027219899807306032e-05
-5.939966166586178149e-05
-5.721822256672327758e-05
-5.582297293137191693e-05
-5.509932816751401231e-05
-5.318287661992599538e-05
-5.234863790929442600e-05
-5.163085727484714434e-05
-5.077512251118310426e-05
-4.942141670609477393e-05
-4.843558709851433498e-05
-4.580121483186779419e-05
-4.481330233657166426e-05
-4.340010217836050380e-05
-4.179661378451776985e-05
-4.009026326403480314e-05
-3.996523062814418063e-05
-3.953146268628864046e-05
-3.762352605122705609e-05
-3.654536540335472631e-05
-3.636499706204575979e-05
-3.534157088277385331e-05
-3.468331457296878161e-05
-3.374106618521902919e-05
-3.309673962428798613e-05
-3.221575714429982120e-05
-3.151666379981931868e-05
-3.029806984812683171e-05
-2.955370670036354210e-05
-2.904288424370114245e-05
-2.818138602882424247e-05
-2.785849098464259781e-05
-2.710134485089849517e-05
-2.648692840555859457e-05
-2.550761839373273397e-05
-2.460829712702870234e-05
-2.399697754500615976e-05
-2.348050810226704648e-05
-2.281750508363956364e-05
-2.167662727723644063e-05
-2.102210169083420957e-05
-2.066937377257803136e-05
-2.046251607290674456e-05
-1.921860162866148241e-05
-1.863173970779457450e-05
-1.854896188365015591e-05
-1.785422758632106445e-05
-1.701289396496035908e-05
-1.685854287168795149e-05
-1.664691936123922333e-05
-1.591272762617826589e-05
-1.590010160626640005e-05
-1.547858701632516646e-05
-1.486586169641603486e-05
-1.442819839877562521e-05
-1.390379906668475200e-05
-1.342665510178914015e-05
-1.328426561864675584e-05
-1.261361444991444071e-05
-1.226806268943924331e-05
-1.191591745756207394e-05
-1.161414700986786918e-05
-1.128988929784933236e-05
-1.102587300181156976e-05
-1.081977945403751546e-05
-1.069195981589663255e-05
-1.026626774187603964e-05
-9.921719875832127295e-06
-9.655033838315369026e-06
-9.402682462432146790e-06
-9.251522145737871186e-06
-8.600759537053737422e-06
-8.375017738221209471e-06
-8.213116506126446486e-06
-7.863240799527154164e-06
-7.632348548461188366e-06
-7.596068350669309938e-06
-7.187546898116239900e-06
-7.096915139251055212e-06
-6.716092007760778176e-06
-6.275712902352914911e-06
-6.151862057851195507e-06
-5.971979071893072314e-06
-5.736599794727921636e-06
-5.531398194192040269e-06
-5.418713532232080101e-06
-5.032268459350182178e-06
-4.832523076184896451e-06
-4.741517211615051068e-06
-4.683270716704908214e-06
-4.425029120991483991e-06
-4.168302323960225803e-06
-3.982148759096626036e-06
-3.782303698582123236e-06
-3.649057734719596971e-06
-3.547289622857502858e-06
-3.441999483541662496e-06
-3.247804557402180950e-06
-3.094621409820409466e-06
-2.963987124350877261e-06
-2.763733060047839966e-06
-2.720705573734519705e-06
-2.593555146130049798e-06
-2.393401636202691421e-06
-2.254440910510574442e-06
-2.157819933924359965e-06
-2.059210493961686866e-06
-1.881202285578951269e-06
-1.847266761879236399e-06
-1.687106201125522932e-06
-1.664936284535159914e-06
-1.576233269588031580e-06
-1.465259450210977745e-06
-1.380552482297759359e-06
-1.272622101637896404e-06
-1.163291984929432398e-06
-1.050468611048589304e-06
-1.005772459152834720e-06
-9.058336655723799855e-07
-8.518289094800970947e-07
-7.753625731616760297e-07
-6.646822787797411013e-07
-5.346198506069196909e-07
-5.098410858677000579e-07
-4.544850424438727960e-07
-4.285161104865058132e-07
-3.371440617115908711e-07
-2.609121147045233768e-07
-2.058637468810100607e-07
-1.527953386682320424e-07
-1.408182684400194053e-07
-9.898660205228871737e-08
-6.764519862742078089e-08
-2.609499982980082568e-08
-1.531619801497660713e-18
6.831344819099043903e-18
2.352516810148985440e-08
6.502558063593627083e-08
7.345215788101232440e-08
1.099760999183828933e-07
1.416972393747601669e-07
2.324856481514445957e-07
2.535119936587875261e-07
3.564660420660233635e-07
4.083093830269305853e-07
4.965905256719860452e-07
5.337375851386792398e-07
6.255503247503092993e-07
6.877210035346097734e-07
7.027987046084081262e-07
7.796642317129459146e-07
8.920293836555982730e-07
9.342167155306580470e-07
9.987266098772910069e-07
1.075942450293358405e-06
1.093942602588962102e-06
1.208798212450080959e-06
1.306133053278499371e-06
1.382828484069623681e-06
1.441554442569388048e-06
1.516432652710339477e-06
1.602139590559844011e-06
1.645442986189107756e-06
1.731623482050660956e-06
1.851785579080674267e-06
1.900596821695255093e-06
2.044704595393665263e-06
2.090548625055343681e-06
2.148733208640866016e-06
2.203862258724700930e-06
2.211334594269607018e-06
2.269541736922510177e-06
2.406860616498165122e-06
2.600743416778443485e-06
2.762399420706472092e-06
2.807687824587804984e-06
2.862665359124318122e-06
2.934277066170654731e-06
3.196227750939873759e-06
3.242525870383692702e-06
3.358158545433941078e-06
3.529304617592461798e-06
3.769377240475307339e-06
3.826358363951938147e-06
3.865764874541280907e-06
4.037503672054435918e-06
4.103986564755644843e-06
4.211864278860963758e-06
4.339330435492067355e-06
4.450076892300343057e-06
4.634379718615274099e-06
4.687422451575077375e-06
5.008076955542261924e-06
5.139949679004046294e-06
5.243524324773233084e-06
5.415781661874753116e-06
5.470164889415577824e-06
5.749480218882045683e-06
5.868732030864235089e-06
5.936028496827314477e-06
6.114736210992867394e-06
6.282172193486245191e-06
6.502217897589154820e-06
6.687051804682223180e-06
6.764470150155470062e-06
6.996412077844730841e-06
7.123588829994807902e-06
7.252348549843146586e-06
7.403579226100368710e-06
7.523710226844616464e-06
7.897721027572131728e-06
8.046803595418215949e-06
8.236748676737496575e-06
8.330195934574051336e-06
8.616536881280318630e-06
8.754537058460450666e-06
8.801900469946384264e-06
8.969711111857654775e-06
9.269819894341244288e-06
9.588886784931397559e-06
9.730144238788644408e-06
9.913169386569510149e-06
1.006570090702160870e-05
1.039315105324775722e-05
1.083484079160831647e-05
1.084781603967999718e-05
1.138791256074924605e-05
1.156361280531306623e-05
1.209450577776143866e-05
1.229084835216650823e-05
1.247960032732693941e-05
1.257707725003556320e-05
1.291801100137093883e-05
1.321742301651052997e-05
1.323684242323445564e-05
1.364286935349743997e-05
1.402789620876831626e-05
1.458976639105853612e-05
1.477665890088710258e-05
1.516493951599719721e-05
1.536750181694969552e-05
1.551681171230672964e-05
1.593943930574554991e-05
1.620235641546462812e-05
1.664557573294996607e-05
1.702144945049564875e-05
1.716438299218924968e-05
1.738749388791908530e-05
1.786563708440931167e-05
1.830509392049416945e-05
1.848724961310686769e-05
1.899654845169084075e-05
1.916726112416511834e-05
1.960064350617520120e-05
2.027074923286354292e-05
2.073094261643730068e-05
2.109129096168842318e-05
2.164291101471814868e-05
2.191938092928964578e-05
2.219766391382927570e-05
2.261567760243177844e-05
2.293289976631844167e-05
2.319775910414445378e-05
2.330812278049792125e-05
2.392942465972508281e-05
2.430326153725903752e-05
2.435287908244773860e-05
2.477061546438017278e-05
2.611409209751246172e-05
2.660308277486560485e-05
2.678018878822714823e-05
2.741492569190805067e-05
2.822390965382636901e-05
2.852923883177100781e-05
2.917530440686038652e-05
2.935441656968954408e-05
2.953886926643086057e-05
3.012911018014537812e-05
3.114388649003031870e-05
3.145754693546264563e-05
3.230592980404488454e-05
3.327761739537471995e-05
3.361908104453375948e-05
3.418873462437795665e-05
3.487092663427982241e-05
3.549572441386791318e-05
3.634151085501829102e-05
3.677771100575710203e-05
3.702935217331291255e-05
3.874436770919736044e-05
3.922584141124991721e-05
4.067150472685758246e-05
4.109863548427374942e-05
4.129145096800762853e-05
4.208939576526475406e-05
4.280548265441454421e-05
4.322994479022793416e-05
4.413187185355738193e-05
4.473869734689456192e-05
4.513620178154357783e-05
4.557932631007583478e-05
4.717593630821013793e-05
4.736180567994524750e-05
4.824677867816948220e-05
4.885285670770179479e-05
4.933859252040069879e-05
5.119109510951737378e-05
5.256551719317201302e-05
5.312989629044988465e-05
5.387924197519415798e-05
5.473052684203681320e-05
5.625825191634856274e-05
5.717321940306897160e-05
5.825259228064242218e-05
5.991251744386135721e-05
6.185166134241007658e-05
6.228334749852035583e-05
6.366719739370734898e-05
6.467436155492491297e-05
6.577733511976661691e-05
6.603832786848184229e-05
6.749862417124734466e-05
6.926001106056396130e-05
7.040493076467911474e-05
7.142385547868933607e-05
7.283350104905876859e-05
7.353718774981818547e-05
7.444693440813117727e-05
7.651436011842725868e-05
7.766327517381346865e-05
7.865420423105658231e-05
8.219090512447361910e-05
8.273517778009565769e-05
8.399215064044901295e-05
8.671295685964507235e-05
8.738557405533534908e-05
8.895271952646771586e-05
9.040989743519684278e-05
9.091455211223409554e-05
9.581172035442417660e-05
9.696890830643562344e-05
9.810614632994585349e-05
9.985313560465658043e-05
1.019502965994017888e-04
1.039472174696850137e-04
1.053651390430159705e-04
1.073305622878188356e-04
1.093150697465392117e-04
1.120004757530057012e-04
1.138644203702802174e-04
1.173996905161871901e-04
1.177309872063653874e-04
1.187285014073740952e-04
1.210553521111686445e-04
1.245937023126656156e-04
1.261199672439247417e-04
1.292652625620287763e-04
1.317196206276225671e-04
1.338788824668346133e-04
1.359652827759518141e-04
1.380905350057035042e-04
1.407382435582123150e-04
1.449290484824956816e-04
1.483147975197532571e-04
1.499608635326843853e-04
1.514693639375256197e-04
1.519579368228968273e-04
1.549229846068866012e-04
1.597879807238031323e-04
1.629854379029189082e-04
1.656478686354254375e-04
1.691482250939165021e-04
1.725000018414166864e-04
1.738510151892924368e-04
1.778750906482658850e-04
1.815081181745630554e-04
1.856867455239961451e-04
1.885262933389698990e-04
1.940159500254606893e-04
1.977075101155632440e-04
1.988165105127282981e-04
2.023711031168996940e-04
2.075009192222290982e-04
2.138158515417147847e-04
2.181966234254648800e-04
2.216869416251240833e-04
2.282058300912505528e-04
2.327404857315960288e-04
2.347006506595703977e-04
2.364379021454565233e-04
2.468422845365335415e-04
2.488284266004592597e-04
2.523894616236928832e-04
2.575555471020669614e-04
2.632665126533868740e-04
2.651469739724068072e-04
2.718288268797094519e-04
2.779578897870140430e-04
2.835363976147981056e-04
2.871664201477826619e-04
3.025339695387069261e-04
3.067376316274221461e-04
3.159842676397765001e-04
3.174524602527394263e-04
3.223084864264497834e-04
3.283861218140660598e-04
3.338207293144525517e-04
3.438462471539895223e-04
3.493506942799126484e-04
3.520368831593884097e-04
3.686096678802062120e-04
3.813743641319007095e-04
3.853070810033036630e-04
3.948981768735586859e-04
3.991983812291872383e-04
4.038520842268110813e-04
4.133428057155021573e-04
4.188315300988967329e-04
4.302421072639342307e-04
4.414122008079671188e-04
4.521287340877943412e-04
4.731252464022180407e-04
4.750198514366446860e-04
4.879273821531624465e-04
5.027513915033366516e-04
5.200325216888956664e-04
5.301705189654539992e-04
5.401871124231838505e-04
5.514802058799110184e-04
5.642110899311490171e-04
5.682937788951040016e-04
5.712451146092606229e-04
5.835822630046142052e-04
6.119054996703944061e-04
6.140657621518619226e-04
6.347488641080488696e-04
6.558529200900455568e-04
6.614446109910146910e-04
6.875400181494923735e-04
7.186297488683557073e-04
7.253845126258386209e-04
7.433147991675829319e-04
7.675918005425291617e-04
7.745485409106822507e-04
7.876980181709024786e-04
7.979785974923991670e-04
8.251144676000483642e-04
8.589116160218056859e-04
8.800678773352655282e-04
8.925600027874551956e-04
9.079864022175694214e-04
9.534741241209261555e-04
9.717616520579728514e-04
1.011957931646953555e-03
1.025875001908203941e-03
1.052669269720230092e-03
1.090951309110627879e-03
1.111872853405009931e-03
1.170406657082578156e-03
1.219922078939874406e-03
1.284409042976186440e-03
1.291236542406229816e-03
1.343012158139858612e-03
1.374244301420547536e-03
1.405519122627397208e-03
1.435495528732193618e-03
1.480719223770033451e-03
1.514264986686784118e-03
1.579374365906045623e-03
1.665384622848184925e-03
1.737633569720675080e-03
1.776020535679426280e-03
1.810515842001099874e-03
1.890631500940741401e-03
1.919899986626556363e-03
1.972212714405722177e-03
2.120312906492371249e-03
2.149130386301028022e-03
2.290982169238518166e-03
2.334960781954849036e-03
2.475714827072195839e-03
2.529004570907809370e-03
2.656516429723175705e-03
2.685098397651239539e-03
2.860577826073174706e-03
2.984553938651623908e-03
3.102626681582538494e-03
3.368212609857554850e-03
3.390346431166278273e-03
3.624617304910011852e-03
3.655974915144460848e-03
3.988185064554691447e-03
4.339969280603201210e-03
4.435171746978358413e-03
4.651309988443506904e-03
4.810858403023482964e-03
5.151760268730229061e-03
5.795070667077093472e-03
6.159580263983627929e-03
6.609028737503519491e-03
7.294904309308188062e-03
7.737329839128261055e-03
8.573862562100876064e-03
9.416684400464328183e-03
9.979023061435391556e-03
1.081905095637740455e-02
1.195818779345116448e-02
1.326713382692822941e-02
1.364248673019580714e-02
1.543145310487975194e-02
1.860233290558845412e-02
1.969962549399075988e-02
2.173598990870603473e-02
2.457387878608303586e-02
3.071971239999914463e-02
3.485398667822806051e-02
5.368275758749559839e-02
6.743806881468761283e-02
7.050248271567834124e-02
9.302778259493593715e-02
1.045684454308875855e-01
1.888352757862633569e-01
2.005746856049128168e-01
5.273528709283257232e-01
2.238988282040577538e+00
4.238095308302364472e+00
1.155382387102887876e+01
