6.207820553882034166e-04
4.210422339820112819e-04
2.349381540377070343e-04
1.443921807360883363e-04
1.232088332372849185e-04
8.154847359282550495e-05
6.400459664458614647e-05
5.609125977427611439e-05
4.717165968554695835e-05
3.927630722187898068e-05
3.574212920700579638e-05
3.473728212611817891e-05
3.089039613084225742e-05
2.519414976554594567e-05
2.425060975742409424e-05
2.016278540241417082e-05
1.824565492269663656e-05
1.784027154721805626e-05
1.641216280420928694e-05
1.148219275300425657e-05
9.777639214103934693e-06
8.606217838529136809e-06
8.098991373871761043e-06
4.931584076924963976e-06
3.453079393085734686e-06
6.399751469476500432e-19
3.890674293104067817e-19
2.859924566536550543e-19
2.747903424835480165e-19
2.645120945323584721e-19
2.329997657646134315e-19
2.232556788860652803e-19
2.103850615915727427e-19
2.095995415700106383e-19
1.975685221642529151e-19
1.901363807097853553e-19
1.864546175771670736e-19
1.825076624114026840e-19
1.780614296727284844e-19
1.776967334643005118e-19
1.737070624440269221e-19
1.690415706178494654e-19
1.670987099694837966e-19
1.638316046694878624e-19
1.606734798411447566e-19
1.554092002562186692e-19
1.531688072338055715e-19
1.504876452069507087e-19
1.470284672745487385e-19
1.455515237604265795e-19
1.433441208211654467e-19
1.409712046366638192e-19
1.379403075426029912e-19
1.363583496742021288e-19
1.338382901225557845e-19
1.318653422732624645e-19
1.299096826004551582e-19
1.277044845333885546e-19
1.267900432517674641e-19
1.245695325410849029e-19
1.239776972599386530e-19
1.209839338145032538e-19
1.198601381990602350e-19
1.187752892870375380e-19
1.169706707056807361e-19
1.162246364287933599e-19
1.143239278892364574e-19
1.116448618648142630e-19
1.100363332576804835e-19
1.083688284068665545e-19
1.074317011798165991e-19
1.062311818723519220e-19
1.053767928467743133e-19
1.036196495196484124e-19
1.027083689323039114e-19
1.012529789826849754e-19
9.961702373808267020e-20
9.859290816028342032e-20
9.782659066693134777e-20
9.608955571162737548e-20
9.555763931555643479e-20
9.469984142953362286e-20
9.396073975691223381e-20
9.254640169929658179e-20
9.210561509067641984e-20
9.064970501914637124e-20
8.880678116746697909e-20
8.836331067613925997e-20
8.743857354778173154e-20
8.675486925412171301e-20
8.455817938411745746e-20
8.316090150918454618e-20
8.267087335962717462e-20
8.229507147997571638e-20
8.170892525336736954e-20
8.038848622972699966e-20
7.927830856223861974e-20
7.833392291565471318e-20
7.785429861464738504e-20
7.644836072269051195e-20
7.639913907722818843e-20
7.502153997612889763e-20
7.376753924848254158e-20
7.307866109894883980e-20
7.219673263009940036e-20
7.128133380021612745e-20
7.046397852095387503e-20
6.975217375930451092e-20
6.884965314708293847e-20
6.820679757685944460e-20
6.787432103495026379e-20
6.715975913080679213e-20
6.701814693325925076e-20
6.532373712519662201e-20
6.528397244239549272e-20
6.436822293117773833e-20
6.339598000963737527e-20
6.296743243346616305e-20
6.260801266312629617e-20
6.175450628035306448e-20
6.165636701216908907e-20
6.011099167837526661e-20
5.977347636437301008e-20
5.932497371394205587e-20
5.918923190895527924e-20
5.815117893176344712e-20
5.762402885759485158e-20
5.663579012931020713e-20
5.630400566211778307e-20
5.591630113269554459e-20
5.541573144176538110e-20
5.500221701107951072e-20
5.469387959449532490e-20
5.405132717223375614e-20
5.351412381004788181e-20
5.303173512930821272e-20
5.275978603296282704e-20
5.200840521131642373e-20
5.115965065197897683e-20
5.043019231684403816e-20
5.014996770208951725e-20
4.918062228585494464e-20
4.870886021913369231e-20
4.827944572562952130e-20
4.784115373999204331e-20
4.768580951709867892e-20
4.690080885841358666e-20
4.656074221434563630e-20
4.613716913465555743e-20
4.561124070756450566e-20
4.449128836216564455e-20
4.388370520299309166e-20
4.362124367224682884e-20
4.340082748809243489e-20
4.291440817252306505e-20
4.253010052965079856e-20
4.202684675181967778e-20
4.113798286060574302e-20
4.099282399806645192e-20
4.055768848444837828e-20
3.990332653073924886e-20
3.979027712059591696e-20
3.919494985339569358e-20
3.912704693713434451e-20
3.860751704651815662e-20
3.810361673809366497e-20
3.788283432411241837e-20
3.764795999333011236e-20
3.747835997492456692e-20
3.715563483166846817e-20
3.630132015744522865e-20
3.603028106907084851e-20
3.556104792330843516e-20
3.496661793454741266e-20
3.460855101270716087e-20
3.417048832378849900e-20
3.385962425940511994e-20
3.367174445174141048e-20
3.316258393795453088e-20
3.294258140933739584e-20
3.273291354883165893e-20
3.213360668834821377e-20
3.154234711156453418e-20
3.135498658479051770e-20
3.095707898063320682e-20
3.072240222196279792e-20
3.022010918947281171e-20
3.004714715783530068e-20
2.971769300039059669e-20
2.960385033743348745e-20
2.921059268908357151e-20
2.873229440332048834e-20
2.850140090166284982e-20
2.830299881485592619e-20
2.797853243826528781e-20
2.768193037948327401e-20
2.731552936444683850e-20
2.707499439586315901e-20
2.660672353576914273e-20
2.644740865863937296e-20
2.635453842207624018e-20
2.597385183591784900e-20
2.563268828517783068e-20
2.551756974295571203e-20
2.491701399652312635e-20
2.465663254052193638e-20
2.443953929696165456e-20
2.386384400934773725e-20
2.371287225273301152e-20
2.336003033937522012e-20
2.288483568876138906e-20
2.243892198031444708e-20
2.234534004614628953e-20
2.196769398021631067e-20
2.189661644427103282e-20
2.164111602997134929e-20
2.098458959269397463e-20
2.083663055051019591e-20
2.072854495898062999e-20
2.063211113226420760e-20
2.039308278980161686e-20
2.016666700150876597e-20
1.978074443813004985e-20
1.959370375250732431e-20
1.938070801518127118e-20
1.903093994521012263e-20
1.887670494362551148e-20
1.871369226390357352e-20
1.857015007899065084e-20
1.824991669659887257e-20
1.817988451021791794e-20
1.791183992190633973e-20
1.745561747080922470e-20
1.730214067919323588e-20
1.708031811993121255e-20
1.671681888291275682e-20
1.652603144662891606e-20
1.646987079458476872e-20
1.620144437726594311e-20
1.597845982051813862e-20
1.570480788637134520e-20
1.556283164542129766e-20
1.524017943168915974e-20
1.496479863002284422e-20
1.487250205194857717e-20
1.463159274577783972e-20
1.447885102469406237e-20
1.421496618033424387e-20
1.411929233930011482e-20
1.402702899732633023e-20
1.357920160058641040e-20
1.352413713426627619e-20
1.315581186769766946e-20
1.310844614131636052e-20
1.300952840301813885e-20
1.262395910104519738e-20
1.239276582987175905e-20
1.216125683079159379e-20
1.202042955122751086e-20
1.169990696390252999e-20
1.164923668447144406e-20
1.138239332896428412e-20
1.107742504212106310e-20
1.099283217177711453e-20
1.079066962904807924e-20
1.065579494037641858e-20
1.044729417186449566e-20
1.034534107757049428e-20
1.015873302945267204e-20
1.006157067532293997e-20
9.823676080934084385e-21
9.593304650335823619e-21
9.387061763985754920e-21
9.286488283389410515e-21
9.163945186537704515e-21
8.989572543720939176e-21
8.860743074252826066e-21
8.593754886127511467e-21
8.512160717034588141e-21
8.176350272828342656e-21
8.049734558610724695e-21
7.851015522059463770e-21
7.663561903968792516e-21
7.530584341487689490e-21
7.410718703004029990e-21
7.270913968560573550e-21
7.116213338187079934e-21
7.003800035915858198e-21
6.879397953980926613e-21
6.727106904963775617e-21
6.622937144575145297e-21
6.383157633309446100e-21
6.325090562630902173e-21
6.192776981853118471e-21
5.983816911532655559e-21
5.811664369291714616e-21
5.635945158886181287e-21
5.495032190726559300e-21
5.329548008387283607e-21
5.235400722338707493e-21
5.043772057077272325e-21
4.903760613520523586e-21
4.832346256403982614e-21
4.675618374998108524e-21
4.556930241366660444e-21
4.462413698906852061e-21
4.302955410513513897e-21
4.145509217735727131e-21
4.008880225985048019e-21
3.905240857965211952e-21
3.725529704680987102e-21
3.668808905859484742e-21
3.460096197335048283e-21
3.380430292752787385e-21
3.289863350987901091e-21
3.201257500631171009e-21
3.147758369881643962e-21
3.038317697884573754e-21
2.968238410216114999e-21
2.888035672498196940e-21
2.782693815665926412e-21
2.607881453103840514e-21
2.436587702746088820e-21
2.348501451384781385e-21
2.280291348639916454e-21
2.169448581268869810e-21
2.020189726674008259e-21
1.880261738617062242e-21
1.850621258603699134e-21
1.784875861201556777e-21
1.574525158205726182e-21
1.486784525606390404e-21
1.387501656343478288e-21
1.233520926466844648e-21
1.173775498244958706e-21
1.160201833124728851e-21
1.067978040874262759e-21
9.341532070815524917e-22
8.875450344166442752e-22
7.624104876055342610e-22
6.999352973630034967e-22
6.408366559830452651e-22
5.908054753212780510e-22
4.754761771551858200e-22
4.052955494995136463e-22
3.291273619113111287e-22
3.198546641427123528e-22
1.892604060408614782e-22
1.620136585835566166e-22
1.263092604102529597e-22
5.245531721681815496e-23
-4.229983920075026480e-23
-1.333269774494448009e-22
-1.840523913004988144e-22
-2.648113000981046199e-22
-3.139468724776735849e-22
-3.518796241648375737e-22
-4.406437945114252701e-22
-5.509835303820992773e-22
-6.003883054196058474e-22
-7.125168258034246102e-22
-7.954968760380963652e-22
-8.794939731054584585e-22
-9.097446246289418572e-22
-9.884301727728191341e-22
-1.188200379037349730e-21
-1.203001629496773934e-21
-1.231024130318685750e-21
-1.326107643664233510e-21
-1.415964661956110555e-21
-1.548283960238832161e-21
-1.646768211040878651e-21
-1.726649955452427891e-21
-2.099896246951950184e-21
-2.106385080276889155e-21
-2.176703951783692321e-21
-2.234031239314602248e-21
-2.390694136333360723e-21
-2.452043458866881349e-21
-2.636310888316789279e-21
-2.735522116278704896e-21
-2.794959073359643437e-21
-2.930039956937344394e-21
-2.974074243711495046e-21
-3.058724237208661705e-21
-3.216719440712673489e-21
-3.347664983235633416e-21
-3.427039979347961238e-21
-3.618017423005822787e-21
-3.848803531911738750e-21
-3.912333434090279138e-21
-3.969021489864493136e-21
-4.078148880605942408e-21
-4.265356795365047776e-21
-4.390750247332984765e-21
-4.464777937724121532e-21
-4.631729879404883207e-21
-4.787725826037266845e-21
-4.816269603717881025e-21
-5.119363609121175818e-21
-5.214751655602263818e-21
-5.341280703646545598e-21
-5.386087778851765163e-21
-5.519260409144601185e-21
-5.584986986956966750e-21
-5.838440759337042232e-21
-6.003773168577751887e-21
-6.180367506535979513e-21
-6.313941396233934403e-21
-6.414914401381886230e-21
-6.640004867805521041e-21
-6.726709469078382573e-21
-6.940865732947735813e-21
-7.170340682109055177e-21
-7.211048006341653946e-21
-7.270180963285087569e-21
-7.331237856053458337e-21
-7.623807329600830906e-21
-7.774128658265430994e-21
-7.828014590604851875e-21
-8.000416655917106212e-21
-8.194369294378493339e-21
-8.434357537971025724e-21
-8.637533474537122484e-21
-8.930377685561997815e-21
-9.190911532359054514e-21
-9.274467308338151121e-21
-9.404905242782012421e-21
-9.529840188267147631e-21
-9.658808679431541580e-21
-9.927974094231024338e-21
-9.954514834579049999e-21
-1.002782915830256473e-20
-1.026712112855659623e-20
-1.062222371573644896e-20
-1.082889948932349029e-20
-1.108635506939847436e-20
-1.150538460249745869e-20
-1.158565567568853751e-20
-1.164496792403234468e-20
-1.177069183969032727e-20
-1.195387811491771005e-20
-1.208524040807098934e-20
-1.226936029446499308e-20
-1.279471213129584692e-20
-1.293851361386301173e-20
-1.311861612948052751e-20
-1.319730089746956243e-20
-1.333356467639959497e-20
-1.367575239699778432e-20
-1.385828049924294565e-20
-1.399768006045612870e-20
-1.423457257010152427e-20
-1.445437444224327224e-20
-1.462969005949535095e-20
-1.470457436336563930e-20
-1.490396145629799505e-20
-1.509139519608109696e-20
-1.527033841521076073e-20
-1.539182905926963798e-20
-1.570842168475890886e-20
-1.601698591196828165e-20
-1.618372148732429317e-20
-1.654602475118214956e-20
-1.655637628031534911e-20
-1.684592203839600023e-20
-1.715356355936779957e-20
-1.734761460637480927e-20
-1.746105484308486664e-20
-1.786030922733815262e-20
-1.811125849172410617e-20
-1.829780433047782968e-20
-1.855178790680582619e-20
-1.880988425885156239e-20
-1.895293422843816127e-20
-1.909966596822518248e-20
-1.941799526700152542e-20
-1.953993015886620012e-20
-1.992622142792866209e-20
-2.015461006441019672e-20
-2.051310450578129049e-20
-2.072248061123604310e-20
-2.096456756033733863e-20
-2.107271527440819458e-20
-2.152384890212704356e-20
-2.173039813626973872e-20
-2.225427771031832668e-20
-2.236800342260261459e-20
-2.288446494052566522e-20
-2.305522316743717799e-20
-2.321479254835445506e-20
-2.353203328991199704e-20
-2.379118415660127435e-20
-2.387091586082774855e-20
-2.400499446072112769e-20
-2.440181704777326667e-20
-2.482216686837840729e-20
-2.502863061589722127e-20
-2.533157920698290243e-20
-2.602936422772899457e-20
-2.615862158480051476e-20
-2.635252498463383390e-20
-2.651281324989774989e-20
-2.676606775353095732e-20
-2.743254949196770451e-20
-2.785926345857329758e-20
-2.813679830681186067e-20
-2.838423245036756949e-20
-2.869875770324231965e-20
-2.886863351036856798e-20
-2.897021727806124984e-20
-2.912571874903074175e-20
-2.987029319101643262e-20
-3.000847492588915546e-20
-3.027561892088315379e-20
-3.065283337032585485e-20
-3.074802568848868292e-20
-3.138115706011931814e-20
-3.172698528849171406e-20
-3.184723635416483286e-20
-3.242064810838860394e-20
-3.265221424325521127e-20
-3.296402057211836636e-20
-3.325441150706497162e-20
-3.373003016567061991e-20
-3.388426403341775488e-20
-3.456636113119215675e-20
-3.501276818433995328e-20
-3.517385625027474833e-20
-3.562668755882817186e-20
-3.585904494606747011e-20
-3.616224021097596854e-20
-3.645776317880603394e-20
-3.708395770615271533e-20
-3.736397337453999697e-20
-3.793480043092337444e-20
-3.832888652349495586e-20
-3.890908902097995794e-20
-3.895287052556741376e-20
-3.962231737712083785e-20
-3.999764299044555644e-20
-4.037267116152810307e-20
-4.077163622510512620e-20
-4.136427618640227860e-20
-4.200932281524341482e-20
-4.209178210483963521e-20
-4.241723380063522053e-20
-4.293945661296942134e-20
-4.333821389563816101e-20
-4.421459417023483260e-20
-4.446661735895501826e-20
-4.465745654187575361e-20
-4.536325084408626254e-20
-4.576573119949750618e-20
-4.615734278163052457e-20
-4.815783288585206224e-20
-4.833695700400377077e-20
-4.847468373907385490e-20
-4.911983337929836417e-20
-4.971112592701929980e-20
-4.998200431532915123e-20
-5.056823596667732004e-20
-5.068308890654831493e-20
-5.140772703490362694e-20
-5.166547203261751263e-20
-5.207055915077603193e-20
-5.322325029495937605e-20
-5.367141442219673300e-20
-5.458185417665563708e-20
-5.569681499058300367e-20
-5.594138331774741193e-20
-5.614248438288716065e-20
-5.714290361079932862e-20
-5.735530195880404482e-20
-5.767217241255616231e-20
-5.824954494971820359e-20
-5.916959516796942992e-20
-5.961128722733505959e-20
-6.057717706632141477e-20
-6.067719642213407445e-20
-6.206787317011827843e-20
-6.237239506479363691e-20
-6.296284087362995601e-20
-6.352244606555814211e-20
-6.455886795601266569e-20
-6.540253492424120078e-20
-6.579788481565303461e-20
-6.617882157895634187e-20
-6.726960864572845263e-20
-6.822464578601495419e-20
-6.917358091657686336e-20
-6.983254982063973999e-20
-6.998642132385132847e-20
-7.141356182803566199e-20
-7.224343587825391570e-20
-7.275670287026332233e-20
-7.291663544252025435e-20
-7.343720595771003407e-20
-7.421360582307896006e-20
-7.591782437037053122e-20
-7.619330714723481566e-20
-7.697359131253787834e-20
-7.731657776774482008e-20
-7.860075555266582792e-20
-7.887868944317396251e-20
-8.067711456513746101e-20
-8.105661716474349051e-20
-8.134639895407517373e-20
-8.324548213493832390e-20
-8.336054538982002764e-20
-8.489196586833290440e-20
-8.499017073277385040e-20
-8.557296579460820403e-20
-8.636516390054572390e-20
-8.854351365584709844e-20
-8.925986773674397145e-20
-9.161522139801137616e-20
-9.237444241443490355e-20
-9.313609484418909851e-20
-9.528575670269002505e-20
-9.620241947419731402e-20
-9.760278060041783898e-20
-9.852689755453642112e-20
-9.898470652327719947e-20
-1.005510381632143868e-19
-1.018899538633720680e-19
-1.026182806170409033e-19
-1.041084570851694374e-19
-1.048162336316021109e-19
-1.057934651292486914e-19
-1.082169860209653754e-19
-1.094725183905612842e-19
-1.105138001766117031e-19
-1.128433156427035035e-19
-1.154143156720327122e-19
-1.165202320592790075e-19
-1.171242004103190409e-19
-1.198111941982828822e-19
-1.204036203988760252e-19
-1.221334575794204143e-19
-1.264501953139532564e-19
-1.285328596716762877e-19
-1.298775953604966723e-19
-1.316718352001514191e-19
-1.333059884007885628e-19
-1.349429415030193246e-19
-1.358349753921810439e-19
-1.391992898581002847e-19
-1.395174822375875597e-19
-1.419602155406963164e-19
-1.448868585813208583e-19
-1.456015965905277249e-19
-1.486666342648488794e-19
-1.502285816745750872e-19
-1.542258585546337757e-19
-1.588211866976177985e-19
-1.594304708935503249e-19
-1.639026573155782584e-19
-1.689332177120959207e-19
-1.706223862989512471e-19
-1.764969251040453161e-19
-1.786553491776407949e-19
-1.804204069573350618e-19
-1.861789775242161412e-19
-1.874738870927229322e-19
-1.933958014804945947e-19
-1.939758157831009745e-19
-2.113248981470090006e-19
-2.177931021042100405e-19
-2.213929368865075473e-19
-2.419453136235319833e-19
-2.446787116883742638e-19
-2.499042239354666856e-19
-2.731559855072134402e-19
-3.285534718263398695e-19
-6.278151223909116729e-19
