5.263745458317845710e-03
5.106415434804553906e-03
3.079515894913496723e-03
1.436792697733021203e-03
1.070039502668181227e-03
7.772589676574682234e-04
5.360979606842523372e-04
4.807334926395151259e-04
4.071256690143447801e-04
3.845363730272394068e-04
3.667787329400352199e-04
3.414002302892898120e-04
3.302038304160528665e-04
2.867644575605249584e-04
2.745300576334875437e-04
2.679821410608094600e-04
2.629851193247899886e-04
2.505219364832187399e-04
2.329802603733857841e-04
2.147908587629062673e-04
2.119909449568225157e-04
2.083600899815010548e-04
1.983548593433070767e-04
1.935729170524395026e-04
1.829421172281924966e-04
1.709785105700582254e-04
1.688015863715733387e-04
1.588779510060380016e-04
1.504442549001653315e-04
1.425041726361890929e-04
1.408184347463388019e-04
1.349343463308247696e-04
1.340281356717939608e-04
1.309094791656645470e-04
1.291818568174673675e-04
1.209102215244492625e-04
1.143150857433557807e-04
1.104821823414333650e-04
1.069187572606959983e-04
1.063052643788243811e-04
1.010568764260410239e-04
9.860771782400698103e-05
9.341439856843742002e-05
9.015538866529354588e-05
8.755726391712516236e-05
8.349742838209103422e-05
8.220646905695601489e-05
8.053765500148840964e-05
8.007927764510630445e-05
7.823862254643446632e-05
7.666836841981014051e-05
7.465810381098137935e-05
7.112133728801132157e-05
6.727945408829981628e-05
6.637673689768904396e-05
6.585558695161036085e-05
6.203678069865577421e-05
5.884746771704947853e-05
5.778226961854753690e-05
5.633350560546927338e-05
5.467480990117518314e-05
5.231574942567465794e-05
5.160652101397288462e-05
5.016870553374064062e-05
4.845340974605208883e-05
4.578358832932133486e-05
4.504553094989804767e-05
4.299474917178542141e-05
4.263226496979354404e-05
4.165336468867532479e-05
3.909561886846049027e-05
3.878272909704632985e-05
3.762048257522759696e-05
3.754340980262002320e-05
3.596320733622022198e-05
3.537330454394471094e-05
3.470003341365158919e-05
3.435674764798624683e-05
3.326610203594792446e-05
3.142716185250916727e-05
3.025866024727333836e-05
2.943487547530103900e-05
2.924345407383325955e-05
2.828305573109103055e-05
2.644300251097596907e-05
2.578394756732622968e-05
2.462081566373488281e-05
2.445956260184984992e-05
2.405995344562709113e-05
2.331143868440375884e-05
2.285128115226928055e-05
2.154534765016976155e-05
2.094015809700515229e-05
2.057585063328468499e-05
2.028203739111030546e-05
1.951699310887557929e-05
1.881788738053898340e-05
1.836696340276055224e-05
1.781496398815995277e-05
1.700251596701107099e-05
1.667554529604978165e-05
1.596232697596242314e-05
1.575671288246025673e-05
1.542311964273480413e-05
1.453779562730758422e-05
1.393642187699664802e-05
1.390012450585485060e-05
1.356481444490256401e-05
1.334573766201585350e-05
1.245626012666791772e-05
1.225069012829816497e-05
1.212977611532589017e-05
1.153592447587472236e-05
1.095739633872871130e-05
1.043503931208816377e-05
1.008210880468611083e-05
9.817000678181126466e-06
9.740973248085157241e-06
9.174189560260536755e-06
9.006787612283802895e-06
8.877209250144053827e-06
8.564753117369338351e-06
8.388713427999534814e-06
8.025292773585824920e-06
7.615518885472373309e-06
7.487172464939806063e-06
7.173506607529476005e-06
6.875641552680330758e-06
6.563998598097846239e-06
6.210481766864331275e-06
6.090466352859964054e-06
5.805360191376184746e-06
5.637622339339405958e-06
5.318610070756072296e-06
5.166744108687173618e-06
4.869182957845832505e-06
4.785028887179092622e-06
4.603482862444705782e-06
4.593647596135811374e-06
4.250140102522456876e-06
4.160041363343267084e-06
4.104867167136303149e-06
3.903327046670690459e-06
3.661141804591631343e-06
3.537927346063838257e-06
3.321061348850192202e-06
3.141502708241292148e-06
3.082419086147546690e-06
3.024725041116102083e-06
2.900568903610055340e-06
2.793029780136099784e-06
2.647952271269210864e-06
2.551946513461206616e-06
2.492809251248941582e-06
2.293065298726708763e-06
2.138128815981293531e-06
2.054879671683379047e-06
2.001678191391909033e-06
1.978768991187359740e-06
1.795706435377587981e-06
1.719146277544292181e-06
1.634972665735610701e-06
1.569981355573872047e-06
1.494154710143957546e-06
1.468186851909264913e-06
1.438758486658291204e-06
1.389479443739708436e-06
1.334266538740120909e-06
1.316259216716535740e-06
1.280364510940338351e-06
1.164805066070724718e-06
1.122996730739356300e-06
1.081256705803727005e-06
1.000095260755157533e-06
9.538327000322182868e-07
9.128375010162943208e-07
8.880415963587046051e-07
7.976873708302385405e-07
7.797424990012994861e-07
6.999170334721622314e-07
6.722670176686221884e-07
6.418516408882788595e-07
5.905176133702741464e-07
5.791043247421277110e-07
5.183133582936814028e-07
4.930193234083578491e-07
4.502838797553835804e-07
4.448746681163153369e-07
4.298792761078722956e-07
3.626634108925590902e-07
3.569951836745352999e-07
3.407408817940753741e-07
2.706821326270454583e-07
2.345826824201540322e-07
2.157961470446960090e-07
1.939314527439417747e-07
1.650159619782315920e-07
1.609366355278558514e-07
1.100066776083082981e-07
1.023751195063568088e-07
6.937498262276506453e-08
3.132124205800648786e-08
1.188927934707088595e-08
2.666027229404946523e-20
9.881064572021397711e-21
-3.010574456920969033e-08
-3.759876596356867245e-08
-5.544527003252429621e-08
-6.708071673078881148e-08
-1.089372940917925361e-07
-1.637157463004478937e-07
-2.144981000280197819e-07
-2.337637468783837606e-07
-3.266008091644220614e-07
-3.634919804875880213e-07
-3.865049378480955919e-07
-4.156657536737127631e-07
-4.794205238344728570e-07
-4.957634951218953594e-07
-5.799626235728882976e-07
-6.416569491691831183e-07
-7.304604370754325071e-07
-7.326010240633613378e-07
-8.448308702355981988e-07
-9.404959658759957683e-07
-1.010502677421633492e-06
-1.093590433299825863e-06
-1.174695092158095670e-06
-1.283812951613830341e-06
-1.301551062774687326e-06
-1.336174864197532208e-06
-1.383613875442325066e-06
-1.501333759206000624e-06
-1.593954715942482185e-06
-1.674285858847638737e-06
-1.794759595680703230e-06
-1.834145254313720237e-06
-1.835910442125051334e-06
-1.957103562706328783e-06
-2.031974331168687820e-06
-2.093663966200355382e-06
-2.207740759411768757e-06
-2.321763764808818422e-06
-2.382134972461154641e-06
-2.460130484088944815e-06
-2.554536695352406872e-06
-2.645151469726954301e-06
-2.651329468271752404e-06
-2.707045302393260763e-06
-2.830251462335048685e-06
-2.894717719794181910e-06
-2.950661815814389196e-06
-3.047555232202984745e-06
-3.274792240574396530e-06
-3.374348121564405578e-06
-3.422352129753959627e-06
-3.531586433752893294e-06
-3.622009873567153709e-06
-3.735560623540994713e-06
-3.809993672721250955e-06
-3.825109520671210755e-06
-3.979304650878352723e-06
-4.219179215396986419e-06
-4.274990173807040683e-06
-4.469103462418852050e-06
-4.499174550547380068e-06
-4.613327266306082939e-06
-4.733448106944584126e-06
-4.789410326658066483e-06
-4.896708710387883171e-06
-5.055447433029068822e-06
-5.145974847809563037e-06
-5.328555722936408691e-06
-5.391683607948880948e-06
-5.688398416837316427e-06
-5.737751404693990023e-06
-5.922805679264664997e-06
-5.989944620326219173e-06
-6.066434739956327274e-06
-6.209093555599429123e-06
-6.359316526024856455e-06
-6.443829375003704472e-06
-6.682367967003539028e-06
-6.731699724778896471e-06
-7.012383944692496203e-06
-7.083973999189866331e-06
-7.206791883706564037e-06
-7.292816861505114486e-06
-7.542725598802960669e-06
-7.692118858870337385e-06
-7.775205873934635772e-06
-8.054867181885740673e-06
-8.180481753702229330e-06
-8.285364079989290586e-06
-8.459239926621952186e-06
-8.542833741014956985e-06
-8.779264852460601202e-06
-8.901160991786760684e-06
-9.023271444463582650e-06
-9.191939239214592163e-06
-9.311247940901240243e-06
-9.477239732282879571e-06
-9.704397067990472311e-06
-1.006371104738642981e-05
-1.017065432144850869e-05
-1.028056464727096463e-05
-1.045174668300754226e-05
-1.083044143504935677e-05
-1.104836093723924534e-05
-1.108879707112314387e-05
-1.119430307515519587e-05
-1.144967205948311902e-05
-1.148581753595834999e-05
-1.175911750270283825e-05
-1.185899453693103740e-05
-1.219699104987172682e-05
-1.225111179875187486e-05
-1.257341429684502458e-05
-1.275413368955492359e-05
-1.300260086228336194e-05
-1.339052869437238878e-05
-1.362259291199354089e-05
-1.373849188740531178e-05
-1.403044765835650964e-05
-1.419022997543348869e-05
-1.471002044377355403e-05
-1.486535891279452203e-05
-1.528823595463723749e-05
-1.557572658129704977e-05
-1.581941852754624358e-05
-1.619206166201000812e-05
-1.632358506451553803e-05
-1.650600705889309291e-05
-1.683634614179320616e-05
-1.720499720271805125e-05
-1.736236714950418973e-05
-1.750381303566156659e-05
-1.769585775557948787e-05
-1.813322418837846740e-05
-1.829446278394303833e-05
-1.854424393642010926e-05
-1.890596040918894401e-05
-1.946583430394698756e-05
-1.953431056395970759e-05
-1.966861587251196027e-05
-2.022789391558925707e-05
-2.044059608326928944e-05
-2.121728301393636975e-05
-2.136640619589487403e-05
-2.147912377186307473e-05
-2.160830154729299893e-05
-2.197536009679715351e-05
-2.261772788572706484e-05
-2.278082596371196837e-05
-2.307757417754497650e-05
-2.315170103012555348e-05
-2.331442893002077141e-05
-2.395604151600895916e-05
-2.407697689531560848e-05
-2.422670806952475047e-05
-2.475040324391123236e-05
-2.500444978289766709e-05
-2.547837563351800628e-05
-2.566072588304487643e-05
-2.604073049179322956e-05
-2.635270298628680509e-05
-2.680063260074422622e-05
-2.725265359782634258e-05
-2.733899078944787613e-05
-2.795010770690679712e-05
-2.839992607352583446e-05
-2.856571598878373240e-05
-2.896150232784507726e-05
-2.942788722802430960e-05
-2.960049663976819785e-05
-3.074850335282464916e-05
-3.126356283601913305e-05
-3.182021489140646463e-05
-3.209638008694097806e-05
-3.243918497630206966e-05
-3.272921645691438176e-05
-3.287950332140144504e-05
-3.373465578115986341e-05
-3.397844645268127385e-05
-3.423955159395662885e-05
-3.486152969983874402e-05
-3.519170568611757599e-05
-3.522064800022216405e-05
-3.564392261301145863e-05
-3.630440333005537231e-05
-3.672664013946860069e-05
-3.751867317810229398e-05
-3.818756949461968059e-05
-3.901973821172585212e-05
-3.952655561708945403e-05
-4.004689760970942263e-05
-4.031001970296888286e-05
-4.075445113207146100e-05
-4.090679669361598354e-05
-4.129023989309104124e-05
-4.216014495829564117e-05
-4.298842889028285598e-05
-4.316875650666659325e-05
-4.361740259220662802e-05
-4.417312358508228428e-05
-4.476881437542988703e-05
-4.546351580314520602e-05
-4.591110770489365694e-05
-4.685594743219735685e-05
-4.723937317884860111e-05
-4.789732823972354074e-05
-4.845168636916618850e-05
-4.857289022779142165e-05
-4.899743651533443648e-05
-4.968483214711517926e-05
-4.985721311318420484e-05
-5.109439047566031913e-05
-5.115049244412942940e-05
-5.168954850484294445e-05
-5.329856739536554503e-05
-5.387806119075357650e-05
-5.434915448079105139e-05
-5.508957416479629492e-05
-5.547970292751381211e-05
-5.791349859677305984e-05
-5.838820621309631935e-05
-5.961153902027117564e-05
-5.978617191398206645e-05
-6.016768791746964000e-05
-6.062727235030055653e-05
-6.108628247180789787e-05
-6.212002620643931644e-05
-6.294067635643987998e-05
-6.391997816252449865e-05
-6.428797347112180345e-05
-6.537928628061428474e-05
-6.574119585756038739e-05
-6.642482573802199882e-05
-6.835062511083515987e-05
-6.986790341534303652e-05
-7.120749429482025521e-05
-7.123515842549753838e-05
-7.195142291320943300e-05
-7.209540628738324655e-05
-7.322681175605699245e-05
-7.383994203808193636e-05
-7.483438889301666187e-05
-7.518797077835708497e-05
-7.690117888161092743e-05
-7.736363029542495410e-05
-7.864483093395418590e-05
-7.962194312161998745e-05
-8.012608304846401868e-05
-8.189625971575740777e-05
-8.225478874411898400e-05
-8.322078403363257894e-05
-8.389719310499241841e-05
-8.497407510384565835e-05
-8.645872633690113813e-05
-8.702619507903860605e-05
-8.853606209321332324e-05
-8.951330280222591514e-05
-9.059400950735663324e-05
-9.200488177369457005e-05
-9.330675479835966938e-05
-9.451612249308292512e-05
-9.522045063064885756e-05
-9.780411985818316658e-05
-9.829101565770432484e-05
-9.909099077430148382e-05
-1.010169285888128408e-04
-1.013248465406513065e-04
-1.027719485207509252e-04
-1.042753534778090757e-04
-1.065540593267133790e-04
-1.074662413073212020e-04
-1.081560544280947480e-04
-1.092154812026786869e-04
-1.104456500447668248e-04
-1.114921863228855286e-04
-1.125589775686122702e-04
-1.146981732644027357e-04
-1.153077015562188791e-04
-1.162984896590917467e-04
-1.172321156656357523e-04
-1.189038161275856611e-04
-1.203342022770444831e-04
-1.229878384207053058e-04
-1.260785654006588629e-04
-1.281537590911326616e-04
-1.297078153869769964e-04
-1.312903729396029987e-04
-1.324499084706284011e-04
-1.333336182771058828e-04
-1.349243692742771428e-04
-1.354621188731144346e-04
-1.367215067246473710e-04
-1.390145373433738379e-04
-1.410607665285047404e-04
-1.430662824759251805e-04
-1.444257045515051098e-04
-1.473128180507899787e-04
-1.495648308724386471e-04
-1.509863575202831886e-04
-1.524557661430288639e-04
-1.534997199436710061e-04
-1.562435416071987612e-04
-1.575212130290156907e-04
-1.607209241184066276e-04
-1.643937578372993804e-04
-1.650838339643934788e-04
-1.677049289478484866e-04
-1.687918813387970858e-04
-1.718625467551605985e-04
-1.747531789995161765e-04
-1.763387453348499144e-04
-1.771726700854611757e-04
-1.814794962510363457e-04
-1.831807688491798153e-04
-1.849344306338771243e-04
-1.858132069176344798e-04
-1.879139904922071894e-04
-1.900457278936258133e-04
-1.948162322865380942e-04
-1.966954549915863584e-04
-1.979145777868496041e-04
-1.998849017142538282e-04
-2.013871026730245436e-04
-2.029164082917110754e-04
-2.061030609592891727e-04
-2.069883267520077660e-04
-2.087263025200701181e-04
-2.125777299065119484e-04
-2.132894335372635946e-04
-2.167402723346574718e-04
-2.212837140459176241e-04
-2.240317084411625555e-04
-2.284035778895452599e-04
-2.301304282573445655e-04
-2.327089870916645184e-04
-2.379190350348608192e-04
-2.423484226279978154e-04
-2.454263789912520958e-04
-2.510871488883343228e-04
-2.525875120780865578e-04
-2.537215114600556150e-04
-2.563951811354984469e-04
-2.610068248288895847e-04
-2.644337228401250572e-04
-2.656811724722052794e-04
-2.706817095821622264e-04
-2.755995740306843296e-04
-2.784010628955599690e-04
-2.789585118449523218e-04
-2.834720494789936011e-04
-2.840033348709862038e-04
-2.871273366677098548e-04
-2.986501854543294871e-04
-3.004228860308769274e-04
-3.056980137279201402e-04
-3.092784114942438061e-04
-3.113418712114704510e-04
-3.164910434422006993e-04
-3.193086253428271352e-04
-3.238800382653894152e-04
-3.255432227932508857e-04
-3.279907953804711302e-04
-3.313338470802933405e-04
-3.384802319430919556e-04
-3.402876166389215006e-04
-3.527159775697398113e-04
-3.537544110298867909e-04
-3.584062862952584663e-04
-3.602561675276820356e-04
-3.624443257996109373e-04
-3.651462980663338796e-04
-3.701319037823300596e-04
-3.749852670715034643e-04
-3.783120246863932892e-04
-3.900592260329137405e-04
-3.970843252622568206e-04
-3.980106204132895556e-04
-4.040903132143464560e-04
-4.109114647810068908e-04
-4.135308336783233762e-04
-4.243351169353586083e-04
-4.318474863397201921e-04
-4.366150938348877289e-04
-4.420566670298841511e-04
-4.501853437986422517e-04
-4.551614892528616819e-04
-4.587335366778405826e-04
-4.665217194658420065e-04
-4.668320896606004827e-04
-4.801236473019403986e-04
-4.868548385150284598e-04
-4.944317802484088885e-04
-5.047794904026783316e-04
-5.148735731367050893e-04
-5.217788111678058624e-04
-5.251163346556165373e-04
-5.319709470284917502e-04
-5.396989428271330115e-04
-5.456676329455437471e-04
-5.514810186484071872e-04
-5.618955337786619769e-04
-5.668743045552150119e-04
-5.739975714231834291e-04
-5.788312334071086650e-04
-5.946320644167550195e-04
-5.998397519361148419e-04
-6.067754580955481928e-04
-6.166175758045911500e-04
-6.240054886730891492e-04
-6.301232862116090032e-04
-6.308549081674599910e-04
-6.362338617732492697e-04
-6.487301959031816206e-04
-6.668689909852089717e-04
-6.844602873784109065e-04
-6.857453059269040096e-04
-6.979830689245172456e-04
-7.144231672555380330e-04
-7.224319060208738265e-04
-7.332533650406713099e-04
-7.440563362429916672e-04
-7.722668286625398136e-04
-7.863224338900895449e-04
-7.916803326846782096e-04
-8.002583472417085664e-04
-8.319818472352943743e-04
-8.484992799292272138e-04
-8.548199008211268286e-04
-8.800878989266156449e-04
-8.926418672833454082e-04
-9.053736421653465127e-04
-9.108433602278418525e-04
-9.208517825828416116e-04
-9.570034773497117318e-04
-9.748435614962733904e-04
-9.924302150629501790e-04
-1.022838906217337588e-03
-1.047424891833305480e-03
-1.075211889288748722e-03
-1.079186075909508271e-03
-1.121308772432974901e-03
-1.148071675035448186e-03
-1.164453525941901981e-03
-1.221865428725151014e-03
-1.249588464356307356e-03
-1.282222533004016536e-03
-1.319776973376934762e-03
-1.368445781643148028e-03
-1.409359720993512942e-03
-1.442156752247640257e-03
-1.465557630889763102e-03
-1.499560668154933767e-03
-1.570638347762387966e-03
-1.638782819378642713e-03
-1.678028563362388452e-03
-1.720262284566741445e-03
-1.747871439572842552e-03
-1.806003898674903843e-03
-1.857225021652347124e-03
-1.963460503160456214e-03
-2.027317832030365446e-03
-2.105865272667152913e-03
-2.268450823924518869e-03
-2.297733460207314685e-03
-2.587761652486369243e-03
-2.747377908348246512e-03
-2.895215925678935008e-03
-3.163822507216247464e-03
-3.229069633626275790e-03
-3.466127562554237405e-03
-3.626995229406644768e-03
