-1.378963656670766750e-17
-6.529571291243363819e-18
-3.830340203309813961e-18
-3.160591757530999050e-18
-2.574527151959520291e-18
-2.349039602420681302e-18
-1.685413711345560586e-18
-1.608240157958437693e-18
-1.364658591077718169e-18
-1.274631243654423388e-18
-1.235028997702922049e-18
-1.155033483234963408e-18
-1.089572303915817756e-18
-1.074508952689715786e-18
-9.924701106317183462e-19
-8.880031023565283229e-19
-8.590565109323428332e-19
-8.252796085361032075e-19
-8.167821283265498052e-19
-7.938411536223467442e-19
-7.870498344852739549e-19
-7.544675929884578233e-19
-7.504421828465916436e-19
-7.347289654109030624e-19
-7.201686726291475449e-19
-7.085250226292394206e-19
-6.971819164686476886e-19
-6.707195249950455870e-19
-6.641262828878087261e-19
-6.454461962998199864e-19
-6.352313055791892566e-19
-6.227824876476919492e-19
-6.165391716684873176e-19
-6.001542867912402989e-19
-5.914179331830301428e-19
-5.813526066774088062e-19
-5.763516330153655716e-19
-5.683645602597264731e-19
-5.578861901514296184e-19
-5.471883947710125376e-19
-5.326709855477749612e-19
-5.286760615745673214e-19
-5.172391444259050905e-19
-5.065142975374101115e-19
-4.967445565479665005e-19
-4.956854119712426401e-19
-4.820074740792257078e-19
-4.759428814620165728e-19
-4.700345454961623919e-19
-4.660849553648538499e-19
-4.622719451248275859e-19
-4.486851898915928208e-19
-4.471818151599695786e-19
-4.439763500569584886e-19
-4.382340696099594643e-19
-4.311443251390082795e-19
-4.262446982725587950e-19
-4.159952847744681528e-19
-4.097165234223055055e-19
-4.063828850683220519e-19
-3.946500902070550929e-19
-3.935701663435740814e-19
-3.889068876182280970e-19
-3.860749198487077270e-19
-3.828205227419424846e-19
-3.788176841064820598e-19
-3.754353570639544023e-19
-3.720018532058383383e-19
-3.614179523344085816e-19
-3.591232017117206282e-19
-3.543955725146610457e-19
-3.509592788542397283e-19
-3.477580318429174830e-19
-3.430855689472434164e-19
-3.413179496620798237e-19
-3.381139821477136739e-19
-3.344959980558699787e-19
-3.334480921434052370e-19
-3.310682383730279023e-19
-3.245820831486505089e-19
-3.207983348520338371e-19
-3.169484789969078645e-19
-3.132215100811938173e-19
-3.073637118269059386e-19
-3.047542818768798793e-19
-3.022586090005373774e-19
-3.003379775901099301e-19
-2.933000601840435592e-19
-2.898106233275567218e-19
-2.885152328002160970e-19
-2.872023133451326576e-19
-2.850054208354406027e-19
-2.819016591892173269e-19
-2.790392700359093835e-19
-2.743017203777616930e-19
-2.728238273628616131e-19
-2.672348164324761026e-19
-2.664146323594728189e-19
-2.633047868182646435e-19
-2.604806589196980765e-19
-2.588755285082246380e-19
-2.562423418568962464e-19
-2.539247215470890346e-19
-2.517647128776374414e-19
-2.489383173226633549e-19
-2.482075393703362098e-19
-2.462670341646327122e-19
-2.432064636167388051e-19
-2.413530112459456938e-19
-2.397903300110183639e-19
-2.370365365997675034e-19
-2.328990565836445189e-19
-2.320403065774458235e-19
-2.281787103034816931e-19
-2.261529458484424074e-19
-2.238852569563752260e-19
-2.220983126781146353e-19
-2.209046408676323981e-19
-2.187668658982381773e-19
-2.175839924055267333e-19
-2.142553480166962211e-19
-2.124014057602139482e-19
-2.116070450850903960e-19
-2.088090372732931977e-19
-2.055157842060089856e-19
-2.050705034418909382e-19
-2.031722816299396427e-19
-2.013534822183802890e-19
-1.999810486949234654e-19
-1.983510031528227971e-19
-1.968594531458177560e-19
-1.944641710727560184e-19
-1.919061335544145996e-19
-1.915745782963692159e-19
-1.888220857101256491e-19
-1.861027021421809485e-19
-1.851854041478360384e-19
-1.846329273072924203e-19
-1.826396552600422440e-19
-1.815613092413618737e-19
-1.796384342147376798e-19
-1.782840616803186801e-19
-1.764564262389378206e-19
-1.735935817586984077e-19
-1.726746446478753516e-19
-1.714906022348054445e-19
-1.693967612598310836e-19
-1.669415114118473361e-19
-1.656737225203273164e-19
-1.636975949349130518e-19
-1.634050208023570174e-19
-1.619144423179831570e-19
-1.588596160538305528e-19
-1.576138294943751162e-19
-1.562999551585685917e-19
-1.551025671950831498e-19
-1.528759803373044791e-19
-1.517161871210398428e-19
-1.509874569525074353e-19
-1.488616224320268952e-19
-1.484121555255474674e-19
-1.461805367261248394e-19
-1.443212732200331169e-19
-1.427437475911583270e-19
-1.422493883156388180e-19
-1.400439980919452084e-19
-1.377471333354076406e-19
-1.369280881185308185e-19
-1.368102625608185068e-19
-1.349245328275845293e-19
-1.334844781243766404e-19
-1.316667190302780933e-19
-1.309808838385144493e-19
-1.304660049952937515e-19
-1.276090628895517875e-19
-1.257272700874584379e-19
-1.252352781342755351e-19
-1.230028520164014429e-19
-1.214132792443749561e-19
-1.206630367170970359e-19
-1.197822180835269300e-19
-1.177559716399708936e-19
-1.173565045529455982e-19
-1.164461937019081563e-19
-1.151214839999268296e-19
-1.141013825853480657e-19
-1.127306996952547666e-19
-1.121807686305085728e-19
-1.120040829483786560e-19
-1.104501787344753821e-19
-1.087551279467186288e-19
-1.066359554394099817e-19
-1.058799251459201340e-19
-1.053510433491294305e-19
-1.046528734682471523e-19
-1.030035750555156875e-19
-1.024339759306702071e-19
-1.015026414157378784e-19
-9.961137416960125587e-20
-9.825678287923332182e-20
-9.767750299446946080e-20
-9.626140249120796560e-20
-9.477482834752587413e-20
-9.395252502718371035e-20
-9.347903826507127025e-20
-9.262848861614033415e-20
-9.124527915312281703e-20
-8.896679539894655178e-20
-8.826636148787454618e-20
-8.694457541777048014e-20
-8.550477017720546931e-20
-8.500899521813860256e-20
-8.301303863157802685e-20
-8.281285850001084342e-20
-8.219943224351165797e-20
-8.027598722102974021e-20
-7.984126045910530748e-20
-7.859987583312620033e-20
-7.815087680068445769e-20
-7.674163258676553112e-20
-7.590227640224262540e-20
-7.433323114780150187e-20
-7.392231717065252443e-20
-7.227290457271874869e-20
-7.105869211695761843e-20
-6.983050170230850337e-20
-6.943191778000562022e-20
-6.830432838546931180e-20
-6.625129063499945198e-20
-6.485363301484938860e-20
-6.375745385314779987e-20
-6.321188019298338046e-20
-6.205440420893701773e-20
-6.182131570287606230e-20
-6.072006700569676732e-20
-5.954747865505344161e-20
-5.900993764772934329e-20
-5.878868935344529557e-20
-5.706428162471190473e-20
-5.693623906095125104e-20
-5.550250245161053265e-20
-5.500662357227647469e-20
-5.304889586324235640e-20
-5.257345477661936006e-20
-5.227645063895245459e-20
-5.124295260261036041e-20
-5.083967528188334605e-20
-4.969455685612947200e-20
-4.905459742888703442e-20
-4.702602390206923636e-20
-4.612653872731784256e-20
-4.566207886505114234e-20
-4.535275370110819833e-20
-4.470922439262847162e-20
-4.378341822651331389e-20
-4.297871083967424239e-20
-4.224209706103831157e-20
-4.174088341178410861e-20
-4.144865836975054241e-20
-4.042466610166744639e-20
-3.936179957985860110e-20
-3.806299478317864290e-20
-3.781336652716973841e-20
-3.606217009051886414e-20
-3.586535280011593444e-20
-3.476017309434792967e-20
-3.372555176029325135e-20
-3.230085442515584292e-20
-3.200939264019813819e-20
-3.108157590305869063e-20
-3.049400837050034656e-20
-2.995692382303739171e-20
-2.966634813321224735e-20
-2.890032987622241010e-20
-2.798144676855632301e-20
-2.699408578143883104e-20
-2.655591192195882032e-20
-2.609632280259696908e-20
-2.464634302006526589e-20
-2.438732827388626805e-20
-2.409648137622796704e-20
-2.314336225960841549e-20
-2.273287956993521340e-20
-2.220080007420508145e-20
-2.160625522877211393e-20
-2.102993952597847795e-20
-2.092461258336025299e-20
-2.050818500895987228e-20
-1.976542965020628875e-20
-1.871488726131039087e-20
-1.800607300440320886e-20
-1.793578698192104817e-20
-1.705876674506600593e-20
-1.656689500497633827e-20
-1.582093114733747390e-20
-1.511794568231859461e-20
-1.476950314494914813e-20
-1.364678626100642490e-20
-1.343899927337637525e-20
-1.301994647138591702e-20
-1.229007531598032496e-20
-1.209932654698784955e-20
-1.128146431301659095e-20
-1.110801474894187653e-20
-1.069492437706641147e-20
-9.525818347870413289e-21
-8.714299760684402224e-21
-8.186287545444897860e-21
-7.738293412082710966e-21
-7.429430362129369824e-21
-6.721787484037772850e-21
-6.607101679032013630e-21
-5.558520141524957358e-21
-5.314015912054995172e-21
-4.637412560275677366e-21
-4.292943459560258161e-21
-3.762980766442044178e-21
-3.621405918486275195e-21
-2.901701155541781758e-21
-2.511242380087320155e-21
-2.162746351506602567e-21
-1.908118073425438453e-21
-1.371871254875662603e-21
-1.181227994634497521e-21
-3.080728727884917607e-22
-1.371172925300673950e-22
6.009028056836337309e-23
2.946915681423642154e-22
6.394894856574072360e-22
1.152140092841732508e-21
1.763694998762011329e-21
2.189919126216672646e-21
2.684570354750629606e-21
3.223639086014777708e-21
3.719827003314182185e-21
4.129522520257720141e-21
4.496193739478798117e-21
4.562687044136469994e-21
5.570986428083103475e-21
5.780510326206909065e-21
6.032533334505456178e-21
6.451900020308769726e-21
7.648534230049459708e-21
8.115520184785881966e-21
8.400097053023330651e-21
8.903374377762651718e-21
9.015243538180677762e-21
1.019678067778970980e-20
1.103026306599054396e-20
1.120710191288710393e-20
1.166387518339741350e-20
1.226530527640175319e-20
1.273323241195555603e-20
1.353080111982682807e-20
1.381345548834638224e-20
1.439366426495900310e-20
1.472270283132199067e-20
1.528124526147913702e-20
1.635560054540234200e-20
1.658709358138716824e-20
1.709841760021609583e-20
1.831541506713882594e-20
1.913357591595832479e-20
1.957536891998072175e-20
2.060526973890145363e-20
2.092796634705226098e-20
2.172470656689824004e-20
2.219458948202041624e-20
2.260773577384866119e-20
2.336363599721395520e-20
2.418037587946660359e-20
2.518255212426414109e-20
2.556227807661901237e-20
2.679124466087342586e-20
2.735645547392306605e-20
2.798237404152822891e-20
2.824930245187522559e-20
2.972981741722439303e-20
2.975561448446061797e-20
3.064567672281955655e-20
3.146398540760310907e-20
3.191497449521657865e-20
3.281591883052833267e-20
3.349989372482282821e-20
3.420426195568580383e-20
3.449168578200619100e-20
3.474738475448458048e-20
3.521569146688052774e-20
3.589168672173246952e-20
3.799686359515824871e-20
3.861875072315266544e-20
3.992294913345288333e-20
4.039147860305790754e-20
4.109884487825347095e-20
4.228059986707124841e-20
4.273467100664128158e-20
4.398165814435308098e-20
4.493493406185207001e-20
4.541931582820408629e-20
4.681393843307843712e-20
4.747344739128943308e-20
4.791533024300792637e-20
4.905975121477446053e-20
4.946468433706101722e-20
5.031892092536262318e-20
5.106468226308195408e-20
5.226040219342630140e-20
5.241169795616195576e-20
5.314796650644505082e-20
5.463861899301451342e-20
5.519165192549639940e-20
5.631459212017147349e-20
5.761239376451123696e-20
5.829098239205823729e-20
5.926038199641527226e-20
5.995307012605457172e-20
6.107561549563042114e-20
6.269343955538005063e-20
6.302937261811239311e-20
6.386386185495076420e-20
6.447799758237165645e-20
6.537963531912568127e-20
6.604130509122787725e-20
6.751879172643712838e-20
6.860873974162041265e-20
7.010985665811396085e-20
7.087880214409428771e-20
7.161123072710915054e-20
7.351923517231977750e-20
7.454279555240168453e-20
7.530638496296548367e-20
7.622017913218825004e-20
7.652586530333303854e-20
7.769333789430247583e-20
7.821803311845221877e-20
7.929750091724638169e-20
8.168587148542557658e-20
8.252944143445381124e-20
8.297627899712511362e-20
8.363879556163902625e-20
8.551839706190269091e-20
8.659247848670621263e-20
8.736504183972567018e-20
8.873649644781704092e-20
8.927974296566859820e-20
9.017414816657298568e-20
9.177540331646152938e-20
9.268900699953901224e-20
9.316180342345293273e-20
9.431587677289137689e-20
9.561209381307896237e-20
9.763125334777911562e-20
9.840988521169093121e-20
9.916295629097037006e-20
1.008469346311617702e-19
1.022552979976520232e-19
1.040497327023437189e-19
1.046443935596483450e-19
1.070752968437443510e-19
1.077101239228854776e-19
1.098780366970698664e-19
1.105658111433069086e-19
1.107421009426277809e-19
1.116445535813155559e-19
1.135947213251623911e-19
1.144029547775367949e-19
1.158759489872450425e-19
1.163277138193006558e-19
1.177825372732702767e-19
1.199713734034810881e-19
1.208140010561820201e-19
1.226581585753065879e-19
1.230802659725578181e-19
1.251102800738734150e-19
1.256107905408677529e-19
1.271787915838314764e-19
1.293181636527154671e-19
1.301528557720574924e-19
1.310395135211941830e-19
1.330506015091523851e-19
1.349053796544843807e-19
1.358017732989403135e-19
1.375070065502785201e-19
1.405848575365748972e-19
1.408820424846770224e-19
1.417023551886782434e-19
1.435412113748227104e-19
1.444895867905127877e-19
1.457497213768775087e-19
1.469520537161993737e-19
1.495411204820745299e-19
1.509308097353295209e-19
1.516869047673175773e-19
1.530392026992371708e-19
1.543609592192042517e-19
1.553883440335266594e-19
1.565231881494272028e-19
1.585735676602667533e-19
1.599502354766711645e-19
1.618577123300789226e-19
1.628529627686181712e-19
1.653773344408743130e-19
1.675347173162619142e-19
1.690705657992923910e-19
1.699336832039888678e-19
1.705308865111261942e-19
1.727814674394252821e-19
1.749522249355522531e-19
1.777356225588201343e-19
1.782822840692520183e-19
1.793550360279305262e-19
1.808239555334667226e-19
1.825935071723049242e-19
1.863040399399775761e-19
1.888285819669007804e-19
1.897766642545365319e-19
1.911952046431058993e-19
1.924234227487880205e-19
1.950592203034754605e-19
1.971988707950521221e-19
1.976194466453883674e-19
1.996568407371586246e-19
2.014912401161696142e-19
2.029411273987372195e-19
2.044133890040934071e-19
2.061932468269393496e-19
2.079261467274127544e-19
2.098972979714992590e-19
2.116841315954987339e-19
2.139105250968285433e-19
2.147112040925654623e-19
2.158360332134991782e-19
2.181854925591921675e-19
2.194477812394952464e-19
2.228098981612778313e-19
2.242266835903046752e-19
2.267256481008587605e-19
2.290115684489320441e-19
2.305173723615635943e-19
2.355780599957089058e-19
2.372859205530618053e-19
2.401947589356274738e-19
2.426642973170091962e-19
2.449468322156775876e-19
2.459568617169288157e-19
2.501008721124936581e-19
2.512944546275097206e-19
2.523465759127983932e-19
2.566674865984056736e-19
2.604401694385970144e-19
2.618478830145703637e-19
2.631452373969493400e-19
2.666561536492015460e-19
2.696183913588072308e-19
2.721825103401789693e-19
2.729498965043988061e-19
2.763578048014238674e-19
2.783859938344669717e-19
2.809043649559065879e-19
2.850826882434902862e-19
2.892117643398465735e-19
2.896684672852356395e-19
2.928302299552954995e-19
2.960604355225685363e-19
3.029718630393088702e-19
3.051397932432245206e-19
3.105677360187759500e-19
3.112857530276747380e-19
3.132381811758635038e-19
3.166099549349575148e-19
3.204233109563939459e-19
3.233123215450239648e-19
3.270708213784301291e-19
3.340781834441587329e-19
3.374387873570797218e-19
3.403712946501913061e-19
3.440305383785192108e-19
3.460870721999784632e-19
3.475087957717419081e-19
3.528974181809308274e-19
3.542211347506214754e-19
3.591565080547845819e-19
3.659238873846148061e-19
3.737786685653061694e-19
3.793802830225518460e-19
3.801475868103686855e-19
3.842624690520311474e-19
3.913380549493512022e-19
3.957618765755545836e-19
4.011741966469048534e-19
4.072768938078246940e-19
4.106445431654790418e-19
4.143190905045860349e-19
4.221505094601363496e-19
4.279230669181357833e-19
4.303779209532534970e-19
4.388504451395921433e-19
4.443893225709459835e-19
4.462281613392733044e-19
4.502365770115507597e-19
4.539472510286093254e-19
4.681134516478051288e-19
4.745710264146969163e-19
4.831396450929444469e-19
4.892545409904670274e-19
4.920181033334003810e-19
5.006754156048996178e-19
5.081907194275735231e-19
5.118449042587299240e-19
5.166223727355385314e-19
5.245574733409017984e-19
5.286603086391727375e-19
5.381704626656235701e-19
5.535380389456861951e-19
5.590797788458537298e-19
5.792220789664750962e-19
5.820674306473157079e-19
5.988656081154248263e-19
6.038658081507832929e-19
6.129067444221427910e-19
6.355784208502647983e-19
6.497495355140237625e-19
6.595501845050481586e-19
6.621566386794347526e-19
6.865465274611141944e-19
6.936035408299705238e-19
7.049272212769511966e-19
7.258471734313049706e-19
7.301235739709409428e-19
7.467602877085464912e-19
7.800100568904661366e-19
7.995313555565730408e-19
8.188496374548628688e-19
8.729126258126068435e-19
8.913705984725001978e-19
9.538375716888861506e-19
9.945175455243284435e-19
1.048788338538038385e-18
1.063708932154981589e-18
1.092442079903555813e-18
1.124848442888843967e-18
1.192438213191465429e-18
1.297722375092319157e-18
1.307822943628885472e-18
1.444577408632999444e-18
1.538514584958489077e-18
1.758932087793884477e-18
2.053620553448475998e-18
2.916025374107919518e-18
4.985388216758048976e-18
1.257969098621932177e-17
5.726751240722614081e-06
9.770340610035115452e-06
1.567363227292647651e-05
1.722611728519799314e-05
2.299442136043803377e-05
3.524862012703055566e-05
3.978812234490520209e-05
4.015275813894726226e-05
4.352161457629616392e-05
5.327458758740991968e-05
7.670876253779673846e-05
9.323763030663516154e-05
1.058592303127876036e-04
1.338103948195637288e-04
2.067464611258491500e-04
3.185154042593339708e-04
3.680165153355048819e-04
4.373697640945101639e-04
4.806748407354553203e-04
1.012990551302858470e-03
1.022215037813645156e-03
3.179763209008131496e-03
1.652251828563505373e-02
2.066153027720679311e-02
8.940859665308681370e-02
