1.658623031215010956e-03
1.220582517299905606e-03
1.069907116386024232e-03
9.966895008801358001e-04
9.055399272842822554e-04
8.795518536551227276e-04
7.927847203513527230e-04
7.297994684645411900e-04
7.183914871270083002e-04
6.929636550979924531e-04
6.802692837145153703e-04
6.162068676389098306e-04
5.923739780443335523e-04
5.548657453686987092e-04
5.298813153818841869e-04
5.077259610752658065e-04
4.940081574305634762e-04
4.770077450174704543e-04
4.572089615505549624e-04
4.508618999910205026e-04
4.296660468070612540e-04
4.060922330421096313e-04
3.997172386426059020e-04
3.809736302404617063e-04
3.658182450378863167e-04
3.598998914708021846e-04
3.471595966955895191e-04
3.441763566639164111e-04
3.280408039570708212e-04
3.232366933040277607e-04
3.197654196703583729e-04
3.003922262904279309e-04
2.938478290210957706e-04
2.740600651069841640e-04
2.690545883528709420e-04
2.646683115832216475e-04
2.568043082653017565e-04
2.496206867593659946e-04
2.424717851791718059e-04
2.407015374215140408e-04
2.309459366743273534e-04
2.230567715937121955e-04
2.166562180741637283e-04
2.107061304713298239e-04
2.074959071046977030e-04
2.069052885442172317e-04
1.978813358017365810e-04
1.902981044960803134e-04
1.892667651350902417e-04
1.827644017152588499e-04
1.806818038001968400e-04
1.742049908180354342e-04
1.736007147855794309e-04
1.685051199125105854e-04
1.595585033313208425e-04
1.573128950764805995e-04
1.541823201544587118e-04
1.480775957410662995e-04
1.456449799464424634e-04
1.429024233647720947e-04
1.409696248660787595e-04
1.380363698959459224e-04
1.368982440588559322e-04
1.320217020857389269e-04
1.302777332151001119e-04
1.279205305675395641e-04
1.227735558187248791e-04
1.196830824419980381e-04
1.174885445385973840e-04
1.141110253611192840e-04
1.110154550947310448e-04
1.092248017556440631e-04
1.045326846072897574e-04
1.032005537629539910e-04
1.021221516898128330e-04
1.005522458911650908e-04
9.945717244434716577e-05
9.513655752809582560e-05
9.439724741030343727e-05
9.067202122255244457e-05
9.018845396639324247e-05
8.906825123889171921e-05
8.782977940251716464e-05
8.245362577935925791e-05
8.161157077860701115e-05
7.862597074853548413e-05
7.703466235962536687e-05
7.585900807371726571e-05
7.556440114801183197e-05
7.270830891599408552e-05
7.122019833784434340e-05
7.030649275369283021e-05
6.960143862505748533e-05
6.911806202573129651e-05
6.677311067070512295e-05
6.630118578964389726e-05
6.344736549625591855e-05
6.160796354255410230e-05
6.063489052448026368e-05
6.034580709915617720e-05
6.032680997172932722e-05
5.794282837112559547e-05
5.668052129694293556e-05
5.603549423567877861e-05
5.576317211020611345e-05
5.451367304309654745e-05
5.364052583744169253e-05
5.083510268106269188e-05
5.001914194678669173e-05
4.751456438147751247e-05
4.666952363109757142e-05
4.544857911592486792e-05
4.434919123339843198e-05
4.418597002654523132e-05
4.300021956393386261e-05
4.249367188792806734e-05
4.146313364833914647e-05
4.022189913597348668e-05
4.015960196880172977e-05
3.899463879974884232e-05
3.733223278714905516e-05
3.702564650713703582e-05
3.595293716434300668e-05
3.530037270078440978e-05
3.440561176177080540e-05
3.354796183888082229e-05
3.282425618440321606e-05
3.255198563715771382e-05
3.196153756091550750e-05
3.096400804495470722e-05
3.071242292482112031e-05
3.028586596088483961e-05
2.955609511403811191e-05
2.872187135713239167e-05
2.821180239193635990e-05
2.743959159149479888e-05
2.683705966531553565e-05
2.624078012324933471e-05
2.553085030852101373e-05
2.512201141197466830e-05
2.461002705038061207e-05
2.407777300707139483e-05
2.337633761779479610e-05
2.276468233399792858e-05
2.238620742413883113e-05
2.161358150658460232e-05
2.118677561458245459e-05
2.097715124751859799e-05
2.062745319027626498e-05
1.976330653393515405e-05
1.959815167789607422e-05
1.911695541084051749e-05
1.888464980660456218e-05
1.845771464686131084e-05
1.801076741187125136e-05
1.728028902204943089e-05
1.715902913469039069e-05
1.668063876056231977e-05
1.617853015331395593e-05
1.607224867622268158e-05
1.548601400872346231e-05
1.501793856291406094e-05
1.496212682067967677e-05
1.443014681163619268e-05
1.402938423256962401e-05
1.370305527632173541e-05
1.341178144852395817e-05
1.319933989889691946e-05
1.295812120791065362e-05
1.261783107280831399e-05
1.224414477542631392e-05
1.193410656157534225e-05
1.185243113679129446e-05
1.165551568729133559e-05
1.087661742479574751e-05
1.070654448236683907e-05
1.054552938862059517e-05
1.035197275841889148e-05
9.901453342074223305e-06
9.682572928643878342e-06
9.519176273075476635e-06
9.195783565816449659e-06
8.918749542523825695e-06
8.805859849416427848e-06
8.578171553196027908e-06
8.279744225444222536e-06
8.157334459244543895e-06
8.000610608091798513e-06
7.895437684612731505e-06
7.654707499999876600e-06
7.339686206974927665e-06
7.254509770934561343e-06
7.115827187708267946e-06
6.851412583615409847e-06
6.666499331234163788e-06
6.359501878278680708e-06
6.276206272114083512e-06
6.147544409349434610e-06
6.050998222482959415e-06
5.839890491116789861e-06
5.714560466320628913e-06
5.488999300812174880e-06
5.397128703637184772e-06
5.106807160535480354e-06
4.981219135457015261e-06
4.933669856304976549e-06
4.802966214015973405e-06
4.717510769060826851e-06
4.645641253759014021e-06
4.488445807405558446e-06
4.432054964115039772e-06
4.378916956222794872e-06
4.288085503437137721e-06
4.013618419082050386e-06
3.834412828865635091e-06
3.745907174380549433e-06
3.732930134428399320e-06
3.617587339915106251e-06
3.551036579978791666e-06
3.348529421717190101e-06
3.157674500134919322e-06
3.095396360886201837e-06
2.996821513837255487e-06
2.887487227317956081e-06
2.808457760972788505e-06
2.703219812178764704e-06
2.560517337429419006e-06
2.470005046199103091e-06
2.408908807002285933e-06
2.363332221482620511e-06
2.191290080851395275e-06
2.157618354992193832e-06
2.039849842789248466e-06
2.025466143094108778e-06
1.871685933000635398e-06
1.847127775846328559e-06
1.797293160625320482e-06
1.731106399681381739e-06
1.644110790710664061e-06
1.583367289104325854e-06
1.524599303834366304e-06
1.440539209321233695e-06
1.383622999663312425e-06
1.305680969001546838e-06
1.236631461631308726e-06
1.160324489211185148e-06
1.089743484226490788e-06
1.071145719202570194e-06
1.062157044245313236e-06
9.811099028698284474e-07
8.957868225894562787e-07
8.698225228501908773e-07
8.081620910588546748e-07
7.211944484868627356e-07
7.096089156467595187e-07
6.964632312904806833e-07
6.058565445352991043e-07
5.653906736281963359e-07
4.852937644789694661e-07
4.416015884677232029e-07
4.363505890564859593e-07
3.860823105123174908e-07
3.660431373845546635e-07
3.444643747664121264e-07
3.218536978954445900e-07
2.722739689782892619e-07
2.460610741787143691e-07
2.120988213433602748e-07
1.591344847587370511e-07
1.547446265181517526e-07
1.371928937628663922e-07
5.727728398658454842e-08
5.105182095116744415e-08
2.882781548382992353e-08
1.393091371514049697e-08
6.302484786261869735e-21
-1.854533145534059187e-20
-3.791829236154850768e-10
-7.692275120164761153e-09
-3.161652114123647789e-08
-5.855669493284813939e-08
-8.703416888056494111e-08
-1.174144772970215575e-07
-1.267714721054053977e-07
-1.433396643174771441e-07
-1.900936342894306590e-07
-2.293623933110242602e-07
-2.720785803113985034e-07
-2.983235582562229433e-07
-3.234166346887600626e-07
-3.497496009743791065e-07
-3.856392800977197423e-07
-4.166592997884804960e-07
-4.819856681689920716e-07
-4.875770002499653510e-07
-5.565957175603483157e-07
-5.906446464323240998e-07
-6.632271048107351704e-07
-6.803473103426570776e-07
-7.153383103037613764e-07
-7.559661561464903161e-07
-7.763403133982205751e-07
-8.092328195963967016e-07
-8.624744209477417360e-07
-8.962340674917872316e-07
-9.302311605795940053e-07
-9.486374023959939930e-07
-1.010036591241457679e-06
-1.025170123504069397e-06
-1.089357142380288641e-06
-1.120443137608039627e-06
-1.162870113534820013e-06
-1.189897525138280090e-06
-1.246761618389895587e-06
-1.295418587292668410e-06
-1.355067218757069621e-06
-1.402401424692848587e-06
-1.429182379450413307e-06
-1.460051522001434361e-06
-1.480476170204088786e-06
-1.546435791844157536e-06
-1.574521864523694245e-06
-1.634832615320175111e-06
-1.746470170085786361e-06
-1.758144224850768431e-06
-1.821809626752148157e-06
-1.896506075584134338e-06
-1.918920960448638804e-06
-1.981013907769464966e-06
-1.997003267393491056e-06
-2.068586747265812361e-06
-2.127965141930771331e-06
-2.231909943382387449e-06
-2.300743036914749521e-06
-2.327468141363813888e-06
-2.426557936055533672e-06
-2.477962329044145524e-06
-2.589326798178556601e-06
-2.630040046897951081e-06
-2.686878218839114490e-06
-2.709180029914124855e-06
-2.804591941768054850e-06
-2.815579616697718774e-06
-2.884499568993852764e-06
-2.991069262726668009e-06
-3.052569671605301174e-06
-3.064923572681070009e-06
-3.156544704956003880e-06
-3.242790117245615563e-06
-3.267854667679968051e-06
-3.336763713989259465e-06
-3.513323616628240953e-06
-3.554824860271444637e-06
-3.589072609879617594e-06
-3.718546818412640419e-06
-3.794923240288215981e-06
-3.842587172862369231e-06
-3.954163025948868542e-06
-3.997509397320665018e-06
-4.041555808061023828e-06
-4.267468608820084445e-06
-4.284912810589272280e-06
-4.418467592093172240e-06
-4.442231492357503702e-06
-4.577813079743831446e-06
-4.680709280094732719e-06
-4.798069313430814323e-06
-4.905844811430668532e-06
-4.953847875229908492e-06
-5.088622772035766698e-06
-5.108887399974361525e-06
-5.220784605665147031e-06
-5.431396368622935721e-06
-5.535203647388177579e-06
-5.607138754121721852e-06
-5.747712954005609288e-06
-5.773412788299535284e-06
-5.908605731567337790e-06
-6.084546319739324165e-06
-6.337202907867895083e-06
-6.381923920746359051e-06
-6.513023267814522932e-06
-6.682028530231594565e-06
-6.733107712900644187e-06
-6.809338541535247863e-06
-6.872413536502656056e-06
-7.158351757890252969e-06
-7.284337077070698031e-06
-7.350051267067512423e-06
-7.440123746225663643e-06
-7.599614904810821345e-06
-7.772906301370886538e-06
-7.910002235263383444e-06
-7.975154536544528403e-06
-8.096728602420440169e-06
-8.363036224435587034e-06
-8.446346618555335386e-06
-8.511272987961322775e-06
-8.701173614454252772e-06
-8.837563681333040396e-06
-9.148235755405194442e-06
-9.159489139398110379e-06
-9.269165558183167398e-06
-9.488275181179116056e-06
-9.617450793513941841e-06
-9.764955595901311309e-06
-9.842736161158795809e-06
-1.003843079944238997e-05
-1.029153861596315572e-05
-1.059853027164375992e-05
-1.067791424798440939e-05
-1.074683023926084154e-05
-1.099467993396839657e-05
-1.103592556200289162e-05
-1.126120482961281088e-05
-1.136152447009948616e-05
-1.162298302956652580e-05
-1.193992329476571591e-05
-1.211976625569584400e-05
-1.216918066308788151e-05
-1.223003654818334348e-05
-1.243758893673231994e-05
-1.263266296380949985e-05
-1.291902655346122508e-05
-1.296741452560108655e-05
-1.334457680968301448e-05
-1.347401324610875062e-05
-1.364401730154659895e-05
-1.378620281243605665e-05
-1.390229508625205078e-05
-1.397965402575756567e-05
-1.436708019531081058e-05
-1.473525336830085299e-05
-1.499357635927778891e-05
-1.514297679134362590e-05
-1.532972132057361600e-05
-1.558759254289217208e-05
-1.595158004103452146e-05
-1.622400442422109335e-05
-1.635176062622881407e-05
-1.660662210999146478e-05
-1.692368505556056466e-05
-1.710951605408088174e-05
-1.735077752331647084e-05
-1.761042339698291539e-05
-1.808230878207079200e-05
-1.827658905874678021e-05
-1.860892292739297298e-05
-1.918683547670912602e-05
-1.952849501276125011e-05
-1.981564615347608470e-05
-1.991590715834733698e-05
-2.025133997604763940e-05
-2.041698508229191405e-05
-2.073567167176855174e-05
-2.149701951767315374e-05
-2.186354635261844457e-05
-2.196977107549005464e-05
-2.222873651639606011e-05
-2.260297079515334292e-05
-2.285163495777236398e-05
-2.300235635573198592e-05
-2.318388786749555345e-05
-2.351997800376285741e-05
-2.404068365016188562e-05
-2.429876709815361033e-05
-2.454688105215024148e-05
-2.482988400721434271e-05
-2.514572407574578355e-05
-2.598421958483674411e-05
-2.619672016388757769e-05
-2.657504168124855630e-05
-2.684688634192689956e-05
-2.743429469685547902e-05
-2.755578257908211317e-05
-2.799881402256828685e-05
-2.858030642765225550e-05
-2.883897850986738567e-05
-2.934085092413880245e-05
-2.951397254110410041e-05
-2.986941899490462349e-05
-3.007558942985949044e-05
-3.102445576741186825e-05
-3.140717669960008731e-05
-3.215109966942626755e-05
-3.231652145648979130e-05
-3.297198188557876389e-05
-3.334003952107120563e-05
-3.438585112942326469e-05
-3.456022420926043207e-05
-3.495231079879204390e-05
-3.528391702466008618e-05
-3.619034509881266255e-05
-3.673246521836644771e-05
-3.732186772721662231e-05
-3.769510785329303925e-05
-3.809513408785316653e-05
-3.901274956004018772e-05
-3.992654154685395428e-05
-4.005302108002190117e-05
-4.060204498143425581e-05
-4.138823278311550100e-05
-4.238946091869528397e-05
-4.275847016536701335e-05
-4.281185185066986462e-05
-4.393238492114981679e-05
-4.436856331826871951e-05
-4.460066302178685989e-05
-4.526523615559587991e-05
-4.638048467963619463e-05
-4.688403725337080550e-05
-4.763595486568317292e-05
-4.823948402330236504e-05
-4.865128689037668831e-05
-4.884360917942471138e-05
-4.941195644937194448e-05
-5.037808153260865841e-05
-5.066974565656108564e-05
-5.161225201164845386e-05
-5.276065459268585188e-05
-5.390629942697434653e-05
-5.467600292489405395e-05
-5.499834147962069403e-05
-5.624405293392424442e-05
-5.635952103682320441e-05
-5.758985783184568516e-05
-5.841655852459671415e-05
-5.938427115802932484e-05
-5.951913215908480006e-05
-5.994860644393690692e-05
-6.185312942633932113e-05
-6.277804687913220963e-05
-6.343034838481719114e-05
-6.422406179240711544e-05
-6.488205866215669541e-05
-6.687682955922591974e-05
-6.725543156392513203e-05
-6.841541305581988236e-05
-7.016438520440048266e-05
-7.068773368480092451e-05
-7.157932957697152202e-05
-7.196532532509663431e-05
-7.321406415664589149e-05
-7.386336827412294244e-05
-7.473208013586596268e-05
-7.592999654804522686e-05
-7.633881697147075279e-05
-7.836196040544954897e-05
-7.948151059118811117e-05
-7.991976180573073991e-05
-8.069993723234535651e-05
-8.182463870760376843e-05
-8.292051639106676046e-05
-8.472645883057635860e-05
-8.661885900868391685e-05
-8.725696388188743861e-05
-8.909751060247985733e-05
-8.962929818024539287e-05
-9.131187235930330476e-05
-9.274240170393225789e-05
-9.345883089482806452e-05
-9.703769906012241035e-05
-9.876630617746688017e-05
-9.887782734376037753e-05
-1.004962513092656014e-04
-1.009633887622610329e-04
-1.042931870692298025e-04
-1.050036532039934557e-04
-1.067582933168440766e-04
-1.069609709892987097e-04
-1.081703101588905169e-04
-1.114171761540050593e-04
-1.131045630404065955e-04
-1.145421431937390406e-04
-1.156498152639335686e-04
-1.166032707736682389e-04
-1.179435693735557416e-04
-1.208480325313533087e-04
-1.217472692675914444e-04
-1.273116034758589804e-04
-1.281439206088968367e-04
-1.298361383160904689e-04
-1.326972873828074454e-04
-1.343505568647390127e-04
-1.354009627659289491e-04
-1.369732075823888371e-04
-1.378229237716951884e-04
-1.387668888617813714e-04
-1.417399809057045006e-04
-1.438938361190594860e-04
-1.457802962505646378e-04
-1.495220676576662492e-04
-1.503338421271782112e-04
-1.538138584762314401e-04
-1.548565812178526104e-04
-1.585884577667557964e-04
-1.610827101394363234e-04
-1.646620503637272572e-04
-1.677587864991032058e-04
-1.688039192474526833e-04
-1.701769843203269797e-04
-1.722711020817485356e-04
-1.783946371915505946e-04
-1.818963416606187366e-04
-1.859713795631960306e-04
-1.875229251792153275e-04
-1.908807835961374012e-04
-1.939417737414854252e-04
-1.965850949000582867e-04
-1.985736972963604205e-04
-2.069174539682021524e-04
-2.088390094026957417e-04
-2.139630217319092251e-04
-2.157864024031732122e-04
-2.182069801924235697e-04
-2.211364750882385843e-04
-2.240549790430124936e-04
-2.291196163207896643e-04
-2.297163739017473263e-04
-2.342399061660351846e-04
-2.379396730549698574e-04
-2.495420235404401089e-04
-2.527806516485474895e-04
-2.594003567598572417e-04
-2.634167153315069600e-04
-2.644687947540790246e-04
-2.667713443570385009e-04
-2.716310712285650809e-04
-2.783507016120619223e-04
-2.846564063526405486e-04
-2.898898457110195412e-04
-2.942058552565494662e-04
-3.041643864672429701e-04
-3.058947546578648672e-04
-3.125122014333269740e-04
-3.213533996178941934e-04
-3.265579740403868649e-04
-3.338037487094871244e-04
-3.409092120875609720e-04
-3.503835268060893210e-04
-3.552763661798541981e-04
-3.578069390875983293e-04
-3.642240441981452670e-04
-3.660808975875961733e-04
-3.794311342053441100e-04
-3.942684837963280047e-04
-4.105329315508205509e-04
-4.119872590539998204e-04
-4.175771446862404498e-04
-4.343941519763095229e-04
-4.441729563831873281e-04
-4.595570205121467006e-04
-4.720546537867477931e-04
-4.742109554820102182e-04
-5.071932870621238213e-04
-5.103956577561539814e-04
-5.224383646270496515e-04
-5.475990868847521731e-04
-5.640416858180304473e-04
-5.729621447373699781e-04
-5.837870023052056136e-04
-5.994338281506965838e-04
-6.330405870328591417e-04
-6.394729964102055172e-04
-6.622357046181833037e-04
-6.817869738900250286e-04
-7.038532132821671535e-04
-7.564814985124998720e-04
-7.600078105206670110e-04
-7.967728767572437995e-04
-8.538867563633767595e-04
-9.056732621477855353e-04
-9.222269403923086771e-04
-9.466081097970124522e-04
-1.029821192709090864e-03
-1.097227475921658084e-03
