-5.224633376478875213e-02
-4.434096794331153502e-02
-3.703387467956386486e-02
-2.486759220742079321e-02
-2.380066400082657060e-02
-2.074148030499522316e-02
-1.757327712266471692e-02
-1.452929148819737636e-02
-1.310084515233701959e-02
-1.256836830256315846e-02
-1.230795711239550047e-02
-1.003666156010511040e-02
-8.734281607188771474e-03
-8.604519947178141184e-03
-8.465037417139872900e-03
-7.614760698724411594e-03
-7.135750554676065227e-03
-6.865932430211238099e-03
-6.421183428163209327e-03
-6.135845891585924028e-03
-5.628911905010310079e-03
-5.337754146761314149e-03
-4.708909610606638874e-03
-4.573013165612696204e-03
-4.481138583788849689e-03
-4.274951801661619824e-03
-4.086644774226638049e-03
-4.015686689744505516e-03
-3.735461843099877055e-03
-3.714319769521533515e-03
-3.502849516971073308e-03
-3.178621955756077543e-03
-3.102100999202861507e-03
-2.839282203494875728e-03
-2.797725793681925775e-03
-2.743611448639229032e-03
-2.592581887764714658e-03
-2.578032230269585150e-03
-2.428449167269201153e-03
-2.345336598299985024e-03
-2.238867600397488958e-03
-2.200482515513130146e-03
-2.108535987549486120e-03
-2.027925690153657180e-03
-1.966146125391021997e-03
-1.910215276294142993e-03
-1.792901121519041097e-03
-1.755256628392389733e-03
-1.654655860357741315e-03
-1.610395692691133328e-03
-1.587708924423070819e-03
-1.541866553423814614e-03
-1.489847368932152713e-03
-1.384369581378403196e-03
-1.365562141054483701e-03
-1.323922236094253902e-03
-1.314550918346989433e-03
-1.258833429759723685e-03
-1.247355796114672354e-03
-1.170083343917467785e-03
-1.144002227301423860e-03
-1.104371823857370387e-03
-1.090195066298096536e-03
-1.025435180894180166e-03
-1.007242293631404120e-03
-9.745937926682755794e-04
-9.396517570017243323e-04
-9.200591703617637396e-04
-8.989854347215878692e-04
-8.790639123971569820e-04
-8.600759251815775835e-04
-8.249963827221861237e-04
-8.097768670859489468e-04
-7.964874582112379609e-04
-7.667906505215558348e-04
-7.546735831685661474e-04
-7.221505764849797237e-04
-7.131063883991223522e-04
-6.886943266463486446e-04
-6.778553829572077144e-04
-6.617943669364566425e-04
-6.414838295919603238e-04
-6.222055873837485434e-04
-6.097564589621524977e-04
-5.985587616546791164e-04
-5.818787021680873204e-04
-5.752461509071277916e-04
-5.550339759670719396e-04
-5.382416846819861956e-04
-5.266275305406595796e-04
-5.215060418327049745e-04
-5.121222892333144368e-04
-5.016542388837600275e-04
-4.978227512547787415e-04
-4.720807284927786810e-04
-4.646822626163015966e-04
-4.467806722044278373e-04
-4.355431380218251301e-04
-4.255745796630457144e-04
-4.222746057526582551e-04
-4.047438227182550649e-04
-3.963977104666666649e-04
-3.885029098718210494e-04
-3.707625776972035088e-04
-3.680777192153086939e-04
-3.621064220888904834e-04
-3.529134063592869863e-04
-3.395060598823437651e-04
-3.338488307389138364e-04
-3.290598245516404346e-04
-3.207130217873609005e-04
-3.141679867877995467e-04
-3.097433755478669120e-04
-2.965293411888591949e-04
-2.946191133219674030e-04
-2.886907162615341628e-04
-2.840733598530469127e-04
-2.772642582772796025e-04
-2.668692949268218787e-04
-2.645683923018052092e-04
-2.620326477043743887e-04
-2.601499560317393892e-04
-2.513800573562049588e-04
-2.406290515885924639e-04
-2.351220425809068075e-04
-2.332557767674301103e-04
-2.325807025271862179e-04
-2.215201189487813057e-04
-2.211093021173392975e-04
-2.118216118283410866e-04
-2.090050471052303698e-04
-2.053494615537769302e-04
-1.981495901356764401e-04
-1.950468362141869133e-04
-1.887923278614371005e-04
-1.835426295560779221e-04
-1.801425738555156755e-04
-1.766590530898906283e-04
-1.762382349248463971e-04
-1.730068394264626830e-04
-1.671383795043348565e-04
-1.651772927135124669e-04
-1.581839841867014283e-04
-1.544006924469928238e-04
-1.530375629341944766e-04
-1.468600656999439254e-04
-1.439113737375608763e-04
-1.404211980443684509e-04
-1.375580445038418552e-04
-1.341747719702389874e-04
-1.306891669234109610e-04
-1.284617608330378905e-04
-1.253965635634287561e-04
-1.246773969433430894e-04
-1.200813472209528001e-04
-1.183292464133171038e-04
-1.150472715804607278e-04
-1.137914171551692490e-04
-1.091959387828654647e-04
-1.086190610852525768e-04
-1.066301454369964716e-04
-1.038399126982728955e-04
-1.032887611536800466e-04
-1.020003468928937224e-04
-1.003767656957788381e-04
-9.798297072646261648e-05
-9.511219833142701269e-05
-9.430600135857400770e-05
-9.289834249257458818e-05
-9.021457043389217978e-05
-8.888222391568032974e-05
-8.780096400386969710e-05
-8.725300041814061940e-05
-8.393371326581678207e-05
-8.050172088767332051e-05
-8.021823270087752539e-05
-7.937060516891798257e-05
-7.851323943321889627e-05
-7.564344419922385194e-05
-7.445430403438625178e-05
-7.247136232327747803e-05
-7.217652928661514135e-05
-7.000381028771303935e-05
-6.989122188471157148e-05
-6.748114646245400824e-05
-6.535397322836991921e-05
-6.235442374918892918e-05
-6.194424866641347143e-05
-6.039377684571154743e-05
-5.946251076852244864e-05
-5.846114400675522538e-05
-5.786046323868224785e-05
-5.605746914804384770e-05
-5.540721205254285625e-05
-5.363249342799943217e-05
-5.280065746432759154e-05
-5.221885842048644790e-05
-5.153418619294869153e-05
-4.844184864771376763e-05
-4.667581212262602100e-05
-4.643000424654127067e-05
-4.541944646087854809e-05
-4.436297750336602464e-05
-4.362079527821316265e-05
-4.304465854079987745e-05
-4.161853372988866842e-05
-4.060149092883258605e-05
-4.041255383053269604e-05
-3.970176016679074555e-05
-3.928253429960376804e-05
-3.835530837986567127e-05
-3.721441046408786917e-05
-3.617406897155254586e-05
-3.500429793864346165e-05
-3.439495446205268413e-05
-3.396442556549248858e-05
-3.326383877673366686e-05
-3.254716308583141163e-05
-3.185509236836855463e-05
-3.093618790193370771e-05
-3.059400955410512547e-05
-3.010953905888153631e-05
-2.964714991250858069e-05
-2.889987871664164814e-05
-2.780587648894273356e-05
-2.734149845773707589e-05
-2.678699159434078775e-05
-2.616107953654470784e-05
-2.538058698053228263e-05
-2.514727741475355122e-05
-2.488879581513330457e-05
-2.456527372029330766e-05
-2.425687161018978444e-05
-2.340657032215866641e-05
-2.273680852456653941e-05
-2.223476187188237242e-05
-2.132517303439730990e-05
-2.083265554673758351e-05
-2.015789436945656003e-05
-1.958567795365554878e-05
-1.923478325646964788e-05
-1.914093373405810367e-05
-1.866384620575219208e-05
-1.820759564501711869e-05
-1.731433575208103529e-05
-1.716025261354976313e-05
-1.691886129267819271e-05
-1.627312996641798679e-05
-1.586248219381708298e-05
-1.575544894348232866e-05
-1.538697524208781190e-05
-1.481140976213712174e-05
-1.448340662446181379e-05
-1.397729053687137113e-05
-1.366505325989618352e-05
-1.348238046999948539e-05
-1.312716902338107953e-05
-1.271080461768625555e-05
-1.221232865426958001e-05
-1.198861527420265434e-05
-1.148566038495830541e-05
-1.104820544262498707e-05
-1.075373220481577276e-05
-1.045948493289913686e-05
-1.012388177267617297e-05
-9.988583150921135238e-06
-9.857125092184471917e-06
-9.481091500601035766e-06
-9.266045455290692519e-06
-9.154667535058481976e-06
-8.891325023211044752e-06
-8.409591083438253017e-06
-8.229385521402030455e-06
-7.937296309894965974e-06
-7.709930325928097673e-06
-7.486967752646886233e-06
-7.292668866458565853e-06
-7.020984324070720140e-06
-6.700258456101484820e-06
-6.515405686951358603e-06
-6.404151769838532423e-06
-6.169918069430719859e-06
-6.116001590638484565e-06
-5.930309854802535086e-06
-5.654771700590108258e-06
-5.491779615225388630e-06
-5.300953983672573157e-06
-5.123975007280813505e-06
-4.864730387741864906e-06
-4.764718950480740129e-06
-4.639784326854724141e-06
-4.510045487702194081e-06
-4.423029993358362384e-06
-4.321204124653532029e-06
-3.962259643540254118e-06
-3.765942071366764902e-06
-3.717841000984022605e-06
-3.522183391608871764e-06
-3.451266705003787639e-06
-3.226181740631978442e-06
-3.172902561160433985e-06
-3.089290639540686792e-06
-2.901656075249600394e-06
-2.699351423160923569e-06
-2.544670114700006846e-06
-2.486668917191565032e-06
-2.437052652751926936e-06
-2.251643895214942927e-06
-2.150141367915201091e-06
-2.098585350285315974e-06
-1.814390136042860450e-06
-1.757301320927599773e-06
-1.634082746220391660e-06
-1.503764179485582898e-06
-1.453629580864432790e-06
-1.401833940917005649e-06
-1.270716308783804519e-06
-1.229601047632266617e-06
-1.165644932834768596e-06
-1.047479361635937638e-06
-9.350437806146829567e-07
-8.341161991605700076e-07
-8.046773952500121007e-07
-7.262307582355715181e-07
-6.256235295071826854e-07
-5.735097083519313415e-07
-4.568942324570807458e-07
-4.453539896729392135e-07
-4.210913663572257158e-07
-3.388176927840661637e-07
-2.831968843786651997e-07
-2.017216572307520353e-07
-1.606853109079807253e-07
-1.442490883127544072e-07
-1.689011408475430958e-08
-4.674806182589668970e-18
1.905122779479148513e-18
3.097747022501079286e-08
5.927676612162403172e-08
1.045075531630232350e-07
1.430128990675521108e-07
2.035591312987103795e-07
2.957649336244026160e-07
3.027991703548801681e-07
3.740167543718355402e-07
3.842243160639655143e-07
4.963826091738730369e-07
5.554858220097757575e-07
6.188225517372970440e-07
6.707181094237012684e-07
7.325874129004564332e-07
8.246020972031435897e-07
8.991143362191206618e-07
1.035072597135413954e-06
1.088192118698666245e-06
1.238102181883715853e-06
1.293444818793469046e-06
1.322282976954686495e-06
1.374963452793646737e-06
1.499726672070916346e-06
1.650080843374054571e-06
1.718024118421565052e-06
1.787581396774212577e-06
1.836772188497931122e-06
1.960299588079663328e-06
1.983774146533819208e-06
2.049631154031482065e-06
2.204450268207164184e-06
2.260008089788607131e-06
2.374331260892795356e-06
2.578619882159121161e-06
2.597724303671203613e-06
2.704854461170963873e-06
2.879236739098722400e-06
3.016516552703469493e-06
3.139124017073710423e-06
3.191216390238551998e-06
3.299320243564309192e-06
3.334805287371472273e-06
3.427232504789607656e-06
3.592778667973020148e-06
3.687164353729702160e-06
3.742780666641130185e-06
3.870531950511632997e-06
4.445217280615018152e-06
4.549960328504051240e-06
4.558350548943825123e-06
4.759690030352834938e-06
5.016774261664616456e-06
5.067917181317160230e-06
5.239374163220824617e-06
5.441762392369616472e-06
5.524474301007121066e-06
5.787842295887597029e-06
5.962378187744755882e-06
6.090693800798559303e-06
6.227744121507636970e-06
6.260077792117333877e-06
6.543142152173504213e-06
6.765490700264300113e-06
7.192159835895233813e-06
7.403710387666858486e-06
7.487273342962821871e-06
7.768826588695359358e-06
8.333106925636987749e-06
8.586486905014309044e-06
8.705092187144450905e-06
8.936726413307351322e-06
9.068013781011989916e-06
9.377654983601225558e-06
9.676558305793959213e-06
9.814559359731386351e-06
1.007940995863417984e-05
1.032036518740291868e-05
1.073697406501125211e-05
1.092854700987958295e-05
1.153253151624677086e-05
1.171224991315417564e-05
1.184042810971156227e-05
1.229469894011542282e-05
1.247227062937182467e-05
1.316657568990874234e-05
1.334092767666217357e-05
1.360947565095479022e-05
1.401397317621384034e-05
1.471816609228495056e-05
1.487470539378725068e-05
1.523937430468115013e-05
1.558197577711501158e-05
1.587354480066293164e-05
1.607769213257692777e-05
1.629476838278030889e-05
1.683701845030808591e-05
1.747250089670558763e-05
1.793486610905572270e-05
1.833962851061409974e-05
1.842082046514330771e-05
1.889599464427709546e-05
1.922223086951035473e-05
1.979317271241794361e-05
2.013855648201904054e-05
2.040505174777214938e-05
2.129597816220166000e-05
2.158535658434140096e-05
2.205015021496165202e-05
2.305939153402690074e-05
2.334725425083519388e-05
2.374463894699439559e-05
2.405006137774289311e-05
2.456593049737736050e-05
2.564017634827485872e-05
2.606745224376464328e-05
2.663570287669974964e-05
2.789316487260826079e-05
2.824274073763240718e-05
2.878162131937730300e-05
2.943666987510410102e-05
2.947799015654596351e-05
2.999430911500011122e-05
3.108239425640976430e-05
3.159096045712228915e-05
3.234647100037268101e-05
3.283389359880935085e-05
3.341241886916179282e-05
3.436421738889444769e-05
3.494583666162633085e-05
3.639502209587473758e-05
3.779227714183229015e-05
3.826614311500652223e-05
3.881870315431664641e-05
3.956922200207228378e-05
3.974235844798032263e-05
4.088052885498811732e-05
4.244446262615134499e-05
4.276832401936915063e-05
4.404274347071613976e-05
4.451652931156068572e-05
4.626863478170721762e-05
4.714019759816047601e-05
4.802119797916768693e-05
4.889466666677538966e-05
5.034899237171565876e-05
5.076643115061421532e-05
5.097275871508264876e-05
5.225504226369028947e-05
5.438812026239620077e-05
5.524796802526482040e-05
5.718275038952567231e-05
5.850983202045575179e-05
6.115737630300572094e-05
6.170983506357979637e-05
6.203849271823783746e-05
6.369663495875878408e-05
6.502833998786250393e-05
6.524611165850104034e-05
6.630399198071181184e-05
6.875663817121052798e-05
7.081440392156896572e-05
7.133480541863116754e-05
7.248849365052817103e-05
7.596383036093069460e-05
7.661394117691695338e-05
7.848730145543793269e-05
8.137397825754523668e-05
8.269739947466974469e-05
8.532698267257922951e-05
8.640382886949325670e-05
8.742840271620775663e-05
9.093019057198913665e-05
9.246216413607927719e-05
9.487960444475454036e-05
9.616929504330044007e-05
9.747722589873956272e-05
1.011631813886874160e-04
1.040121671284639744e-04
1.051932585711434944e-04
1.062853188871441649e-04
1.087573692627500049e-04
1.102707861610442361e-04
1.149097399204733960e-04
1.157615964550388611e-04
1.178311381580661547e-04
1.209918924939465661e-04
1.233991881696678108e-04
1.302245212857018792e-04
1.324745559518917745e-04
1.343466455616947356e-04
1.362555136955106376e-04
1.383366577511318521e-04
1.409190371253534206e-04
1.449493662344005646e-04
1.497511618578569207e-04
1.516755911051364235e-04
1.553317434169813026e-04
1.605104862576680485e-04
1.640037762009862929e-04
1.665051085476176233e-04
1.686708038687952289e-04
1.759209607852006219e-04
1.801959054596694466e-04
1.829118274578970800e-04
1.863121549467216598e-04
1.917694579022278807e-04
1.974787361418921629e-04
1.995107107431736445e-04
2.026876087793271397e-04
2.100407723395481528e-04
2.151063303244792871e-04
2.216372516778185656e-04
2.253447417503706956e-04
2.308060895319786316e-04
2.346627443468459167e-04
2.357583593930254596e-04
2.467807809806001149e-04
2.498563121305435943e-04
2.577074878247921489e-04
2.603151173425235598e-04
2.655107136548305407e-04
2.721485585263321689e-04
2.749954996024839954e-04
2.874222537271900425e-04
2.946363200353896579e-04
2.993579302652296355e-04
3.204267813785319848e-04
3.244692463315200417e-04
3.286157646861529781e-04
3.344043766036138596e-04
3.404569541630120505e-04
3.519860076838678522e-04
3.532129367094168928e-04
3.676750644884853856e-04
3.761561573463708991e-04
3.773313947239807244e-04
3.935228908358599309e-04
4.043335043593135293e-04
4.113767626275125454e-04
4.266185097764994155e-04
4.295454245170038875e-04
4.365145587641799875e-04
4.475890912845343207e-04
4.574166819322229697e-04
4.749866724350344620e-04
4.861697267357961076e-04
4.947884505722012060e-04
5.227189428516241729e-04
5.351043562111148632e-04
5.398093705921131304e-04
5.482135640510961720e-04
5.576816010503116020e-04
5.610671172854094120e-04
5.868764256500473911e-04
6.127430324828745832e-04
6.267746619223415637e-04
6.386021553458451783e-04
6.479327282614563916e-04
6.848782127732501749e-04
6.928115473610271541e-04
7.270360574549173662e-04
7.419152696899280509e-04
7.574169260205880234e-04
7.711699888602529477e-04
7.872862369715180348e-04
8.278786794515835285e-04
8.442185328883136490e-04
8.504679241933680352e-04
8.881293107374425930e-04
9.187617531304749030e-04
9.333758172557260523e-04
9.725147067130113059e-04
1.054025879078086684e-03
1.057040690424029122e-03
1.073880360443584415e-03
1.140250882111585803e-03
1.151404538895658752e-03
1.183852261266998482e-03
1.228826247102795611e-03
1.257105424135084156e-03
1.301093133679308853e-03
1.320182242838372063e-03
1.379603765954790342e-03
1.453186965600493635e-03
1.489093996551486224e-03
1.546870957094700905e-03
1.585189839349910625e-03
1.691012902724981989e-03
1.739667181422995413e-03
1.802753637314493968e-03
1.916459234772558730e-03
1.972116120813739541e-03
2.118008365689260774e-03
2.168153941184422853e-03
2.277530503700909807e-03
2.328464649362467585e-03
2.430680299616920417e-03
2.616383351680180540e-03
2.755924693836541914e-03
2.855610858450913399e-03
3.008644611680958477e-03
3.176216675261202792e-03
3.267110332273496631e-03
3.468177752082416115e-03
3.714700921200859551e-03
3.909136819917221478e-03
4.104992453273336415e-03
4.128114480795107288e-03
4.490033951508229891e-03
4.923069047398370354e-03
5.421096116560399601e-03
5.819907960567819762e-03
5.996617921097393764e-03
6.359078327613336412e-03
7.214969190291702431e-03
8.021316979749395018e-03
8.535023795419847265e-03
9.456560740519160888e-03
9.819660376311732664e-03
1.121903721407231831e-02
1.186873568678815417e-02
1.260503954878247623e-02
1.493938150599534442e-02
1.790869068509353540e-02
1.892290795794310254e-02
2.213914946749279133e-02
2.707434089414758119e-02
3.218690348041691740e-02
3.559759342700740542e-02
4.421881941131530769e-02
4.683576035579802704e-02
8.429377406001982431e-02
9.297579645233602919e-02
1.608833279734539767e-01
1.722107694320755278e-01
4.179823575541673497e-01
1.558151348513756584e+00
3.184370277132710925e+00
7.498430567796189550e+00
