-6.360089659956903122e-05
-3.773998455805332286e-05
-3.447464594186501453e-05
-3.042114995920614374e-05
-2.558785721197533319e-05
-2.124996569215355469e-05
-1.805269984558138832e-05
-1.628312754958518869e-05
-7.391266142970246665e-06
-6.750064312412661004e-06
-5.338689399246887657e-06
-3.236528150843546239e-06
-2.771092759008116398e-06
-2.517123363076098446e-06
-1.824221894807609758e-06
-1.574824395286674090e-06
-1.394877537719990836e-06
-1.230127942381045835e-06
-1.062655799000457049e-06
-6.774477778884207281e-07
-6.589342760596423276e-07
-5.890057493673600848e-07
-5.608653904031195217e-07
-4.421534754643094526e-07
-3.942383550475862880e-07
-3.210951998157665639e-07
-2.983483711519966097e-07
-2.806754254552410572e-07
-2.290129755264909599e-07
-1.775858192684456700e-07
-1.647114847867480842e-07
-1.495989994606202603e-07
-1.265363341553494784e-07
-1.136199749495475376e-07
-9.978418189293530064e-08
-8.580098264118941185e-08
-8.332215144207288936e-08
-7.870138480932546351e-08
-7.205046769331627990e-08
-6.209252915925439429e-08
-5.773418615693660920e-08
-4.907068535801915995e-08
-4.557233292505289990e-08
-4.375901023496484002e-08
-3.831115195601036319e-08
-3.805395276734448039e-08
-3.519334965897520677e-08
-3.083481032196886018e-08
-2.825271202537812862e-08
-2.795098981972970022e-08
-2.510586442461027401e-08
-2.187177392595098645e-08
-1.932808414864766123e-08
-1.715627344938325104e-08
-1.411521613860485376e-08
-1.255520527200868439e-08
-8.430137320169507982e-09
-8.325161145480330812e-09
-6.412202146734234391e-09
-5.818718283696424208e-09
-4.590698522947648912e-09
-2.653800570967105175e-09
-1.632361863041358082e-10
-3.670648523583270536e-20
-1.325462921366415785e-20
7.297396345971129273e-10
1.506632983610289378e-09
4.949156705406984859e-09
5.817222214610613351e-09
8.447822032919953806e-09
1.158312923210516760e-08
1.612082862742282817e-08
2.083080194339328060e-08
2.379500925048658681e-08
2.737498263195593891e-08
2.898564573604144398e-08
3.598126940037358742e-08
4.751464233588753769e-08
4.988454518519684884e-08
6.165519800841517517e-08
6.278506387908464051e-08
7.325565752403729221e-08
7.626401462179886459e-08
8.880422692005539779e-08
9.407518081332175540e-08
1.010184182357343176e-07
1.035559465139244892e-07
1.158925563882865419e-07
1.242474100689871468e-07
1.264502691700917535e-07
1.333310040801688685e-07
1.371148129266895670e-07
1.402399782447088938e-07
1.463916108967156049e-07
1.528816122500045810e-07
1.568997309817032536e-07
1.662690186701627573e-07
1.748509987654905424e-07
1.835967835632810192e-07
1.873003882982194898e-07
1.969297522184065761e-07
2.001352599044278716e-07
2.082276153249415419e-07
2.100377189934520954e-07
2.177435629228697593e-07
2.249379962383076749e-07
2.363378446239373316e-07
2.415854829080778744e-07
2.436090763097985737e-07
2.549010883629325104e-07
2.576286923058368410e-07
2.656555520479673925e-07
2.719126612863654502e-07
2.752783429675964752e-07
2.898723552426354537e-07
2.951097309672193787e-07
2.992819421458405653e-07
3.017515103310643994e-07
3.087418834253202288e-07
3.256540530703949422e-07
3.353235151654278174e-07
3.404561123885940967e-07
3.458335602310933160e-07
3.578040112072122962e-07
3.693938979849384368e-07
3.709795184969145809e-07
3.800192026966558012e-07
3.816538406322153195e-07
3.985535794124222393e-07
4.089268845546052205e-07
4.221502094454101796e-07
4.261985079777062837e-07
4.455788136925892799e-07
4.502536648345924173e-07
4.586122257853619868e-07
4.680215916365015639e-07
4.758210186071648851e-07
4.825178302565120947e-07
4.843074700618085843e-07
5.093293101083734787e-07
5.117664224811893327e-07
5.337459500041033430e-07
5.474241262058400170e-07
5.506629839967631236e-07
5.590837601501338718e-07
5.719739728658774332e-07
5.789208515637288170e-07
5.967828658514552444e-07
6.130817331775867253e-07
6.246320021669301415e-07
6.319493123839699710e-07
6.432840122996778965e-07
6.506948865624320485e-07
6.707977533389753854e-07
6.808321693680904714e-07
6.887854417226867056e-07
6.919650739535947107e-07
6.959812533128127166e-07
7.127565826856073407e-07
7.265681571640355124e-07
7.286140414223166567e-07
7.519534326619291587e-07
7.582459379589572162e-07
7.761606330530988045e-07
7.867977012479102940e-07
7.886213409090636785e-07
8.057504354523672249e-07
8.186025941008502550e-07
8.525189937451260560e-07
8.740571882184596934e-07
8.943848803497619924e-07
9.052414183012361838e-07
9.234470920726964571e-07
9.454591467105581744e-07
9.502441931203044410e-07
9.709460101531320435e-07
9.783320132329541736e-07
9.910812302346971790e-07
1.003963659335366215e-06
1.024539648179574090e-06
1.028056933545511771e-06
1.041496848757517767e-06
1.051435635467081064e-06
1.084517513823691317e-06
1.094111000014035676e-06
1.113174564281472060e-06
1.138292046838645965e-06
1.166588731563752382e-06
1.177483782617708505e-06
1.185009802990163375e-06
1.207469646327646835e-06
1.230402239471458620e-06
1.243702716742493999e-06
1.262267760666256119e-06
1.281785680419476012e-06
1.307063058204227672e-06
1.313780872867341928e-06
1.329847934288961673e-06
1.341162488771198987e-06
1.355078399228759721e-06
1.368643865453174164e-06
1.376743979206803372e-06
1.399988247857482341e-06
1.421895592831088814e-06
1.463751075666187121e-06
1.472561137909282081e-06
1.478714108076042446e-06
1.483666724681901411e-06
1.516943512314842475e-06
1.547889701861147322e-06
1.556722925999699521e-06
1.566119763535277956e-06
1.576874339262930966e-06
1.594723245845813743e-06
1.626124180211391499e-06
1.628608823710564175e-06
1.667021230314683562e-06
1.688971590323382687e-06
1.711281918485185850e-06
1.757136403871460634e-06
1.767715775926973775e-06
1.773298943041192808e-06
1.807413076645449956e-06
1.836591488821557751e-06
1.880452093889507417e-06
1.889176457987885095e-06
1.928972059342338582e-06
1.943680871625126708e-06
1.990905742105701815e-06
2.001888390232759437e-06
2.015104146685068379e-06
2.033124260170176521e-06
2.070698404714817947e-06
2.086125939150488524e-06
2.093586073823462499e-06
2.104096825181416800e-06
2.126374984817136048e-06
2.177713447487888113e-06
2.226983860268092201e-06
2.271985739025397071e-06
2.276153457838380880e-06
2.325274197958487124e-06
2.336211491627117401e-06
2.370553206541595928e-06
2.374149972451095302e-06
2.422072048239896565e-06
2.439116348222865889e-06
2.476192910570085375e-06
2.497880811363302809e-06
2.551521826814464345e-06
2.582832073091402322e-06
2.607409133470864138e-06
2.623675338887715598e-06
2.653166861108865574e-06
2.720424184861582314e-06
2.751336219383657659e-06
2.756827635031572724e-06
2.795579301680977804e-06
2.825999538392116478e-06
2.900218701498998715e-06
2.908076593390472296e-06
2.935767865395504797e-06
2.969321143746120651e-06
2.994478032406444755e-06
3.056187192511683899e-06
3.072828139894837521e-06
3.095704651573134570e-06
3.127723785876681983e-06
3.149565319673996364e-06
3.237667420358958076e-06
3.254751342465790243e-06
3.255519344114718622e-06
3.292919047341363607e-06
3.317614457761185352e-06
3.356582828223547392e-06
3.396352889791678384e-06
3.412882942129642340e-06
3.432536631559816104e-06
3.474191879251526430e-06
3.520591158530512954e-06
3.553457683797147223e-06
3.583165633781885113e-06
3.645746220827568174e-06
3.666419732165958912e-06
3.758620557500740287e-06
3.813071852188073428e-06
3.866862252805899394e-06
3.911146899201066670e-06
3.954245262076920174e-06
3.985144881274923005e-06
4.014730956843425359e-06
4.065251710896650674e-06
4.096137045785363090e-06
4.167096984039671162e-06
4.200892265759340562e-06
4.243879930177161149e-06
4.313363821468516809e-06
4.352574805326171666e-06
4.382585348053178400e-06
4.475370982546743191e-06
4.482726932713416201e-06
4.547653028786232883e-06
4.633383749113447989e-06
4.692496152813167705e-06
4.730982354171380433e-06
4.793406561025714337e-06
4.809037906322699332e-06
4.882416764037901629e-06
5.014230440138829212e-06
5.066983435521680062e-06
5.089378002895968966e-06
5.189901974680691584e-06
5.238406531257256377e-06
5.264640452596586643e-06
5.292963296724718665e-06
5.327925942100315523e-06
5.358130391864132232e-06
5.434795243878450925e-06
5.503805392393558409e-06
5.552872551992199864e-06
5.622552433274234430e-06
5.673975294033874295e-06
5.708175144159780356e-06
5.804007006635903250e-06
5.863545866952916299e-06
5.885305823753272175e-06
5.948286902730349501e-06
6.033956507508002977e-06
6.092892601837080613e-06
6.187059455748791959e-06
6.223057246294763967e-06
6.329160194018454862e-06
6.387919599277251582e-06
6.426157792384832244e-06
6.493448652252485528e-06
6.588567313890521547e-06
6.626833695927778651e-06
6.759636340103285235e-06
6.829015883249536206e-06
6.874769403855891948e-06
6.934062493251663254e-06
7.070895172221436637e-06
7.101207987425308103e-06
7.133023477387672233e-06
7.246120117582252127e-06
7.301273672223064516e-06
7.503485391871282946e-06
7.581746294927995091e-06
7.667636710505929860e-06
7.738585077073385963e-06
7.802162597741939216e-06
7.875244284952589053e-06
7.958034336011643225e-06
7.987856384659055550e-06
8.018644783424144239e-06
8.273863255197595742e-06
8.410152791363820899e-06
8.491616147718006495e-06
8.568889651006753467e-06
8.709218562525285551e-06
8.778647870587515087e-06
8.942306035171385150e-06
9.038028011615712251e-06
9.112792779570499962e-06
9.324661485002682342e-06
9.345535771152349024e-06
9.468380592087706618e-06
9.570832067681551807e-06
9.616029551576538978e-06
9.662389329292990134e-06
9.794631293458200895e-06
9.826298923380509919e-06
9.966838843273399784e-06
1.005182880107785315e-05
1.029551260186635315e-05
1.032368527187566984e-05
1.042331850979199182e-05
1.067075304333859252e-05
1.070443988836226690e-05
1.092078002673076315e-05
1.100374722555340293e-05
1.106770893277876605e-05
1.117707913956325820e-05
1.125623841625378073e-05
1.144961501295941502e-05
1.151558841240403071e-05
1.164681256376062962e-05
1.171828311754743544e-05
1.186162735280834745e-05
1.203155661293108729e-05
1.212951537489854160e-05
1.222281211495476516e-05
1.231509712563615191e-05
1.262786076241620278e-05
1.287629494207150180e-05
1.301951452001263665e-05
1.305915396701526251e-05
1.326784593681343372e-05
1.342247734524384396e-05
1.348175988731753751e-05
1.371160669179129390e-05
1.399290929801119773e-05
1.416238391767776371e-05
1.439711229871248527e-05
1.457113673552696215e-05
1.483977332073879101e-05
1.489069323652439643e-05
1.492175701564943079e-05
1.507572622830711571e-05
1.532362814366088755e-05
1.539653588756531333e-05
1.554211602808066542e-05
1.583446740281089417e-05
1.598598078782280081e-05
1.604980235773349160e-05
1.617948444597778441e-05
1.651828938272036564e-05
1.656932606702132799e-05
1.664913469683597329e-05
1.677275646309262040e-05
1.693473224454224372e-05
1.718326121233556967e-05
1.737861169500264921e-05
1.769828424827773962e-05
1.785606742645891337e-05
1.796978287357464611e-05
1.800687309322301111e-05
1.832408058124204326e-05
1.852230584932696746e-05
1.877657965685871421e-05
1.906340555004992952e-05
1.966677246766010005e-05
1.969478846200147358e-05
1.992353059499703542e-05
1.997142241201093043e-05
2.022494932267506078e-05
2.043823336907702289e-05
2.052639294725953898e-05
2.060065985218278422e-05
2.076792851497116787e-05
2.124465749442255619e-05
2.150076188429480331e-05
2.182014384612348016e-05
2.189600777894401836e-05
2.260991164850688489e-05
2.291769819071532311e-05
2.321788414089321714e-05
2.367303155611098406e-05
2.382946045119609414e-05
2.409985058991348658e-05
2.418458903754695333e-05
2.440955646142937071e-05
2.446814156954812424e-05
2.506477350643362026e-05
2.521168310322954652e-05
2.549399056585709375e-05
2.569728751792434328e-05
2.587913549416769846e-05
2.631053794501680325e-05
2.651236636999104287e-05
2.666743415664326781e-05
2.708390108670474149e-05
2.726843619646960026e-05
2.748555050207215547e-05
2.782418457632297566e-05
2.823463314345936068e-05
2.857133945074015867e-05
2.891052794061771544e-05
2.923965941446169322e-05
2.949458798222651215e-05
2.970221253992650650e-05
3.014199645816412879e-05
3.042163859377239744e-05
3.089093004479735814e-05
3.144030317751839295e-05
3.200466761437085052e-05
3.222926675890421086e-05
3.255954460829433184e-05
3.277079977296389231e-05
3.302207954714324236e-05
3.359454811354907927e-05
3.385560898704994995e-05
3.405501746988319765e-05
3.456862221945980582e-05
3.511477090547820290e-05
3.544337646516751753e-05
3.577503927232240260e-05
3.672015246245739366e-05
3.755344161336969045e-05
3.789933052992500818e-05
3.860668447305575841e-05
3.907256842408281516e-05
3.934386535691789026e-05
3.986444180704031665e-05
4.071616771645931982e-05
4.102752690673599432e-05
4.108814660206696300e-05
4.155771102493101244e-05
4.183052636917841883e-05
4.237974599754376300e-05
4.310444265284798279e-05
4.359548927930273401e-05
4.423195051502938055e-05
4.436760563737102776e-05
4.481689789252587348e-05
4.542014721276118239e-05
4.597872726162771623e-05
4.698316037515461077e-05
4.799547296298572167e-05
4.835536215345829120e-05
4.878974421991458656e-05
4.926545309984986602e-05
5.030723122674828377e-05
5.127820760356875500e-05
5.155730716103795915e-05
5.232533723309079529e-05
5.295026868230305644e-05
5.333479411415978019e-05
5.347034262300250768e-05
5.379736210124385292e-05
5.492100087762376390e-05
5.603163951166211095e-05
5.637213891114423322e-05
5.731916289041039326e-05
5.858862329611598242e-05
5.959952631333775700e-05
6.226376298335607078e-05
6.335643076267556467e-05
6.352612737343795661e-05
6.455306229031045930e-05
6.535108226690948974e-05
6.590543260265149578e-05
6.619038737378104371e-05
6.667036998439842134e-05
6.700555726670999056e-05
6.718450825054699471e-05
6.839170149590508214e-05
6.905485036461632160e-05
7.058319913365540500e-05
7.171326643223156544e-05
7.267285795355642305e-05
7.391896238654128753e-05
7.443792978318259431e-05
7.460346635605075865e-05
7.674744101947368244e-05
7.940929835617884511e-05
8.005914040506013733e-05
8.068071738453611366e-05
8.119475612390329874e-05
8.390289327750683846e-05
8.463831965806341805e-05
8.548656374412816252e-05
8.650071540900089483e-05
8.730532255016284018e-05
8.797203736094081543e-05
9.016206267301999408e-05
9.106346665964519017e-05
9.314047212829562562e-05
9.593340082321986147e-05
9.781717895238734809e-05
1.018473132579011346e-04
1.020878632867648823e-04
1.037061722914363120e-04
1.042544371362284414e-04
1.050130863345186821e-04
1.055037599624504958e-04
1.074850962197405814e-04
1.087146441060981997e-04
1.110735474960680659e-04
1.115459423103189434e-04
1.122099403339046778e-04
1.139585244312673424e-04
1.186203311732117238e-04
1.191295915503156125e-04
1.210625555683556573e-04
1.249431838883979708e-04
1.262734442825771877e-04
1.304513729851646605e-04
1.325035484365007373e-04
1.330357608774205473e-04
1.373299880675960026e-04
1.390662968518211189e-04
1.413758858850491091e-04
1.422124961331838115e-04
1.449911481272337808e-04
1.456670166736364702e-04
1.526450799309217986e-04
1.562723460774366436e-04
1.577729872023026858e-04
1.606820701796550196e-04
1.627264666603342902e-04
1.651316439736252677e-04
1.681475451483773690e-04
1.717912256340534019e-04
1.733183576761491659e-04
1.792769498912410997e-04
1.821893004206255780e-04
1.845689785673503328e-04
1.878674709376481808e-04
1.894604962882231287e-04
1.926317574254741397e-04
1.981711043045213973e-04
2.025108206477083280e-04
2.037986780591243810e-04
2.101022332666481192e-04
2.221087938386257974e-04
2.239986511840363730e-04
2.263479037467357657e-04
2.344275590639736874e-04
2.348396286632371149e-04
2.382391734940824974e-04
2.456222464599477472e-04
2.469117752195398689e-04
2.569067301626150996e-04
2.613833241175156645e-04
2.762371233027726466e-04
2.857781138961940038e-04
2.937125883720266193e-04
2.947093145671607177e-04
3.009479020588800430e-04
3.046762027112533090e-04
3.077246302222804461e-04
3.121874546673059319e-04
3.307686301165707393e-04
3.444245871701864629e-04
3.540047151914212705e-04
3.603623690329435026e-04
3.721535734259615665e-04
3.973590074413047490e-04
4.053399070662324580e-04
4.106510288457446362e-04
4.275701163019781943e-04
4.386422557031820907e-04
4.494593560572539737e-04
4.539131353173961932e-04
4.919510142915262075e-04
5.041218325890744600e-04
5.457093116815574241e-04
5.525493550976336415e-04
5.551663510096649682e-04
5.818324270939828017e-04
6.259569737684679818e-04
6.375102575504929632e-04
6.731603111723428968e-04
6.769918673591342195e-04
7.718328535588950788e-04
8.066707618968682950e-04
8.092782826819551814e-04
8.551907074848197820e-04
8.905031428985775823e-04
9.141226912454268518e-04
9.510138062623857500e-04
1.014961736943019617e-03
1.118173840109677655e-03
1.218336695508269452e-03
1.246201830613029695e-03
1.301498313508536080e-03
1.352391153459512555e-03
1.565506321773432481e-03
1.706316514260332708e-03
1.908070011116573582e-03
2.030177322893635637e-03
2.383649969808947829e-03
2.596874218873139548e-03
3.170084044881512665e-03
3.486400732471972141e-03
3.950418698535912952e-03
4.128320463877643322e-03
4.446167842081802726e-03
5.964958494519357127e-03
7.366303420412501947e-03
7.529809169469143734e-03
1.741901109172204476e-02
3.261774835454784444e-02
3.609942722817519045e-02
1.201254942853099694e-01
