5.203222930194729534e-05
3.609181789127914857e-05
1.995518932524293677e-05
1.191021467178277563e-05
1.000603211252995804e-05
6.582253163155488245e-06
5.297405401208405567e-06
4.635779831459108738e-06
3.837315340598428608e-06
3.234573738778974001e-06
2.932628515086539963e-06
2.855957138718922608e-06
2.506475273883216964e-06
2.056139008953273896e-06
1.972763985409820898e-06
1.626523401929049120e-06
1.501835321025461255e-06
1.476627327306142165e-06
1.353840364494159817e-06
9.535677649753341099e-07
8.063197133567271327e-07
7.040048581149939317e-07
6.681280232029300522e-07
4.066948405767535533e-07
2.848514503249352111e-07
1.548934437581618926e-19
1.004085534690448802e-19
6.211367756698619679e-20
6.067699818884132741e-20
5.725418647979947206e-20
5.603206518225547804e-20
5.344391357687076695e-20
5.152915397350643155e-20
4.973487513414181671e-20
4.905119970075301850e-20
4.740684001475264354e-20
4.663775615358377170e-20
4.530585125082727002e-20
4.438263195574896667e-20
4.297091240077579677e-20
4.238514136712390696e-20
4.196118929398327973e-20
4.107414734646887555e-20
4.023951891486996472e-20
3.941044428465599743e-20
3.899366530458657483e-20
3.752213420933687849e-20
3.728016829742330860e-20
3.651374960702774723e-20
3.564025252731373001e-20
3.484080595451856277e-20
3.432186623809793474e-20
3.381132782037317241e-20
3.297711778150098984e-20
3.252880724160743159e-20
3.218737707929732914e-20
3.155987385273516006e-20
3.064912111036297152e-20
3.038159283673201717e-20
3.005501985799743997e-20
2.956333164307302130e-20
2.877351640373029177e-20
2.837122090983120648e-20
2.831114368178973386e-20
2.765769205462402144e-20
2.756647817807435941e-20
2.704262044420899062e-20
2.668788679021208099e-20
2.651040658086032643e-20
2.620827368867065577e-20
2.575654924552190737e-20
2.551805702495159982e-20
2.475993838574235818e-20
2.471057699577014693e-20
2.441812467300739807e-20
2.416952491629367485e-20
2.393704609977580901e-20
2.366157589940794882e-20
2.305742095986425286e-20
2.295177946892170593e-20
2.256035314180699356e-20
2.251670271313411108e-20
2.225111168416723066e-20
2.174379390504978269e-20
2.137246771860290442e-20
2.097153190964337741e-20
2.081638918524331690e-20
2.062960037951671580e-20
2.052472697356423644e-20
2.041074572268813952e-20
2.006862030762939008e-20
1.999803034223543009e-20
1.988119821775359158e-20
1.952002715450189781e-20
1.906033929551683054e-20
1.886787331438282170e-20
1.864194955132112900e-20
1.846149188922719460e-20
1.828536293836905262e-20
1.814888788023600859e-20
1.765240732784721803e-20
1.757355299349708273e-20
1.737069976651825335e-20
1.726814564002244204e-20
1.704543477386005829e-20
1.680021692604114546e-20
1.655101063709174816e-20
1.645756936253426454e-20
1.626070162485715115e-20
1.606622335874627006e-20
1.595489851803894553e-20
1.585813595115355464e-20
1.560171639422761116e-20
1.544919155742562609e-20
1.520233872407068212e-20
1.513960930200875610e-20
1.476349820771241875e-20
1.468499609474957640e-20
1.455975034623394977e-20
1.441614209265083169e-20
1.437930897626718443e-20
1.413809057654593281e-20
1.400426080629574869e-20
1.375549844847050406e-20
1.365637063659789826e-20
1.359396064860349297e-20
1.342924850379261512e-20
1.323896675228514793e-20
1.317552101809067632e-20
1.293730473431757218e-20
1.286366865921369816e-20
1.274100294938384032e-20
1.261686793337635211e-20
1.248105211665525152e-20
1.241671876210411168e-20
1.216062420092732627e-20
1.208798262026832994e-20
1.193581139521130548e-20
1.181976749459892385e-20
1.172777732943975756e-20
1.157352288521478678e-20
1.150643229943404002e-20
1.132806600949645902e-20
1.122617498516343621e-20
1.116958687435156522e-20
1.106086299559542685e-20
1.092882766533066263e-20
1.081895865666320218e-20
1.059372690107762258e-20
1.051190902363421239e-20
1.035922059167147418e-20
1.030832108213763370e-20
1.021256739929257189e-20
1.013704352855401727e-20
1.001956501177102908e-20
9.982741665935971813e-21
9.901044177806102607e-21
9.711015575217789280e-21
9.617249571233361029e-21
9.471181748600927646e-21
9.361244526590686635e-21
9.221432568382682315e-21
9.149269594735910651e-21
9.104233760533281885e-21
9.068409884029417497e-21
8.962066317084880456e-21
8.829590827623522937e-21
8.775736305442674097e-21
8.595441719620545127e-21
8.501806541892052986e-21
8.462807671301355588e-21
8.318367624013909830e-21
8.155056777662205716e-21
8.063680353502278814e-21
8.033026673188707447e-21
7.980001819258537288e-21
7.780679973801844872e-21
7.737899894482462770e-21
7.712479630419549145e-21
7.583007727560007394e-21
7.535436930574679887e-21
7.421518767360979422e-21
7.350704137091791876e-21
7.339229930157461010e-21
7.225710889320098039e-21
7.114540775790979347e-21
7.042655982257112733e-21
6.915622628891074497e-21
6.856919673879391104e-21
6.825008089353258632e-21
6.705587970023368012e-21
6.658419611009309775e-21
6.589403857400001058e-21
6.557139589081249418e-21
6.457894163231640608e-21
6.324759587157809453e-21
6.304297171397991119e-21
6.247110526981049468e-21
6.123316612462434329e-21
6.069296415287571419e-21
5.982984775148785730e-21
5.918285850074314374e-21
5.835055942157194765e-21
5.801346088597219449e-21
5.714865397629952443e-21
5.654375045754142633e-21
5.561616207802991811e-21
5.487990739932052784e-21
5.459900345123850295e-21
5.406958802946657929e-21
5.322796093335179010e-21
5.213098909041111430e-21
5.199072079167081341e-21
5.107857862679940236e-21
4.991959576161571659e-21
4.975162208223162056e-21
4.870044195178620963e-21
4.842685056319264200e-21
4.751625096328470000e-21
4.690395462087786642e-21
4.579050229174861603e-21
4.521234023508750769e-21
4.483684191797587824e-21
4.447447752578334513e-21
4.401080491628815765e-21
4.344018510735551367e-21
4.284053710448233707e-21
4.208004362257033702e-21
4.165471965513615244e-21
4.089579389169696372e-21
4.052214104968818256e-21
4.028074478241843232e-21
3.945972312255982615e-21
3.909133621960194249e-21
3.843990005322339927e-21
3.801159938212800152e-21
3.700051167470698741e-21
3.689067156893831169e-21
3.639186309865833740e-21
3.577956539892768448e-21
3.523130560292766705e-21
3.475708983383446456e-21
3.375952259031933785e-21
3.275716786432560352e-21
3.272616829217941355e-21
3.263702124319217636e-21
3.185685309098556892e-21
3.148317638808830168e-21
3.128966466034268677e-21
3.066682669306358986e-21
2.953090338317032677e-21
2.929704914547056398e-21
2.909991257826551548e-21
2.870845504756497620e-21
2.765158861388873260e-21
2.721151890472413040e-21
2.694738454488590585e-21
2.657576827719323098e-21
2.609437925033297055e-21
2.590144929590576846e-21
2.542359341376983110e-21
2.511984204840990221e-21
2.433573608014125483e-21
2.384367696422823572e-21
2.363584990341397846e-21
2.334773352379210036e-21
2.274032609377337264e-21
2.202056908190399330e-21
2.181944660272758551e-21
2.157772346619227452e-21
2.141948287900655666e-21
2.098375593768857305e-21
2.047587353265736918e-21
1.998852428739114091e-21
1.944589559140348446e-21
1.902844502698869313e-21
1.864666203194148720e-21
1.825250333288326162e-21
1.763709577630471406e-21
1.720457676881145180e-21
1.699926392008079692e-21
1.660786027463075050e-21
1.635077462982383053e-21
1.624915299919913242e-21
1.584126800619383381e-21
1.514169615788039233e-21
1.499706259211460561e-21
1.448801330977478088e-21
1.421397767382263929e-21
1.404182331173492174e-21
1.379995675563855574e-21
1.334616880440847754e-21
1.320935060055758045e-21
1.304432138772612338e-21
1.265829533474055974e-21
1.247919097721608129e-21
1.188359157687224707e-21
1.173712943276484581e-21
1.100235156788774383e-21
1.055699730220705873e-21
1.042052664453452978e-21
9.914392003215489640e-22
9.539105848521042777e-22
9.357766528934316130e-22
9.157152713035563914e-22
8.948169298888062378e-22
8.613353729216156359e-22
8.422470220915845919e-22
8.230053241342748786e-22
8.019728012413771000e-22
7.897591080429779207e-22
7.591739284722209814e-22
7.276098468285322127e-22
6.952768052859296719e-22
6.671120480782824917e-22
6.503988648547468392e-22
6.325569873276128450e-22
6.127536243642888586e-22
6.019651512021397976e-22
5.798544683943222049e-22
5.468117560500825881e-22
5.234970338335072410e-22
5.124631132919952480e-22
4.636884557276704784e-22
4.342574385692893818e-22
4.184232936730568014e-22
4.089511697637968407e-22
3.827197640902594891e-22
3.714711599214403980e-22
3.548578725462164681e-22
3.236323734902239725e-22
3.010487678730641549e-22
2.837217145421491050e-22
2.633425231871079130e-22
2.367245291996683831e-22
2.207693510407944591e-22
2.034727292265899003e-22
1.804263912849404498e-22
1.729179747804733731e-22
1.636553207092815395e-22
1.406834682575360926e-22
1.357225081232145010e-22
1.232607612260641210e-22
9.934817294542712290e-23
8.070190728406840073e-23
6.587858734228169496e-23
5.811808473046819108e-23
3.940546830314139925e-23
2.815730033098653457e-23
1.775846932477226148e-23
9.282156129337611331e-24
-6.005235243437271246e-24
-3.919542023582655445e-23
-4.716147146149337911e-23
-7.384746158491245531e-23
-8.118698156250059090e-23
-8.866076861021550552e-23
-9.895534968283175835e-23
-1.330496755786173775e-22
-1.407786979488266583e-22
-1.520814607376714820e-22
-1.692671398469945643e-22
-1.860796393470749021e-22
-1.913906663335767385e-22
-2.164205045707293603e-22
-2.382881757795141390e-22
-2.588540130736186281e-22
-2.762862675467264539e-22
-3.077928943664120779e-22
-3.277890670583342313e-22
-3.691964691555681583e-22
-3.782180148879190129e-22
-3.899486188149131365e-22
-4.195188226183187292e-22
-4.442899923782615320e-22
-4.519050757838332001e-22
-4.890592194477859540e-22
-5.225451740645539132e-22
-5.546322921305625490e-22
-5.591663789078160994e-22
-5.650392740538527440e-22
-5.816741215493845728e-22
-6.109487668750265754e-22
-6.185049457990685229e-22
-6.610433775441204955e-22
-6.737299267067915136e-22
-6.998569538947399826e-22
-7.231901973409480139e-22
-7.702587774493813677e-22
-7.837219187597385060e-22
-8.005563068825550861e-22
-8.262653477008212300e-22
-8.967795388047259007e-22
-9.222883026919847726e-22
-9.311752189100303972e-22
-9.329643623875475276e-22
-1.009916261187543824e-21
-1.041850644881225505e-21
-1.051735470360976625e-21
-1.088632404801369419e-21
-1.113531060763280528e-21
-1.129113569958715650e-21
-1.177046005028171001e-21
-1.202878547908374089e-21
-1.254189781955352612e-21
-1.279427364093897341e-21
-1.301749010494901433e-21
-1.329212367446112482e-21
-1.373145927153589416e-21
-1.412800360360924630e-21
-1.459288851105842845e-21
-1.489518370424676384e-21
-1.520702401192244147e-21
-1.552832479080480011e-21
-1.588493447892866399e-21
-1.648185898178016087e-21
-1.675891613776516813e-21
-1.706846934436050039e-21
-1.717001279794469301e-21
-1.787054144483970815e-21
-1.828983174518455034e-21
-1.864613412868162121e-21
-1.895814727024371713e-21
-1.922258188503890212e-21
-1.935893158071958703e-21
-2.011806570525449315e-21
-2.033014467086180106e-21
-2.046407906510935283e-21
-2.090099894576516512e-21
-2.115440155379638573e-21
-2.171953998494446644e-21
-2.236722336911559431e-21
-2.260109968259504504e-21
-2.325632150351931845e-21
-2.334866126195951445e-21
-2.369315530155242955e-21
-2.414532504839756336e-21
-2.423027945050501592e-21
-2.517589869955385456e-21
-2.558581484596215400e-21
-2.575905615074600724e-21
-2.647636282478020451e-21
-2.698510890195574364e-21
-2.750634975759638923e-21
-2.789357648703408783e-21
-2.850609709265288753e-21
-2.929265948506082029e-21
-2.948041715419919187e-21
-3.068685847567480152e-21
-3.073148015479591854e-21
-3.126635166140273347e-21
-3.189357818248320465e-21
-3.211068978549810027e-21
-3.239147000967273943e-21
-3.287969258852005475e-21
-3.319009264047031259e-21
-3.347620008650840158e-21
-3.362430779618475617e-21
-3.409045954453329670e-21
-3.459739251156614969e-21
-3.570384256357664002e-21
-3.598932763045579362e-21
-3.673968903537744472e-21
-3.735786226181968951e-21
-3.781707145166072909e-21
-3.816643102928753203e-21
-3.829387496380501654e-21
-3.932045743036252320e-21
-3.964882084910881761e-21
-3.994323965225877385e-21
-4.046893366908268555e-21
-4.130192314349834691e-21
-4.180041944670983045e-21
-4.280317747560239776e-21
-4.293317060842587273e-21
-4.407788714923902632e-21
-4.479102695388103226e-21
-4.547001083782873287e-21
-4.565422039728294148e-21
-4.626579894227897302e-21
-4.700669806233443538e-21
-4.775925608936366994e-21
-4.797926281202521998e-21
-4.857369098467483672e-21
-4.921387874112636742e-21
-4.990456791145957057e-21
-5.113156349168183462e-21
-5.203362442165245118e-21
-5.209074876231608744e-21
-5.255244008743518497e-21
-5.328026579717324090e-21
-5.350896876270544624e-21
-5.434141555558758780e-21
-5.609221411991851014e-21
-5.625632763446333034e-21
-5.678291735629929827e-21
-5.736745775697285989e-21
-5.755239500510491553e-21
-5.855547248567212896e-21
-5.967442443096235500e-21
-5.998688433671198922e-21
-6.105188999259094936e-21
-6.157405703906110951e-21
-6.196750146400988530e-21
-6.303499231054925531e-21
-6.418182485720407726e-21
-6.532291552829156050e-21
-6.548900053544080222e-21
-6.649886710537682716e-21
-6.717433279074290783e-21
-6.798484292297391590e-21
-6.852961510522331223e-21
-6.958830292977395233e-21
-7.072670871963001628e-21
-7.134343060872542704e-21
-7.216263996461273633e-21
-7.339805068272419660e-21
-7.349184185443527828e-21
-7.423308434580539646e-21
-7.491783909543510550e-21
-7.546022299566783740e-21
-7.649200122410301334e-21
-7.744904867080265817e-21
-7.828588689791108767e-21
-7.934039290031345319e-21
-8.052383982698999653e-21
-8.206265556422380276e-21
-8.239650524060754165e-21
-8.282500877984685835e-21
-8.333054297566045028e-21
-8.422058946334120995e-21
-8.523645639395942186e-21
-8.659900361219193814e-21
-8.706246488362057811e-21
-8.810504692183807804e-21
-8.875935899695820825e-21
-9.085220120536515271e-21
-9.209800722835392303e-21
-9.228937055732383078e-21
-9.282962105474170137e-21
-9.444787265214421367e-21
-9.615573885792851835e-21
-9.718292264393209793e-21
-9.732744502721408868e-21
-9.795130809128804386e-21
-9.901584866287968056e-21
-9.928127191721789894e-21
-1.001707574299025973e-20
-1.017912081486242885e-20
-1.032086761859734468e-20
-1.047601242854635601e-20
-1.053298175154267755e-20
-1.060292527109636271e-20
-1.083357238441392071e-20
-1.101352311359003306e-20
-1.115319601529833971e-20
-1.116143340256313648e-20
-1.131426794869021360e-20
-1.139885038082451265e-20
-1.151608269823905108e-20
-1.161508387643727313e-20
-1.169220137905738402e-20
-1.186804538815414040e-20
-1.188054160316115846e-20
-1.202440593003076114e-20
-1.210023134263711197e-20
-1.231061304921735297e-20
-1.253949683711665424e-20
-1.264506754776084728e-20
-1.278239125123150315e-20
-1.280673694746578888e-20
-1.304858905427844930e-20
-1.314867514204784874e-20
-1.324453653353785484e-20
-1.343397454348326462e-20
-1.363557705367071443e-20
-1.380000972636900663e-20
-1.393099132843792068e-20
-1.411927470480019883e-20
-1.417794972580480011e-20
-1.428905146648157128e-20
-1.444147808286013313e-20
-1.457348054866111949e-20
-1.469663000314606362e-20
-1.489080407552103619e-20
-1.503393700422531066e-20
-1.527541156363264453e-20
-1.537520963989458099e-20
-1.557509791556460141e-20
-1.573306096414578954e-20
-1.587734863359845580e-20
-1.608469102180947273e-20
-1.643942252187938934e-20
-1.651257620890782761e-20
-1.667036588756896683e-20
-1.696280811682572384e-20
-1.701801910355723939e-20
-1.746961651794496602e-20
-1.766286467657228748e-20
-1.777408673401235519e-20
-1.792491276894744264e-20
-1.814265195826719291e-20
-1.815433467216965631e-20
-1.847671014910787891e-20
-1.856444608138219629e-20
-1.871173527583131137e-20
-1.900840261086121277e-20
-1.945585172621897808e-20
-1.982862743252824102e-20
-1.995805579169294972e-20
-2.015084126554184171e-20
-2.048559848843988016e-20
-2.077172973861673717e-20
-2.085592762959605238e-20
-2.108927696743115598e-20
-2.124520837783467743e-20
-2.151938913337257984e-20
-2.199612190122162660e-20
-2.217483568662728586e-20
-2.248777803884162857e-20
-2.270339098231614965e-20
-2.278691134927450846e-20
-2.332063028573335391e-20
-2.336743040734714662e-20
-2.362457081459559492e-20
-2.401209417727259509e-20
-2.412944102184920559e-20
-2.484086350344842981e-20
-2.527414923683347121e-20
-2.544131739728827043e-20
-2.567580717519354338e-20
-2.614142885330496335e-20
-2.648615418763764238e-20
-2.691849477755771626e-20
-2.701564068601200564e-20
-2.743818581797639947e-20
-2.757744266818807372e-20
-2.805121437794850881e-20
-2.868850115689795720e-20
-2.907497298452671861e-20
-2.912123596451883008e-20
-2.981325584116087042e-20
-2.998101900175839006e-20
-3.082579670037854633e-20
-3.099978877983747982e-20
-3.137953660230380540e-20
-3.196239786472256972e-20
-3.245698702629782312e-20
-3.364421231733418895e-20
-3.441422636610170964e-20
-3.495872876694297045e-20
-3.520326457546953400e-20
-3.585726085304349522e-20
-3.726647076280168443e-20
-3.784976278830236975e-20
-3.840505620327747445e-20
-3.964465315498071079e-20
-3.995889996115757790e-20
-4.065805358434429932e-20
-4.095049114390555512e-20
-4.189852550105421326e-20
-4.261237380972342778e-20
-4.406153121098243855e-20
-4.503908277457073948e-20
-4.559275493971670297e-20
-4.725563941745204256e-20
-4.756073042062844288e-20
-4.837808288330437311e-20
-5.213975823790344120e-20
-5.375855740777385522e-20
-5.497406536858948377e-20
-5.705594251224323114e-20
-5.856892978784567756e-20
-6.191263802462287117e-20
-9.399441248889158829e-20
-1.532511253054009107e-19
