-1.322921670870605138e-01
-9.344293944431505961e-02
-7.947619439322749224e-02
-6.773852486727495459e-02
-6.585866896582805163e-02
-4.955431352689929764e-02
-4.737596145258906460e-02
-3.767945339924856640e-02
-3.624972958104653864e-02
-3.341012986106159377e-02
-2.816622916045654831e-02
-2.743957944466412710e-02
-2.592537513304614752e-02
-2.439777837697837404e-02
-2.326651608466157387e-02
-2.004266783716025097e-02
-1.891513425331103199e-02
-1.790514563411147245e-02
-1.702525782061148699e-02
-1.619404781715840652e-02
-1.511246827746656751e-02
-1.435112349077447003e-02
-1.370652178149015139e-02
-1.336660168528002249e-02
-1.257797631895705807e-02
-1.200797449350400614e-02
-1.148083083867701762e-02
-1.090545763307773641e-02
-9.973838422940757564e-03
-9.942240533014987808e-03
-9.332299888845315555e-03
-9.315573479298110485e-03
-9.146808401447735493e-03
-8.497885578926517997e-03
-8.071685521297302518e-03
-7.767126279092309224e-03
-7.587357418627911285e-03
-7.547988172279479144e-03
-7.241546928524192177e-03
-7.061571189313124199e-03
-6.644031858142172668e-03
-6.273113714475554541e-03
-6.151515549289667331e-03
-6.058148870006917382e-03
-5.785258667774996477e-03
-5.462894930730906665e-03
-5.406369254386304835e-03
-5.188019697755532483e-03
-5.116717706269281567e-03
-4.732977431251047216e-03
-4.623816827380758734e-03
-4.490340873451266826e-03
-4.457610257775896853e-03
-4.411663051689981851e-03
-4.196524352341265626e-03
-4.145652646619404393e-03
-4.080432314862399330e-03
-3.977052075194635258e-03
-3.927063814025252321e-03
-3.591497503909341256e-03
-3.519780367878853813e-03
-3.499741599920194474e-03
-3.455432262003512237e-03
-3.335863634569918856e-03
-3.288322326245160000e-03
-3.243848463360760482e-03
-3.148894061355332012e-03
-3.118601572027133485e-03
-3.041188020224142897e-03
-2.917857789956943004e-03
-2.897845615618061758e-03
-2.821370656929274995e-03
-2.727769800238835814e-03
-2.667232817659748786e-03
-2.639107400090293272e-03
-2.605946349186569894e-03
-2.474015719959590624e-03
-2.427862009574105646e-03
-2.415272336422330090e-03
-2.370400184400351697e-03
-2.269757493431744100e-03
-2.258597229435981707e-03
-2.199653313557723821e-03
-2.123957997916463541e-03
-2.104895273066560973e-03
-2.063788468576088081e-03
-1.987769282543892270e-03
-1.980668418751824113e-03
-1.953327231662300382e-03
-1.919512835208429498e-03
-1.880527250881573222e-03
-1.815382341560877822e-03
-1.795692260770735075e-03
-1.752470128406469815e-03
-1.718118277572042857e-03
-1.671014585089617343e-03
-1.653293131168704060e-03
-1.632368206635935069e-03
-1.622771721295380477e-03
-1.578775148930941291e-03
-1.513153790944747352e-03
-1.499477880181127780e-03
-1.488841264130244231e-03
-1.457435513908422959e-03
-1.435831968590760158e-03
-1.414094740970183719e-03
-1.396234629702725613e-03
-1.375747212957834824e-03
-1.343108751825241795e-03
-1.313151488803830126e-03
-1.306135826963036829e-03
-1.262909244756010808e-03
-1.240324662169517466e-03
-1.225674708316254122e-03
-1.205440565850386626e-03
-1.184269583736175229e-03
-1.170720280350910115e-03
-1.141731701978722108e-03
-1.116785264060027446e-03
-1.097920243991216830e-03
-1.060120046503363125e-03
-1.028838787065188866e-03
-1.022131765617038642e-03
-1.005668412164913454e-03
-9.944204052390402237e-04
-9.890767240869589860e-04
-9.581812840107490617e-04
-9.374102613876550763e-04
-9.320266354354682110e-04
-9.173919562407580573e-04
-8.951582286375158858e-04
-8.776514121478227234e-04
-8.652606461515827260e-04
-8.442412288380666836e-04
-8.323140156747961104e-04
-8.200291046062391492e-04
-8.084198140858058195e-04
-7.927309654464670830e-04
-7.834833752475770094e-04
-7.777588426358867692e-04
-7.603567515380687657e-04
-7.539358539268400028e-04
-7.387911531660801149e-04
-7.349281978916464642e-04
-7.278342933980798228e-04
-7.085705047534954573e-04
-6.974186832968660250e-04
-6.876792758936581393e-04
-6.834020534269684161e-04
-6.654880613856579454e-04
-6.501975318150941688e-04
-6.379501950849177051e-04
-6.266501895488431730e-04
-6.213119280802043096e-04
-6.099051524109370568e-04
-5.931216394461448537e-04
-5.893056940210627702e-04
-5.789827621241812761e-04
-5.642569760557230750e-04
-5.622185664042881259e-04
-5.524413565916203592e-04
-5.466553780554806417e-04
-5.359428073497540801e-04
-5.310031596519101255e-04
-5.238058209458002889e-04
-5.094230774241711914e-04
-5.057059814212153028e-04
-4.979334957047223779e-04
-4.873646638196492647e-04
-4.868153856260358579e-04
-4.775351496638062109e-04
-4.706382286354275960e-04
-4.656377499507631393e-04
-4.598971606874176546e-04
-4.511717641773488351e-04
-4.488542246215342590e-04
-4.408322499123130630e-04
-4.282347008854657609e-04
-4.268246919298188525e-04
-4.243537301684310696e-04
-4.119642013144994824e-04
-4.081448420163260086e-04
-4.041819443179312356e-04
-4.007880357602763171e-04
-3.980316892048374315e-04
-3.909419809665446040e-04
-3.863310189211532301e-04
-3.801795656117617659e-04
-3.743913158788304309e-04
-3.718488525171714755e-04
-3.611383248227871003e-04
-3.579144835502991152e-04
-3.553063164069972853e-04
-3.480261870998992450e-04
-3.379030456082371511e-04
-3.342537290066161003e-04
-3.323215564280583654e-04
-3.233519563437534171e-04
-3.209744463866955316e-04
-3.171162999877101736e-04
-3.129412365885312752e-04
-3.056610630383785397e-04
-3.035470529373322920e-04
-3.013495926464557998e-04
-2.957195409154796226e-04
-2.884193332728644289e-04
-2.817061479684956947e-04
-2.755609243330707481e-04
-2.714561954821494540e-04
-2.690097928749169386e-04
-2.635826472109796320e-04
-2.563409536777570743e-04
-2.535041002024882788e-04
-2.519786892696805353e-04
-2.490307740593872450e-04
-2.478425741147466995e-04
-2.450003563408380681e-04
-2.434994213412983524e-04
-2.379372936185883956e-04
-2.353715776779770753e-04
-2.338676648449368239e-04
-2.296811574860993825e-04
-2.279821448234927708e-04
-2.243857728348464800e-04
-2.203738293866651398e-04
-2.180720662890974295e-04
-2.125530634913618900e-04
-2.120930613213830066e-04
-2.075180265178346007e-04
-2.055366761133062433e-04
-2.024193647314160367e-04
-1.975503829360394903e-04
-1.946763654677815983e-04
-1.913694064629762226e-04
-1.892749851454417762e-04
-1.876763196347332153e-04
-1.867813258729000478e-04
-1.856031813998004862e-04
-1.781354674809743424e-04
-1.768043146127779377e-04
-1.756040771756242841e-04
-1.738334832498698900e-04
-1.688142529537175020e-04
-1.665500048848806770e-04
-1.639074060650989189e-04
-1.628964142806014353e-04
-1.580346048765180801e-04
-1.550920787588574122e-04
-1.536561977348319336e-04
-1.514999040576572756e-04
-1.485708110292244060e-04
-1.468168415707102532e-04
-1.453080351644025028e-04
-1.423820611213583338e-04
-1.412236210851333554e-04
-1.407445664541668499e-04
-1.384351003589722568e-04
-1.344706768970067943e-04
-1.335148490365229139e-04
-1.312174488913526787e-04
-1.280851958921336005e-04
-1.266282920516275323e-04
-1.252849820578617640e-04
-1.242249216440384127e-04
-1.236647721363313003e-04
-1.223901404432942543e-04
-1.202649140302000782e-04
-1.195365917093564140e-04
-1.182987816678605231e-04
-1.139567546525811119e-04
-1.128567112430637037e-04
-1.119617832917836289e-04
-1.106104272290889251e-04
-1.096108826792363457e-04
-1.075764481852657163e-04
-1.058565612821199683e-04
-1.050388191530486214e-04
-1.032615067002091476e-04
-1.008001133496638671e-04
-9.859149235819308031e-05
-9.746838130171716578e-05
-9.697790259720759029e-05
-9.591660524157130576e-05
-9.391364590737282794e-05
-9.261152645047036002e-05
-9.093352257229169139e-05
-8.983241098792738250e-05
-8.844808186706123012e-05
-8.658407545365329086e-05
-8.630501944934088174e-05
-8.571559628929928398e-05
-8.480005289096294579e-05
-8.306540240761729733e-05
-8.061490378887686565e-05
-8.034909668638761456e-05
-7.971609468408759043e-05
-7.730949027066225815e-05
-7.676207746631487860e-05
-7.535649663637918549e-05
-7.447561857375121586e-05
-7.374122249020949467e-05
-7.253020505089644043e-05
-7.222599133398792837e-05
-7.104650583649833602e-05
-6.892213783474878406e-05
-6.797270486370873377e-05
-6.661111455493727584e-05
-6.634101502484300366e-05
-6.561709103048069848e-05
-6.471181381848217871e-05
-6.406592723039096927e-05
-6.358889164802603152e-05
-6.222845056555531215e-05
-6.159840144440599920e-05
-5.970863755435391326e-05
-5.848716821850746697e-05
-5.782462532694807386e-05
-5.739331191296425202e-05
-5.649258076027143069e-05
-5.540576953305679288e-05
-5.448725181179517915e-05
-5.437575640635428678e-05
-5.313847172042614002e-05
-5.279558868641899381e-05
-5.187541982068235539e-05
-5.130590807478737958e-05
-5.071873414711672680e-05
-4.945447480769769378e-05
-4.823288737810531757e-05
-4.753405379342238979e-05
-4.662550936162920465e-05
-4.623396600701016511e-05
-4.568223691677295056e-05
-4.495280481956348437e-05
-4.419012651842332384e-05
-4.331026271898175253e-05
-4.228631592553388358e-05
-4.197148493354442605e-05
-4.066760321137126975e-05
-4.055512447622097071e-05
-4.025983125883829497e-05
-3.947747390397604719e-05
-3.804571451664304237e-05
-3.777223378313575064e-05
-3.678086471287797207e-05
-3.661637845645820542e-05
-3.579484193236663478e-05
-3.485866271026724834e-05
-3.423889374630123040e-05
-3.330261808512266871e-05
-3.318545033930539912e-05
-3.278058413627009008e-05
-3.213986271846932743e-05
-3.161254437413722735e-05
-3.033634121053822312e-05
-2.984961316452137964e-05
-2.915048752085538838e-05
-2.912879374267502434e-05
-2.866195414952152389e-05
-2.843725671738406765e-05
-2.740711185439965783e-05
-2.713163096929824156e-05
-2.586989350757580846e-05
-2.571561058017083528e-05
-2.499663925862441108e-05
-2.465389588282967180e-05
-2.453140454459237403e-05
-2.413603188710223939e-05
-2.358653624328452229e-05
-2.349311749707102949e-05
-2.308420390747479572e-05
-2.262178587717376404e-05
-2.242673456643930365e-05
-2.169209724081677307e-05
-2.152854609086700589e-05
-2.115944371429618982e-05
-2.074318093727502108e-05
-2.001828032899976320e-05
-1.969754996861564628e-05
-1.948287267101844999e-05
-1.889896746204364818e-05
-1.860228682277159748e-05
-1.838514579666427633e-05
-1.790685663287902267e-05
-1.728521339254280030e-05
-1.676339352614682459e-05
-1.669717173627863313e-05
-1.594526186870314131e-05
-1.563055969882235806e-05
-1.540338807831916280e-05
-1.526563831636725875e-05
-1.498348642347728631e-05
-1.457957833843811605e-05
-1.398966485023122077e-05
-1.385943277869233924e-05
-1.358155788850404584e-05
-1.344233874871555520e-05
-1.316118487796651242e-05
-1.289432504047893332e-05
-1.252558819471105466e-05
-1.250931124478563783e-05
-1.231743377372040620e-05
-1.180387902670475313e-05
-1.114230021354724835e-05
-1.110175677959469016e-05
-1.068972454184753809e-05
-1.038819633833224780e-05
-1.030739381020242476e-05
-9.916036080815394599e-06
-9.692740646221261760e-06
-9.633110840924831734e-06
-9.607806922058900192e-06
-9.376993825640070728e-06
-9.136447161593094768e-06
-8.732657060159511480e-06
-8.514992235520309997e-06
-8.182719705801156195e-06
-7.955526594855939513e-06
-7.588312873190536937e-06
-7.437887890752182498e-06
-7.242741333519834318e-06
-7.007750337486518578e-06
-6.636020793496352848e-06
-6.495626582781245785e-06
-6.426242433081634139e-06
-6.058041210214280328e-06
-5.977238178283381994e-06
-5.681099242621671487e-06
-5.531661360868767316e-06
-5.364374168445517457e-06
-5.193078201754427156e-06
-4.923071264448002797e-06
-4.885577498148693008e-06
-4.793184657779225256e-06
-4.593528895344775061e-06
-4.445779553524130127e-06
-4.254149407008115244e-06
-4.002314946484846316e-06
-3.833271945517253779e-06
-3.612774495131885859e-06
-3.555705381080662141e-06
-3.492562291552010452e-06
-3.380470700376833616e-06
-3.189913209643756159e-06
-2.927579871675969637e-06
-2.800241378330571822e-06
-2.669626205570110250e-06
-2.514650160384000566e-06
-2.445442794195096182e-06
-2.149365908457566048e-06
-2.009732744134411620e-06
-1.933164054054343327e-06
-1.732344403137288526e-06
-1.563350242121505881e-06
-1.468786677191939441e-06
-1.359921071633619593e-06
-1.157125207054538721e-06
-1.027224692228043805e-06
-9.973166090005763734e-07
-7.943151004900104605e-07
-7.736377557002831591e-07
-7.383159269576501047e-07
-6.718480990273770151e-07
-4.612261142650220444e-07
-4.417505789269313689e-07
-3.364140075805747087e-07
-2.127379404263787597e-07
-1.329161296572045674e-07
-1.013610985257093857e-07
-7.020955377566701792e-08
-5.503622399603928971e-08
-3.176797858856699009e-19
8.878078169217581070e-19
2.328803356216938167e-08
6.311636232441648789e-08
1.376096967294037962e-07
2.008054030147056665e-07
2.092488153412521710e-07
2.921625427110791828e-07
3.330361116439275200e-07
3.863846632194080267e-07
4.116951533775338681e-07
4.578516370037730514e-07
5.270671470225082540e-07
6.527686072313941189e-07
6.855819676750965520e-07
7.449364182276778258e-07
8.731241320968119809e-07
8.930534505818042610e-07
9.614597675755750705e-07
1.016210543568456016e-06
1.035072454268456371e-06
1.207819620026618351e-06
1.258571431657453556e-06
1.329020411032870524e-06
1.436905748451472215e-06
1.479905102587658848e-06
1.578411727981904390e-06
1.630280440374754553e-06
1.820462660903164178e-06
1.839521062328136843e-06
1.878546592628510433e-06
2.024724371545681774e-06
2.183914019862002236e-06
2.257966604198071671e-06
2.326304526460366403e-06
2.511141191081307544e-06
2.557018461818799419e-06
2.741560422993196465e-06
2.873894217153541886e-06
3.157274694365607937e-06
3.219515154486157065e-06
3.260070461897030576e-06
3.506199575235765940e-06
3.772304362018230072e-06
3.868079434819918585e-06
4.107904082562710531e-06
4.258783006569424855e-06
4.415050676510805438e-06
4.676020053981044994e-06
4.921875422644638912e-06
5.004619352534297598e-06
5.773426008344049505e-06
5.958983762496337804e-06
6.133032049305782370e-06
6.434174901037103074e-06
6.896243050476287714e-06
7.003934432449868880e-06
7.181759513214691924e-06
7.500433244036382716e-06
7.878163436523790081e-06
8.195689448287657463e-06
8.727627576207333510e-06
9.696007154738137875e-06
1.003051169095941705e-05
1.026850836000085790e-05
1.091264876834567945e-05
1.146705067627790737e-05
1.158968463708527699e-05
1.231580413494756375e-05
1.269055910358246610e-05
1.303122133430092153e-05
1.378237944106415324e-05
1.410601228481205325e-05
1.446104216498752455e-05
1.594488586454518341e-05
1.606432336253574698e-05
1.705247906215992857e-05
1.884764270993801911e-05
1.931512646923653578e-05
1.991447406574965118e-05
2.006166692290069057e-05
2.102185703711994681e-05
2.250870118414698162e-05
2.304887246574831555e-05
2.411494455404638413e-05
2.464906281989805731e-05
2.624720188301726611e-05
2.655880803845686700e-05
2.842866356529233997e-05
2.847988613561051684e-05
2.956940830992782775e-05
3.145225980388258668e-05
3.259184470598987498e-05
3.447206130646915617e-05
3.651694833553676800e-05
3.810005755744603036e-05
3.859813872692225529e-05
4.039327708390215953e-05
4.107713125493115200e-05
4.291556070199475383e-05
4.304844476463761375e-05
4.592302310578219430e-05
4.818430679984494016e-05
4.954152251452670802e-05
5.159188052279462542e-05
5.443846861945202294e-05
5.707223945727263954e-05
5.762200896389105612e-05
5.924786496773510214e-05
6.183099222888834945e-05
6.429270137140295923e-05
6.872725575207173660e-05
7.198170611490493757e-05
7.427090829390630680e-05
7.574355862423154493e-05
7.806369031493230672e-05
8.048339847448064742e-05
8.379379014612455727e-05
8.483182632499263116e-05
8.941473888934636316e-05
9.325134543442966902e-05
9.445344590630439191e-05
1.017675951934498001e-04
1.080758368165377601e-04
1.133802943701420879e-04
1.180813026259114822e-04
1.218598915477613846e-04
1.257000480778321539e-04
1.303130712885959953e-04
1.316371790153415182e-04
1.415732316092578223e-04
1.428240129687607495e-04
1.462973919404235424e-04
1.552444991854600776e-04
1.572643811940900506e-04
1.642926099875359784e-04
1.704389741728877267e-04
1.862066928781076303e-04
1.941193489530221880e-04
1.968257381952593689e-04
2.038303206751489020e-04
2.158836903386008926e-04
2.296463037212228577e-04
2.340259724467995276e-04
2.391649930403101545e-04
2.465461261534494970e-04
2.547724430961702756e-04
2.593494722867559004e-04
2.844579664040610550e-04
2.974008116351424687e-04
3.110357016237221537e-04
3.365833640003585000e-04
3.400501030589184940e-04
3.611444244240087794e-04
3.796073225221195929e-04
3.932162958256956971e-04
3.955371086616253293e-04
4.258631872160363596e-04
4.358132855496758742e-04
4.496776729744518248e-04
4.925201962438808265e-04
5.341751274702555025e-04
5.585959352034433872e-04
6.003246390491407064e-04
6.084457393528213635e-04
6.643631907633635019e-04
7.022952752424489742e-04
7.166593790579415266e-04
7.902382663252515305e-04
8.674690971152196730e-04
9.036058170040798740e-04
9.474649712058698164e-04
1.049859970185762015e-03
1.118421678982148585e-03
1.147716670740966689e-03
1.182117826128935116e-03
1.295135729036066535e-03
1.383118959355864085e-03
1.410196556297974328e-03
1.622789173221952539e-03
1.799604333949177560e-03
1.941106047105826352e-03
2.057192353467698475e-03
2.253578720432448512e-03
2.499923962142847414e-03
2.591160216591237037e-03
3.041637888985675251e-03
3.096637642644711925e-03
3.558345365616378403e-03
4.052804043166462721e-03
4.350938205734971968e-03
4.460392654993729916e-03
6.086320461153493094e-03
6.754124216729094979e-03
8.428231816120290709e-03
8.886209265245092331e-03
1.190313897616361756e-02
1.642717163800149968e-02
1.886390460988909140e-02
5.236336723024644785e-02
6.043855207576904337e-02
1.662797127877790881e-01
5.011243605304023241e-01
1.169207290152566969e+00
2.626243815891124989e+00
