-2.655741060130508799e-16
-2.617610242712908731e-16
-2.064921695413297024e-16
-1.099028996561795021e-16
-1.057169784620971976e-16
-9.833476824918124300e-17
-9.003396377015343075e-17
-8.442323814712666873e-17
-8.106204116255074504e-17
-7.656586239418414343e-17
-7.141764205108228653e-17
-6.491150754803729374e-17
-6.390111230077045176e-17
-6.143525262401025098e-17
-5.930382863654986846e-17
-5.751519155035332814e-17
-5.686056812114561058e-17
-5.470388473537030788e-17
-5.440158970439549987e-17
-5.317443764146256709e-17
-5.211068433540130041e-17
-5.032691770311015256e-17
-4.912125384587021629e-17
-4.774144075059073567e-17
-4.636937150472796696e-17
-4.521699541763845382e-17
-4.459295024539353758e-17
-4.364759995144466095e-17
-4.326305519551384225e-17
-4.257861086381286378e-17
-4.097447563608720431e-17
-4.022122449201575483e-17
-3.997363885841206684e-17
-3.918391296491219855e-17
-3.852157507326896473e-17
-3.820233534545233654e-17
-3.761205398346938398e-17
-3.724415422253226750e-17
-3.644938650696425899e-17
-3.587473394029548861e-17
-3.500447347642213574e-17
-3.442645106921829060e-17
-3.392059690199243681e-17
-3.379151098130839389e-17
-3.300202192767267986e-17
-3.243041756080199925e-17
-3.207493806517812101e-17
-3.201147390955998751e-17
-3.183825953280428004e-17
-3.157437402895828966e-17
-3.095281135725557649e-17
-3.077074535817836231e-17
-3.012284886613066224e-17
-2.974408555495000345e-17
-2.905000937583632518e-17
-2.872846132794185497e-17
-2.847053614924508823e-17
-2.789836178622604966e-17
-2.772216709517188147e-17
-2.746135471089526923e-17
-2.712450616603334907e-17
-2.651928126988812697e-17
-2.631015410255870441e-17
-2.594278167535127700e-17
-2.578585536491604736e-17
-2.555929352294411354e-17
-2.544094354657651519e-17
-2.522479982297529417e-17
-2.476959129498980627e-17
-2.440552586991879163e-17
-2.428020380900846024e-17
-2.415819742454801388e-17
-2.374256114990367955e-17
-2.360825637103640738e-17
-2.338025151130075921e-17
-2.303814100686036347e-17
-2.287469058854828355e-17
-2.264858334647222589e-17
-2.243998259444033300e-17
-2.227057442107683002e-17
-2.179845755648527726e-17
-2.171048699440845871e-17
-2.152791131363910284e-17
-2.124102628929346787e-17
-2.106811464272464027e-17
-2.086879884395241675e-17
-2.055395393869406716e-17
-2.044427139450249645e-17
-2.038720806171570205e-17
-2.002475147767063238e-17
-1.984739821591229195e-17
-1.968347896685630905e-17
-1.946206389025250885e-17
-1.937188862286357102e-17
-1.920763278544684999e-17
-1.912333172133654032e-17
-1.879592535524058124e-17
-1.862187630771550351e-17
-1.851142586288731375e-17
-1.837629270323002070e-17
-1.822099623033740722e-17
-1.803543925232285184e-17
-1.797034997647680651e-17
-1.795147361105098046e-17
-1.760928809385836279e-17
-1.748201998731076187e-17
-1.728976299271089732e-17
-1.715751035870796458e-17
-1.711530562373103315e-17
-1.679250118388268362e-17
-1.668375700425161666e-17
-1.663340750207782093e-17
-1.631532815927557733e-17
-1.620756280517005902e-17
-1.611607617272129189e-17
-1.602638760911675230e-17
-1.587144019706196453e-17
-1.564103477058936804e-17
-1.559078438826122175e-17
-1.549276598726975034e-17
-1.528774330630372993e-17
-1.505910096917779441e-17
-1.495662908952916373e-17
-1.490059520463755079e-17
-1.473057238351000364e-17
-1.459434697351947669e-17
-1.449477776999537194e-17
-1.442869471568267398e-17
-1.429544256881931352e-17
-1.405323051551318371e-17
-1.394146820882771445e-17
-1.387238474103043385e-17
-1.382850201321079224e-17
-1.364915391340370689e-17
-1.358879019023137902e-17
-1.345010857557151143e-17
-1.334518324480408267e-17
-1.327079667388927771e-17
-1.302211126025904875e-17
-1.297408525530426611e-17
-1.279169650904843224e-17
-1.266428664084286793e-17
-1.258385860124472196e-17
-1.248877666365838923e-17
-1.232940934925318233e-17
-1.217473041275271434e-17
-1.207559609697454736e-17
-1.197073132598879040e-17
-1.194243595441184678e-17
-1.178610474993630219e-17
-1.171513129882039424e-17
-1.150994362002319170e-17
-1.146729027847920793e-17
-1.135033077029645009e-17
-1.131522580378149878e-17
-1.126504222166769036e-17
-1.106577082630975412e-17
-1.099293290098465240e-17
-1.094160196527838836e-17
-1.081213057411178663e-17
-1.079748034714110739e-17
-1.061845417327047700e-17
-1.059186580425150136e-17
-1.046190124323078566e-17
-1.038585516896496323e-17
-1.021308897335223468e-17
-1.003519820001352988e-17
-1.002747496552948078e-17
-9.986051994619980854e-18
-9.935793705041321236e-18
-9.882131691157437082e-18
-9.640745932323424701e-18
-9.547582474200524439e-18
-9.531120364615398787e-18
-9.411436202601121751e-18
-9.294189423270728315e-18
-9.146724384583032461e-18
-9.115682128250831483e-18
-8.989653363708588830e-18
-8.901858163632808282e-18
-8.846203744730585631e-18
-8.791752469475465395e-18
-8.632789279154659955e-18
-8.614898754954649422e-18
-8.513515237279500100e-18
-8.399379727276788083e-18
-8.330643417371017683e-18
-8.313061500781524274e-18
-8.265022026678841688e-18
-8.172706818006799447e-18
-8.039523796345490182e-18
-7.896647674227720100e-18
-7.884317843531723776e-18
-7.763095963019937524e-18
-7.703794011802368739e-18
-7.584016105252826947e-18
-7.524748733535081803e-18
-7.440572649331094192e-18
-7.360195618824069175e-18
-7.307571891960335342e-18
-7.209176742780710459e-18
-7.030907649014537207e-18
-6.978249982343757417e-18
-6.879319425279985389e-18
-6.846599173035178106e-18
-6.833457119628860468e-18
-6.757121084107898084e-18
-6.667621776116267591e-18
-6.564872869107418937e-18
-6.532473761596144962e-18
-6.465133364742803782e-18
-6.336561614670289674e-18
-6.273500876751960626e-18
-6.111876511624123241e-18
-6.097227025676493501e-18
-6.004618862419322777e-18
-5.941793230218580237e-18
-5.935497990545019737e-18
-5.764103610480736912e-18
-5.718730932265733851e-18
-5.664095051932963552e-18
-5.577253524456477585e-18
-5.535620285153798757e-18
-5.460734306577655314e-18
-5.369166622639957954e-18
-5.351813400167847324e-18
-5.255779955753020559e-18
-5.181216255182330023e-18
-5.116029363635406793e-18
-5.088333168756041652e-18
-4.938635690570459518e-18
-4.872526064098947256e-18
-4.864014665756301134e-18
-4.790457432465228091e-18
-4.735514771906227528e-18
-4.708537074104728756e-18
-4.551624566568294895e-18
-4.465400939613775104e-18
-4.344911352509543545e-18
-4.305918883470904894e-18
-4.248365653273319195e-18
-4.215194560617425601e-18
-4.184222171347028629e-18
-4.104852663740638418e-18
-4.056687293343734230e-18
-4.033430423370705122e-18
-3.928047400279700210e-18
-3.921181834561140884e-18
-3.857258132591106134e-18
-3.815683821337355221e-18
-3.726206399063628782e-18
-3.668715948478070117e-18
-3.608995303288019670e-18
-3.575071151412066890e-18
-3.498171738726074414e-18
-3.406981717764968370e-18
-3.346802253707315994e-18
-3.297575363969473101e-18
-3.237975933209210784e-18
-3.171072789159320185e-18
-3.150574191518720341e-18
-3.069257734845445573e-18
-3.016397360085742877e-18
-2.998110615776583090e-18
-2.951157074673462297e-18
-2.885654767031727003e-18
-2.764651273281358698e-18
-2.748266424824049455e-18
-2.712053716151420544e-18
-2.658153998720488758e-18
-2.623454343264211750e-18
-2.579967074444898452e-18
-2.447040334380850460e-18
-2.397152567586207641e-18
-2.358655335439251182e-18
-2.331634943881344469e-18
-2.251951750956252815e-18
-2.228005272981649545e-18
-2.151185017880712016e-18
-2.089345867585696138e-18
-2.019696357440191758e-18
-2.010290979365753907e-18
-1.953190848470495824e-18
-1.898795548149752512e-18
-1.849489432509071682e-18
-1.780940150004095934e-18
-1.740480625434191397e-18
-1.644216457888688307e-18
-1.611825893629572976e-18
-1.576668293599708747e-18
-1.554399689017498988e-18
-1.509063648324419256e-18
-1.466368074517016346e-18
-1.451202289060740163e-18
-1.408944808392987185e-18
-1.330010169145568297e-18
-1.297720835039017725e-18
-1.228839847156704402e-18
-1.137572891821395661e-18
-1.111390240408861036e-18
-1.089352977105221192e-18
-1.012708991948995427e-18
-9.642731501559281759e-19
-9.547620219202788293e-19
-9.199427367741247909e-19
-8.863582103592051863e-19
-8.099081130023286054e-19
-7.161353778555467204e-19
-6.819844724155514303e-19
-6.549171765697535739e-19
-6.285173339648201919e-19
-5.850294550004661124e-19
-5.538702531876077849e-19
-4.953586202366659876e-19
-4.584961254096325601e-19
-4.185971304154595179e-19
-3.746065407059087437e-19
-3.392590264703069582e-19
-3.098717445806921792e-19
-2.675399558766738448e-19
-2.386855743964840464e-19
-1.922689566614509861e-19
-1.361869213895159616e-19
-1.065691705207523187e-19
-7.630082359539974062e-20
-6.095192617399140443e-21
6.675424080925252165e-21
3.333521678445765447e-20
9.302941778030820163e-20
1.383748473067032762e-19
1.789089863470616843e-19
2.073832158000188539e-19
2.647009001839224955e-19
3.417962316860278950e-19
3.527791753937481535e-19
3.909088958909220406e-19
4.139079418707352628e-19
4.590292749690273894e-19
4.852911904716415318e-19
5.301722171982568779e-19
5.863141491703711626e-19
6.203545275688483679e-19
7.265478357699688256e-19
7.619209323206360353e-19
8.060576770716519545e-19
8.461200389673975043e-19
8.568261575334322301e-19
9.255851106293261382e-19
9.350727286265702318e-19
1.023873075272992296e-18
1.045956123293406805e-18
1.063808459013071483e-18
1.111413834998670867e-18
1.142517962059547911e-18
1.237532448268915108e-18
1.257233311437591901e-18
1.285850591390592170e-18
1.335930067816658277e-18
1.406563897795635583e-18
1.488670077532408705e-18
1.500957759297569870e-18
1.534053394247695547e-18
1.590864797413148321e-18
1.634917690442783009e-18
1.663087812703902164e-18
1.699707692282048517e-18
1.793546294640229118e-18
1.809030698081932819e-18
1.864456499298853677e-18
1.945875668650608946e-18
2.054394442171448567e-18
2.074222390012921822e-18
2.124278933096092815e-18
2.162607775001117552e-18
2.199779743084774722e-18
2.235723914774905784e-18
2.267891358794470346e-18
2.320981372991743731e-18
2.377440941616201194e-18
2.390695912915575016e-18
2.443461375570367927e-18
2.481725457266874678e-18
2.556047831992193656e-18
2.641450106537244043e-18
2.650967808379194403e-18
2.716520908885797293e-18
2.777834649764992555e-18
2.893050875014001840e-18
2.963489128970109462e-18
3.038420649482664978e-18
3.053738361325951821e-18
3.106768044155648817e-18
3.193775181936473709e-18
3.218253077697941079e-18
3.317790493148464351e-18
3.400470296477202794e-18
3.411343578340330171e-18
3.509189059761381759e-18
3.532335383076387549e-18
3.594836689223242794e-18
3.620098982692260976e-18
3.637656243044905838e-18
3.711193329350037573e-18
3.807539674031188951e-18
3.864879444248542172e-18
3.952646317273260100e-18
3.968096179027923471e-18
4.015006317121271900e-18
4.099995670118414682e-18
4.162679535531702832e-18
4.239212995563133838e-18
4.326698765641086918e-18
4.361728780167996885e-18
4.449304534001359482e-18
4.527140453757949640e-18
4.571140821820811154e-18
4.648314052028274308e-18
4.749895411163649746e-18
4.814268188752658633e-18
4.858586784861154322e-18
4.910162047935194863e-18
5.003157719361409636e-18
5.034515046886637439e-18
5.138030922884758356e-18
5.194873946442477825e-18
5.219475037010365123e-18
5.273091338909514458e-18
5.369885472572875934e-18
5.410127225956027664e-18
5.462398239664859028e-18
5.571573909213977445e-18
5.669576941871760293e-18
5.718102621452776870e-18
5.753067137521489675e-18
5.902755396176064194e-18
5.968530589356165995e-18
5.980297227379059808e-18
6.006912716861107697e-18
6.170259723752916175e-18
6.189893242011610361e-18
6.274351501228132489e-18
6.317286543344687289e-18
6.432147943240732475e-18
6.509052974270393427e-18
6.564039902186133077e-18
6.589966570225214925e-18
6.680340762917691636e-18
6.789563321785002985e-18
6.835374107142381164e-18
6.867745453446931556e-18
7.065817910246016478e-18
7.121261718987635064e-18
7.168591929274411871e-18
7.174351229855398754e-18
7.350166806378509978e-18
7.379035927574330480e-18
7.443094175484786119e-18
7.474314155901447938e-18
7.613261995695274852e-18
7.710889394439466256e-18
7.795170356833703117e-18
7.876134166382044299e-18
7.905610580960975756e-18
7.965892579832812895e-18
8.031650786912102870e-18
8.127093238801821603e-18
8.257371398239791789e-18
8.347875659004816758e-18
8.380604241816916029e-18
8.522858275519525760e-18
8.709461609130536215e-18
8.762837200651989486e-18
8.803499242254308985e-18
8.989858421539354778e-18
9.064364994416475863e-18
9.154497953723973609e-18
9.242956349845769850e-18
9.310717919045594526e-18
9.329924648666818296e-18
9.535144371367682951e-18
9.649324884321222771e-18
9.680066237901830136e-18
9.799410947162783404e-18
9.842257606268029120e-18
9.990330279048298465e-18
1.007452582878289530e-17
1.013410774551994754e-17
1.016531873189040893e-17
1.037460486984473388e-17
1.046861349641289872e-17
1.065824289925378169e-17
1.079392262609620768e-17
1.088125544010890988e-17
1.091610572082191320e-17
1.106890333533243693e-17
1.125020095825678573e-17
1.129377685876072845e-17
1.135570868010649272e-17
1.141478237558360863e-17
1.149611450374637273e-17
1.154287113234197320e-17
1.171444651369384057e-17
1.174733852397968398e-17
1.182494592385021685e-17
1.203744577805802209e-17
1.208158758172806482e-17
1.216068895414667825e-17
1.233931811614702399e-17
1.249022491020855007e-17
1.269914823741520379e-17
1.273487354876416848e-17
1.280920794813909958e-17
1.290372301729702767e-17
1.299619449532106011e-17
1.320280946096420374e-17
1.325469918561035492e-17
1.338304480764852176e-17
1.348996630099892053e-17
1.355448336743032033e-17
1.364238616028505105e-17
1.372952015685110762e-17
1.391092333723960085e-17
1.408912464654074424e-17
1.418381939081373639e-17
1.426697896660374835e-17
1.449275827219760101e-17
1.454800738885187287e-17
1.480829021066776711e-17
1.489005334089246021e-17
1.501230705158588824e-17
1.509888758587735620e-17
1.540057815830302538e-17
1.547252144472470993e-17
1.556310439164159935e-17
1.581274779111279111e-17
1.592506248597864367e-17
1.599537616324596033e-17
1.610531209917228082e-17
1.639159208935362372e-17
1.658994661928588641e-17
1.667774757937799399e-17
1.676364756492062075e-17
1.685771883476387671e-17
1.697365810585702893e-17
1.702955972318446376e-17
1.725127808271096734e-17
1.758474565205571615e-17
1.764376179107635389e-17
1.787602776949550723e-17
1.796007846628349881e-17
1.805418090586225054e-17
1.828841536511982270e-17
1.847186201740048235e-17
1.855991532208859475e-17
1.865515136202758106e-17
1.900044924888335242e-17
1.917352282298543999e-17
1.944213534668682706e-17
1.959750455855373921e-17
1.968439508041095320e-17
1.984957494332308742e-17
2.007897987015129149e-17
2.021772468390709148e-17
2.047178045777174596e-17
2.072195507198819523e-17
2.082182648089849872e-17
2.094552133448724254e-17
2.118298544172032664e-17
2.154243545033264320e-17
2.175418561849687149e-17
2.187143389138603540e-17
2.202356872347371071e-17
2.230157305407836036e-17
2.275890780555798247e-17
2.280592845646592716e-17
2.309045124266496026e-17
2.332458138730005746e-17
2.345312010562926705e-17
2.365273043593950735e-17
2.385565705899259882e-17
2.416867514562312970e-17
2.469389745204153529e-17
2.496233280550264538e-17
2.526903199432413645e-17
2.532789049066211314e-17
2.560854837230382115e-17
2.572578131833847420e-17
2.610043714163015082e-17
2.633852492588703625e-17
2.652165185010027942e-17
2.704182501895069668e-17
2.742690591984464170e-17
2.768339805320964448e-17
2.793703268272604129e-17
2.848982190316609669e-17
2.874199525365413590e-17
2.902725032162989024e-17
2.922049849184886148e-17
2.960418278169307883e-17
2.998416190316911225e-17
3.025952854121230988e-17
3.049332015469756831e-17
3.095134432734998564e-17
3.122537701020783617e-17
3.155139680966732609e-17
3.190268200605196064e-17
3.293883553710947409e-17
3.303628824408239878e-17
3.338194977017596920e-17
3.357334846533140453e-17
3.426231063197083514e-17
3.461863515261198447e-17
3.509387737982818254e-17
3.533768782321118594e-17
3.615383757105936272e-17
3.637905041268911030e-17
3.740758129719713957e-17
3.826131701860964563e-17
3.849093238660847652e-17
3.911130715454809158e-17
3.963002895809615468e-17
4.046592960651631040e-17
4.147630682363907576e-17
4.210855744864523154e-17
4.287728404089271351e-17
4.380407605263133780e-17
4.480528885386765026e-17
4.497865084526491202e-17
4.683349190377014661e-17
4.793066092491591325e-17
4.879342292369126352e-17
4.962783716692001772e-17
5.193972795221487055e-17
5.325694195708207792e-17
5.390966355484262462e-17
5.567709587692338812e-17
5.800243216511275534e-17
6.106429957751452536e-17
6.147975057383916372e-17
6.372314630502358168e-17
6.762771237140154111e-17
7.210332988095575699e-17
7.725966063302483213e-17
8.064949738432988582e-17
8.788933641119059195e-17
9.954952432245569808e-17
1.202093423689666587e-16
1.751379527229250374e-16
1.918868114878055764e-16
3.258421159925479457e-16
4.000647325022342241e-16
7.307831972254773094e-04
1.454927943267616966e-03
3.367929857763525981e-03
3.711114502839583072e-03
4.099413474879349054e-03
4.265569631340097694e-03
4.545366068666113930e-03
5.581704801763766322e-03
5.792446188396617457e-03
9.730012234758335724e-03
1.020825108381730704e-02
1.073031078447579320e-02
1.556483184086348767e-02
2.500510562494697928e-02
3.393570047835220427e-02
3.768268912021427441e-02
4.412631035845488575e-02
5.668344852322280969e-02
6.047252284028994257e-02
9.715264492551659026e-02
1.108751934911469117e-01
3.270325384770128574e-01
1.179616703028493641e+00
1.874111834029569046e+00
3.420009272545351031e+00
