-2.066579588141023022e-02
-1.824611352376637186e-02
-1.258760698262961254e-02
-8.409981938421608183e-03
-7.880494791687172457e-03
-7.525461922304479100e-03
-6.304613281451779128e-03
-6.042905905649573889e-03
-5.554943343979844295e-03
-4.598481142920275190e-03
-4.385685089460297954e-03
-3.997876891738348995e-03
-3.695012428944424807e-03
-3.422765238884475925e-03
-3.381058535486604864e-03
-2.909364885569364154e-03
-2.613037516456526328e-03
-2.547583253984685679e-03
-2.341889801015255203e-03
-2.176430482375690638e-03
-2.009511329526584688e-03
-1.903469677526918114e-03
-1.862894312060941462e-03
-1.776293005439424704e-03
-1.622307134032536938e-03
-1.598258626464472932e-03
-1.518343091443045750e-03
-1.472826674398509689e-03
-1.363231984815005057e-03
-1.277371289902612568e-03
-1.262292416007111283e-03
-1.218780585849612349e-03
-1.193520577387957539e-03
-1.100804785685390377e-03
-1.077190499576451393e-03
-1.031758413767613295e-03
-1.000841147363348664e-03
-9.736342030759958209e-04
-8.919526799823602418e-04
-8.714692450467565821e-04
-8.227269673220726724e-04
-8.155425211638035656e-04
-7.826387514353088303e-04
-7.563771102176914448e-04
-7.224470488288908853e-04
-7.087457190569938434e-04
-6.862526484191663846e-04
-6.431066648563192557e-04
-6.163519690934684582e-04
-5.968508781351362273e-04
-5.896463719723632696e-04
-5.682670068433026299e-04
-5.360916429283190234e-04
-5.301419316539857617e-04
-5.181888478927449944e-04
-4.960232707626203909e-04
-4.929367528693908785e-04
-4.842256081785157066e-04
-4.495320086079365122e-04
-4.414640898610279886e-04
-4.265825814925326221e-04
-4.155184345046711498e-04
-4.054041406460352878e-04
-3.958284369129815212e-04
-3.883343501702555840e-04
-3.629756950645349808e-04
-3.538436328227075457e-04
-3.474302321282653661e-04
-3.401015403148931302e-04
-3.357349277059430660e-04
-3.255006167442482255e-04
-3.139799642314464070e-04
-3.046377713724987167e-04
-2.979069584718119180e-04
-2.889059915840303796e-04
-2.764770971078886409e-04
-2.720292442841382402e-04
-2.646800239796110962e-04
-2.571454983533098641e-04
-2.527159007951114444e-04
-2.491955809006145728e-04
-2.437252456276653445e-04
-2.385392513152455383e-04
-2.299084992205968224e-04
-2.246821146808963181e-04
-2.158312892034766378e-04
-2.112027008374530552e-04
-2.079345533195039628e-04
-2.019578878156723563e-04
-1.905032456461286708e-04
-1.861576752999291487e-04
-1.838970114314293484e-04
-1.777139577264605808e-04
-1.742678235149055501e-04
-1.709561281556790970e-04
-1.686675452847172577e-04
-1.569693147384792239e-04
-1.535257422740902880e-04
-1.495235867380244972e-04
-1.474594961166360394e-04
-1.427353184398754966e-04
-1.357159559471272676e-04
-1.294341058924033472e-04
-1.289772269967274674e-04
-1.282325239551677606e-04
-1.239564841164621050e-04
-1.181588736959139185e-04
-1.157427762228454714e-04
-1.143967426105733562e-04
-1.125134225308299299e-04
-1.096465289724501659e-04
-1.059925004631922206e-04
-1.039253715910117638e-04
-1.037341628962395676e-04
-9.920752092204035389e-05
-9.517073770765418529e-05
-9.236850047617494158e-05
-8.816039240279441758e-05
-8.611154681680645078e-05
-8.488485851490837027e-05
-8.221708645871535226e-05
-8.027136903696714069e-05
-7.933475322748281008e-05
-7.712530983950578181e-05
-7.536667246615518520e-05
-7.319122300745390460e-05
-7.072640265487870504e-05
-6.944977693855670855e-05
-6.796711651548325097e-05
-6.645260663503458449e-05
-6.613439114503128207e-05
-6.260659033460267016e-05
-6.196412492432976983e-05
-5.850428088648812160e-05
-5.825084588195879006e-05
-5.678714047584594539e-05
-5.478248245725252552e-05
-5.344928125496335936e-05
-5.135929906720538836e-05
-5.073405192019124249e-05
-4.907368597040966205e-05
-4.739634013860742959e-05
-4.692103507654683087e-05
-4.528200981683147498e-05
-4.440853180938324576e-05
-4.323914593678585992e-05
-4.128043210068109360e-05
-3.909088356604341666e-05
-3.866820233433091331e-05
-3.750444041463202874e-05
-3.583846392403252946e-05
-3.545332349561479776e-05
-3.497822079236889470e-05
-3.470354226480720447e-05
-3.376208663195584721e-05
-3.328433796218295342e-05
-3.124833468472305392e-05
-3.050365043927684696e-05
-3.022459081015306623e-05
-2.855000899637249740e-05
-2.791682184570751438e-05
-2.757739873901662492e-05
-2.608279501306411783e-05
-2.604453904881608875e-05
-2.505621819056937051e-05
-2.470780228482829597e-05
-2.389173600343644192e-05
-2.335029204601489256e-05
-2.295131385438762644e-05
-2.242660094249081235e-05
-2.217610976503266404e-05
-2.171975517586336766e-05
-2.090339321662751547e-05
-2.025343371941795226e-05
-1.998740759326880185e-05
-1.863346236854686761e-05
-1.745595608391870492e-05
-1.724394881619816021e-05
-1.692688799772348309e-05
-1.642049635937505833e-05
-1.620115040069678927e-05
-1.589609224896257670e-05
-1.505225496662576357e-05
-1.478436686556969640e-05
-1.436247126738188839e-05
-1.370142387117201090e-05
-1.346152635681747329e-05
-1.327191874971772328e-05
-1.254124572542507168e-05
-1.193251346828865511e-05
-1.183049692880635370e-05
-1.137347075541716070e-05
-1.125765719730447644e-05
-1.101129668021439903e-05
-1.074224965139290814e-05
-1.053694666068619508e-05
-9.791750116035211047e-06
-9.756955968573083300e-06
-9.483218743592030308e-06
-8.944763108507085489e-06
-8.809094195653071170e-06
-8.508318758244479111e-06
-8.426671572897399156e-06
-8.176058886201454604e-06
-7.920696904853949844e-06
-7.808244498367378838e-06
-7.367369680887046881e-06
-7.065362798463599856e-06
-6.674679435658948287e-06
-6.423959454391194878e-06
-6.257498236892904622e-06
-6.115950364219831645e-06
-6.041075330616484702e-06
-5.547949907568780664e-06
-5.325284441010592425e-06
-5.155462032738264111e-06
-5.092324201705386539e-06
-4.945507773030420818e-06
-4.794060280472061089e-06
-4.639770301295467725e-06
-4.468798070278064274e-06
-4.253888379209444493e-06
-4.136565488551071675e-06
-3.978086464440015934e-06
-3.908193227494750473e-06
-3.644044665981192266e-06
-3.526298823027426592e-06
-3.296052455484245866e-06
-3.251747197471918194e-06
-3.116805281216985651e-06
-2.870837119035155019e-06
-2.811682289109217414e-06
-2.727365177516721145e-06
-2.682075759850810252e-06
-2.537429261967143275e-06
-2.271555652248902799e-06
-2.231259245508273552e-06
-2.184672130909824702e-06
-1.976257498048995158e-06
-1.912837615093240856e-06
-1.736677616843769692e-06
-1.618514646134356602e-06
-1.561918239561141769e-06
-1.458275781115431110e-06
-1.359258421526725638e-06
-1.308380697458129847e-06
-1.239631917987933499e-06
-1.183116267037415755e-06
-1.069340385899792445e-06
-9.279674314710196320e-07
-8.498869384196969429e-07
-8.121032996780114687e-07
-7.496812743566051484e-07
-6.947124487515631668e-07
-6.666374592574352691e-07
-6.034455505289385893e-07
-5.578279488351239094e-07
-4.547816051508835658e-07
-3.754245692939475510e-07
-3.075414094794561595e-07
-2.666102105355776063e-07
-2.262567070308459570e-07
-2.011742320982547034e-07
-1.675769253227875123e-07
-1.318944403354381341e-07
-7.631030665187767919e-08
-1.899059807172018747e-08
-2.808245975636930370e-09
2.685889314215411562e-18
1.512281384687501420e-17
2.131914834208039811e-08
4.424977661488232333e-08
5.365994456552213032e-08
1.502164918130196056e-07
1.763902287235629528e-07
2.416076742552620977e-07
2.471999151109377574e-07
3.220694683821442087e-07
3.730762622895204100e-07
3.776059141991872146e-07
5.331366688464188002e-07
5.881053439696322159e-07
6.652114060842829319e-07
7.077528745944739450e-07
7.293169387728611095e-07
8.624203060667167230e-07
8.947568241115318653e-07
1.092065706125111000e-06
1.149761077734984606e-06
1.234787928256511496e-06
1.335969418351339762e-06
1.423723717982180842e-06
1.507605633273074078e-06
1.567430434682006670e-06
1.610248841603104704e-06
1.751212442957736858e-06
1.778083417415250337e-06
1.855313666230453173e-06
1.911047338656633475e-06
1.932935870384621193e-06
1.955958624576832651e-06
2.153556551920901477e-06
2.209458624707054424e-06
2.222525098035687711e-06
2.313811861185876634e-06
2.488876892059018329e-06
2.538657100711417637e-06
2.706573744326441943e-06
2.834610154228020553e-06
2.872230755169237259e-06
2.968061042532704881e-06
3.039050459602864493e-06
3.256000402536228410e-06
3.273043242978843337e-06
3.334113689316429887e-06
3.356866485870686630e-06
3.534350846258211415e-06
3.612771313090111146e-06
3.859172096095437571e-06
3.962461170194198538e-06
4.077096657343427334e-06
4.170275268508123397e-06
4.287626246748866018e-06
4.409240093000126765e-06
4.631731765549133135e-06
4.705815551361346891e-06
4.839619426197790833e-06
4.972175067980163542e-06
5.045924711011848090e-06
5.384779471288672489e-06
5.453391920645049974e-06
5.636658046976925690e-06
5.848643632411877486e-06
5.881449698957176662e-06
5.996229357979343679e-06
6.177042903287542054e-06
6.344567183135694956e-06
6.458715660230357539e-06
6.538768345038904883e-06
6.784506265745318874e-06
6.865035674960564948e-06
7.117573324797283792e-06
7.198478043317221313e-06
7.441527076684671335e-06
7.768587756791661228e-06
7.962793488392487442e-06
8.063156496200823777e-06
8.259295956253363651e-06
8.341282478414894784e-06
8.506016809530351735e-06
8.726819009520480418e-06
9.040603338042855984e-06
9.558290767189980700e-06
9.660825703232005357e-06
9.863128976258450645e-06
1.005423052256414744e-05
1.023199295812229177e-05
1.044606245207568788e-05
1.071264759526013536e-05
1.092381161779787499e-05
1.100125338134243785e-05
1.152387014457059021e-05
1.163584596672227318e-05
1.178459859738443151e-05
1.209530306050082150e-05
1.233439097025006200e-05
1.273864046138571045e-05
1.288634072387522411e-05
1.319289722661950320e-05
1.353662771469050430e-05
1.377189452066295473e-05
1.392144891155893279e-05
1.417326434607840089e-05
1.433471863999184478e-05
1.466097004971157966e-05
1.487121483261475156e-05
1.517290072135679187e-05
1.544302313228561511e-05
1.579855309255819335e-05
1.629998084808113198e-05
1.640126914686732752e-05
1.676590275727433323e-05
1.691706916969734831e-05
1.754145891435428544e-05
1.778374513020727034e-05
1.845989075507647743e-05
1.874089251920598240e-05
1.890162405309929716e-05
1.901913452312168869e-05
1.924628851642441022e-05
1.950574209487540504e-05
1.968095956415878434e-05
2.010850005894391048e-05
2.044416980534062532e-05
2.086199399567360108e-05
2.151187403038079367e-05
2.185736212280620910e-05
2.236328923134439962e-05
2.275505641556891393e-05
2.328616628368180785e-05
2.344604623337490182e-05
2.411791638962939460e-05
2.485819922843899137e-05
2.493687664037345515e-05
2.533128418912711441e-05
2.581162230646924497e-05
2.620331334798552171e-05
2.682726501201301839e-05
2.715977461738601422e-05
2.721415668494145027e-05
2.797248833049922943e-05
2.859600241637065375e-05
2.875956910922338754e-05
2.912128705406515379e-05
2.969806787389414675e-05
3.076066603644971026e-05
3.084251031681816145e-05
3.184677988459507457e-05
3.232656123069673116e-05
3.336086508804882953e-05
3.358096624046451832e-05
3.400027035118560449e-05
3.420351144789736376e-05
3.564967257591639853e-05
3.617466771983323792e-05
3.708919767515046935e-05
3.714180561703878672e-05
3.817352047625824493e-05
3.854177094468765573e-05
3.934433173911402461e-05
3.976752515420557698e-05
4.059735351314558687e-05
4.187500862266928464e-05
4.199105924898250205e-05
4.258915028292561841e-05
4.317696927829804026e-05
4.364985464262963080e-05
4.490674371285505352e-05
4.632586232615984749e-05
4.691017717817011495e-05
4.794711660585198850e-05
4.899518759726931706e-05
4.910240051142185038e-05
4.958012468997286134e-05
5.081328782305545160e-05
5.140474290921173944e-05
5.174420353174014525e-05
5.239298394596593960e-05
5.307315752051113228e-05
5.396615517131604769e-05
5.478653773441592153e-05
5.580516001592197937e-05
5.641904599707809096e-05
5.759220042499648475e-05
5.953768875501197705e-05
6.016656764142829363e-05
6.123597725631586114e-05
6.236320614821614522e-05
6.351668766885773618e-05
6.431109571539341690e-05
6.569256372303302325e-05
6.617041319455207180e-05
6.776497416711269690e-05
6.916447486959445632e-05
6.955402376435684776e-05
7.092735810874887929e-05
7.254454723838428890e-05
7.436984211537789726e-05
7.556671452502598048e-05
7.623018468123546722e-05
7.733759871408795914e-05
7.915704375688887412e-05
8.162960666640686259e-05
8.299317437746283731e-05
8.332062055073828578e-05
8.473711338962022874e-05
8.634884627314178094e-05
8.891870170782840413e-05
9.078182091447953826e-05
9.275824849641919705e-05
9.319238691065002836e-05
9.479372797849187177e-05
9.776855764190306181e-05
9.850749710993623358e-05
9.965221167868327655e-05
1.016436947174292703e-04
1.028707545034964876e-04
1.058057540816040385e-04
1.071602192944299701e-04
1.104756815270315753e-04
1.118460762903252664e-04
1.139561886498118411e-04
1.163488968572259002e-04
1.164513277085736973e-04
1.180325927610410955e-04
1.214160212945447859e-04
1.271850154124326245e-04
1.282591225587246500e-04
1.302569125827752789e-04
1.312450606486633049e-04
1.334366699760142162e-04
1.355008000945269410e-04
1.395277801438271647e-04
1.399052330399160689e-04
1.428717928820816133e-04
1.438832277796379022e-04
1.463354549142930174e-04
1.477627247979140823e-04
1.502322721378070072e-04
1.531336542509748337e-04
1.571709833887604928e-04
1.606839081438299181e-04
1.621380794458453407e-04
1.670906695370982364e-04
1.673511668246976827e-04
1.717675795190396328e-04
1.740353135768767415e-04
1.789572261965213806e-04
1.817510666689630631e-04
1.864834146258143239e-04
1.880935390151446552e-04
1.903617708579913466e-04
1.958088259843772827e-04
2.028061170964691679e-04
2.055302650429545084e-04
2.089657665728840842e-04
2.106793685299849237e-04
2.165506642723124002e-04
2.209359066536181878e-04
2.228885068560016662e-04
2.265101657976924948e-04
2.357905657407060901e-04
2.370643369676442909e-04
2.449927881753929818e-04
2.466938540774792359e-04
2.495686531866657593e-04
2.545509270313931990e-04
2.625557800515562626e-04
2.662524231454914360e-04
2.687702779970457833e-04
2.755374513390766960e-04
2.782757924530106838e-04
2.815249461320193662e-04
2.903937375252240078e-04
2.964318511562884575e-04
3.022154992707475128e-04
3.106228197984523031e-04
3.134915275246786680e-04
3.206444351911782618e-04
3.247059844543525664e-04
3.287986050560644333e-04
3.386451249118442087e-04
3.420237699677197924e-04
3.536019818369655625e-04
3.574190354571811241e-04
3.627003239140950703e-04
3.767503698478239394e-04
3.854917738048263261e-04
3.919910121803914693e-04
3.982319747420488246e-04
4.086597199299211980e-04
4.161211045936497499e-04
4.220707503830823065e-04
4.359356468375912811e-04
4.369626764513793353e-04
4.482682543872527296e-04
4.582267674237683048e-04
4.611050826979388399e-04
4.664532500539368405e-04
4.817986218091496590e-04
5.008494484487025855e-04
5.135141613788660707e-04
5.235709513751272276e-04
5.422176286707667062e-04
5.606137752254436880e-04
5.717230746377633104e-04
5.880533304605300906e-04
5.910242730454949578e-04
6.016458443346105189e-04
6.120480165298953102e-04
6.179545063267764989e-04
6.248869986569672956e-04
6.585782466135601350e-04
6.651219845680755773e-04
6.878890974440880768e-04
7.016679192734165058e-04
7.198985267659819198e-04
7.390149441437910034e-04
7.735387895609111648e-04
7.950515811929713145e-04
8.071664565172085876e-04
8.262395265534488347e-04
8.419762219056014553e-04
8.485331501177902167e-04
8.563957288465026034e-04
8.954822809884259568e-04
9.324207843214608535e-04
9.414865082022007585e-04
9.754864388236604783e-04
9.953853841801107907e-04
1.018483608384151582e-03
1.053091115102928630e-03
1.093825136957212157e-03
1.100752525833896805e-03
1.121995213639185966e-03
1.173031076072339560e-03
1.226043074594027798e-03
1.249459383749913213e-03
1.265389664634818979e-03
1.312821195289356341e-03
1.367319226808800777e-03
1.370746999170017284e-03
1.440326195180975568e-03
1.493782206500074775e-03
1.514446055161283548e-03
1.523071437284380771e-03
1.589768600487267416e-03
1.648279623721330767e-03
1.733871347167187252e-03
1.808954355334701104e-03
1.860754424259675839e-03
1.888092912808639941e-03
1.954972763294763032e-03
2.008892889924860335e-03
2.108243100130952237e-03
2.199442935175405234e-03
2.331285746886698103e-03
2.387460711200839643e-03
2.511582767485213887e-03
2.541275564319441828e-03
2.663192114246981223e-03
2.798777444583231463e-03
2.853733579412354691e-03
2.986194852102799085e-03
3.110670488393621393e-03
3.203232221802331144e-03
3.276437218132363400e-03
3.567586822237874770e-03
3.691970347442301639e-03
3.902538853069563874e-03
4.181713045500825426e-03
4.477116711902853242e-03
4.534401588105020815e-03
4.722673539578763763e-03
5.040320155496909663e-03
5.370852692510863502e-03
6.097819854635244501e-03
6.396303236691371248e-03
6.998185201123626950e-03
7.610193780050742221e-03
7.935929579980492005e-03
8.925377584006133347e-03
9.806416233219060474e-03
1.027994182664107581e-02
1.134565055354706808e-02
1.269183406194081612e-02
1.388565025716912392e-02
1.470562515643859119e-02
1.644670094489115997e-02
1.952084992422911669e-02
2.050479978366891512e-02
2.293286978922553024e-02
2.561398378184728819e-02
3.196411985892579771e-02
3.596271614908844172e-02
5.863921797437053607e-02
7.437708735122720849e-02
7.620836038745076868e-02
9.618676270338069600e-02
1.095731449818131836e-01
1.950247242979318285e-01
2.108428728206670488e-01
5.509163408832080666e-01
2.490908543195075708e+00
4.698628979972260922e+00
1.453514736115614525e+01
