-1.914249388289227319e-02
-1.704819237881603083e-02
-1.201939579634772257e-02
-8.023603231575764452e-03
-7.000266118803276025e-03
-6.923450742792023466e-03
-6.097967399640724304e-03
-5.454591459148258430e-03
-5.009814518732163581e-03
-4.398268177135526182e-03
-4.100294259321666558e-03
-3.628070920787084767e-03
-3.300680427824105850e-03
-3.248761012009512492e-03
-3.109808306706487394e-03
-2.532047264364689805e-03
-2.384917498076667003e-03
-2.294778229484257040e-03
-2.181213312040161060e-03
-1.997345320220928096e-03
-1.863707793530735733e-03
-1.722584410395563981e-03
-1.643054756730604523e-03
-1.527419209274192289e-03
-1.474629153474803266e-03
-1.413752556500835105e-03
-1.341838156903267434e-03
-1.314716881023192179e-03
-1.228936726147541103e-03
-1.137505840892563290e-03
-1.073130349783395221e-03
-1.056770688491957518e-03
-1.022746573186046745e-03
-9.762819270401628009e-04
-9.573542733212490928e-04
-9.448124805816026772e-04
-8.680193420361710177e-04
-7.979475539330227376e-04
-7.682091142316490456e-04
-7.342702403781469411e-04
-7.152983721650641282e-04
-6.894684787382762822e-04
-6.714472932171015700e-04
-6.234117118073500803e-04
-6.005912263879046621e-04
-5.818641149513379155e-04
-5.640982695059398823e-04
-5.379822658354559703e-04
-5.263224251305946479e-04
-5.083093743635176990e-04
-4.725765822951007514e-04
-4.581187526582417013e-04
-4.557518169091559425e-04
-4.339896362489227642e-04
-4.208306849017954014e-04
-4.135248024609679751e-04
-3.928405334046005857e-04
-3.798007519865306239e-04
-3.638538892751650355e-04
-3.577974540492422995e-04
-3.467688385029790840e-04
-3.263468086140281486e-04
-3.099737433184388729e-04
-3.051369913621931971e-04
-2.938175759882715463e-04
-2.931837592188250440e-04
-2.825265734387214867e-04
-2.760136954023560078e-04
-2.644876333003338769e-04
-2.574689473211781081e-04
-2.491018673465329736e-04
-2.384583303871498075e-04
-2.333295197684054822e-04
-2.245050889267907962e-04
-2.208159456101273569e-04
-2.129659204053756315e-04
-2.096998548855379693e-04
-2.032978986733482909e-04
-1.966341021991531944e-04
-1.901479471394569186e-04
-1.863872363113583017e-04
-1.827180686133351821e-04
-1.787633267848338079e-04
-1.705920828187010437e-04
-1.680500210953950896e-04
-1.622344260281509680e-04
-1.573195627086923076e-04
-1.527340433366069182e-04
-1.448599873452663671e-04
-1.377288480513973558e-04
-1.301314847109676977e-04
-1.284343137549667476e-04
-1.249001929153473796e-04
-1.212737793505714126e-04
-1.175078579810083816e-04
-1.113019795985997307e-04
-1.091944379442896232e-04
-1.082620405512905304e-04
-1.019933917344221331e-04
-9.995663755963400991e-05
-9.906760921738757501e-05
-9.833930105233913981e-05
-9.051080110065996929e-05
-8.932654385237827094e-05
-8.663886015934890543e-05
-8.327649685683117067e-05
-8.140237188711596842e-05
-7.937437453174341735e-05
-7.470741921312887941e-05
-7.398172585357331405e-05
-7.093500718352372520e-05
-6.870159709318002586e-05
-6.706967299473104720e-05
-6.483041052186970011e-05
-6.349992554752411646e-05
-6.262636189512287076e-05
-6.199502858913063413e-05
-6.019289609936255515e-05
-5.771692267052112336e-05
-5.475875411086620693e-05
-5.327109813786530524e-05
-5.235633470726304298e-05
-5.012239567948516760e-05
-4.802903956039605306e-05
-4.690332352928511006e-05
-4.490890095313434025e-05
-4.416980017696923690e-05
-4.357798168550214117e-05
-4.122799728935202227e-05
-4.109995530097581033e-05
-4.025899296480689519e-05
-3.805619601614187200e-05
-3.681446257868289495e-05
-3.533321769568798247e-05
-3.463588016803327476e-05
-3.354200618966717180e-05
-3.279915732296489941e-05
-3.084191109034107524e-05
-3.033966735249500729e-05
-3.000064477425154884e-05
-2.862187907068439841e-05
-2.773735406404916940e-05
-2.649508691360036349e-05
-2.549401877483686930e-05
-2.492576296383433579e-05
-2.411700861647452437e-05
-2.351531419805485981e-05
-2.312367368128135547e-05
-2.194097740784232468e-05
-2.148261568674429917e-05
-2.128014047399011920e-05
-2.100831664444407641e-05
-2.035825242390136531e-05
-1.983998835326852489e-05
-1.858518765292799580e-05
-1.786250099116633733e-05
-1.720663166836892163e-05
-1.682389132695738616e-05
-1.619077261032128681e-05
-1.578657403240112220e-05
-1.518539351496536884e-05
-1.494039628141513899e-05
-1.374931791076836706e-05
-1.325186470467122786e-05
-1.319897250927409253e-05
-1.245629361620951380e-05
-1.199523250652208307e-05
-1.159026558661388979e-05
-1.129592944388577528e-05
-1.106105525612859587e-05
-1.069986739396407387e-05
-1.026809064819782619e-05
-9.844001563134959409e-06
-9.600445804978783147e-06
-9.316983863131597074e-06
-9.158803452742579078e-06
-8.847292001662573815e-06
-8.587802951839992809e-06
-8.376709971241042335e-06
-8.162617019761184045e-06
-7.702437153381241620e-06
-7.334711075727727397e-06
-7.139657395020846482e-06
-7.038561415800258247e-06
-6.639044445516405132e-06
-6.620912943565894712e-06
-6.291786987484167384e-06
-5.979211361581173330e-06
-5.786911749889458896e-06
-5.726361276024282379e-06
-5.416804299406662201e-06
-5.275657946102317206e-06
-5.009283714413133172e-06
-4.834295917013353411e-06
-4.667946531041542879e-06
-4.545141597515330527e-06
-4.354833362522781011e-06
-4.217742905106240348e-06
-4.094526064317233354e-06
-4.047133336339355685e-06
-3.921648155953078241e-06
-3.715982087727537357e-06
-3.588479137128553822e-06
-3.448974192929430525e-06
-3.337126429656650264e-06
-3.214130663571088054e-06
-3.102879245074780690e-06
-3.004777359760023756e-06
-2.783639870457634023e-06
-2.666538492909383555e-06
-2.590575854071529493e-06
-2.460533432506398786e-06
-2.399116181904063856e-06
-2.190268302113911551e-06
-2.130892633670799339e-06
-2.098260522115347290e-06
-2.027401814364798322e-06
-1.951399353152804478e-06
-1.763650945609464538e-06
-1.734442149606912631e-06
-1.691532161870522346e-06
-1.667046454859540914e-06
-1.526119230245562868e-06
-1.446976082032599895e-06
-1.355975056637968443e-06
-1.260134891402055467e-06
-1.197293583341785706e-06
-1.103559312688748862e-06
-1.040783516891160375e-06
-1.022672314136244947e-06
-9.570942604974923582e-07
-8.803922140338158797e-07
-8.209242243172566583e-07
-7.782040164485416153e-07
-7.572108489566530871e-07
-6.509528106597064408e-07
-6.186209992838607923e-07
-6.116379595531885863e-07
-5.159450386496208124e-07
-5.047590868535701834e-07
-4.644730040694451814e-07
-4.083359486824759203e-07
-3.835611137958075070e-07
-3.739773074648182133e-07
-3.378112398026629527e-07
-2.815780049919633780e-07
-2.745078117087671417e-07
-2.534513486346152450e-07
-2.309428454588019329e-07
-2.181934442258547408e-07
-1.915975495624007053e-07
-1.744983493159151526e-07
-1.405133228297630165e-07
-1.281921536294644481e-07
-1.261886147697782703e-07
-1.060974870055838994e-07
-1.002308508743037333e-07
-9.227871604113899144e-08
-8.351753789424057673e-08
-7.569915127117550719e-08
-5.573177027844735611e-08
-4.716611353477568053e-08
-2.824422792268130515e-08
-1.568407339029706248e-08
-3.135074963428426010e-09
-8.066591598346722019e-10
-5.176609678963748132e-18
3.824899517117138401e-20
3.164811470325599472e-09
6.141529766144019816e-09
1.020417137919488885e-08
1.423810145990540504e-08
2.213162288253952403e-08
3.098298111828821474e-08
5.808454591223627054e-08
7.503286936017043526e-08
1.076760923818903699e-07
1.171945343090133706e-07
1.296904897424400937e-07
1.702728763828900527e-07
1.972153785830189492e-07
2.335356821836992832e-07
2.625432269665515425e-07
3.055012145216391384e-07
3.949532817247698987e-07
4.550259033135174199e-07
5.335424035606761285e-07
5.848581901346184792e-07
6.765863147676483000e-07
7.390706956561631184e-07
8.210624509455989039e-07
8.808179400923919852e-07
9.572977840698767614e-07
1.106831909727127766e-06
1.263041389959672787e-06
1.278272634621395596e-06
1.375092383816548419e-06
1.408074347728186947e-06
1.497092517884865984e-06
1.549338900236475937e-06
1.606906291856653415e-06
1.719624860262263413e-06
1.787721055255320386e-06
1.851316179396007695e-06
1.885883795436530922e-06
2.050096791803087158e-06
2.134928058951807974e-06
2.287175652006779732e-06
2.333973300039907257e-06
2.351211294530411744e-06
2.414652609412094103e-06
2.516556159398903463e-06
2.776888995564456866e-06
2.807519551754673846e-06
2.866564579418014308e-06
2.912991289740448625e-06
3.041974513742607794e-06
3.274881186411274645e-06
3.425823484115094353e-06
3.496227057066934958e-06
3.587550418567657865e-06
3.648955823346823220e-06
3.866237331832687950e-06
3.973381755485048264e-06
4.138260266359466712e-06
4.206057459164834522e-06
4.374236594636019205e-06
4.544124203871419934e-06
4.630553803937565100e-06
4.712929293217949703e-06
4.753633327133206077e-06
4.938979362539762376e-06
5.151030391239978963e-06
5.298996777340179507e-06
5.511413130386459903e-06
5.709348256344151440e-06
5.888793817043812112e-06
6.003629972075913089e-06
6.095714268053448221e-06
6.234112841845673088e-06
6.324428148316426097e-06
6.494918852856337232e-06
6.860034380183052454e-06
6.891352855025406301e-06
6.980787156155575954e-06
7.043527729791017482e-06
7.299315408043917522e-06
7.392854215298054395e-06
7.866081962742686490e-06
8.007142284864425530e-06
8.159290619739801881e-06
8.204441415137269050e-06
8.410476333014811008e-06
8.546822259716247268e-06
9.120295301192750344e-06
9.239781418213341519e-06
9.624409639949825949e-06
9.738656410682681121e-06
9.892016741770472143e-06
1.015329158437235549e-05
1.050707877026244259e-05
1.069289760520282567e-05
1.082226374999595174e-05
1.092835293234824763e-05
1.125960405293098623e-05
1.149971689480702998e-05
1.188546483701870184e-05
1.211811993634097266e-05
1.223362374433504284e-05
1.279624459787165818e-05
1.293769291268836455e-05
1.326357221396343417e-05
1.337347547935106767e-05
1.367218585314490656e-05
1.391196089397084658e-05
1.423908753128991518e-05
1.457943178116843218e-05
1.475320656699302579e-05
1.519213081200913965e-05
1.525223984962963800e-05
1.543964561953243045e-05
1.593444619819162547e-05
1.619929348642746401e-05
1.642375853340439091e-05
1.687981386518338215e-05
1.703630634575248405e-05
1.783758838756906683e-05
1.819973857353623925e-05
1.848052003918515196e-05
1.873697789446624080e-05
1.905754207614751314e-05
1.927296341066983874e-05
1.955541500561521200e-05
1.986827807967411180e-05
2.017392215872770655e-05
2.041035032360386564e-05
2.062432823565164879e-05
2.112951465137922235e-05
2.156024869395433273e-05
2.192168874731272504e-05
2.263439335189069220e-05
2.292765382038955180e-05
2.356589429530913751e-05
2.385167502388248252e-05
2.441545405748439692e-05
2.487127854167007864e-05
2.511089042223637279e-05
2.569391943438674227e-05
2.630464982998659171e-05
2.687081821871721508e-05
2.729348381591786176e-05
2.775612774501568986e-05
2.819467049538751824e-05
2.869694095384789720e-05
2.910630609592236391e-05
2.951823316928913138e-05
2.957444750542643109e-05
3.040394710766319405e-05
3.090766064274626555e-05
3.150418362400506160e-05
3.239537828735184605e-05
3.277012917766251036e-05
3.362288067037924372e-05
3.404172004204853602e-05
3.452648406085999329e-05
3.548436445551000933e-05
3.643357320790383957e-05
3.674860591003589771e-05
3.724548873922353047e-05
3.814916546570848053e-05
3.917103053213771916e-05
3.928114832442781881e-05
3.974056806558090533e-05
4.057573022496947801e-05
4.171979098359168632e-05
4.230773113264283162e-05
4.285164432048626094e-05
4.345621875833800130e-05
4.501242584043465335e-05
4.582358652205860064e-05
4.696158688951059532e-05
4.707210208811391520e-05
4.831388198628239200e-05
4.901617110074947407e-05
4.940504036605409210e-05
4.999302673545113384e-05
5.055203514212115327e-05
5.136831133012431921e-05
5.187464616311345195e-05
5.287561336476936648e-05
5.401054677410212283e-05
5.462469096167260721e-05
5.546043820179671506e-05
5.635709291972397408e-05
5.746120394300543890e-05
5.901766700071265845e-05
5.943266616760290192e-05
6.061480053155563559e-05
6.214551320194015469e-05
6.375279581131981918e-05
6.467597486810663671e-05
6.519171922038635150e-05
6.609960839160219839e-05
6.733688408729567487e-05
6.909602533790637816e-05
6.969395981635436430e-05
7.069296499896647059e-05
7.297670933101223592e-05
7.466558035490783907e-05
7.604866977338294227e-05
7.630886450983902973e-05
7.708753583780713812e-05
7.947475338203296546e-05
7.996394735760153905e-05
8.321724207451799624e-05
8.418959175921774817e-05
8.485680980331578287e-05
8.659304107430482146e-05
8.852974294786077655e-05
8.958140072697507589e-05
9.222910471480410286e-05
9.351088235270700296e-05
9.437859819310596738e-05
9.779417186504407993e-05
9.866304094607461570e-05
9.980309602544321871e-05
1.010963521538907605e-04
1.037864512930935650e-04
1.058547735464881827e-04
1.060530559504511364e-04
1.098765170998806722e-04
1.118585872377343633e-04
1.127416810743761197e-04
1.164878030964672148e-04
1.168372351656910040e-04
1.174328445662401550e-04
1.212292311692939132e-04
1.265692810769750230e-04
1.283166537095846015e-04
1.306993366426591869e-04
1.320619399485175064e-04
1.345767125858545203e-04
1.357618900943029271e-04
1.372912011788224860e-04
1.394890394355729633e-04
1.413372052932281150e-04
1.432039910232613697e-04
1.459711962337587911e-04
1.476075965210822975e-04
1.513331884312511485e-04
1.539902836340655153e-04
1.580456213514987314e-04
1.624082209829328879e-04
1.649714667203550208e-04
1.679980376396003258e-04
1.688062930291819700e-04
1.710301790449346340e-04
1.740725475792248794e-04
1.760226271706822395e-04
1.823505967607892090e-04
1.870507011862262894e-04
1.882003642335382623e-04
1.910628708585317527e-04
1.981594104958455109e-04
2.024344416991155496e-04
2.062184929004637812e-04
2.091479533582965718e-04
2.122770811192021222e-04
2.159732816388582315e-04
2.185934513650052396e-04
2.235996165602245590e-04
2.267143946994142501e-04
2.347167291292624400e-04
2.411572866502190323e-04
2.461480945150301496e-04
2.492512046961866258e-04
2.554925050091696949e-04
2.616570470206104875e-04
2.640616710667940438e-04
2.669628018433572655e-04
2.759129120636055863e-04
2.773413682227517281e-04
2.790337907618916052e-04
2.870140094105428611e-04
2.947564687894525370e-04
2.997275720066459458e-04
3.054434137173696307e-04
3.128226159491348307e-04
3.135888007125067767e-04
3.216671191734266967e-04
3.293668891395255057e-04
3.345188552757060634e-04
3.371432201751057753e-04
3.516653200538799660e-04
3.588320957435493287e-04
3.611818879560238374e-04
3.721158085406884599e-04
3.795005021782546636e-04
3.894678681302817490e-04
3.952703335900188642e-04
3.985982293123575219e-04
4.118898835395965472e-04
4.184109620571682241e-04
4.257477426812471505e-04
4.364603348684923702e-04
4.456904615982973969e-04
4.516748181912064630e-04
4.595079141205551335e-04
4.637096645031438908e-04
4.721451313650987984e-04
4.822877210852163574e-04
5.105316455514725699e-04
5.126958179275803440e-04
5.240534462929817561e-04
5.403123984802309489e-04
5.612814016802336256e-04
5.732664117464500962e-04
5.903885828080930858e-04
5.932615865749628478e-04
6.047057725789896929e-04
6.115195534610837506e-04
6.195970374292678528e-04
6.244830191311954385e-04
6.589613529752688138e-04
6.646149479373540496e-04
6.922172248907172308e-04
7.052484206975217487e-04
7.190527998462076850e-04
7.440719188917191288e-04
7.917883030413535965e-04
7.948196521321595738e-04
8.162077984635607861e-04
8.259380115724682635e-04
8.446348682109811132e-04
8.511766374149792348e-04
8.619003380356284310e-04
9.131267925160873678e-04
9.357389951344511660e-04
9.443454288037823842e-04
9.756363460207156555e-04
1.002603118773530205e-03
1.025002692222739967e-03
1.077777273058162268e-03
1.100808950229074457e-03
1.118798682195723364e-03
1.141498199838727285e-03
1.181007136693769995e-03
1.230544793017946748e-03
1.264039701691500482e-03
1.290698916479798581e-03
1.353421092413906873e-03
1.370698287928864400e-03
1.433827543853505564e-03
1.451699613736790644e-03
1.506456935772984692e-03
1.522046828797420657e-03
1.558656774762505514e-03
1.639000415654511293e-03
1.674173222109827646e-03
1.807404298080212942e-03
1.853466073401603600e-03
1.866615738589583011e-03
1.930512513642698149e-03
2.008977438178696784e-03
2.088010257507190003e-03
2.203216219431305620e-03
2.298417722956922274e-03
2.373201350795801825e-03
2.501389193866181485e-03
2.542167873414103753e-03
2.664271920894659314e-03
2.770909446522177959e-03
2.817271709631838199e-03
2.995298171954568177e-03
3.085629259152299336e-03
3.180370803529185535e-03
3.249504405376040742e-03
3.570087836245842972e-03
3.624803932564439526e-03
3.911038229929886256e-03
4.179439925092302312e-03
4.391553340637003276e-03
4.479254433176155757e-03
4.714338069558737451e-03
5.040733659563163133e-03
5.378825377895738412e-03
6.096561608000881753e-03
6.387325376686443443e-03
6.991905560035176735e-03
7.475906058633057655e-03
7.912941389493374778e-03
8.911865454755793503e-03
9.809852398574096452e-03
1.026785043923200517e-02
1.134145724665759983e-02
1.264431175471746396e-02
1.383867217233843844e-02
1.471545168493191766e-02
1.639380866511178786e-02
1.933050286822694114e-02
2.048325474742355295e-02
2.269180374062388858e-02
2.560824162871436216e-02
3.197181051844415201e-02
3.595239840586861302e-02
5.717724291839680617e-02
7.338032921951684329e-02
7.581346908026069531e-02
9.567366534472133976e-02
1.097249643586842571e-01
1.939226028020010761e-01
2.103051339404779507e-01
5.401451240301251566e-01
2.454646837667937120e+00
4.690594976802330507e+00
1.441251932989679574e+01
