1.170854228956181957e-02
9.271473785705048459e-03
6.465383202037712843e-03
3.471309582393255697e-03
2.744796591645376656e-03
1.919009388987919949e-03
1.437096675775944004e-03
1.081777824020715723e-03
1.016421395645342868e-03
9.362586010883035140e-04
8.627508689345987723e-04
8.275437711358112677e-04
6.095444693160553687e-04
5.964221907662090255e-04
5.911565996858343186e-04
5.281364524214221708e-04
4.815940910675064654e-04
4.552230561180539313e-04
4.227571666856146430e-04
4.142581074938027352e-04
3.276367647816811452e-04
2.978735910002186385e-04
2.543517926336669719e-04
1.996151476315017692e-04
8.079758245170498251e-05
7.091841418201784809e-18
3.849593273891599816e-18
3.604597490800067362e-18
3.135031324835556741e-18
2.979082077318517330e-18
2.944985589679009902e-18
2.864478718428474653e-18
2.655076588392174646e-18
2.628208806653577378e-18
2.566058753863647232e-18
2.501105091080001554e-18
2.461021988790635407e-18
2.384275773689077745e-18
2.325275825243184554e-18
2.301681253572001617e-18
2.234255303372385211e-18
2.196841927621184991e-18
2.152806351289526691e-18
2.123152072155139018e-18
2.108905099367123529e-18
2.058337424500491893e-18
2.037524684218451422e-18
2.019404849255671447e-18
1.985432078815501745e-18
1.958034634793944399e-18
1.943038199541905600e-18
1.911216995810526199e-18
1.897385836666828273e-18
1.864437689005060968e-18
1.825398581400109232e-18
1.786722491716592728e-18
1.761061874811944632e-18
1.717595877824733624e-18
1.702156166184570808e-18
1.693366330035195168e-18
1.674607735256399802e-18
1.657523588049827676e-18
1.620735663175625924e-18
1.599757027011830714e-18
1.590023294285874325e-18
1.576303541168138525e-18
1.547790635384366694e-18
1.543450010700531154e-18
1.520673566103084078e-18
1.501528830300929974e-18
1.485821790134488966e-18
1.465875989186459766e-18
1.444707206319595734e-18
1.435708110285490275e-18
1.429531137042451099e-18
1.410468899224235238e-18
1.397319453909952841e-18
1.381080119934863939e-18
1.359753567015881746e-18
1.355154087329458533e-18
1.340143334215649216e-18
1.324247944957470614e-18
1.286547031701216938e-18
1.280253461768860034e-18
1.261864739462613729e-18
1.255624503644212926e-18
1.244026075833419054e-18
1.233610947396361247e-18
1.218813663192150979e-18
1.210086707387527456e-18
1.205506979791766090e-18
1.180654259602678997e-18
1.174108388668802572e-18
1.159634338795131447e-18
1.151365689598484205e-18
1.143440006328774450e-18
1.133447796377916535e-18
1.112835420655030058e-18
1.095064436361203962e-18
1.088260371925418962e-18
1.080330165396417244e-18
1.067102388807984476e-18
1.057868578501069913e-18
1.043525630212329178e-18
1.030344270554551259e-18
1.024014820699948813e-18
1.005540605168581658e-18
9.960794781251987451e-19
9.948155466371857740e-19
9.862640707250669153e-19
9.859558934409494326e-19
9.752043486736991899e-19
9.675631495496137319e-19
9.564084010541169568e-19
9.491793827199382061e-19
9.378205511678963905e-19
9.346361203274735376e-19
9.321285645942737988e-19
9.193388598312481497e-19
9.069584137057638129e-19
9.044550599321504443e-19
8.985790181271311500e-19
8.933547581178820946e-19
8.856001814950064157e-19
8.673674171968764851e-19
8.581669073516166298e-19
8.451137764429891160e-19
8.411111687622381718e-19
8.356567361464851148e-19
8.251365553032870666e-19
8.206572136548807180e-19
8.123550095394752941e-19
8.060266225456556307e-19
7.959597771682341318e-19
7.946270407105539774e-19
7.895067230217111349e-19
7.824348084107066759e-19
7.614676195543397374e-19
7.594688329696432748e-19
7.487545516260957741e-19
7.459361173148403133e-19
7.374562398982134677e-19
7.316197184413242501e-19
7.180187525305530660e-19
7.164111398638746762e-19
7.082337562567198887e-19
7.044590825813142133e-19
6.986904987111554548e-19
6.938706753699385252e-19
6.903346583404946666e-19
6.819934137427964601e-19
6.743744717746963228e-19
6.638325786432155486e-19
6.610493348502778444e-19
6.538450658362600296e-19
6.434049785621040547e-19
6.406625558026880759e-19
6.342109096399057396e-19
6.294390449493107754e-19
6.186904044071695444e-19
6.154475615329027553e-19
6.118345426873102683e-19
5.954117397555412174e-19
5.911930435362478896e-19
5.866396046734237843e-19
5.851066275075224734e-19
5.827937802707015957e-19
5.776183706735026660e-19
5.688871367059931961e-19
5.638813120796102400e-19
5.542763685598060010e-19
5.517388028931034483e-19
5.466232234398318367e-19
5.451287890307734910e-19
5.428744241134669267e-19
5.347485672316976935e-19
5.287026790941034635e-19
5.269830799751201146e-19
5.195219881754890192e-19
5.144182716306374553e-19
5.124475744226202675e-19
5.060520275526628786e-19
5.020851455948594941e-19
4.967287848774170997e-19
4.912228582521503133e-19
4.892409002607013402e-19
4.795122919712026369e-19
4.773339469997048688e-19
4.713480846970015484e-19
4.640694423402532931e-19
4.593797380356158026e-19
4.563498928308641149e-19
4.507695943156421637e-19
4.453546012404750597e-19
4.404257919140713773e-19
4.378125910165057304e-19
4.328935428760117943e-19
4.286116582806827824e-19
4.251536231715232365e-19
4.172630256334849673e-19
4.109985690060333912e-19
4.075206731764191312e-19
4.047065883045822541e-19
4.001748847284131275e-19
3.990377272518588340e-19
3.958575436662313711e-19
3.925398021431684807e-19
3.879094891790425800e-19
3.843236289416205226e-19
3.793266341828526353e-19
3.748411399445647994e-19
3.709238391588865377e-19
3.632387814483648238e-19
3.593173987289598413e-19
3.575823541866832005e-19
3.521045350089062678e-19
3.516822191145429946e-19
3.473766590981650717e-19
3.445297276936956448e-19
3.358556005855381884e-19
3.289631043677456746e-19
3.253804555916808084e-19
3.233980862130819001e-19
3.212351017401378502e-19
3.190194152082192741e-19
3.140787775632818974e-19
3.095217173688105862e-19
3.067083977299315414e-19
3.044186598743014782e-19
2.975664820633170978e-19
2.938431163612550199e-19
2.899048120682436329e-19
2.890728828645887268e-19
2.863214900148338854e-19
2.833181504659494616e-19
2.797073161969262735e-19
2.740802588201052073e-19
2.728383216127015070e-19
2.681600657921297030e-19
2.664312208683824972e-19
2.621366151448951584e-19
2.602252579500797954e-19
2.527798786188288345e-19
2.518001102120868653e-19
2.500704794693639411e-19
2.463103565653741106e-19
2.439398493432929753e-19
2.421155778523851688e-19
2.368799827626584328e-19
2.342201844940111327e-19
2.299986676682837416e-19
2.284958069079856103e-19
2.232014516418253964e-19
2.216714769772708881e-19
2.170303638061863710e-19
2.148003149870846583e-19
2.113864353247176799e-19
2.084933094528020710e-19
2.051653423402854544e-19
2.001074597991000261e-19
1.975769947675015983e-19
1.953571745479147758e-19
1.928568255638448545e-19
1.892002285743672931e-19
1.872986533115631484e-19
1.837411634340492959e-19
1.807723961778681834e-19
1.759920494362094916e-19
1.728985908581241999e-19
1.693858620570108563e-19
1.670529884279455563e-19
1.642952208068107152e-19
1.631820381122920693e-19
1.615284887294850191e-19
1.581650372284682010e-19
1.558792553249398289e-19
1.527975738402788296e-19
1.508286762410712317e-19
1.482430009418619170e-19
1.463245854363685910e-19
1.405211208426227269e-19
1.387724403331315249e-19
1.376261789589190255e-19
1.349328665612063845e-19
1.312550939576159629e-19
1.276965868741081593e-19
1.265911917329636352e-19
1.228930479542869152e-19
1.202902967488060321e-19
1.155356111092488817e-19
1.146620430365573142e-19
1.140252006259613590e-19
1.100392714922960896e-19
1.072639029534632905e-19
1.059696769358533519e-19
1.044214466502043339e-19
1.003419231717038037e-19
9.866899974608392139e-20
9.751059363552607337e-20
9.600888170850943958e-20
9.405220470256767625e-20
9.037085267497939756e-20
8.800815642760207219e-20
8.685126446832589915e-20
8.470751633736655228e-20
8.296400137139139809e-20
7.892852544882994851e-20
7.652744066377786838e-20
7.394389614875944153e-20
7.192942017990307552e-20
6.994823834925102178e-20
6.675831688868608987e-20
6.475238031969077576e-20
6.387359125512574866e-20
6.116258071860519276e-20
5.828823483568882197e-20
5.607186007115827786e-20
5.387332432413175334e-20
5.153494526471892691e-20
5.045930591525346399e-20
5.005559056122582224e-20
4.813422175330174363e-20
4.661717175970773768e-20
4.428251183784182154e-20
4.234181574208042822e-20
4.040798021481403342e-20
3.746820194810408997e-20
3.633660355286394273e-20
3.297814071805276257e-20
3.236068811914449502e-20
3.119234634432414903e-20
3.038728100361423761e-20
2.796710042072920001e-20
2.554343011287270718e-20
2.330782841792796240e-20
2.224976127273345398e-20
2.022882574098739290e-20
1.864160390420335467e-20
1.799067090491576416e-20
1.685207193371072902e-20
1.423959775915635428e-20
1.278405809764843079e-20
1.192216960245834112e-20
1.009808583288436845e-20
9.248014775807462895e-21
8.206602107525393898e-21
6.794479611245263537e-21
4.737175422059362975e-21
3.454819677134251297e-21
2.937832635019875979e-21
9.397368183374212299e-22
-9.580425083565904571e-22
-1.614266081828059098e-21
-3.042026271119563122e-21
-3.686621466593407321e-21
-5.519905026956790755e-21
-7.006476810424430715e-21
-7.491216580048151332e-21
-8.714007868813834986e-21
-9.856476465319389524e-21
-1.075647568813381597e-20
-1.181024527057483244e-20
-1.203437839459177910e-20
-1.562448624283839940e-20
-1.633835615375312413e-20
-1.847369524100142307e-20
-1.969763386478904736e-20
-2.226333476904667446e-20
-2.331336675868507899e-20
-2.447299249589964266e-20
-2.798554878733795141e-20
-2.823182488645351810e-20
-3.043985587658623602e-20
-3.239039104594232379e-20
-3.421092494985617421e-20
-3.585521121772212117e-20
-3.747096628327909674e-20
-3.953360744816847767e-20
-4.045550929812727921e-20
-4.335370519452854937e-20
-4.413424791807449727e-20
-4.717958436472407531e-20
-4.821679314318050435e-20
-4.986048290532041912e-20
-5.183558540862282865e-20
-5.409857779252213808e-20
-5.571801265815764244e-20
-5.799793427665205681e-20
-6.023063413170138900e-20
-6.221996891078564350e-20
-6.336226481074998470e-20
-6.638891960305759526e-20
-6.753001747165874985e-20
-7.047539516770649394e-20
-7.242014084367180510e-20
-7.515643563233100332e-20
-7.792882922558989963e-20
-7.945722263084941176e-20
-8.055140331587850808e-20
-8.108341660365252485e-20
-8.687400818449330661e-20
-9.080787833418147570e-20
-9.151774283130254340e-20
-9.315190360123255174e-20
-9.433089358817576237e-20
-9.692724274768575022e-20
-1.001795008846558875e-19
-1.017998336822842846e-19
-1.028570948033947251e-19
-1.057461607819541958e-19
-1.090892966756126013e-19
-1.160226002107148123e-19
-1.170917383329421587e-19
-1.185586201947951248e-19
-1.192324030992531738e-19
-1.213645997322660897e-19
-1.258478774521420002e-19
-1.311785992274613531e-19
-1.321291302908694007e-19
-1.337037243207833224e-19
-1.369566996726681374e-19
-1.418519972053486609e-19
-1.426502002798978557e-19
-1.445795960746640370e-19
-1.469982462565026846e-19
-1.498731109073280031e-19
-1.540507392997237329e-19
-1.585411683713494166e-19
-1.615583440904975668e-19
-1.639844951897180580e-19
-1.659094173857225576e-19
-1.716708173938113081e-19
-1.734776461506098823e-19
-1.759931540293044670e-19
-1.776205323935054383e-19
-1.802325912721255094e-19
-1.812958805861599399e-19
-1.844481258676496490e-19
-1.865815570348069943e-19
-1.918173573665907447e-19
-1.931587873092726623e-19
-1.966487165293335166e-19
-1.998342497748428518e-19
-2.019583870839318159e-19
-2.033512259197240358e-19
-2.075352217831102107e-19
-2.097039439300238796e-19
-2.126795241256240090e-19
-2.176102984592364673e-19
-2.201821881209548386e-19
-2.237179365691385642e-19
-2.287305067837637309e-19
-2.338719632381040303e-19
-2.355643751406614325e-19
-2.390151878715998915e-19
-2.398888224860405949e-19
-2.426245634661991971e-19
-2.469591413469292106e-19
-2.524696532483433181e-19
-2.547960452483198112e-19
-2.575243780129970946e-19
-2.604606522879054919e-19
-2.652872605872971629e-19
-2.707232994919456124e-19
-2.763105360793106817e-19
-2.785491301119267070e-19
-2.815325426366195775e-19
-2.856603767249241392e-19
-2.879553030167425085e-19
-2.901996185088137398e-19
-2.947830721116729472e-19
-2.978941883180417451e-19
-3.010409219499654805e-19
-3.061162294951815971e-19
-3.092315782186423977e-19
-3.126406735416076493e-19
-3.164721119885236001e-19
-3.188110685074818063e-19
-3.252706172903017089e-19
-3.268639852878731746e-19
-3.288450443113074766e-19
-3.317804845384773222e-19
-3.396326496688887073e-19
-3.422578000049105286e-19
-3.461827093654277485e-19
-3.480201658791617188e-19
-3.566049457081893357e-19
-3.590273183494184705e-19
-3.603697846503452524e-19
-3.675181890308700486e-19
-3.759309199682957067e-19
-3.785129404480949598e-19
-3.819683052677418386e-19
-3.863661193125285239e-19
-3.890832503254618956e-19
-3.948514426656403029e-19
-4.004637770580564825e-19
-4.048970494206700116e-19
-4.079721106683268905e-19
-4.136636759366151860e-19
-4.157829360074819413e-19
-4.192504917497644746e-19
-4.256206759004287565e-19
-4.282665455491432187e-19
-4.332691658247710939e-19
-4.413478850039377809e-19
-4.440697673826411871e-19
-4.455513715460121168e-19
-4.500037451259108198e-19
-4.606780149232358605e-19
-4.655233510370357469e-19
-4.720018737459900559e-19
-4.722699846696948936e-19
-4.774682267053699919e-19
-4.789775015984235543e-19
-4.886973416595240363e-19
-4.978922125106395426e-19
-4.983677103716384198e-19
-5.001048864512048262e-19
-5.068666966592707644e-19
-5.099895238765394974e-19
-5.173109570155374787e-19
-5.234644924654081146e-19
-5.248846492250619288e-19
-5.314119816270580402e-19
-5.359358897484638347e-19
-5.396587042418782318e-19
-5.462270925385939595e-19
-5.538990733699801631e-19
-5.646632326054781790e-19
-5.668478127467277081e-19
-5.733695522539078643e-19
-5.766131762601526591e-19
-5.850146550883194898e-19
-5.874195523437158403e-19
-5.900668249578855184e-19
-5.969160677864107004e-19
-6.081246193589586846e-19
-6.106438108529927044e-19
-6.199008858658502532e-19
-6.238025944771306521e-19
-6.286697971690512352e-19
-6.296668891894851192e-19
-6.441212390195602459e-19
-6.488324157714109068e-19
-6.511235703340154873e-19
-6.553757034732084586e-19
-6.574581339216659298e-19
-6.631571744978090621e-19
-6.676008682944868925e-19
-6.768243472436248250e-19
-6.837677843257333838e-19
-6.865018788065404615e-19
-6.938357304812708537e-19
-7.061618673664817881e-19
-7.106960831788515585e-19
-7.175533337190387107e-19
-7.243517869712188847e-19
-7.317791175325855781e-19
-7.404916436179439474e-19
-7.494244773246033238e-19
-7.555458785966191746e-19
-7.607131973123302814e-19
-7.708750915261937442e-19
-7.791081479376761275e-19
-7.887639549820738975e-19
-7.957568797926516271e-19
-8.061768830878211951e-19
-8.114861741333958749e-19
-8.191807869162801597e-19
-8.226001363566194466e-19
-8.255720917898026192e-19
-8.357600119920772363e-19
-8.474705537148307312e-19
-8.545865327782491383e-19
-8.631201873950447340e-19
-8.698691420688061803e-19
-8.793655417283887917e-19
-9.026916908461127404e-19
-9.095676824728475633e-19
-9.161580705109442631e-19
-9.177273927932161453e-19
-9.301138880273502257e-19
-9.368317531650998478e-19
-9.516716619558221919e-19
-9.597670263663904090e-19
-9.626843446836555690e-19
-9.765065931785008689e-19
-9.871441144799417888e-19
-9.941546998724810968e-19
-9.975153359520458756e-19
-1.005353808633097034e-18
-1.024576012127050545e-18
-1.030182868316932957e-18
-1.039121347835886619e-18
-1.042156932489279618e-18
-1.058374659688968614e-18
-1.067534439759162570e-18
-1.074534999789401293e-18
-1.083658259738557618e-18
-1.088029832285506544e-18
-1.105725416402055126e-18
-1.128280815942854793e-18
-1.131427764134365326e-18
-1.144326096105247915e-18
-1.150926855706447268e-18
-1.167514547049070314e-18
-1.176512892592813768e-18
-1.187375593485218585e-18
-1.204155634405761917e-18
-1.213402977669578491e-18
-1.240569103014883778e-18
-1.261371026030482005e-18
-1.274567768790800894e-18
-1.283991020949448597e-18
-1.290530220520191179e-18
-1.306404790639376541e-18
-1.319266308267273945e-18
-1.325684866364171219e-18
-1.350523932942565105e-18
-1.361837272880884809e-18
-1.364406054661788551e-18
-1.392900681063169912e-18
-1.398564892258889959e-18
-1.406049513623612595e-18
-1.411864645780480870e-18
-1.440186785769870617e-18
-1.463234747197784667e-18
-1.471323612488476960e-18
-1.482712003708552146e-18
-1.489530727807210982e-18
-1.526641199451680139e-18
-1.531721159973848553e-18
-1.541817691475725193e-18
-1.570377208573300121e-18
-1.577108199340381775e-18
-1.614163260820019334e-18
-1.628365651482321325e-18
-1.644886629589094882e-18
-1.688082414724553079e-18
-1.698952551392003680e-18
-1.708677632706808343e-18
-1.741031887442202182e-18
-1.777465516606463323e-18
-1.804094761453321796e-18
-1.817377383540418205e-18
-1.848127214340204526e-18
-1.858315009824888134e-18
-1.885560022337035724e-18
-1.895709789719484107e-18
-1.920850757143370932e-18
-1.983398568971021966e-18
-2.001744960177091918e-18
-2.038602932912881390e-18
-2.066642978429353555e-18
-2.095743455276480746e-18
-2.121990699101284849e-18
-2.145578144291828456e-18
-2.181692942300680825e-18
-2.258099781571905234e-18
-2.298448722924447268e-18
-2.340449137484280399e-18
-2.379741329854207767e-18
-2.397512500735690038e-18
-2.444690322408126086e-18
-2.528289293291378879e-18
-2.565529956284387332e-18
-2.610535922131796815e-18
-2.698765629924438650e-18
-2.748943559595351055e-18
-2.869934312839207052e-18
-3.014820328901177551e-18
-3.071663417043731273e-18
-3.584442890644786957e-18
-3.901161383664351170e-18
-7.602019253329332287e-18
