1.840626044633764951e-05
1.199975935902416874e-05
8.156020159566586578e-06
7.894772769762161091e-06
6.789624286399604286e-06
6.507913302172663597e-06
5.066772544455861126e-06
4.680184883954763682e-06
3.316288943727852588e-06
1.761734993374226349e-06
1.591729572985996599e-06
1.284709605744859986e-06
1.166833695332719131e-06
8.143292285891083631e-07
6.581800610080100641e-07
6.110699620965941017e-07
4.478003299418302297e-07
3.881250489284246129e-07
3.580344414340680160e-07
2.992964458032173705e-07
2.428519585904070472e-07
2.403144051865521812e-07
2.071519879573024824e-07
1.995905182190523573e-07
1.575782061757194890e-07
1.451688286262572300e-07
1.355714469684237205e-07
1.136136000759842344e-07
1.071148265607788715e-07
8.848249228298962717e-08
8.039176077707239241e-08
7.758891659561086455e-08
6.572627182688321738e-08
6.014652471831519644e-08
5.734956280792760002e-08
5.473031866916419741e-08
4.750103523302451854e-08
4.658515169686072414e-08
4.611079247334187812e-08
4.316218522887854851e-08
4.047308593586444744e-08
3.687536547436226486e-08
3.419685307985302646e-08
3.297014484794985017e-08
2.975335178083170871e-08
2.704751549991936426e-08
2.434584266844319487e-08
2.112738348544089596e-08
1.756431562938769792e-08
1.555274518701043729e-08
1.507710983425941077e-08
1.338158840165274141e-08
1.270936129422637946e-08
1.130246397532441972e-08
8.824230354033511282e-09
8.429193821210956831e-09
5.800610169872559202e-09
4.964771366487779241e-09
4.628967842229531633e-09
3.655411997703697517e-09
1.180459218925059061e-09
-3.743754787976570370e-24
-1.921934731760449736e-21
-4.590914529651719157e-10
-2.216019273962990282e-09
-5.200576113314050409e-09
-6.503880781923449947e-09
-7.246735225179720567e-09
-1.098181022236969616e-08
-1.375059603624036961e-08
-1.745779322713180548e-08
-2.234643130008101132e-08
-2.600644101183361245e-08
-3.272850507019301069e-08
-3.320647454398923376e-08
-4.421576682149979603e-08
-4.718188056566865306e-08
-5.809045478028868182e-08
-6.078902140367624818e-08
-6.395392156177242995e-08
-7.114566118604735414e-08
-7.934685617325599303e-08
-8.445424602452643661e-08
-9.357466232107442361e-08
-9.846483896764639890e-08
-1.048650975272765679e-07
-1.070519868289450485e-07
-1.146430365679939846e-07
-1.231124278457883230e-07
-1.287050645279290411e-07
-1.308566812255270478e-07
-1.344788638280590671e-07
-1.426342608215584268e-07
-1.446555817259811763e-07
-1.502281747607837474e-07
-1.549769113168837276e-07
-1.621389639092809138e-07
-1.698226712629011820e-07
-1.754957939874020715e-07
-1.787787685772177962e-07
-1.841174470496077688e-07
-1.908239728606995257e-07
-1.923309215349716709e-07
-1.984980592942972141e-07
-2.012129706203458476e-07
-2.138145147296006135e-07
-2.164593068668927112e-07
-2.293348387663275188e-07
-2.357508464050355399e-07
-2.404156220769287289e-07
-2.434721040516647793e-07
-2.531494115267149391e-07
-2.592668546706907871e-07
-2.626121581781470563e-07
-2.677534771017444449e-07
-2.701270333529595106e-07
-2.729301179225596429e-07
-2.824475843337834067e-07
-2.915164786128642715e-07
-3.002600970802555755e-07
-3.086528177842086747e-07
-3.106633375010473436e-07
-3.142743227901873774e-07
-3.299120098036910681e-07
-3.349799444172074624e-07
-3.385079156741222740e-07
-3.508807700984979310e-07
-3.569139202379353301e-07
-3.652839037763802575e-07
-3.697244272200323421e-07
-3.739188414207901197e-07
-3.830306963402412164e-07
-3.898535838825203331e-07
-3.976162409861627696e-07
-4.045133586650652485e-07
-4.151475361381670255e-07
-4.198786498426025360e-07
-4.239852709364116731e-07
-4.358356016958879590e-07
-4.421462606987398295e-07
-4.470141144589169170e-07
-4.498490512092862969e-07
-4.603382294193283053e-07
-4.643945249132324276e-07
-4.751614860646086209e-07
-4.794873616296174006e-07
-4.920670212417694926e-07
-4.991749442822424723e-07
-5.114759187619917796e-07
-5.165668019409274117e-07
-5.232433077820361892e-07
-5.309017441976242705e-07
-5.456572624053246390e-07
-5.529391806529600868e-07
-5.575592816852242005e-07
-5.649357393650930411e-07
-5.754345701620413924e-07
-5.826225072992481114e-07
-5.982486059503806768e-07
-6.028766251195783895e-07
-6.084761357106472112e-07
-6.178301271924222265e-07
-6.247146778254650653e-07
-6.488212554254666169e-07
-6.526025547627456059e-07
-6.578399111625067793e-07
-6.803581019862945133e-07
-6.820203123325827044e-07
-6.962810975081040896e-07
-7.116984974444902280e-07
-7.236338011769588933e-07
-7.379701939503301457e-07
-7.471893380054100953e-07
-7.636273014070677483e-07
-7.759700519401271149e-07
-7.821525602051868175e-07
-7.888216819272058352e-07
-7.990979243969535092e-07
-8.061114871551835869e-07
-8.136677210415866154e-07
-8.317088580395256948e-07
-8.364847181411601567e-07
-8.599472619343046954e-07
-8.686172151684257394e-07
-8.892287559003531545e-07
-9.039919314090063761e-07
-9.120958657667425389e-07
-9.209948520063118928e-07
-9.289977221677882427e-07
-9.441616028186786714e-07
-9.522700318019433683e-07
-9.650336047010186586e-07
-9.835001814816581985e-07
-9.971551281060354213e-07
-1.026106242493162905e-06
-1.031690124936378163e-06
-1.045998423786992624e-06
-1.057498966065297023e-06
-1.066898513221629887e-06
-1.080766130961224900e-06
-1.092531436180419948e-06
-1.103525653739205113e-06
-1.105633647974444519e-06
-1.116037833681758298e-06
-1.125090251724111032e-06
-1.169364426847242057e-06
-1.187741720708650434e-06
-1.195322641781252882e-06
-1.206412848643432083e-06
-1.219577451220156553e-06
-1.230875511324354687e-06
-1.243058735454280001e-06
-1.246852618058103435e-06
-1.261344023710941672e-06
-1.284976534233932272e-06
-1.314589808171932190e-06
-1.321614723478468709e-06
-1.330685483871888903e-06
-1.359873204182325419e-06
-1.366912832326177094e-06
-1.385710097750749461e-06
-1.397362211435627550e-06
-1.409292076070515548e-06
-1.433312955433962918e-06
-1.460973076476701699e-06
-1.476385206075628899e-06
-1.501519888990047345e-06
-1.529068048547117248e-06
-1.536222094666198507e-06
-1.544274390631568134e-06
-1.573800641473829774e-06
-1.590873127430176394e-06
-1.606557996676072149e-06
-1.631004235465514422e-06
-1.654947520578607395e-06
-1.667321168531483984e-06
-1.676564622916348998e-06
-1.687301898138875741e-06
-1.744856021819995908e-06
-1.749646293815020449e-06
-1.750521389450419713e-06
-1.768062027000146390e-06
-1.788016924968472754e-06
-1.812470779397877630e-06
-1.841376293685995190e-06
-1.860580376840705389e-06
-1.881844201047642282e-06
-1.905060097985116862e-06
-1.922897556225161972e-06
-1.943614131527805316e-06
-1.961433671793970817e-06
-1.983537356545809532e-06
-1.990424469818132359e-06
-2.035973951309040948e-06
-2.040437146661001903e-06
-2.051442661009221670e-06
-2.061570306493619410e-06
-2.088061134948726673e-06
-2.102618645691287913e-06
-2.126431038189143963e-06
-2.179720065016780898e-06
-2.197460323248252961e-06
-2.215308086568304574e-06
-2.224903701869186091e-06
-2.241862932193100517e-06
-2.261674688669242810e-06
-2.295999008665899525e-06
-2.319262494559925701e-06
-2.326028696769924321e-06
-2.340508236115831007e-06
-2.387485105728860923e-06
-2.392518056807464043e-06
-2.432855672386414060e-06
-2.449945340574497742e-06
-2.479406432605246511e-06
-2.506050218841723395e-06
-2.508670287629053372e-06
-2.529452576014012475e-06
-2.543542569531489907e-06
-2.565921107535235337e-06
-2.578780077386428529e-06
-2.600573983810776862e-06
-2.626932317011013988e-06
-2.682331417055587030e-06
-2.708958801055209790e-06
-2.711513132232423714e-06
-2.790185661493309403e-06
-2.791992625853174725e-06
-2.817504477385128263e-06
-2.829398790334279881e-06
-2.863812997246650950e-06
-2.934195217761259549e-06
-2.958805029194910199e-06
-2.963968905660003079e-06
-2.993597731668938705e-06
-3.011305184515064678e-06
-3.075606032800094725e-06
-3.097328532252959326e-06
-3.151633870495783493e-06
-3.158856475480126361e-06
-3.181344985601240035e-06
-3.216682796012480931e-06
-3.230755683664308369e-06
-3.329967645647630102e-06
-3.360335995332450330e-06
-3.366858907424698528e-06
-3.374930208490686153e-06
-3.418449078220781366e-06
-3.498251845120430877e-06
-3.514525696922704770e-06
-3.576053879040993045e-06
-3.627564678666064135e-06
-3.682852634329042494e-06
-3.720007164708991676e-06
-3.728688953628221923e-06
-3.765128678768951983e-06
-3.778411744886036634e-06
-3.811725094418240349e-06
-3.826474403353336534e-06
-3.871278633361203216e-06
-3.922056152181597379e-06
-3.952128853947402310e-06
-4.025101508748054370e-06
-4.045367493578484517e-06
-4.081451583007392937e-06
-4.094251249431434110e-06
-4.128148265142982950e-06
-4.183681197045250770e-06
-4.231878795910841987e-06
-4.270792630404903342e-06
-4.295853418189687980e-06
-4.389393949423512057e-06
-4.429191306216816186e-06
-4.464122525598006566e-06
-4.493586663454949083e-06
-4.539045832925145795e-06
-4.558939057193798808e-06
-4.592104740493424096e-06
-4.653261113866938069e-06
-4.755783032955705289e-06
-4.766078900966228376e-06
-4.802291346370527266e-06
-4.829173830964346594e-06
-4.892410111422380488e-06
-5.063890417158310657e-06
-5.146778214521651554e-06
-5.191437214557742889e-06
-5.212906283935672954e-06
-5.252456103099959003e-06
-5.314719692133443246e-06
-5.391414038240602307e-06
-5.411407500002133754e-06
-5.440926921973765598e-06
-5.457832758575905432e-06
-5.537538351007175025e-06
-5.612815445273619472e-06
-5.663742103611205029e-06
-5.771915388228431317e-06
-5.806386123538093522e-06
-5.897715506972212992e-06
-5.934342312505611167e-06
-5.999307587388013074e-06
-6.029126630701421890e-06
-6.140405469307566920e-06
-6.183327338654236826e-06
-6.189537865485747368e-06
-6.228696353465005817e-06
-6.269589804709058841e-06
-6.289333951046262494e-06
-6.377114033486714321e-06
-6.453043793599202780e-06
-6.514241389436561979e-06
-6.525601575937924807e-06
-6.580914755576551837e-06
-6.621297253987342809e-06
-6.622922602985474743e-06
-6.740711219343106618e-06
-6.767363986317017549e-06
-6.810110494056046031e-06
-6.904734739498428128e-06
-6.984073537805276561e-06
-7.099690707309650085e-06
-7.322196694109692500e-06
-7.391541686450381923e-06
-7.441578823347373274e-06
-7.500971623401478295e-06
-7.571406205723366565e-06
-7.623660212860480909e-06
-7.670284364219889429e-06
-7.689450990167073135e-06
-7.837221899514204939e-06
-7.915328383123122581e-06
-8.027459607289870260e-06
-8.105162671379631412e-06
-8.158711745803882609e-06
-8.283007365615568989e-06
-8.349889215788213959e-06
-8.422651229126734614e-06
-8.499076074348222763e-06
-8.571227702275240919e-06
-8.651638675932868828e-06
-8.692053400102349228e-06
-8.916061810144729365e-06
-8.943195940260971989e-06
-9.061011196929522629e-06
-9.176860700719903808e-06
-9.241302444276554469e-06
-9.306851739018216446e-06
-9.392284039359426645e-06
-9.424822005144515731e-06
-9.554831559772911006e-06
-9.610334617408737253e-06
-9.657894105713208096e-06
-9.728144274971629339e-06
-9.754019068214965363e-06
-9.907015606684971235e-06
-9.942221183054297931e-06
-1.000369273849589730e-05
-1.005150833142772800e-05
-1.027346161962492543e-05
-1.032944457545882437e-05
-1.043569137814644241e-05
-1.049802035912213025e-05
-1.065441036043851436e-05
-1.074748139931101608e-05
-1.076832036168045582e-05
-1.090863144583713418e-05
-1.094787618046712366e-05
-1.111030896896423910e-05
-1.121966425699551725e-05
-1.122764597928767770e-05
-1.135883251121977231e-05
-1.165581967747145386e-05
-1.184492812973167527e-05
-1.186422221506327046e-05
-1.197984183720084516e-05
-1.214446771784571500e-05
-1.228159756534265005e-05
-1.230528040372351681e-05
-1.239152974940078813e-05
-1.249868504637276865e-05
-1.270782228645161030e-05
-1.276990194745102121e-05
-1.284683349805282748e-05
-1.310132328344895637e-05
-1.322229395208113612e-05
-1.335326335102151744e-05
-1.344625935700626399e-05
-1.362404374427828568e-05
-1.371162847000423969e-05
-1.377565736431635327e-05
-1.383186228357984419e-05
-1.396570341153366522e-05
-1.402187107620416211e-05
-1.415330757687534421e-05
-1.424447185349716685e-05
-1.430412264998614908e-05
-1.440293704690038047e-05
-1.443795847856623393e-05
-1.456291042939432134e-05
-1.479532034900746114e-05
-1.486460762824372112e-05
-1.495654847283110401e-05
-1.520417020673731738e-05
-1.536987178319901699e-05
-1.550765839463984894e-05
-1.558971641854423566e-05
-1.586441433754927536e-05
-1.596389675304570434e-05
-1.615709055657929251e-05
-1.623909241674783999e-05
-1.635230026662673665e-05
-1.653343015985514307e-05
-1.668369985630075973e-05
-1.717644912820818535e-05
-1.722498288871692870e-05
-1.733968271995228597e-05
-1.761655435192017777e-05
-1.765607445759999602e-05
-1.772815455875297974e-05
-1.801653375885298511e-05
-1.821797466776869638e-05
-1.843013693921552944e-05
-1.849038706735795339e-05
-1.869546688033104346e-05
-1.886184610386529628e-05
-1.905280367047055550e-05
-1.923566673747626572e-05
-1.943004265701152086e-05
-1.976531759919170165e-05
-1.981217543936769718e-05
-1.983808117562862281e-05
-2.002482251108483557e-05
-2.022375553435464262e-05
-2.033526963711542159e-05
-2.049894365096614028e-05
-2.060009459518090031e-05
-2.087833920647352338e-05
-2.102299453916825709e-05
-2.120395871021145512e-05
-2.129420311366194009e-05
-2.160696047631015230e-05
-2.176526269559906119e-05
-2.214206169008650651e-05
-2.222892511095888844e-05
-2.250456765657378526e-05
-2.286714118357130338e-05
-2.294098051707577364e-05
-2.325666396139457130e-05
-2.340188670275636376e-05
-2.364636742160031657e-05
-2.381018869138186285e-05
-2.404592961896368728e-05
-2.429874095704300237e-05
-2.441576463727912152e-05
-2.500922936321907161e-05
-2.519321016036599537e-05
-2.544976822654088685e-05
-2.567623371048852583e-05
-2.612588818147526450e-05
-2.619032801763251093e-05
-2.656480643019572474e-05
-2.682551329469005509e-05
-2.704034950583471329e-05
-2.711218792010570931e-05
-2.745120378824206131e-05
-2.758796206605925949e-05
-2.779990133886605814e-05
-2.789573020658659243e-05
-2.815987333295625846e-05
-2.833219957855176015e-05
-2.856129472032248740e-05
-2.898298411641902692e-05
-2.908878250877208041e-05
-2.954023788367724941e-05
-2.992067903674526053e-05
-3.000297453026937031e-05
-3.027550787085958855e-05
-3.072925104698849205e-05
-3.096829570077925728e-05
-3.135769539370242428e-05
-3.149118273413740608e-05
-3.154404144111062224e-05
-3.186368148705768616e-05
-3.195221659975766950e-05
-3.251870426419691679e-05
-3.325828295541867041e-05
-3.358213480469551435e-05
-3.382509268803818222e-05
-3.393780893955656593e-05
-3.420939014106391576e-05
-3.460773440267235181e-05
-3.461636882542225882e-05
-3.501306049273053339e-05
-3.542575011553612623e-05
-3.593949200899636590e-05
-3.608086848609396119e-05
-3.656744337564987865e-05
-3.683462126709546722e-05
-3.723200947589456848e-05
-3.763325138594587692e-05
-3.803485761862922525e-05
-3.814134017357103334e-05
-3.855372890043142192e-05
-3.873583095455927853e-05
-3.879494304286137263e-05
-3.937411043801557063e-05
-3.963407352233389193e-05
-4.066488735943024071e-05
-4.103544426879977722e-05
-4.142913904476083216e-05
-4.234060934969252811e-05
-4.267016879495386778e-05
-4.325089230698315221e-05
-4.344721734988857465e-05
-4.353865713662698981e-05
-4.390718890634043834e-05
-4.419805405321752193e-05
-4.526066231834166098e-05
-4.546606996846284195e-05
-4.579549946870268911e-05
-4.615082497277607688e-05
-4.640959916235508175e-05
-4.731928927493610280e-05
-4.794772257369601340e-05
-4.809814349932072886e-05
-4.844534957759012944e-05
-4.930020834034401945e-05
-4.947565008381489391e-05
-4.981570522633466260e-05
-5.038289610538976792e-05
-5.159184242709678481e-05
-5.188292204180021308e-05
-5.259722967094077875e-05
-5.281254483387758027e-05
-5.327811028365147421e-05
-5.389061725769251694e-05
-5.402335344732555326e-05
-5.518557961356340425e-05
-5.597256634850459825e-05
-5.654389787863877309e-05
-5.690953973713162297e-05
-5.703721356534505833e-05
-5.822438157287449027e-05
-5.887247685324238677e-05
-5.947560346556063289e-05
-6.018537382666269350e-05
-6.112495719307636691e-05
-6.163555921941787214e-05
-6.296799458498892016e-05
-6.303859480647389275e-05
-6.430214193752214211e-05
-6.502174753158989164e-05
-6.581384134535368487e-05
-6.611941325465009955e-05
-6.655831686196576522e-05
-6.807678540305044741e-05
-6.865120145801787419e-05
-6.946002122656559229e-05
-7.018609041161056640e-05
-7.133824482251428551e-05
-7.173370339263133034e-05
-7.346903826362627366e-05
-7.369349845798216594e-05
-7.484415172467362724e-05
-7.592388239159926662e-05
-7.637414258606221753e-05
-7.698780439190799517e-05
-7.748104470257223639e-05
-7.779119115739803079e-05
-7.904710548898688017e-05
-8.016230404912601444e-05
-8.092187391031660970e-05
-8.126774268750705413e-05
-8.207999731702528105e-05
-8.348246668806843704e-05
-8.456042372456016264e-05
-8.510727839158729966e-05
-8.573058351633729395e-05
-8.719607593197824453e-05
-8.866870869278351995e-05
-9.055302691485833427e-05
-9.119365248370461829e-05
-9.232302396198481152e-05
-9.352342709624410536e-05
-9.677758721131337271e-05
-9.766149392123938365e-05
-9.865952840396978181e-05
-1.005404325930117420e-04
-1.021932938110423110e-04
-1.025245184919465306e-04
-1.044146175074298945e-04
-1.067637450503925367e-04
-1.085792828280420516e-04
-1.115622750828481561e-04
-1.178652117836972253e-04
-1.182185226968890661e-04
-1.208164644520200599e-04
-1.231031849860157940e-04
-1.235177277926966498e-04
-1.263135541754874767e-04
-1.312716288569466296e-04
-1.340639321288140972e-04
-1.383692466531471284e-04
-1.427653067355056672e-04
-1.443405120426211844e-04
-1.510773268670507639e-04
-1.520296891746602424e-04
-1.526237892986612664e-04
-1.593039819762095911e-04
-1.603845075909797338e-04
-1.623635878953521682e-04
-1.681076018989688121e-04
-1.695017590259376855e-04
-1.732622667559638170e-04
-1.822659305093443584e-04
