-5.579898443086574395e-04
-3.237900955895423190e-04
-2.956523089390665298e-04
-2.617628014638219772e-04
-2.274620823595595190e-04
-1.835200762160156811e-04
-1.625580635654158817e-04
-1.362158033357635479e-04
-7.179989513002501547e-05
-6.320807321236081094e-05
-4.535259182112309588e-05
-2.967909827412764748e-05
-2.483463802712156975e-05
-2.239504343230067201e-05
-1.873581245119256426e-05
-1.569894628435311652e-05
-1.480739541704371674e-05
-1.109882350196748353e-05
-9.711005204337278880e-06
-7.205092775447101683e-06
-6.382264648581673144e-06
-5.550057984542139700e-06
-5.312252433673033405e-06
-4.378595141594221508e-06
-4.135678211026603513e-06
-3.268868638401589018e-06
-2.939247059457587829e-06
-2.667417437454368497e-06
-2.369450465363984587e-06
-1.814128223654132965e-06
-1.667979752311781801e-06
-1.466929844478827656e-06
-1.295458054816851274e-06
-1.086981971632140754e-06
-9.541498413930156210e-07
-8.347522799449423746e-07
-8.151280793541084106e-07
-7.724750074963086711e-07
-6.921593254850255299e-07
-6.045993034623911702e-07
-5.446125697852503700e-07
-4.704407150683794566e-07
-4.360614317913863812e-07
-4.142141121845916553e-07
-3.684118313412262958e-07
-3.657740950647904541e-07
-3.348710892697344789e-07
-2.899219154843817231e-07
-2.816263927746415437e-07
-2.664121819146762954e-07
-2.459556792334386895e-07
-2.165174171368165300e-07
-1.807906072113483501e-07
-1.637951453333502285e-07
-1.322613878246892735e-07
-1.241805697811352566e-07
-9.537597222013798425e-08
-8.743944355088689439e-08
-7.824470389683335419e-08
-6.170692731634206763e-08
-4.647721791208407793e-08
-3.103740171219812074e-08
-1.646103432706161440e-08
-3.833455570125616919e-09
-4.179229731961987520e-19
3.212720981439422653e-19
1.100731789855786948e-09
2.144413675130397387e-08
3.468610635710232530e-08
4.739293123510546993e-08
7.304968723744251095e-08
9.443026001951380874e-08
1.467391628596051727e-07
1.551673990903391811e-07
1.704810145273145653e-07
1.967245493357808421e-07
2.450005305110429295e-07
3.218613078380636372e-07
3.473253349961804034e-07
4.329102527042819462e-07
4.709060405961361314e-07
5.587638327914844596e-07
5.741964205161458562e-07
6.648269452787278252e-07
6.768132723831725005e-07
7.651096324125177395e-07
8.084713612359919021e-07
8.926844633799796288e-07
9.667927718898976154e-07
1.006530032519904069e-06
1.060831926292614998e-06
1.083926755131885015e-06
1.127215840711666338e-06
1.144048948567726665e-06
1.184249088786110745e-06
1.254802960998934096e-06
1.319623035971749289e-06
1.386706727557015794e-06
1.469643188764752213e-06
1.489986633678228842e-06
1.580960246071513915e-06
1.608980008843170134e-06
1.676691488546180197e-06
1.701124320656556231e-06
1.769997956724284312e-06
1.820594021392820000e-06
1.932371815707902972e-06
1.964175382366981716e-06
1.978978852936564298e-06
2.052713321885336828e-06
2.072855374789124476e-06
2.146960087251362216e-06
2.200043563112458294e-06
2.253483772358566097e-06
2.369061995399954767e-06
2.381116882015323668e-06
2.422439382852658318e-06
2.464312250020917086e-06
2.513007183611833312e-06
2.630233027164912110e-06
2.690527808757591332e-06
2.748840718059252019e-06
2.803162744650082610e-06
2.889428882188141027e-06
3.007281711150640395e-06
3.026141737938417021e-06
3.075981304321904930e-06
3.117254110996604537e-06
3.234616200213174710e-06
3.321877293996404685e-06
3.435318347588426713e-06
3.476780164258771471e-06
3.612560563021186545e-06
3.662924443742291768e-06
3.718293609976159779e-06
3.834704112730130953e-06
3.853839877922413773e-06
3.924319616797502551e-06
3.975923521180427762e-06
4.166697193226946957e-06
4.199189305728394148e-06
4.324160811629294096e-06
4.479996580731425837e-06
4.518026262371135491e-06
4.577697127071749279e-06
4.664707674980155277e-06
4.705587393238336229e-06
4.882575854730975383e-06
5.011272685925225634e-06
5.104463804350351029e-06
5.118965146692544321e-06
5.263320417602399582e-06
5.305782884687107456e-06
5.489649104403009129e-06
5.579426873524532636e-06
5.617952421755689262e-06
5.672055614984818534e-06
5.716592325097289822e-06
5.842918900624561384e-06
5.938311945155171343e-06
5.973420327361149435e-06
6.155336253472100874e-06
6.191557548248173767e-06
6.382650334874688086e-06
6.422873762705298350e-06
6.501267277926050643e-06
6.620902846449253518e-06
6.769490167245115831e-06
6.991024547375834302e-06
7.176753944921439979e-06
7.327381912036645993e-06
7.421228668005728914e-06
7.576097696273851136e-06
7.775426265742238038e-06
7.813385085529796681e-06
7.955044224831166728e-06
8.056604021656078846e-06
8.186506309641963948e-06
8.237897250546643213e-06
8.401070572209283521e-06
8.463622549450364145e-06
8.586423668413015336e-06
8.640970525636604190e-06
8.932881481506094252e-06
9.046988567158642156e-06
9.129862549455300562e-06
9.384960231885248726e-06
9.620939257977051732e-06
9.680541929151750033e-06
9.755085541749467412e-06
9.908700301905428061e-06
1.016877318669298633e-05
1.020491228519977685e-05
1.035785458951410145e-05
1.055617668437863681e-05
1.072682820537623348e-05
1.081942894972123500e-05
1.094113882100326558e-05
1.097318268266140726e-05
1.113533915616491317e-05
1.132671596888667559e-05
1.137646136599599955e-05
1.154928031818074039e-05
1.176660138988116412e-05
1.205805670256446833e-05
1.214129775016371686e-05
1.220279715942812586e-05
1.220906225754810688e-05
1.251668082454861715e-05
1.275379733769352490e-05
1.284334825495277257e-05
1.289853525689902407e-05
1.298713858236033725e-05
1.315790021022346377e-05
1.342023855956779632e-05
1.348797878217339503e-05
1.376520484971253857e-05
1.398892706626475936e-05
1.412776138345187330e-05
1.445637935659004935e-05
1.459603471022295221e-05
1.462928522452417494e-05
1.495056071491172261e-05
1.509909167816534642e-05
1.552751314513924345e-05
1.559459592572013395e-05
1.590469727165816271e-05
1.607709478361183224e-05
1.645120734031515309e-05
1.654391427103779790e-05
1.660302010626749807e-05
1.686207419966773724e-05
1.711455286478824093e-05
1.724458018251088997e-05
1.729173824868822593e-05
1.739063365680259093e-05
1.752932172495225610e-05
1.801448494561919123e-05
1.844399964082438784e-05
1.868161491844137797e-05
1.882503540686835877e-05
1.918620260297308682e-05
1.930954740310940072e-05
1.957335419299697761e-05
1.960202030345201761e-05
2.006382188224081363e-05
2.018853001284481112e-05
2.048755212911623286e-05
2.066645846874783771e-05
2.110992172206686300e-05
2.132787592813925338e-05
2.154261473504057286e-05
2.169058826442061549e-05
2.197944311841739065e-05
2.248753255341448380e-05
2.273354504788765637e-05
2.281375641137008687e-05
2.314639513868517082e-05
2.330620037818016734e-05
2.406369674992214154e-05
2.407764185179390616e-05
2.431493002051811477e-05
2.457037150601984262e-05
2.464887721253290013e-05
2.525687239003991427e-05
2.534635138715325882e-05
2.558897414981033044e-05
2.583467482521206805e-05
2.602791578484363883e-05
2.683692579347160713e-05
2.694278871588505332e-05
2.702006122301620154e-05
2.717485961326427215e-05
2.746505147949414178e-05
2.778577188730286022e-05
2.810379438481674488e-05
2.826288385236373578e-05
2.840505031780470865e-05
2.878388202071074643e-05
2.907958663662132368e-05
2.945659276133389410e-05
2.961612841154450572e-05
3.021096324964479883e-05
3.030359060212478687e-05
3.114626766045505517e-05
3.165518643494692215e-05
3.198200810562380400e-05
3.240749036846480419e-05
3.269715582340048358e-05
3.296216446448815775e-05
3.334879863066215810e-05
3.367016405685204145e-05
3.384150958663732892e-05
3.450330754478136747e-05
3.475893692537928886e-05
3.514680500036074186e-05
3.575651301596524748e-05
3.604655347313994579e-05
3.628929275947285072e-05
3.710710450163896623e-05
3.718306989110403254e-05
3.765272128531407342e-05
3.840297792357043967e-05
3.886039712050808547e-05
3.915854928124021592e-05
3.966688305889888810e-05
3.989248149749825503e-05
4.027222856798816852e-05
4.159690988316470234e-05
4.201500243341188068e-05
4.219566499075619136e-05
4.293783580771337615e-05
4.347175124521907269e-05
4.370034127580238220e-05
4.388163109621002887e-05
4.412020249889935354e-05
4.444901329862248508e-05
4.500533719805765721e-05
4.554659669910351955e-05
4.598789196334970299e-05
4.658854721295312059e-05
4.699599120697611651e-05
4.728233640679041700e-05
4.818574045046992722e-05
4.864806553521715146e-05
4.873833390602452722e-05
4.930042659392458562e-05
4.989188498558218613e-05
5.035742958298165356e-05
5.128085757664230509e-05
5.155321914707791832e-05
5.239529171089052579e-05
5.291456041804571190e-05
5.314975040577666330e-05
5.387903921947438543e-05
5.460642776035262345e-05
5.499699970866545263e-05
5.583857485069193972e-05
5.648792950380194708e-05
5.696661993894453608e-05
5.737532717705794638e-05
5.848670814570215438e-05
5.899648396757832276e-05
5.911936316861247974e-05
6.022508165472876868e-05
6.047434340849741630e-05
6.229478024990371904e-05
6.291038725432021030e-05
6.361632512749557317e-05
6.402893800920714999e-05
6.457794507862892356e-05
6.540327631165893444e-05
6.596281454298750591e-05
6.608375518228978710e-05
6.651248478064969460e-05
6.843931067718520391e-05
6.971734238807859277e-05
7.023518081889411292e-05
7.109441334526333861e-05
7.222431736215115803e-05
7.291587265575680840e-05
7.424317778212500022e-05
7.459778517670269903e-05
7.538785656369338922e-05
7.735980291931336846e-05
7.750811429440863107e-05
7.835156689091698980e-05
7.931607078801836174e-05
7.961104564398339197e-05
8.025219170389778181e-05
8.126877677275826583e-05
8.138793341943504614e-05
8.268163561488458136e-05
8.334035610771510516e-05
8.526214347246010650e-05
8.563147089604223250e-05
8.621012237363176586e-05
8.831422968253535577e-05
8.877306046312811452e-05
9.055133842030170456e-05
9.130517880670945018e-05
9.175835012896389222e-05
9.277718468000305729e-05
9.328871221468549419e-05
9.510330838442807477e-05
9.556998933372774015e-05
9.657518264384449581e-05
9.735389275939287533e-05
9.820195922895542527e-05
9.967124659176481794e-05
1.005596577657822820e-04
1.013749072777530978e-04
1.022023436101132307e-04
1.049309421350045599e-04
1.066466375113345839e-04
1.078376009035189104e-04
1.084354475084958915e-04
1.099393081281158964e-04
1.116848244365181692e-04
1.121484598384869878e-04
1.138752140519597541e-04
1.158080029645946747e-04
1.173958398162300640e-04
1.195610488177362602e-04
1.208486946538827613e-04
1.231374625431174113e-04
1.235304620145828193e-04
1.239932852603324489e-04
1.248986927680767326e-04
1.271489817642268774e-04
1.276984047575744990e-04
1.289175267758678120e-04
1.313147229439805014e-04
1.325253278083973253e-04
1.331395672877799569e-04
1.345693583509376741e-04
1.372787887010596037e-04
1.376637804379165218e-04
1.383617363829125590e-04
1.390125234382178355e-04
1.405499050551786277e-04
1.426724026175029683e-04
1.443608900109824545e-04
1.468056792080634236e-04
1.477282698986639574e-04
1.492892035664116249e-04
1.496600982935237655e-04
1.520627840713509858e-04
1.539139478076876017e-04
1.552375418297132219e-04
1.582292529734580103e-04
1.627856540366322063e-04
1.637723073208015279e-04
1.652883131744694646e-04
1.657841011643311816e-04
1.681901979957979804e-04
1.698694448774879667e-04
1.701618457895433820e-04
1.709985464217540134e-04
1.725517831612954803e-04
1.765684470951129606e-04
1.787320743847665983e-04
1.807372692519658712e-04
1.816644643792067742e-04
1.874593744599735087e-04
1.904463424960335541e-04
1.933243747192601048e-04
1.963788834085270581e-04
1.975034846617916529e-04
2.002550054623583077e-04
2.009578709837590545e-04
2.025524967051937344e-04
2.030148979053014399e-04
2.080935924710503168e-04
2.094485705178617582e-04
2.117699608725166424e-04
2.128215448477085905e-04
2.150358449839105093e-04
2.185648437884449887e-04
2.205026021515708986e-04
2.213486522812003348e-04
2.247197573624866776e-04
2.261915075551058712e-04
2.281097381605227449e-04
2.312301678739882228e-04
2.342098670564980853e-04
2.370489445254216456e-04
2.402427124761535090e-04
2.424515767051409719e-04
2.452847465029380967e-04
2.475015611478542719e-04
2.502519460860845829e-04
2.532126188768913581e-04
2.567885554952324223e-04
2.613928979102750978e-04
2.653048047673476034e-04
2.680220075606057090e-04
2.710312145032496090e-04
2.722339917386475648e-04
2.739016492723366381e-04
2.793091658402708697e-04
2.813679808794592851e-04
2.832519271395405312e-04
2.868509861828851437e-04
2.916652351010549774e-04
2.938789364770561332e-04
2.970645494904438559e-04
3.046192189828576770e-04
3.116436776461833729e-04
3.149317248198653255e-04
3.204611131753349555e-04
3.243854761998817243e-04
3.267716522250315304e-04
3.308039998388083284e-04
3.382104840738736802e-04
3.400676087169142718e-04
3.412815025240750603e-04
3.454682521716911686e-04
3.477232965439249726e-04
3.517536229224144475e-04
3.577760510074938266e-04
3.616318728148718172e-04
3.679318485012569927e-04
3.683178534218095167e-04
3.727453003832564729e-04
3.775094030837712698e-04
3.810022289397901082e-04
3.915816205785145783e-04
3.991925238514147027e-04
4.017682237260068972e-04
4.048705349360067233e-04
4.087895751520999972e-04
4.177285106015523816e-04
4.260164378548734337e-04
4.279379168031825038e-04
4.349313056483266357e-04
4.402057838432290302e-04
4.437415871976126288e-04
4.442635487254223306e-04
4.475164532681590252e-04
4.569537812531202620e-04
4.652247868291540535e-04
4.679569433900383464e-04
4.765981013264161768e-04
4.871010925826133801e-04
4.951277094539397600e-04
5.169097128079420869e-04
5.258676393019452158e-04
5.273496895993780168e-04
5.354856894930742212e-04
5.428764108510460802e-04
5.473563352147072653e-04
5.503768032459670180e-04
5.544052410025682729e-04
5.566951732923215278e-04
5.589435365481762279e-04
5.671502187146633400e-04
5.736404597055258601e-04
5.861896172649164617e-04
5.960542289304538539e-04
6.039922647408369188e-04
6.134637011178874525e-04
6.177238373470198820e-04
6.224251534287485654e-04
6.386172825728384612e-04
6.597765820046655374e-04
6.648316837322427574e-04
6.696546582490889125e-04
6.736408671393624660e-04
6.973194148456308928e-04
7.030652060571321912e-04
7.104398574352524575e-04
7.189263320201552329e-04
7.262581413476428167e-04
7.301783550661996962e-04
7.497691065450213512e-04
7.577666704359483979e-04
7.754205677540229125e-04
7.964613925139225588e-04
8.135580710211829996e-04
8.457397274805101596e-04
8.500716498004892274e-04
8.613642120313403901e-04
8.648993083978652159e-04
8.721575817791937541e-04
8.759360515507724505e-04
8.933326888568206975e-04
9.057276426246426782e-04
9.230776402223674288e-04
9.277752501788849191e-04
9.343662579589357385e-04
9.478168490483192613e-04
9.847289723651196647e-04
9.895822041244958702e-04
1.006949378701837939e-03
1.037100147613667167e-03
1.049840492447039328e-03
1.083799322100705139e-03
1.100948226997534949e-03
1.107201623275583420e-03
1.140920089019624700e-03
1.156505901326208277e-03
1.174112622538310124e-03
1.181021984308073180e-03
1.205635876123170363e-03
1.212018533028758538e-03
1.264415353647984231e-03
1.297488630605061512e-03
1.312772061246012196e-03
1.336697977539267170e-03
1.354535446198451912e-03
1.371545067595594325e-03
1.397475794562562466e-03
1.425952285959801707e-03
1.438349784425800365e-03
1.487882783069827131e-03
1.513029662440407803e-03
1.528864259995557423e-03
1.560528103421861398e-03
1.574685741013127091e-03
1.603103940721633657e-03
1.648028452339578504e-03
1.682282961339225677e-03
1.693341533336476879e-03
1.739728222953846638e-03
1.844544944053733452e-03
1.858434256928235368e-03
1.875839627273800849e-03
1.945981450666524120e-03
1.949234857417940893e-03
1.980519004151307799e-03
2.043098412350768684e-03
2.051604492384499333e-03
2.135789911789857075e-03
2.175316925697785408e-03
2.277920694876172346e-03
2.369626666703994206e-03
2.437593099502651395e-03
2.443285491545290917e-03
2.501359897166230070e-03
2.531452140048841889e-03
2.556630857989644883e-03
2.595317761651456945e-03
2.745954826403187304e-03
2.856631389455005238e-03
2.935687319732485038e-03
2.989298438907109050e-03
3.097072070982779743e-03
3.302183885985533404e-03
3.367892447669616589e-03
3.416076939664135226e-03
3.541403801374750238e-03
3.641446595803641238e-03
3.722223991934885123e-03
3.763311426902233702e-03
4.084871195617057610e-03
4.204141862879981657e-03
4.516461709365620324e-03
4.589281053308995849e-03
4.610107337861915101e-03
4.839086448318867528e-03
5.186324910840351896e-03
5.294013592018487376e-03
5.573146460238781290e-03
5.628176049583055035e-03
6.409480300732076780e-03
6.649545215548640330e-03
6.716012477974470270e-03
7.065764502393530842e-03
7.394715853196414182e-03
7.580631510578698246e-03
7.837951900895728796e-03
8.411520757857889746e-03
9.266393672496256104e-03
9.990774899141789678e-03
1.028160285154314062e-02
1.076621818617756396e-02
1.122762001805993441e-02
1.297823343972458014e-02
1.414783886954613934e-02
1.574064817397212088e-02
1.680773622351443980e-02
1.971816624207292645e-02
2.150535767826253220e-02
2.603192070991158097e-02
2.865200375985138201e-02
3.229213459299977440e-02
3.396315551195426552e-02
3.592729738717097276e-02
4.838685289267032757e-02
5.938275255043565931e-02
6.079461479299440307e-02
1.365055251986111995e-01
2.430625435570404058e-01
2.694855477007411793e-01
7.258521136059850054e-01
