8.712395010405418717e-05
5.436966543215295011e-05
4.196600450196334107e-05
3.886019604858374321e-05
3.616765143441093885e-05
3.084533496544776088e-05
2.898350566243604323e-05
2.400980306660879050e-05
1.960563058463763702e-05
1.799222591292107067e-05
9.177395190833083293e-06
7.877690597743758100e-06
5.942542426684858979e-06
5.589154647137270278e-06
4.373101521803087622e-06
3.510325312190843301e-06
3.361423478190560764e-06
2.886577912006330248e-06
2.741682023640625050e-06
2.653905203003018020e-06
2.234186785915557444e-06
1.896823822661329240e-06
1.668685109901197410e-06
1.534336289941585222e-06
1.314763636822792885e-06
1.167026915680688932e-06
1.083618285124896739e-06
1.026624544954240991e-06
9.369953308579957635e-07
8.878832195514177182e-07
6.775944106387195182e-07
6.352003008677647138e-07
5.710269365827044589e-07
5.074501258295357194e-07
4.469623004947952544e-07
4.204459900860663777e-07
3.662393143944273792e-07
3.521736528359301675e-07
3.379632036468012559e-07
2.803129417087851277e-07
2.689863125261622465e-07
2.562745389810871362e-07
2.270555439505710006e-07
2.095543978700534324e-07
2.049063270623373801e-07
1.814850227258999440e-07
1.716009465899336639e-07
1.588334774538487103e-07
1.386207994938237748e-07
1.332761855810585579e-07
1.172724512338918308e-07
1.166734299206771115e-07
1.088120852081941993e-07
8.461904437658130502e-08
7.649509124746054017e-08
6.780818043308304761e-08
6.105552728842649001e-08
5.395632848195775224e-08
4.228534257610791816e-08
3.808276448067427196e-08
3.130691339517671568e-08
2.360265752013852728e-08
1.774459871321657325e-08
7.990526267014538330e-09
2.908906928368540730e-09
7.572166597140344675e-10
9.676334314492760593e-21
1.306840610506352645e-21
-7.394319001822957025e-09
-1.644967715956009084e-08
-3.188282053807005368e-08
-3.420371160223102570e-08
-5.474066893436350691e-08
-6.545784470462523469e-08
-7.675956524018123875e-08
-9.000002392094851237e-08
-1.010991228594268426e-07
-1.286267264446609997e-07
-1.376018120882375098e-07
-1.663782242357559520e-07
-2.027925433970391151e-07
-2.136875284523591457e-07
-2.764321778923758420e-07
-2.794540092804392301e-07
-3.090275341812225500e-07
-3.193952481611167130e-07
-3.572204439356535418e-07
-3.837729000156970948e-07
-4.146434166458846083e-07
-4.624697240333801814e-07
-4.775798932253085418e-07
-5.107277070718646724e-07
-5.255483984479542244e-07
-5.356118366825622895e-07
-5.606919252490654009e-07
-5.839085578825032448e-07
-6.061547573616642311e-07
-6.166460568741362475e-07
-6.521238070778437421e-07
-6.880759734491162524e-07
-7.130875768702088636e-07
-7.560778542378847320e-07
-7.738130998083663007e-07
-8.011592387724221533e-07
-8.151715126147158893e-07
-8.528817257171266890e-07
-8.562156890553874900e-07
-9.173642902734315011e-07
-9.361200913005775360e-07
-9.539092705977302353e-07
-1.013214710649869397e-06
-1.037339354447123741e-06
-1.099836440946310804e-06
-1.113811064828037321e-06
-1.129447523230992721e-06
-1.137348980587297185e-06
-1.179502552680914368e-06
-1.196295175139715602e-06
-1.207266585887347570e-06
-1.222893603766140197e-06
-1.276552187622659503e-06
-1.293345453179069747e-06
-1.309592511135869768e-06
-1.322082176560054528e-06
-1.386818066412001377e-06
-1.431766510532294623e-06
-1.456310604134003434e-06
-1.477761748874663804e-06
-1.518306237171115058e-06
-1.552752206426020130e-06
-1.578776254250306782e-06
-1.590394600507997581e-06
-1.621530083570409799e-06
-1.661963802541518448e-06
-1.696288850927533226e-06
-1.724982295358195879e-06
-1.750527953608930588e-06
-1.776943807799097097e-06
-1.794348325906715295e-06
-1.839910906449529405e-06
-1.889007115952134399e-06
-1.901715387864860615e-06
-1.924335194027760150e-06
-1.976060301355436949e-06
-2.019261623603378098e-06
-2.047176322436478133e-06
-2.059267533104736670e-06
-2.114053885451674514e-06
-2.166823678769922321e-06
-2.185543198407695038e-06
-2.205171256617483626e-06
-2.234572210603912416e-06
-2.338815205370392206e-06
-2.357761006998943125e-06
-2.374321487788056150e-06
-2.403467171757783596e-06
-2.441671642112582219e-06
-2.504141020731068230e-06
-2.547462250255490367e-06
-2.587048462714055340e-06
-2.620636854950288821e-06
-2.639205752165940295e-06
-2.669164619627064294e-06
-2.761757212981222633e-06
-2.834501644483467518e-06
-2.839402237703824918e-06
-2.890026595144732819e-06
-2.916002401507464043e-06
-2.926128996870721463e-06
-2.995075963789794348e-06
-3.068026351977802634e-06
-3.139098972766980520e-06
-3.175029489178923662e-06
-3.293680098121359414e-06
-3.309227240464089921e-06
-3.345677433298757187e-06
-3.420265454158104563e-06
-3.430565047054633386e-06
-3.515095876951841726e-06
-3.535797966666299962e-06
-3.575946459810226833e-06
-3.617963039239592367e-06
-3.719145107393088866e-06
-3.822422783580909789e-06
-3.831618756472408633e-06
-3.856567370048492277e-06
-3.918883747120564436e-06
-3.965086164471930071e-06
-4.037061669927723462e-06
-4.073806381005517602e-06
-4.099836601999254306e-06
-4.196686811094551429e-06
-4.233924556434180572e-06
-4.274015527430833322e-06
-4.378723590626591269e-06
-4.505941379137366503e-06
-4.531404508284340681e-06
-4.556733488222244783e-06
-4.628753790209200968e-06
-4.719172924061123694e-06
-4.762561916194332506e-06
-4.782586212152123858e-06
-4.796647395147786955e-06
-4.905183084278244504e-06
-4.931287418787447149e-06
-4.975694850814323307e-06
-5.135716808234769370e-06
-5.195917998345970554e-06
-5.283122647982713188e-06
-5.327465122338299591e-06
-5.377648413109905221e-06
-5.390855998188370143e-06
-5.493486171938831757e-06
-5.600062991592011732e-06
-5.639996247875621835e-06
-5.643162483407776897e-06
-5.756147890797703984e-06
-5.784971387921562696e-06
-5.815302114037189702e-06
-5.930332556187140640e-06
-6.004486566859065513e-06
-6.113442324452924182e-06
-6.126955804202946698e-06
-6.225753028862598063e-06
-6.311563290385862770e-06
-6.365040129154122121e-06
-6.459144758539588431e-06
-6.568964750588002171e-06
-6.602743097721065027e-06
-6.782389639609089389e-06
-6.829556162776803558e-06
-6.974124897513523742e-06
-7.038184811528631434e-06
-7.085414218490905221e-06
-7.167801404287922399e-06
-7.229309267329412194e-06
-7.272801924268920096e-06
-7.397829024402886950e-06
-7.534572378391126145e-06
-7.624700380852438849e-06
-7.654014490888743974e-06
-7.708010061678191867e-06
-7.765633109019849751e-06
-7.898204731426933768e-06
-8.163154051014430386e-06
-8.178985867139821887e-06
-8.226272641542916442e-06
-8.354456298315311282e-06
-8.415068200666478518e-06
-8.432989352571928400e-06
-8.553144591893026811e-06
-8.598445559659772923e-06
-8.787379113949644074e-06
-8.830517774525235689e-06
-8.898256193670846508e-06
-9.074080613676085554e-06
-9.115779079385729545e-06
-9.152059694924748767e-06
-9.214187817577403698e-06
-9.266704358061868632e-06
-9.411651427262072962e-06
-9.608980283405361568e-06
-9.676690777244941529e-06
-9.765000731903369005e-06
-9.814999803841509732e-06
-9.883820285102309642e-06
-1.004081230675826054e-05
-1.021750850613336041e-05
-1.028488692431879693e-05
-1.037689402503751037e-05
-1.040503950889187833e-05
-1.050991831112939952e-05
-1.056684768941230671e-05
-1.066673980566673707e-05
-1.074273022091279278e-05
-1.093439789099347610e-05
-1.107950538181139182e-05
-1.119581049131634951e-05
-1.127439742015734946e-05
-1.131476910479913854e-05
-1.140262658710735284e-05
-1.148245902974306060e-05
-1.152119509029244203e-05
-1.166649876460971315e-05
-1.193791275122193096e-05
-1.197850663188122913e-05
-1.200375288464097009e-05
-1.206732696466351780e-05
-1.232511220808085457e-05
-1.247286831722674203e-05
-1.260749794943364452e-05
-1.275349750415168518e-05
-1.279273687050258240e-05
-1.287665015938285215e-05
-1.300063686903739174e-05
-1.327138941442602754e-05
-1.342883661892095492e-05
-1.352670974963246269e-05
-1.379243784851411802e-05
-1.390982559285254446e-05
-1.402488059050192152e-05
-1.415093302337426611e-05
-1.426176926844091399e-05
-1.437966834404046116e-05
-1.471183415158773352e-05
-1.482768319396180406e-05
-1.492434740137637812e-05
-1.519599114630119447e-05
-1.530397396212238411e-05
-1.541801924874982148e-05
-1.546295198427563586e-05
-1.581294204424519686e-05
-1.620849019044768582e-05
-1.624212401106527306e-05
-1.629463535095799546e-05
-1.641661850713595301e-05
-1.651745603190349118e-05
-1.676364246627268573e-05
-1.683647802214674060e-05
-1.707079604354805259e-05
-1.723070677924041523e-05
-1.748308973158798621e-05
-1.751329311227694938e-05
-1.777847578571124917e-05
-1.804552359889848227e-05
-1.807769234076253326e-05
-1.816102934185794769e-05
-1.828701698051905816e-05
-1.864909809326483465e-05
-1.882603389486002152e-05
-1.892155279061045355e-05
-1.909409782094057418e-05
-1.918489300296149900e-05
-1.953684989893549393e-05
-1.974484734819352295e-05
-1.990047039827747515e-05
-2.015077771305896640e-05
-2.038844461355837455e-05
-2.062064785558594948e-05
-2.068553470619236446e-05
-2.078734522145426339e-05
-2.125395309456183825e-05
-2.154942191763800351e-05
-2.155504763995528037e-05
-2.202517495134820839e-05
-2.234566948349327783e-05
-2.278656308755922736e-05
-2.293443385323703205e-05
-2.317777597927284417e-05
-2.329978754544784677e-05
-2.351067031697463630e-05
-2.395051353860192813e-05
-2.431283257118069930e-05
-2.432920000645507285e-05
-2.444046912722840705e-05
-2.450832159192877979e-05
-2.467020546619628872e-05
-2.530417045189744960e-05
-2.578100959733226660e-05
-2.602814951209995149e-05
-2.623118112326657220e-05
-2.643892077796102549e-05
-2.663864323062587234e-05
-2.685222258006731235e-05
-2.709271145398564371e-05
-2.740909820744222387e-05
-2.752381094577162162e-05
-2.788223541906300262e-05
-2.791922890539702255e-05
-2.816253025615989927e-05
-2.838211474256615685e-05
-2.862036128539959762e-05
-2.891913808278376180e-05
-2.914610745340327340e-05
-2.923269787744676022e-05
-2.959081147202535401e-05
-2.980133223417541063e-05
-3.005266504307052628e-05
-3.021364860519199939e-05
-3.065323931261509347e-05
-3.095899505985423393e-05
-3.109542473445568825e-05
-3.166277530243089401e-05
-3.213507853931556402e-05
-3.261809795061343213e-05
-3.274696525574257843e-05
-3.295125161508000508e-05
-3.350746934562606055e-05
-3.379866445918746406e-05
-3.428910332656885510e-05
-3.455792922863491014e-05
-3.500127920152050433e-05
-3.531229202221396977e-05
-3.565306276578314334e-05
-3.578377794887252310e-05
-3.586969517717276972e-05
-3.673222340491488135e-05
-3.691168562275362543e-05
-3.754570631778362605e-05
-3.799647903888200769e-05
-3.817189314060115418e-05
-3.857424273062447982e-05
-3.886413035603891681e-05
-3.914024120459003473e-05
-3.937556394503340058e-05
-4.027920209711416139e-05
-4.061284867578386106e-05
-4.094141845655003685e-05
-4.138947777430006898e-05
-4.170319029446313357e-05
-4.184120497421696980e-05
-4.268680434749825181e-05
-4.288215501545872168e-05
-4.325885277977791681e-05
-4.358566155989618301e-05
-4.384111764002033375e-05
-4.443571197389797325e-05
-4.460083662846932258e-05
-4.471528099154935894e-05
-4.507039741013840793e-05
-4.540093551509972574e-05
-4.585044553992750525e-05
-4.633645235646933130e-05
-4.672920653321800390e-05
-4.679981808969387188e-05
-4.755031386881713030e-05
-4.796581844863614708e-05
-4.843300728200958526e-05
-4.878250501608875006e-05
-4.956479403608778496e-05
-4.988143985211216324e-05
-5.113575213309361065e-05
-5.132469880332207079e-05
-5.219030934564115079e-05
-5.269822197678105481e-05
-5.295271300728413195e-05
-5.411301739855797185e-05
-5.440796261905632756e-05
-5.459214644918135626e-05
-5.516163446494348310e-05
-5.538118009156381730e-05
-5.549414797546165114e-05
-5.707688374590716342e-05
-5.755504974980905653e-05
-5.800673261766562967e-05
-5.826405400224274426e-05
-5.856099223798839622e-05
-5.963095325863278625e-05
-5.984297280883907246e-05
-6.030522474146081277e-05
-6.086268197613030659e-05
-6.159570497713636914e-05
-6.166105388984422485e-05
-6.225660992850827480e-05
-6.243009779485299596e-05
-6.295704749676016038e-05
-6.338941300761125053e-05
-6.404425656308998570e-05
-6.476397944204244741e-05
-6.532835576351284210e-05
-6.572668056750774533e-05
-6.599999118104269476e-05
-6.687145810042734683e-05
-6.724195963181234346e-05
-6.772503982736209063e-05
-6.870337336348788192e-05
-6.923358477278751793e-05
-7.050707038681129613e-05
-7.072727359920674218e-05
-7.143179492052210814e-05
-7.230018079410141930e-05
-7.292628452660023723e-05
-7.361412418590837297e-05
-7.456788386638877654e-05
-7.516394463462442712e-05
-7.622026234395837762e-05
-7.716837730360500260e-05
-7.778310972812896458e-05
-7.893773615883038016e-05
-7.967237395957042822e-05
-7.997311242360369895e-05
-8.084501545135444557e-05
-8.094067173651053968e-05
-8.168084391836100556e-05
-8.302219810140553822e-05
-8.494778821613915279e-05
-8.507091605493099064e-05
-8.536382598047959915e-05
-8.592344170288836007e-05
-8.719763390140327763e-05
-8.786356691553709312e-05
-8.891077195152893191e-05
-8.930063082345909083e-05
-9.013241074397127580e-05
-9.045424150368080768e-05
-9.165291030953261057e-05
-9.247264085519842178e-05
-9.321767493600348808e-05
-9.382235215618898604e-05
-9.455833760517639772e-05
-9.518017913502107327e-05
-9.543462319703674890e-05
-9.647152483574755310e-05
-9.707821143307251478e-05
-9.921678430386391312e-05
-9.965132437278175284e-05
-1.011938466984157981e-04
-1.025756191178164753e-04
-1.033017473542210903e-04
-1.049365515038241622e-04
-1.056361895996330344e-04
-1.061568652908630547e-04
-1.078266294734028802e-04
-1.087584692997043269e-04
-1.090521355756046831e-04
-1.093600727660077340e-04
-1.113735461901570596e-04
-1.123352998303111470e-04
-1.127659239928217037e-04
-1.140366153656290895e-04
-1.163320767724404796e-04
-1.173182987252988281e-04
-1.176334677797042982e-04
-1.190634879193792515e-04
-1.199606062413539486e-04
-1.206499532979874275e-04
-1.223091461001242378e-04
-1.229631944401976887e-04
-1.235803999550151306e-04
-1.245545267104188514e-04
-1.254748625938970660e-04
-1.278333425274978414e-04
-1.281386940322821642e-04
-1.297310647364218524e-04
-1.299507420023954946e-04
-1.319043758873787481e-04
-1.323433083809460672e-04
-1.343643969256446585e-04
-1.356296180739398598e-04
-1.368407020651651157e-04
-1.382266702639761854e-04
-1.398501138165991688e-04
-1.405558330605483856e-04
-1.422271372153398989e-04
-1.425852719854356159e-04
-1.446995162295667485e-04
-1.457746713795519326e-04
-1.461873163835899147e-04
-1.497650530519711008e-04
-1.515183310871018622e-04
-1.523619720324537413e-04
-1.525153460137000996e-04
-1.548414370369861806e-04
-1.567722693321373312e-04
-1.572185226719951330e-04
-1.601272047260262862e-04
-1.609032599423070736e-04
-1.626872692001325184e-04
-1.629512321084800519e-04
-1.650678588119054041e-04
-1.659349490997891717e-04
-1.674959636332429519e-04
-1.693274229814597132e-04
-1.703628700418770238e-04
-1.714153391587568630e-04
-1.738401974909269620e-04
-1.751624508891552507e-04
-1.768540417048284719e-04
-1.782052160164826070e-04
-1.808883760000152554e-04
-1.812933595644980358e-04
-1.853183794060920913e-04
-1.869650625700386513e-04
-1.900881683478228105e-04
-1.916263867648136416e-04
-1.933876211361768320e-04
-1.948479805981930587e-04
-1.966463858690282996e-04
-1.981823336617528301e-04
-2.012337385447768919e-04
-2.030594362185507104e-04
-2.038532085671935601e-04
-2.060186029866181343e-04
-2.069093072564470585e-04
-2.082412572483123472e-04
-2.091365824967944358e-04
-2.121689458518850879e-04
-2.147935612303308059e-04
-2.178931426589216587e-04
-2.193148676226652218e-04
-2.205938079844762753e-04
-2.252436109995058168e-04
-2.265063718285868712e-04
-2.292112814185152524e-04
-2.316867708894461268e-04
-2.334232785452746459e-04
-2.381402234736625827e-04
-2.397248734506348690e-04
-2.420456833043922393e-04
-2.432250264663622132e-04
-2.510726979468767502e-04
-2.526600640261471601e-04
-2.547959818526642655e-04
-2.555302238917335099e-04
-2.568140873477561554e-04
-2.615052696291128033e-04
-2.683077813092852996e-04
-2.688828134246991439e-04
-2.709128236403638085e-04
-2.726693012898330493e-04
-2.789098655151976886e-04
-2.815903958313602218e-04
-2.827333581719387412e-04
-2.894498203773441278e-04
-2.907101656046507743e-04
-2.922566059194398546e-04
-2.971525350999556277e-04
-2.978381806197668408e-04
-3.029596625886303899e-04
-3.055069182811972692e-04
-3.098513962115690724e-04
-3.113135021025877709e-04
-3.183460630119808914e-04
-3.218280762891136126e-04
-3.270409488394329807e-04
-3.316178209627590706e-04
-3.338814993872937353e-04
-3.369076332383995473e-04
-3.394378901694847781e-04
-3.432093927421082306e-04
-3.454359662144699259e-04
-3.471079266416115150e-04
-3.548889411701284125e-04
-3.558305065864424588e-04
-3.566908369856324422e-04
-3.622048796992516796e-04
-3.663450119070111471e-04
-3.694405042066680215e-04
-3.772446051267632546e-04
-3.783434462905797477e-04
-3.831424481603522519e-04
-3.864885800644612436e-04
-3.981687397346916468e-04
-4.017491864567697478e-04
-4.124588994999273291e-04
-4.162006120944023780e-04
-4.312777055708206120e-04
-4.371623916838666556e-04
-4.428019112893912695e-04
-4.513664215322433300e-04
-4.566264682789547991e-04
-4.612139923201551139e-04
-4.765702547974352658e-04
-4.795634880699006460e-04
-4.857745279872707268e-04
-5.108319713189261174e-04
-5.189047374061432454e-04
-5.269409602277002431e-04
-5.409854668698866210e-04
-5.501822380995247683e-04
-5.537173238349710029e-04
-5.639173131733469981e-04
-5.817247811102075911e-04
-6.038719339277188710e-04
-6.217415387631110377e-04
-6.414281490660080033e-04
-6.577793066487966789e-04
-6.687830435472413848e-04
-6.782609223121823308e-04
-6.829472049774310168e-04
-7.025063607090393375e-04
-7.118390415714606016e-04
-7.293289715673457888e-04
-7.342353129005700033e-04
-7.585419500995527978e-04
-7.784035913950763507e-04
