-1.050522413811341427e-01
-7.020273732468886030e-02
-6.003225373435824158e-02
-4.355673968232553345e-02
-3.873674737096008402e-02
-3.446181016400839958e-02
-3.243665722178256522e-02
-2.454858032999853237e-02
-2.387142830128742219e-02
-2.036521219179686717e-02
-1.928676021501611951e-02
-1.775681320839692448e-02
-1.679145426786497058e-02
-1.410219124253493141e-02
-1.390309404849826569e-02
-1.349596542288176472e-02
-1.206469450882497255e-02
-1.128877067641291358e-02
-1.113342096407632029e-02
-1.066412912568561952e-02
-9.844006497203572348e-03
-9.156097275257953777e-03
-9.020956018007361341e-03
-8.220302571292277885e-03
-7.950406873848531869e-03
-7.614368575472262556e-03
-7.079417211907997401e-03
-6.858286159655389500e-03
-6.485673340630224507e-03
-6.271465394576253988e-03
-6.206699774028553475e-03
-5.899756088983418648e-03
-5.388149069289581081e-03
-5.308883137889041683e-03
-5.072350901215179515e-03
-4.854201334293043596e-03
-4.658782895251942224e-03
-4.342675612961460936e-03
-4.288356045150294206e-03
-4.168529200487440696e-03
-4.017628551020240371e-03
-3.987662173529000521e-03
-3.836740925883362976e-03
-3.750613987259109397e-03
-3.581983078202731138e-03
-3.507106802570012470e-03
-3.382457651921390741e-03
-3.260728842345707139e-03
-3.169380431912821768e-03
-3.098121262176534510e-03
-3.008827868049350224e-03
-2.893544690443964219e-03
-2.830048984048533136e-03
-2.716554363602560751e-03
-2.655815236613277321e-03
-2.640592019121922995e-03
-2.521073813244310412e-03
-2.362728898703187093e-03
-2.293041977314305008e-03
-2.272773412929686172e-03
-2.237979382086143724e-03
-2.209758198140347046e-03
-2.143569526765475106e-03
-2.086098361177267119e-03
-2.030920350367169600e-03
-1.991926562204137611e-03
-1.878003785691895492e-03
-1.851714851103434438e-03
-1.816506257650620740e-03
-1.737869707583983552e-03
-1.727526384986804867e-03
-1.673721804882107771e-03
-1.641862203896298942e-03
-1.571584093583903215e-03
-1.560743932301087529e-03
-1.524739691654610320e-03
-1.444387161069508093e-03
-1.408166855173049103e-03
-1.400764164696020365e-03
-1.393605373497956105e-03
-1.346960084178634026e-03
-1.297186018835461922e-03
-1.275416949172557528e-03
-1.263707895996361071e-03
-1.246386689112715393e-03
-1.233548066523553702e-03
-1.205380477518348467e-03
-1.159782468862204530e-03
-1.137202879122845619e-03
-1.129077032349656839e-03
-1.088874967154115567e-03
-1.075275345621104538e-03
-1.068070927953857592e-03
-1.040326121938446591e-03
-1.011588814376161889e-03
-1.007854548456565188e-03
-9.825896232699934171e-04
-9.470620881175546282e-04
-9.421767551160536427e-04
-9.277626029247511936e-04
-9.148025780495721172e-04
-8.947438819300639534e-04
-8.664003765774542501e-04
-8.565663932853911358e-04
-8.462606233632120065e-04
-8.297760881389706824e-04
-8.075121457686170422e-04
-7.904574547320105619e-04
-7.701464172491708513e-04
-7.639732017848911358e-04
-7.516497107957396083e-04
-7.492865502819808388e-04
-7.153180065190923925e-04
-7.111891775797151306e-04
-6.898617266647032913e-04
-6.770414626284247976e-04
-6.595505892187854833e-04
-6.461143225244076133e-04
-6.403964244686723411e-04
-6.342721216250775916e-04
-6.134655194669323556e-04
-6.065572408680864084e-04
-5.873294833081823619e-04
-5.816147125825032495e-04
-5.675472839935498739e-04
-5.600389955927149391e-04
-5.530327703045714990e-04
-5.349023162525749862e-04
-5.281068426086363765e-04
-5.144570053766029825e-04
-5.112828306852547963e-04
-5.076766600871166759e-04
-4.928301111541109631e-04
-4.799936970370618692e-04
-4.763846366918381928e-04
-4.756817250773435319e-04
-4.685615403849152974e-04
-4.582041443263798735e-04
-4.485951017337348095e-04
-4.436526069835778751e-04
-4.395260571120550275e-04
-4.264441196336923282e-04
-4.225805394489673037e-04
-4.159462051218474504e-04
-4.094280821881553538e-04
-4.000694300314834801e-04
-3.932599884754944060e-04
-3.893805988370318172e-04
-3.827075383027413917e-04
-3.783196068136036047e-04
-3.709926327169898053e-04
-3.631528805514521699e-04
-3.515736367690865593e-04
-3.505547609859313248e-04
-3.437100322903045998e-04
-3.431940498080064683e-04
-3.335087000292380195e-04
-3.287127073830257377e-04
-3.244166449856242143e-04
-3.210865848765204742e-04
-3.169812654379616291e-04
-3.106024689939880599e-04
-3.072481811902160798e-04
-2.968962723440501960e-04
-2.933006342807739273e-04
-2.926725284269770405e-04
-2.796401440144148675e-04
-2.752132345482997369e-04
-2.727928054027164160e-04
-2.667680984586930939e-04
-2.619404665557607164e-04
-2.600524212924474167e-04
-2.559824921299617582e-04
-2.507600837355250696e-04
-2.490593188575795968e-04
-2.462643388070788540e-04
-2.422273396002916780e-04
-2.386621851730680137e-04
-2.327947913659509944e-04
-2.291172549151791434e-04
-2.255238621207542233e-04
-2.208645742740449351e-04
-2.190116296080586624e-04
-2.169876662549110246e-04
-2.136952097434289979e-04
-2.101400054586876644e-04
-2.062054563732030579e-04
-2.029197290739469120e-04
-2.003525552863651160e-04
-1.991567482744750447e-04
-1.955010224786729188e-04
-1.920536944517909662e-04
-1.884942663711706599e-04
-1.839739331800150951e-04
-1.825363959377430836e-04
-1.764484310404238420e-04
-1.752916549521340032e-04
-1.708553525871685306e-04
-1.672826463863327123e-04
-1.648610151586186697e-04
-1.629196056059692389e-04
-1.621037180123048344e-04
-1.583604785474837799e-04
-1.571645079154318828e-04
-1.555848890431851329e-04
-1.519145564930991701e-04
-1.493477197932237277e-04
-1.430109591572365467e-04
-1.422049728180471153e-04
-1.394799610031185241e-04
-1.362474165626160376e-04
-1.335550726239536083e-04
-1.330628362674222617e-04
-1.322331297287375918e-04
-1.300793706025183316e-04
-1.268460619141435286e-04
-1.249142709162829278e-04
-1.239402071432576071e-04
-1.225528467792255433e-04
-1.211430676590689827e-04
-1.193384880520310416e-04
-1.176995441591199306e-04
-1.155485002123799251e-04
-1.151781217875168126e-04
-1.115613863417957654e-04
-1.099827309676028309e-04
-1.074755349882772676e-04
-1.055157229650485539e-04
-1.042392574892043588e-04
-1.020475308415341622e-04
-1.012678958771584189e-04
-1.004309718305641011e-04
-9.687999141362952846e-05
-9.605053201333451328e-05
-9.471245129658854335e-05
-9.408326478094875380e-05
-9.185077504110250059e-05
-9.046720753795871491e-05
-8.975101236611612171e-05
-8.878933004212257157e-05
-8.644704086124299928e-05
-8.556186666545502137e-05
-8.433138233693805914e-05
-8.377751156366884785e-05
-8.066711908821684585e-05
-7.964939863942804973e-05
-7.870572528409727916e-05
-7.801187494477106242e-05
-7.732165432822956611e-05
-7.613210274358993073e-05
-7.445164673513797351e-05
-7.292342884058853464e-05
-7.101011452016521444e-05
-6.990888933772246544e-05
-6.968794172465269819e-05
-6.877550089583532556e-05
-6.663731044352327036e-05
-6.637918088260348767e-05
-6.486341458011884347e-05
-6.413130314379957247e-05
-6.211889616758937331e-05
-6.152926087104355760e-05
-6.110645545057180920e-05
-6.055927577405869358e-05
-5.887772864547343810e-05
-5.823018245571666255e-05
-5.667261285336291557e-05
-5.559771237815600004e-05
-5.472460167740221651e-05
-5.412320212208970535e-05
-5.347306839847245426e-05
-5.204867063658626287e-05
-5.153032665976694057e-05
-5.092242437514716999e-05
-5.000521123170709295e-05
-4.948829282675538163e-05
-4.874675655494174509e-05
-4.778574419887989292e-05
-4.712334441656336004e-05
-4.579240819819339116e-05
-4.562906038213094916e-05
-4.489957903668084522e-05
-4.423270814056222693e-05
-4.358782279565727159e-05
-4.296295634829369489e-05
-4.206647153949568931e-05
-4.185125444061202891e-05
-4.112234440988014916e-05
-3.984260001025669858e-05
-3.927208322196681320e-05
-3.860716486128555066e-05
-3.845015464377688234e-05
-3.738160243258358201e-05
-3.665703949469754962e-05
-3.641653503067454785e-05
-3.524921165145721187e-05
-3.434957346743520653e-05
-3.408470488417042927e-05
-3.365702356264716741e-05
-3.300726706529807616e-05
-3.218578395061937064e-05
-3.190961094666884762e-05
-3.130607853389718063e-05
-3.100246925400365464e-05
-3.001759285802915286e-05
-2.970153907636686438e-05
-2.936436259869268118e-05
-2.876518300281481972e-05
-2.816371399442580935e-05
-2.743005381824920402e-05
-2.689280426283734103e-05
-2.616158249855275866e-05
-2.601712612483334384e-05
-2.560768597354673467e-05
-2.507332554268681396e-05
-2.488870069511958487e-05
-2.415480263239400561e-05
-2.342697207888095413e-05
-2.299518031165531543e-05
-2.265291651943628876e-05
-2.249197716914976691e-05
-2.203250988938357903e-05
-2.181499156898195031e-05
-2.086336762753048869e-05
-2.063386638353696854e-05
-2.044611282223445864e-05
-1.998458008449015109e-05
-1.922329369157277249e-05
-1.878925201669798928e-05
-1.843589308931585836e-05
-1.826582378026189238e-05
-1.799734345655249558e-05
-1.760250906359844315e-05
-1.680393677249190861e-05
-1.668294064243716537e-05
-1.629766358853125175e-05
-1.596020753220247549e-05
-1.562746515989122119e-05
-1.529617868578353327e-05
-1.483266867685732839e-05
-1.476403869594201232e-05
-1.450798443525547130e-05
-1.414789212625859081e-05
-1.384603039528546144e-05
-1.381408187343405971e-05
-1.302926132572085396e-05
-1.280906982265010192e-05
-1.265856140085111646e-05
-1.229811662148520258e-05
-1.207392035876018759e-05
-1.194349960355046090e-05
-1.160574248441126421e-05
-1.142582331774829742e-05
-1.108929058501742168e-05
-1.067374362662030048e-05
-1.023189940505367445e-05
-1.012075941666235679e-05
-9.681814074381801173e-06
-9.575181364657542340e-06
-9.300597679549846454e-06
-9.187001817000038550e-06
-8.639207059672957193e-06
-8.567808063891439149e-06
-8.364678159183568776e-06
-8.217858165527698445e-06
-7.919590581910773006e-06
-7.814584520445798805e-06
-7.654209986924848100e-06
-7.293713016318547847e-06
-7.102294044995250747e-06
-6.928557138394652329e-06
-6.709387585502908709e-06
-6.658928713493449388e-06
-6.479363079493109300e-06
-6.403392209711774888e-06
-6.185628587760207151e-06
-6.105265457250730401e-06
-6.029373840800460750e-06
-5.658072628209500370e-06
-5.516708368048074116e-06
-5.329788869975612922e-06
-5.128153938085422289e-06
-4.917876679712144392e-06
-4.711620732060361422e-06
-4.409077776375176850e-06
-4.188620651524943230e-06
-4.124948085894290540e-06
-3.968429327293252296e-06
-3.926427842736643585e-06
-3.781311897281696022e-06
-3.650216984198733408e-06
-3.509609135459242660e-06
-3.382203893390640615e-06
-3.213242147691167554e-06
-2.895717136013606293e-06
-2.808360340474864668e-06
-2.747086909473502192e-06
-2.613341681015573055e-06
-2.372100262633606072e-06
-2.322978851872835769e-06
-2.142187785363401757e-06
-2.056321465435500666e-06
-1.989075962007821487e-06
-1.918859653597688500e-06
-1.891200267787353345e-06
-1.674961550532879143e-06
-1.542767762744328533e-06
-1.496184345610855631e-06
-1.439806579872892656e-06
-1.335454607020475268e-06
-1.159626050138204364e-06
-1.098771747386341967e-06
-9.381325179309517524e-07
-8.582842637940599160e-07
-7.170494841673398418e-07
-6.569969661774145705e-07
-6.192720929307890781e-07
-4.693341862576826415e-07
-4.317378507097963081e-07
-3.377395953998845377e-07
-2.154088527552394169e-07
-2.015992728212610813e-07
-1.714065393758185821e-07
-1.111301951072678115e-07
-7.679686262514317572e-08
-3.156323118618755984e-09
-1.197579301951054876e-18
2.562278418380718229e-18
1.059845315363858854e-08
7.459541695702052041e-08
1.224471944661140784e-07
1.415044846789260536e-07
1.720876327072876391e-07
2.333383177471778277e-07
2.922094743575208992e-07
3.158256913474783551e-07
3.741107802548766906e-07
4.556861210592424741e-07
5.056169256530647976e-07
5.584880503705561495e-07
6.090480519083920554e-07
6.778403925429113587e-07
7.502376889708533393e-07
7.794887174084316160e-07
8.165216411244088961e-07
8.769410018017773478e-07
9.444103487692600391e-07
9.824313174067590943e-07
1.035201923317584144e-06
1.084692075948479241e-06
1.228703278603677222e-06
1.243812761196845668e-06
1.364434069542292767e-06
1.383801659189422163e-06
1.496965470780614257e-06
1.569474486008951820e-06
1.675453120608678590e-06
1.833158132004948616e-06
1.853574277243384856e-06
1.970473687548666408e-06
2.018888670035837581e-06
2.168934592351390998e-06
2.289309827420154611e-06
2.437247952388102475e-06
2.563101721489638689e-06
2.589604614611429207e-06
2.735505931988017265e-06
2.786230966617575949e-06
2.901469474741806995e-06
3.075535266117471456e-06
3.108851417885658338e-06
3.528545783849354165e-06
3.585916773995112529e-06
3.647396687305974515e-06
3.791531782593816177e-06
3.987830687797867131e-06
4.103757415143606596e-06
4.200038302073516367e-06
4.364723103251328609e-06
4.564769859762049222e-06
4.648289445677790437e-06
4.901382019683062071e-06
5.033704843453338460e-06
5.287944264815941191e-06
5.581245414517833400e-06
5.925663150705213608e-06
6.019295717647143907e-06
6.224471998475708671e-06
6.623594534748099780e-06
6.718586162075182563e-06
6.888573279222689777e-06
7.112363516964074350e-06
7.482166503384183073e-06
7.940506588303373540e-06
7.977069199807920361e-06
8.341279518764402028e-06
8.428313828595786908e-06
9.079729406662613353e-06
9.134213050179663574e-06
9.641822691212769591e-06
1.000029311014052826e-05
1.022258687389570716e-05
1.039229466046700919e-05
1.090150888568028486e-05
1.109856669579131080e-05
1.136852607046812588e-05
1.179736377726653513e-05
1.286656528723482268e-05
1.353698134000712674e-05
1.383180602665409061e-05
1.430540496886707088e-05
1.455222607688579606e-05
1.504856956221547981e-05
1.583728122755844348e-05
1.600982965672876387e-05
1.663405370697478087e-05
1.702872902744178153e-05
1.737893848377190505e-05
1.817767136781412449e-05
1.901521936461449277e-05
1.996358176784441074e-05
2.070507145768405818e-05
2.119763231052354833e-05
2.205071825210771992e-05
2.272559948102924706e-05
2.517951328334814756e-05
2.520633189805228041e-05
2.560502570687798812e-05
2.664086400827353918e-05
2.757799100720326096e-05
2.772816847734519961e-05
2.810374523873528723e-05
2.921924952532793017e-05
3.137418010655599991e-05
3.216907112529516409e-05
3.276311743729185645e-05
3.380188191447254542e-05
3.475010107755762377e-05
3.633135830564624276e-05
3.707525721345109954e-05
3.876124286817440076e-05
4.017432027053300660e-05
4.059525356594291447e-05
4.197933204820607542e-05
4.323941922627157382e-05
4.478112573266033704e-05
4.554769971471304648e-05
4.575001996981716891e-05
4.838661719695566693e-05
4.950312504400635551e-05
5.093400871069055905e-05
5.233005932118445490e-05
5.459584588484992553e-05
5.623251997161092720e-05
5.840834748362598686e-05
6.074069334128978149e-05
6.198149054483461273e-05
6.283820041574649559e-05
6.526302140483875936e-05
6.665385358963740910e-05
6.975760724008498728e-05
7.091994025848186287e-05
7.288257964617858760e-05
7.325811013136192490e-05
7.737118096693901335e-05
8.132808277792922343e-05
8.217717044577273981e-05
8.820764194556325296e-05
8.921693727523838662e-05
9.186236950908649153e-05
9.312686165013885564e-05
9.686456714185073466e-05
9.971317714617281090e-05
1.024352664944171008e-04
1.064036183726139962e-04
1.066327368180639782e-04
1.120615999242095633e-04
1.126341031256045924e-04
1.203514096763103590e-04
1.233928446422886743e-04
1.310233090706410647e-04
1.318826497519068959e-04
1.319797227804609210e-04
1.376118106247460062e-04
1.441641699408144426e-04
1.460877289436846417e-04
1.521356162309305882e-04
1.548477732399633543e-04
1.615868932602513512e-04
1.634889405095375911e-04
1.700896895570706542e-04
1.755336770049220813e-04
1.804102933560144365e-04
1.967114149177383450e-04
2.033694305163665720e-04
2.058101307516146776e-04
2.080606571264633073e-04
2.241373004826557240e-04
2.270481344465637304e-04
2.389857288975967564e-04
2.401450197522340946e-04
2.489889138185080145e-04
2.645721210740510946e-04
2.739344318344108780e-04
2.859829783847225230e-04
2.939226225080000181e-04
3.013298147391308985e-04
3.182648831283271546e-04
3.345537460077222512e-04
3.379749370517634945e-04
3.533868635259263501e-04
3.702436514292419011e-04
3.788055519545451282e-04
3.858238888192193784e-04
4.142671040541946867e-04
4.268060766359203263e-04
4.390917167175870952e-04
4.698899411726572520e-04
4.758413684205896766e-04
4.824623074566951027e-04
5.119472923328958558e-04
5.160320845239840934e-04
5.317143207230266670e-04
5.751766733710604595e-04
6.269906989478630328e-04
6.390353173561510525e-04
6.908577087049727616e-04
6.958963861764455236e-04
7.323498214588569687e-04
7.425805848453676189e-04
7.730963253937064720e-04
8.431710385075141074e-04
8.562732645742783446e-04
8.702054783175660908e-04
9.304577988981573575e-04
9.981352406901648853e-04
1.079085116308696858e-03
1.145791360299092815e-03
1.214513803185652066e-03
1.232454102989169291e-03
1.313825563397391476e-03
1.353185891313457741e-03
1.378636307517026090e-03
1.532404473946643014e-03
1.544320186222462648e-03
1.794179504295701248e-03
1.917101527386575865e-03
2.001641779026348388e-03
2.157159925944331265e-03
2.318682014779008174e-03
2.390446823148450941e-03
2.587387525615081427e-03
2.634460460281769223e-03
2.983353758989250142e-03
3.180327799084997978e-03
3.716621303846860246e-03
4.186606783297180424e-03
4.218596952179820038e-03
5.155843829690925570e-03
5.557144014482004110e-03
5.863522908368219537e-03
6.605936978911547061e-03
8.170258977483092419e-03
8.814363758841755464e-03
1.153013129064201642e-02
1.364184923736495685e-02
1.673007854928861352e-02
1.819432674957906920e-02
3.348025758709484434e-02
4.266488953534545298e-02
7.416160345781272478e-02
8.245694657421562268e-02
2.406740722263025489e-01
9.052084153267317967e-01
1.689257808373204384e+00
3.520487114047324617e+00
