1.170371095963054602e-02
9.270877788352708052e-03
6.465143215861245130e-03
3.470623445583347066e-03
2.744081139237480697e-03
1.918862847430692587e-03
1.437041866802751550e-03
1.081439247979963832e-03
1.016155404843025346e-03
9.362195511463139875e-04
8.626600132298275093e-04
8.274464215768878930e-04
6.094486059718878584e-04
5.963304815084128447e-04
5.910833311412598719e-04
5.280305204105262750e-04
4.814662113167724041e-04
4.551968923654216791e-04
4.227525203669143606e-04
4.142094941274869924e-04
3.276177140170734845e-04
2.978627539821542469e-04
2.543214216097693472e-04
1.995928946700089852e-04
8.078821631209266794e-05
8.193079436613391482e-18
4.124530907991179983e-18
3.399796359871255068e-18
3.087791368576237878e-18
2.967385864434592013e-18
2.873669215829303477e-18
2.744752916212828813e-18
2.646037060586648429e-18
2.595101035367253701e-18
2.550178139356861147e-18
2.485042839769295878e-18
2.445336175497129993e-18
2.389023245098685065e-18
2.332184449640566626e-18
2.292317942096724977e-18
2.245039103815443108e-18
2.197452132953005340e-18
2.168654896510573403e-18
2.141209580813551774e-18
2.091340149395841710e-18
2.075736858826338811e-18
2.052490239160132302e-18
2.006781863727896587e-18
1.954478430824821483e-18
1.932225467860092146e-18
1.899053588753659368e-18
1.886143468919790403e-18
1.859973004006579673e-18
1.826833365852167739e-18
1.816443929640371421e-18
1.800513614405419570e-18
1.773719313499194369e-18
1.744916651844560688e-18
1.709971729555240864e-18
1.690727417557096899e-18
1.677364539445404164e-18
1.663807227105245554e-18
1.639663021351506462e-18
1.604308808084901937e-18
1.593569793158275514e-18
1.579460602343594630e-18
1.556209391336737824e-18
1.522004260624308293e-18
1.506184839465168487e-18
1.482532399922083136e-18
1.478159138628551167e-18
1.463319876132971691e-18
1.444798651442857038e-18
1.424758234955233743e-18
1.409699201828451758e-18
1.389668582129463609e-18
1.379823794244097534e-18
1.376165448334864003e-18
1.342547030662816690e-18
1.334455445054166500e-18
1.316866236006918146e-18
1.312308706376562117e-18
1.297012882670618806e-18
1.280375734414581248e-18
1.270628747440668702e-18
1.254904711376524938e-18
1.252336845846767580e-18
1.237592373628803680e-18
1.234265927490247608e-18
1.226602952363950692e-18
1.201025454243305979e-18
1.198286089786155577e-18
1.184558063323592162e-18
1.163081267418748576e-18
1.152816833107779468e-18
1.145909228561663083e-18
1.125717436738906158e-18
1.116215891018167571e-18
1.109253589807743718e-18
1.099559851939437399e-18
1.083199952993458976e-18
1.068659782539118687e-18
1.064542264191054730e-18
1.053142943456335419e-18
1.043423001056101702e-18
1.019633493099840563e-18
1.012800116141427004e-18
1.007073961898110530e-18
9.980284444555234276e-19
9.858611883680627181e-19
9.817998204859702439e-19
9.729153143825525874e-19
9.650662166017168666e-19
9.574597683007567097e-19
9.512660842021482155e-19
9.400480801280251674e-19
9.336245463374792270e-19
9.188931973120030593e-19
9.145986201080320414e-19
9.108964225087202105e-19
8.954041821892418665e-19
8.884079676140854952e-19
8.804725953903747176e-19
8.729322778807691777e-19
8.633907536271375243e-19
8.591398182885924063e-19
8.518330983065228325e-19
8.381094711388454476e-19
8.301608007156963034e-19
8.182195850040438038e-19
8.092616777122952002e-19
8.028605637185187089e-19
8.003062534158696218e-19
7.986732846674280928e-19
7.909186865330151226e-19
7.840711618005125777e-19
7.782489829546442589e-19
7.649307910454014297e-19
7.617305098382984207e-19
7.553268769543442613e-19
7.477202843435968532e-19
7.326583869229015589e-19
7.305791214597267545e-19
7.268447794705540756e-19
7.234401520127561665e-19
7.112024054581890017e-19
7.066609041294980065e-19
7.016374594025303515e-19
6.898925405702912737e-19
6.815536994803879819e-19
6.787183230914257347e-19
6.722074867331527800e-19
6.684959844088345031e-19
6.597465089953213610e-19
6.560562926629416667e-19
6.488111641373972196e-19
6.419195101079685245e-19
6.393850233338982800e-19
6.326343613950783214e-19
6.272147563846254607e-19
6.181779641696591619e-19
6.111917582908906094e-19
6.060617865528788323e-19
6.029561197535398906e-19
5.971524130579943800e-19
5.898216681471864866e-19
5.876041187868539589e-19
5.780903945728207216e-19
5.731190696824183944e-19
5.659343734426736741e-19
5.625033361871856354e-19
5.611564583272281236e-19
5.525600407483627015e-19
5.409350795697295962e-19
5.328991731872106683e-19
5.293321163098160748e-19
5.266262523832605432e-19
5.158823148576399992e-19
5.141206861813730976e-19
5.118776881523114698e-19
5.028914786084400999e-19
4.981133303717786447e-19
4.974113204414617819e-19
4.917846651256769252e-19
4.858625352331935742e-19
4.808978496745396493e-19
4.759296375938712132e-19
4.699311391181633289e-19
4.684562086598363511e-19
4.651717013584559810e-19
4.590698278208707675e-19
4.561553079524395018e-19
4.496971796831745254e-19
4.480281897331684008e-19
4.426979549457174743e-19
4.336118425089844712e-19
4.288025629695916343e-19
4.256140340185803000e-19
4.223385902643623277e-19
4.140849400393112469e-19
4.132252223611009366e-19
4.095455646504943086e-19
4.065134289339300690e-19
3.999968824181431974e-19
3.991369245954511727e-19
3.919966675911853463e-19
3.895881529173727844e-19
3.832701636705822622e-19
3.727743157497069376e-19
3.709461515101834051e-19
3.678034074901833311e-19
3.623576455072522396e-19
3.596490291841989984e-19
3.575150445672223016e-19
3.549257893899189944e-19
3.502871896118681497e-19
3.456500307845560809e-19
3.394036995546235820e-19
3.367767617047025421e-19
3.338660549331809718e-19
3.294127359410361101e-19
3.251480218961205347e-19
3.248266140722268874e-19
3.192717895446439680e-19
3.122035863479054949e-19
3.087206133481873306e-19
3.048414511065896609e-19
3.016416534553561267e-19
2.976992966218788258e-19
2.937978404253610951e-19
2.924915154491329946e-19
2.906949953803804711e-19
2.835840640620073841e-19
2.820469513271794904e-19
2.764262114744519919e-19
2.747076518471793544e-19
2.718749636978899422e-19
2.681078792418568027e-19
2.627368100168134387e-19
2.589368767621548622e-19
2.580892886017540405e-19
2.511593101708658241e-19
2.499140242260017128e-19
2.471078246153898272e-19
2.407225508858572429e-19
2.381638716032759969e-19
2.371739448169380499e-19
2.332384713292120617e-19
2.282917139993522947e-19
2.267532760335853823e-19
2.237598563163788384e-19
2.212082922040020412e-19
2.173313565580492251e-19
2.162214273311205499e-19
2.127550531806979206e-19
2.074753134743295903e-19
2.058168214874431304e-19
2.037286952357616463e-19
2.000657134809345976e-19
1.947201928997030173e-19
1.877756142921633996e-19
1.873021259275484492e-19
1.850284929543440551e-19
1.811632163771827059e-19
1.778174167058446397e-19
1.774291150810963527e-19
1.746151336197132456e-19
1.717962050066954238e-19
1.705428463853120133e-19
1.596223454227286083e-19
1.573986414401528971e-19
1.560514140946550859e-19
1.534213968311340045e-19
1.517688524947750011e-19
1.485044011741964751e-19
1.473275431284671618e-19
1.448128848742131075e-19
1.433103243310353268e-19
1.407101309379036008e-19
1.348236874801276659e-19
1.330395801350149820e-19
1.294636077819174665e-19
1.272988404873327089e-19
1.252874550798087155e-19
1.212998497554734743e-19
1.206704582131824405e-19
1.190662003402607612e-19
1.170513448419245229e-19
1.118613144628309267e-19
1.113452851641849134e-19
1.078582023557557716e-19
1.068882326471233985e-19
1.017022387799100985e-19
9.989229723960617480e-20
9.887882406510017681e-20
9.665559868877415750e-20
9.427457929571758854e-20
9.131433358399620687e-20
9.060888361703768135e-20
8.649818555884373860e-20
8.443859868089107137e-20
8.287204489344352136e-20
8.030857962170575645e-20
7.618462703951413916e-20
7.334632402049407187e-20
7.037281202622137583e-20
6.927491410633745818e-20
6.694994423501025201e-20
6.648865795264887496e-20
6.345243816643180323e-20
6.154132603798932504e-20
6.084509521062235450e-20
5.940406870155453471e-20
5.825147679513448349e-20
5.760082632848467890e-20
5.426339703874815723e-20
5.219127059997771660e-20
5.071581401727374285e-20
4.930024292733354957e-20
4.776291185726361740e-20
4.305864536083087972e-20
4.184108590853756998e-20
3.931086587025438431e-20
3.745042123593696499e-20
3.520447384403521059e-20
3.411351399833965232e-20
3.186720805660467193e-20
3.101390225879966351e-20
2.996966211181911234e-20
2.682939911348081318e-20
2.488964416734945401e-20
2.343137911982903626e-20
2.272639199700305002e-20
2.125951960421684138e-20
2.030149823803311921e-20
1.857173339338845002e-20
1.741898362763308131e-20
1.489699180821844688e-20
1.303450660788315165e-20
1.080654201722878673e-20
1.062429117902601895e-20
8.755978407797014210e-21
8.067975851205288294e-21
6.718310063493584328e-21
5.374063727111271139e-21
3.413458969263089342e-21
3.292283688836044470e-21
1.879664264558904120e-21
1.844435259268312206e-22
-1.093355723802771689e-21
-1.335541553008773326e-21
-3.057640897413567961e-21
-5.295408822471458376e-21
-5.551027155263081617e-21
-7.718957324399170418e-21
-8.319076348693882968e-21
-9.453168629137515189e-21
-1.237280439942081827e-20
-1.501661535425230662e-20
-1.609505047198550720e-20
-1.692706366831496582e-20
-1.902079429088287344e-20
-1.966679749657980870e-20
-2.162631549685303889e-20
-2.227670990381920507e-20
-2.593384989646424169e-20
-2.681860648880914224e-20
-2.899707302212303550e-20
-3.030834139035404664e-20
-3.116760560508287191e-20
-3.322066053618846347e-20
-3.572581384511825425e-20
-3.726610807948215103e-20
-3.862265204834459671e-20
-4.130688261129333510e-20
-4.367261869205291029e-20
-4.519808679131514098e-20
-4.547538215143905596e-20
-4.845749530349399448e-20
-4.963226629139815429e-20
-5.084339258450465462e-20
-5.411159125002494483e-20
-5.691398499579999426e-20
-5.789830838587596459e-20
-6.004259008905265946e-20
-6.353405480115814136e-20
-6.468092740336540490e-20
-6.647141046695202566e-20
-6.670850982166636039e-20
-6.792143978263472536e-20
-7.069623799966102327e-20
-7.450488269528610324e-20
-7.893849413598587575e-20
-7.964025333932321598e-20
-8.090143252588041186e-20
-8.331994893018770159e-20
-8.385360164563858217e-20
-8.587022794135627205e-20
-9.002014188138946754e-20
-9.164319796242849916e-20
-9.355970904188908187e-20
-9.579673395990677050e-20
-9.834238527981174277e-20
-1.014585869172386252e-19
-1.041052024459191729e-19
-1.044278330760014126e-19
-1.066960882350776932e-19
-1.099362872575856026e-19
-1.119854160616727406e-19
-1.142343714099028411e-19
-1.160522498221155108e-19
-1.180406822845150405e-19
-1.211171086390484598e-19
-1.220568346121241037e-19
-1.255688228960362679e-19
-1.288338061073529381e-19
-1.318916928173654278e-19
-1.342943773412750877e-19
-1.365312079886522761e-19
-1.389037706875559340e-19
-1.437447855272204406e-19
-1.461167718660530096e-19
-1.490417032350975616e-19
-1.501271358467155336e-19
-1.526010784773155784e-19
-1.566283821095911065e-19
-1.596281069984913318e-19
-1.613964042719279204e-19
-1.652846910278212478e-19
-1.663049239766029344e-19
-1.667350777294944822e-19
-1.722884295956017665e-19
-1.741700965730204250e-19
-1.793270921126051960e-19
-1.820201272721342654e-19
-1.838956071763768555e-19
-1.873944997601218613e-19
-1.900762722458430232e-19
-1.924249154493556912e-19
-1.963140141209314436e-19
-1.994234580131227061e-19
-2.036098695324966320e-19
-2.082136328149897976e-19
-2.087100782379525514e-19
-2.114257186824115824e-19
-2.136766159361380050e-19
-2.192196283937714884e-19
-2.209925344775846283e-19
-2.238653266877713809e-19
-2.258895857547740789e-19
-2.329055756771147547e-19
-2.352294628987769316e-19
-2.371673834167216891e-19
-2.419969668477832891e-19
-2.463214238324986863e-19
-2.501332312952132613e-19
-2.534342788500134800e-19
-2.556531758130682497e-19
-2.609710652767266555e-19
-2.624181403115786621e-19
-2.651530613579482317e-19
-2.690379685096170519e-19
-2.727971688830225367e-19
-2.734348242292258209e-19
-2.768538003427173151e-19
-2.798270001834829682e-19
-2.838186426346119458e-19
-2.889392521272998457e-19
-2.937123210753051835e-19
-3.021882250284903468e-19
-3.028949776668608279e-19
-3.054599752644240696e-19
-3.061222662718209137e-19
-3.064655628274866926e-19
-3.143604664300473028e-19
-3.181821661632809105e-19
-3.287865595560199698e-19
-3.328860908278090543e-19
-3.348385609406456314e-19
-3.364033343452735715e-19
-3.420683813528808215e-19
-3.476832093232633626e-19
-3.513332629351232895e-19
-3.550405546058312932e-19
-3.558902804007595024e-19
-3.607007337514522426e-19
-3.646172190135534884e-19
-3.703624820856421769e-19
-3.711069129860710806e-19
-3.752559951906544528e-19
-3.773847366549065512e-19
-3.796118424652589169e-19
-3.856584494884784679e-19
-3.878749039998911663e-19
-3.950916331860159369e-19
-4.006947280538269041e-19
-4.037023477343612969e-19
-4.075835779841979119e-19
-4.113727189834007184e-19
-4.136106207497587309e-19
-4.224387977478985389e-19
-4.277705538804810068e-19
-4.345075563545345839e-19
-4.373714626013467348e-19
-4.378991007665862086e-19
-4.481495801442393614e-19
-4.532291808205917706e-19
-4.599055331986560146e-19
-4.611978345641454377e-19
-4.668579354140306894e-19
-4.742678008553881256e-19
-4.772033913114163169e-19
-4.820322445272136899e-19
-4.848513922830042819e-19
-4.875753535279188442e-19
-4.936038049384791257e-19
-4.956004395384396553e-19
-5.067143205686812989e-19
-5.110180012695710847e-19
-5.190091143062533437e-19
-5.200848451969364953e-19
-5.268624565986250861e-19
-5.305892033369266258e-19
-5.375626482219574865e-19
-5.429547404085412375e-19
-5.435993731384475931e-19
-5.467977762205604120e-19
-5.545479345525769519e-19
-5.564901978491939621e-19
-5.630875354656096839e-19
-5.639932037457250200e-19
-5.687531177913858443e-19
-5.731151067677482370e-19
-5.899502876901891665e-19
-5.955392184480841893e-19
-5.982191600412855026e-19
-6.095221925673918568e-19
-6.142751852846755434e-19
-6.164703703227561327e-19
-6.212922351991398307e-19
-6.250079345529420207e-19
-6.314639150459853487e-19
-6.414484087824354454e-19
-6.479305833635583943e-19
-6.500053902280193277e-19
-6.624057389858602167e-19
-6.705387020332470513e-19
-6.728276399814293301e-19
-6.808641327400650232e-19
-6.824264541720655560e-19
-6.893384798025912939e-19
-6.930660536033458290e-19
-7.019593926301634857e-19
-7.062223075569911488e-19
-7.219284125857517061e-19
-7.242731568672876340e-19
-7.317331744426720298e-19
-7.352591828259218485e-19
-7.430735036444786918e-19
-7.493180721119792902e-19
-7.565770514417210715e-19
-7.657637758131886603e-19
-7.690587545527987472e-19
-7.736011179073237705e-19
-7.829947077486476212e-19
-7.854994941224350868e-19
-7.965279390558067455e-19
-8.034384698592333275e-19
-8.108355189406592019e-19
-8.145119366893712980e-19
-8.243247889630951120e-19
-8.338885348167346391e-19
-8.396343049970990075e-19
-8.520782821981126205e-19
-8.581486478271401627e-19
-8.724737211768603290e-19
-8.758310887274366114e-19
-8.924780869459461598e-19
-8.947080344056315171e-19
-9.069453758709068316e-19
-9.114026201816586693e-19
-9.209530373201321439e-19
-9.284951400494133970e-19
-9.312421866137735282e-19
-9.546977807266656960e-19
-9.571125098962821640e-19
-9.619666190521184708e-19
-9.702713704788123006e-19
-9.716608767151325148e-19
-9.770785842178342912e-19
-9.922791764267771535e-19
-9.975944661775306988e-19
-1.007809056281383724e-18
-1.014041972423479131e-18
-1.032187444065867899e-18
-1.040657602547330425e-18
-1.048442209450411231e-18
-1.062342451275147394e-18
-1.080912567967159765e-18
-1.091268387112799882e-18
-1.104836156325570416e-18
-1.107488782224243235e-18
-1.121696400967165536e-18
-1.132843289792045652e-18
-1.146918499109092791e-18
-1.156323483505339720e-18
-1.169221629925085837e-18
-1.181959795801097712e-18
-1.187839301285872034e-18
-1.205791737247879494e-18
-1.213587919569653899e-18
-1.228826764883571589e-18
-1.238553480961405651e-18
-1.240721942122255604e-18
-1.253870621244614390e-18
-1.263056621524905582e-18
-1.272793672970495397e-18
-1.297109143367446922e-18
-1.320594789270625409e-18
-1.332919237804860302e-18
-1.340714931080627288e-18
-1.345113682776256249e-18
-1.360132615465418464e-18
-1.383938175141564610e-18
-1.394467976068424938e-18
-1.419426614140841450e-18
-1.431810800632699115e-18
-1.450753154209481089e-18
-1.458454206959428704e-18
-1.474844480280252771e-18
-1.488844038620802808e-18
-1.528508325202838685e-18
-1.541375096401419584e-18
-1.547441063619936571e-18
-1.559384986600579844e-18
-1.578494035838443538e-18
-1.589046208455184052e-18
-1.631962688228412973e-18
-1.640888372195816498e-18
-1.664634094707215736e-18
-1.684441098127160156e-18
-1.697323378757753138e-18
-1.741211917446773564e-18
-1.744585316545866410e-18
-1.765863402535512245e-18
-1.786171958120008147e-18
-1.817065523977599039e-18
-1.853365583959140204e-18
-1.886284293883256828e-18
-1.910470818196430136e-18
-1.938580565833428616e-18
-1.949408227144541014e-18
-1.998702927517283807e-18
-2.012392234032428474e-18
-2.050041106908971994e-18
-2.082416187235686032e-18
-2.103848226043032196e-18
-2.147439532272921905e-18
-2.191169262418163946e-18
-2.229874091854555079e-18
-2.270497287059581546e-18
-2.319615078559410011e-18
-2.357170966661711591e-18
-2.427796042461281708e-18
-2.475503321537746798e-18
-2.507743766077539504e-18
-2.592221987875329616e-18
-2.657214894681525942e-18
-2.800267396153041300e-18
-2.931893242404395764e-18
-3.074702771938223030e-18
-3.290910096442823678e-18
-3.395153855459168724e-18
-3.764693496513045847e-18
-4.257613856915793946e-18
-8.072207297540652387e-18
