-1.922595318332403005e-02
-1.707189624020073043e-02
-1.203083363266731556e-02
-8.031282132023163933e-03
-7.038680525713237116e-03
-6.948030367303580784e-03
-6.098934930030510369e-03
-5.494394018176301277e-03
-5.039751586417185944e-03
-4.395507047472497174e-03
-4.119344021121914591e-03
-3.658823750493919898e-03
-3.318613662287910916e-03
-3.252547819235409709e-03
-3.131822609272547596e-03
-2.562891915300063907e-03
-2.397262876918829916e-03
-2.309484640060775317e-03
-2.192396391520704847e-03
-2.005669181231081646e-03
-1.870433335614019336e-03
-1.731744058432160491e-03
-1.656253156534311663e-03
-1.535204881617421510e-03
-1.481075572616810405e-03
-1.423603012570392925e-03
-1.352637749092588156e-03
-1.342425944066530418e-03
-1.237316118092640724e-03
-1.140618983760204085e-03
-1.086257176985539700e-03
-1.062461140732566664e-03
-1.031214568360923128e-03
-9.951192716410859652e-04
-9.606516262655516534e-04
-9.507414143383078687e-04
-8.785405003476705506e-04
-8.019479730198351801e-04
-7.730115150416804089e-04
-7.451011086025664679e-04
-7.196688879370995206e-04
-6.982090453843068636e-04
-6.811509374796934253e-04
-6.286600361436479314e-04
-6.085055207851329702e-04
-5.892078454126136247e-04
-5.665725535824541782e-04
-5.472194141070142433e-04
-5.329481384819405353e-04
-5.148883249404537970e-04
-4.769059374627501843e-04
-4.611984835995869823e-04
-4.589418224382038939e-04
-4.404633826002478034e-04
-4.269873211663070735e-04
-4.160442396616380453e-04
-3.984456111459538691e-04
-3.815955906984203885e-04
-3.682155546773286151e-04
-3.630646340108485064e-04
-3.521986859466520910e-04
-3.276697729883207549e-04
-3.133177456178509040e-04
-3.100222477779079671e-04
-2.992250784115456168e-04
-2.967791150987840183e-04
-2.870800844661893555e-04
-2.800474915077075916e-04
-2.687111268531614753e-04
-2.615324913659009052e-04
-2.524657364887372408e-04
-2.437229784784177651e-04
-2.366621802445574032e-04
-2.304606178672596200e-04
-2.241381993841574331e-04
-2.201198484318552190e-04
-2.123703814571590198e-04
-2.074717681304449717e-04
-2.065550220154737304e-04
-2.009594670640344870e-04
-1.916482031953993005e-04
-1.869249334408831971e-04
-1.840502489967967069e-04
-1.745245131307087793e-04
-1.707534161695721889e-04
-1.653029678875459732e-04
-1.592469420664648625e-04
-1.551729398136820614e-04
-1.467717183572298694e-04
-1.408593728355984009e-04
-1.362956731713086626e-04
-1.321475129513802584e-04
-1.271172235521015497e-04
-1.240646442325310744e-04
-1.204444950026421481e-04
-1.150363418037392169e-04
-1.128744755463097048e-04
-1.088843428625758106e-04
-1.065626129160831355e-04
-1.025402189982669806e-04
-1.012677090357528718e-04
-1.000017893563905070e-04
-9.387034110132351798e-05
-9.261213135533841764e-05
-9.135460387750177539e-05
-8.734949316894142807e-05
-8.425123516121227048e-05
-8.102228988550832286e-05
-7.865901589304659716e-05
-7.656084255840004196e-05
-7.453441913848496165e-05
-7.215012238110911770e-05
-7.088341866498667695e-05
-6.799116301198689105e-05
-6.676244318505100402e-05
-6.567501261455848348e-05
-6.547123631310246554e-05
-6.476925913316687220e-05
-6.156556647032007115e-05
-5.906117382855613891e-05
-5.842845530488435427e-05
-5.688824215584300695e-05
-5.369188019876321860e-05
-5.319982229225744813e-05
-5.139934013919703445e-05
-5.012259677422239751e-05
-4.832144221482783281e-05
-4.716450663439825011e-05
-4.554424677746603907e-05
-4.505102601658580357e-05
-4.406762859223398615e-05
-4.253910088581754306e-05
-4.192371756920581491e-05
-4.034588338590889135e-05
-3.962051511536778366e-05
-3.791012848001886826e-05
-3.691573405368045143e-05
-3.614233326636680140e-05
-3.496406419608755916e-05
-3.419067220803703256e-05
-3.378495973781469328e-05
-3.226018497733182508e-05
-3.103279682522929714e-05
-3.042258544218491854e-05
-2.948695210444674108e-05
-2.812932109971461180e-05
-2.786701535269583583e-05
-2.694880864654979006e-05
-2.639776716861423720e-05
-2.593393482187821562e-05
-2.452936112530825779e-05
-2.437077350670150921e-05
-2.371250425013473280e-05
-2.263751396352127216e-05
-2.226003918051734458e-05
-2.206910939075237843e-05
-2.150840609578135270e-05
-2.117376029853747143e-05
-2.079222545277760182e-05
-1.986001614592489478e-05
-1.923368590495587994e-05
-1.835589075159610272e-05
-1.825117516366992732e-05
-1.759420356130244893e-05
-1.746572176489581875e-05
-1.684928586286591791e-05
-1.643237264525550514e-05
-1.575120397607386729e-05
-1.572346577057154440e-05
-1.525481011265566563e-05
-1.427178809143376598e-05
-1.376675695189969157e-05
-1.336866591347589776e-05
-1.261689574401320787e-05
-1.215689324607745341e-05
-1.204722910792241068e-05
-1.186394443591315188e-05
-1.148417012046206337e-05
-1.137491006334313549e-05
-1.092742119014027435e-05
-1.053417612358044264e-05
-1.027782752985825899e-05
-1.002570073608915077e-05
-9.557718401386646116e-06
-9.504783780811190816e-06
-9.150110891138072807e-06
-8.953195402050163982e-06
-8.671378425257879690e-06
-8.396934910737170895e-06
-8.000717874859112214e-06
-7.929886076343489626e-06
-7.571972574522020820e-06
-7.422775850821331174e-06
-7.240290677544822508e-06
-6.972191325753724335e-06
-6.761496387037116242e-06
-6.661167994097075487e-06
-6.288406538687468465e-06
-6.085485186510078007e-06
-5.974066969866561333e-06
-5.752203951963507809e-06
-5.591934065940980754e-06
-5.253601502166049509e-06
-4.962631032861680318e-06
-4.759196045135026422e-06
-4.623759973800192932e-06
-4.546265377993121643e-06
-4.468482910466813961e-06
-4.222184772133320681e-06
-4.179979515537543327e-06
-3.998229295093647294e-06
-3.966816932530585550e-06
-3.781410172843870092e-06
-3.624698938655543320e-06
-3.373810198745564048e-06
-3.345100001257901482e-06
-3.225895104400980661e-06
-3.071023459867465904e-06
-2.970087754332493037e-06
-2.865963086238113131e-06
-2.694887436567150791e-06
-2.657433116146917462e-06
-2.594157430331208548e-06
-2.509501544871659961e-06
-2.448503241491219968e-06
-2.292561837812200229e-06
-2.212645639618526606e-06
-2.043070539974075117e-06
-1.926261178330142609e-06
-1.863619228860880361e-06
-1.837233402037285967e-06
-1.771909753017584027e-06
-1.648570936811594788e-06
-1.548192976929372376e-06
-1.441857507483501472e-06
-1.430804029001232040e-06
-1.354789917131790796e-06
-1.277172377305280932e-06
-1.199963849265877070e-06
-1.066737014680119073e-06
-1.053105294226314776e-06
-9.567624520466774973e-07
-9.206567390275014817e-07
-8.897096177076386189e-07
-8.462407004295345211e-07
-7.573370687692198775e-07
-6.760191020044043722e-07
-6.269205308745014002e-07
-5.413961454541382063e-07
-5.244012020308804158e-07
-4.949337820785086847e-07
-4.721158383953119293e-07
-4.257510739672974763e-07
-3.983963220854994721e-07
-3.741275287228235149e-07
-3.123661176189027616e-07
-2.558159442509975422e-07
-2.229113291087884440e-07
-1.920384318224585533e-07
-1.653811020976778706e-07
-1.410018532131389307e-07
-1.221957175305611593e-07
-1.078385838739537584e-07
-7.610023653921067461e-08
-3.571319243969279641e-08
-1.942661147883289092e-08
-1.168282221777415175e-17
2.172981030683681166e-17
1.182757901748566334e-08
3.072490130125570862e-08
3.283753340751555075e-08
6.336088093750111730e-08
9.725577178058707443e-08
1.172250534333640517e-07
1.562395872528638578e-07
2.001328655929702019e-07
2.411788115508695394e-07
3.006089933590493153e-07
3.238824222335754334e-07
3.782803556634963532e-07
3.904473473644516654e-07
4.754777573684160636e-07
5.286539834004228166e-07
6.316233877624595049e-07
6.912068620935966699e-07
7.247715592143111824e-07
8.071636734508176349e-07
8.941679350590751408e-07
9.431512649159355347e-07
1.007466839997653593e-06
1.097235270660959388e-06
1.211078615678357104e-06
1.303997088485574715e-06
1.379088764368106291e-06
1.418692419878927543e-06
1.512316434497413759e-06
1.587084653620016615e-06
1.644573852287019350e-06
1.684201621106530021e-06
1.795633645272527748e-06
1.830339709885597530e-06
1.875407047772359705e-06
1.960285717335504100e-06
2.092174768721561544e-06
2.153637514599630229e-06
2.287811445970039334e-06
2.379240929185126406e-06
2.424387583180549294e-06
2.495522145914886051e-06
2.592626842197028044e-06
2.656334341120783339e-06
2.764244444795549447e-06
2.878689290554163229e-06
2.957829130340654500e-06
3.067021915461599931e-06
3.117130589368963402e-06
3.329506330822932254e-06
3.442854311536477280e-06
3.608522387888639469e-06
3.638168771351543728e-06
3.891710557083524663e-06
3.937109842592803510e-06
4.119111319700780173e-06
4.147086198063228236e-06
4.336120115300157235e-06
4.366336238284021555e-06
4.537498792373799059e-06
4.755509371400228831e-06
4.764296691453450856e-06
4.840613801850314627e-06
5.106912911593158650e-06
5.232997974243434070e-06
5.397482047036206618e-06
5.549834392705265073e-06
5.779894772193682992e-06
5.892612392814991574e-06
6.094038938830517518e-06
6.160469598021760883e-06
6.222283296218322836e-06
6.423927510260884955e-06
6.772764429396988472e-06
6.941058790181446457e-06
6.961918617644217981e-06
7.016363667833419312e-06
7.241039717184745271e-06
7.424738049802255922e-06
7.547853406139485938e-06
7.924224166560560554e-06
8.064713679215166077e-06
8.162713720370263945e-06
8.341901307990693437e-06
8.476572845824351037e-06
8.588345198529212055e-06
9.197587837284627280e-06
9.382260957663753311e-06
9.696422305050565271e-06
9.836132240437833659e-06
1.002409997193840947e-05
1.013423712251222293e-05
1.052370040722162535e-05
1.081677975829286162e-05
1.085920161721206357e-05
1.104607726584008390e-05
1.143282265060658808e-05
1.166258973292264119e-05
1.194982084543987315e-05
1.216155392391597507e-05
1.237717983582381966e-05
1.279146847617572953e-05
1.310789453543523229e-05
1.337594481856266098e-05
1.344457415248812670e-05
1.378588621805226891e-05
1.397041735873524045e-05
1.418142678147137630e-05
1.459270005142806285e-05
1.474370896963630364e-05
1.518868791087898592e-05
1.541623868730648123e-05
1.545178208538522819e-05
1.591099385404939700e-05
1.621637796504911592e-05
1.648643783360954158e-05
1.685297017880830689e-05
1.702937467987630313e-05
1.777544103229742532e-05
1.802301456115633078e-05
1.842765277807578678e-05
1.868575497723071774e-05
1.907469690933466123e-05
1.925859435392866733e-05
1.955911269361288831e-05
1.987002619308418487e-05
1.999635488072052636e-05
2.023630785466680850e-05
2.050921289418795540e-05
2.083393106808027179e-05
2.130830369792629061e-05
2.181234931490833219e-05
2.200438181519641124e-05
2.289301333475046813e-05
2.304027755688632149e-05
2.362085259952719074e-05
2.451913396114113036e-05
2.500967541184110740e-05
2.508144771966101699e-05
2.568925179945539880e-05
2.582881001430474641e-05
2.666473096540024958e-05
2.712338099647651225e-05
2.746449187461699507e-05
2.787397576294550923e-05
2.844910892593969088e-05
2.908115576779790300e-05
2.949111890966462556e-05
3.020130859012905736e-05
3.065755809146999814e-05
3.092912399827903305e-05
3.105265689493279051e-05
3.160550799539428487e-05
3.243835052799375339e-05
3.350954616484478249e-05
3.367951747668903619e-05
3.413530396798451533e-05
3.469500542463814112e-05
3.570719130529324386e-05
3.656238994322854517e-05
3.730845342367012041e-05
3.745991736080183922e-05
3.833130863700317126e-05
3.932352763938394276e-05
3.982419875745510515e-05
4.026352955401267102e-05
4.080119761077007106e-05
4.195988291721319325e-05
4.246394870750344239e-05
4.286826458673399564e-05
4.390009527100470477e-05
4.510489022917681383e-05
4.604086244346082421e-05
4.709610511011096102e-05
4.728524674922201252e-05
4.843567830438198849e-05
4.908720222701562990e-05
4.958688497511241374e-05
5.009365997279388626e-05
5.093683693190751381e-05
5.160054400045107085e-05
5.225704385180866357e-05
5.308394905117051646e-05
5.404632616368195016e-05
5.480887073435915512e-05
5.566539095553301938e-05
5.643060099362108041e-05
5.755615687448020551e-05
5.919150117799415516e-05
5.973790386089454415e-05
6.067842886584772578e-05
6.216783876678935749e-05
6.384898402090035600e-05
6.474143147384574292e-05
6.539976966127861386e-05
6.619208837765482327e-05
6.747645292258806814e-05
6.972126527973749991e-05
6.981237646989558337e-05
7.083903929532939128e-05
7.321165772443210228e-05
7.475515641454651508e-05
7.619594239671589203e-05
7.670157629970825489e-05
7.734209527219912557e-05
7.955160633167514641e-05
8.038948131972710888e-05
8.343274268840416750e-05
8.431717544502950247e-05
8.517608417248292041e-05
8.660486331612351791e-05
8.907523833515881568e-05
9.016303008397321935e-05
9.236138345353420306e-05
9.370371614353679968e-05
9.450526430923979551e-05
9.806508976156403019e-05
9.875058417059076762e-05
1.001486494544912616e-04
1.011927739493399082e-04
1.037755288548896108e-04
1.060002020372107748e-04
1.066253460841652489e-04
1.101881845302913389e-04
1.119892106308164736e-04
1.130937077938002098e-04
1.169040885471968143e-04
1.169415125182149650e-04
1.174350251974675015e-04
1.215259378758784807e-04
1.270621087529235206e-04
1.292520656623315581e-04
1.309016217681029592e-04
1.321054449841215818e-04
1.347261604063352658e-04
1.358670561821617251e-04
1.381958912112397626e-04
1.399355380889962875e-04
1.415634455022497416e-04
1.434363071611510201e-04
1.461610592109901000e-04
1.476534358779797913e-04
1.516152955873334906e-04
1.540888271061173259e-04
1.586517214556128848e-04
1.625074521980600243e-04
1.652362653435430107e-04
1.679596634003330355e-04
1.694392116296795892e-04
1.720607445492891953e-04
1.747886839159877473e-04
1.764820871118966030e-04
1.825576951071085038e-04
1.870726872473607322e-04
1.886564580809957066e-04
1.911304992303379448e-04
1.983910115141996060e-04
2.031131489205860051e-04
2.070169018940771870e-04
2.096146309781144596e-04
2.123151069031924641e-04
2.161071172787673415e-04
2.202233345949562021e-04
2.241467733128538480e-04
2.275207891944284935e-04
2.354891091091872559e-04
2.418828702458987662e-04
2.460570373184073085e-04
2.492111298552581616e-04
2.554158182148377277e-04
2.620565759705960731e-04
2.641242088011022974e-04
2.670678703966759132e-04
2.770769651187252958e-04
2.778097354978924173e-04
2.791374721592423079e-04
2.878110130740044030e-04
2.953338587730239924e-04
3.001301617023844617e-04
3.060822654804131533e-04
3.130896228604191766e-04
3.156777051413733990e-04
3.219136068224467896e-04
3.301675316591830126e-04
3.351659177727981959e-04
3.372523942775456328e-04
3.520221046556606145e-04
3.588742721850358692e-04
3.615538541614670602e-04
3.731430243062226586e-04
3.814993811434385209e-04
3.909289030907010928e-04
3.975192876792769795e-04
4.002301787981881235e-04
4.121489243943747788e-04
4.187837356946468503e-04
4.276267033268676813e-04
4.365411650108160803e-04
4.463504511600069574e-04
4.548561420203640665e-04
4.594580846241838449e-04
4.641808291133298222e-04
4.753301899382152119e-04
4.832939873231390806e-04
5.108293295638957838e-04
5.173161253355195019e-04
5.246503165240643234e-04
5.401011789571278417e-04
5.618812024736844889e-04
5.731713264075749374e-04
5.902836600719948241e-04
5.938053101658756060e-04
6.067138272835754555e-04
6.115027648333996174e-04
6.197419489651747118e-04
6.248671613408509230e-04
6.591221616450492838e-04
6.649765380571237691e-04
6.928511150063780891e-04
7.057754262519189180e-04
7.191670702614671572e-04
7.445144177894475086e-04
7.920478269323524964e-04
7.954114041711041281e-04
8.174400438710442826e-04
8.266620570875317852e-04
8.451403010510848612e-04
8.510200921777376316e-04
8.624514338150879918e-04
9.145307496172859832e-04
9.356274975738842949e-04
9.443349655783184887e-04
9.756244265582667040e-04
1.002682087821077633e-03
1.025195755973460493e-03
1.077297022596848501e-03
1.100632446612124712e-03
1.118763486903749356e-03
1.143080729153180203e-03
1.181164267383362802e-03
1.230366934271834691e-03
1.264492937806745111e-03
1.290947294728669609e-03
1.354398347320836951e-03
1.370481498698255867e-03
1.435750914707640755e-03
1.452617575686488294e-03
1.506235751600439520e-03
1.521995120253294463e-03
1.559641773517032176e-03
1.639900143265975380e-03
1.676761968659024656e-03
1.807914266140286117e-03
1.853869783133773718e-03
1.867123344136603809e-03
1.935098334648813548e-03
2.009378333123445094e-03
2.088676932239397037e-03
2.202660228698145872e-03
2.302639787836393767e-03
2.373792891083218500e-03
2.502284606412194350e-03
2.542326155220281641e-03
2.663779328943481628e-03
2.774710779947529415e-03
2.822216473501416249e-03
2.994173755906969544e-03
3.090432271815781850e-03
3.180934587540135312e-03
3.253125429960120399e-03
3.569760430852776147e-03
3.633532947565483191e-03
3.910108173649032466e-03
4.179921147717777750e-03
4.404646073784948546e-03
4.480218726396938481e-03
4.714000573532156971e-03
5.040238032312700095e-03
5.377751277320820013e-03
6.096724790020642201e-03
6.388431101823202618e-03
6.994437376414175921e-03
7.491987996023912084e-03
7.913023386175895013e-03
8.909903763454411069e-03
9.809278578799176390e-03
1.026588907717676871e-02
1.134206574218496986e-02
1.265161241644488857e-02
1.384292657383121017e-02
1.470382859899840508e-02
1.640450429808474470e-02
1.934118847067732225e-02
2.048468885351244217e-02
2.271663953247180998e-02
2.560597446136847824e-02
3.196807937071891037e-02
3.595209894825020236e-02
5.721762258295792075e-02
7.348363333435838085e-02
7.578521002537312590e-02
9.571014611417480444e-02
1.097054122934532916e-01
1.939212555899772761e-01
2.103148246607756677e-01
5.402808655460904497e-01
2.452964175590370388e+00
4.688255624263888421e+00
1.439026248580671208e+01
