1.066947624369397538e-02
9.533089110157306686e-03
7.299292667298461039e-03
3.317384991178827860e-03
2.290429335325162678e-03
2.254595600812466481e-03
2.071174732744583604e-03
1.336246453912984591e-03
1.199852531423057853e-03
1.140109100034611281e-03
1.106994811187003670e-03
1.000761072497145191e-03
9.701625628824534289e-04
9.375165357730177486e-04
9.058878801732449118e-04
8.846755283975273618e-04
8.194667867888648849e-04
8.038464870643756898e-04
7.815088402435045340e-04
7.561062273181275249e-04
7.014948722910167508e-04
6.837983933779329853e-04
6.561508362311572204e-04
6.419737573298337201e-04
6.096177223631694042e-04
6.024483782008081302e-04
5.857675226801099724e-04
5.714566416486793103e-04
5.487960998235695987e-04
5.315076239586012229e-04
5.261105859047947222e-04
5.057890864502155625e-04
4.969111252726778104e-04
4.892039391031783712e-04
4.705361540021554519e-04
4.608990241402657071e-04
4.453667625657077816e-04
4.351864501123380849e-04
4.178601416286112781e-04
4.114611485682353065e-04
4.099996200511477713e-04
4.002133116163558864e-04
3.857918847293345188e-04
3.757371251898658634e-04
3.665301438533714374e-04
3.604416021971102932e-04
3.572523768420108985e-04
3.494167034338651560e-04
3.381604509025665879e-04
3.367120378507688222e-04
3.251549643692956530e-04
3.181200868978067368e-04
3.145311557820750122e-04
3.081138796343100487e-04
3.045780959582207090e-04
2.946123215519527933e-04
2.848975303214696742e-04
2.816234960386236933e-04
2.745596843943204162e-04
2.728128563659909132e-04
2.666241921424624501e-04
2.619327813395405245e-04
2.560138106291092786e-04
2.510309702225077631e-04
2.437597655352508269e-04
2.395759337616574147e-04
2.371182023435681725e-04
2.313445724141030687e-04
2.297325412968550108e-04
2.229995685834167151e-04
2.211179035955417645e-04
2.171296120898610156e-04
2.158500166828371746e-04
2.093342356740036806e-04
2.050767776961979669e-04
2.017174558853423820e-04
1.995252864992719363e-04
1.970089846269437619e-04
1.946285007433400701e-04
1.918206347897578846e-04
1.887447316886975261e-04
1.875759277365225523e-04
1.862164161409373634e-04
1.793728608181574947e-04
1.751149506707159814e-04
1.725151307149321348e-04
1.678715074414287940e-04
1.668181031377118594e-04
1.640947537873039153e-04
1.586456140789660994e-04
1.568207263207182839e-04
1.559571690374099624e-04
1.535269747972799171e-04
1.501195249664753913e-04
1.486103283487109883e-04
1.427019747713764784e-04
1.414382412986861883e-04
1.400630938046006199e-04
1.382315443076695188e-04
1.357253289744021958e-04
1.349484663650201658e-04
1.328295061444071735e-04
1.314741533373729049e-04
1.282826625506187142e-04
1.263230233339006109e-04
1.256586572010969644e-04
1.248467619822790219e-04
1.223262496671297377e-04
1.209345819773020072e-04
1.182286170419350374e-04
1.161479954138691000e-04
1.158042976953107899e-04
1.139639379388404932e-04
1.129192422468946029e-04
1.121725895035489718e-04
1.087305889668472138e-04
1.067983229692424311e-04
1.045209371459604111e-04
1.041070795682795888e-04
1.029030924881825726e-04
1.007205186924058511e-04
1.001993667230998385e-04
9.951712972672120293e-05
9.784047964008768246e-05
9.501244434733031093e-05
9.417045280730132635e-05
9.339797667117342051e-05
9.137956042680039220e-05
9.060002222349095784e-05
8.768789659045788569e-05
8.740017500662847542e-05
8.579297672545745221e-05
8.332019707882779382e-05
8.205799218317043862e-05
8.186428977327364154e-05
8.052095759609562099e-05
7.897765747587144809e-05
7.818272049048237068e-05
7.656925791673452406e-05
7.571135634184270524e-05
7.445409706103041218e-05
7.328898506020455549e-05
7.247822092239984649e-05
7.163048484792874991e-05
7.040567264800817629e-05
6.917232298401219687e-05
6.886282136280561569e-05
6.773158433122365870e-05
6.612087859836232812e-05
6.586958393369258028e-05
6.465717849362538530e-05
6.442378508962550180e-05
6.375907226505831446e-05
6.301802090680417288e-05
6.119427477946142932e-05
6.044967517191650043e-05
5.922383978249941831e-05
5.873651372487596781e-05
5.830669329969436778e-05
5.690475669252783984e-05
5.628546912596315416e-05
5.571171357803065123e-05
5.372980772016369607e-05
5.325407434572914647e-05
5.294383245527997916e-05
5.200901449008862279e-05
5.132173124708136577e-05
5.087365714613821104e-05
4.971054348300044194e-05
4.951345655441052055e-05
4.903131216480602703e-05
4.782828241397214862e-05
4.719978443073584846e-05
4.647152902941243627e-05
4.559559285424461195e-05
4.539757151285161676e-05
4.516984424952171282e-05
4.468893708592922199e-05
4.382728371989126880e-05
4.342457551024225522e-05
4.314330899110516680e-05
4.183703319610750370e-05
4.144328859100348037e-05
4.038837402766955431e-05
3.986347092469485034e-05
3.932531274208761208e-05
3.880392726988615416e-05
3.802061757050880235e-05
3.785335381000016933e-05
3.699882002589927608e-05
3.616647616559397329e-05
3.556911453834340039e-05
3.547077626487265780e-05
3.503834476694800816e-05
3.492542893748457956e-05
3.346746834928331603e-05
3.320684799512640950e-05
3.271664152315174282e-05
3.205106068537765055e-05
3.186779706724621522e-05
3.169256722965543160e-05
3.107326646565881554e-05
3.048521659761949270e-05
3.017451611418836351e-05
3.006996864938907206e-05
2.896811419425663841e-05
2.856153911429223680e-05
2.805171268999878572e-05
2.771842552663594564e-05
2.758314379971813865e-05
2.710190673061937011e-05
2.679499117242172400e-05
2.624246577056789750e-05
2.594916442017784620e-05
2.511552190861979580e-05
2.482223119771316585e-05
2.459367847538351752e-05
2.412638882932101783e-05
2.396892665112809211e-05
2.375038949129916246e-05
2.322460000024388572e-05
2.285670170766480270e-05
2.268178604201131828e-05
2.246040627595453766e-05
2.201971247794483360e-05
2.170476239843566746e-05
2.152957378862800704e-05
2.120629362710067453e-05
2.070611520281808108e-05
2.061516776706049940e-05
2.038125315931262887e-05
2.029429518651776915e-05
1.973011992035686053e-05
1.936414088220583715e-05
1.920538474936719261e-05
1.876806087203644643e-05
1.861490266430900333e-05
1.825505999114896446e-05
1.793273583573430803e-05
1.745720445786172546e-05
1.707998906049026063e-05
1.694405980180091061e-05
1.679564528773656230e-05
1.640452795128787567e-05
1.621462303119511060e-05
1.613742887727983883e-05
1.567010358607068765e-05
1.539940377914243849e-05
1.520410777245526207e-05
1.496493060110753592e-05
1.472425192916255939e-05
1.440958924575528310e-05
1.419612391586409214e-05
1.396448400677656286e-05
1.377542891212391088e-05
1.362692865937268583e-05
1.338905607222553539e-05
1.327020437796930778e-05
1.299007505521762498e-05
1.269033563722503110e-05
1.267520970114268072e-05
1.254097686290624140e-05
1.242544996220340760e-05
1.223376526407026379e-05
1.206813056010004605e-05
1.179219442295044617e-05
1.164827315891215048e-05
1.146979934907096689e-05
1.135830228624564314e-05
1.127987998338197301e-05
1.105261063580824180e-05
1.089333580451738236e-05
1.080166521283219449e-05
1.052046641230892904e-05
1.042280899987178548e-05
9.986715106457670518e-06
9.885781166644434464e-06
9.762423537616774720e-06
9.679373367688578152e-06
9.534391399351592754e-06
9.367397341033695685e-06
9.351054324365122911e-06
9.225383082623827110e-06
8.994535498582988895e-06
8.823452439136121841e-06
8.661963875707963441e-06
8.560320297275928028e-06
8.302989895351289379e-06
8.209221997454648498e-06
8.113719676031254391e-06
8.006816571670137119e-06
7.914683046578777951e-06
7.865828467530870452e-06
7.595582017125615888e-06
7.478292721304449265e-06
7.441161489473965296e-06
7.080473389213604919e-06
6.961120003452776350e-06
6.874523171720589014e-06
6.797053182096829738e-06
6.612826283921818517e-06
6.482305773082076058e-06
6.458629302020649896e-06
6.350283432809623776e-06
6.291220815702398493e-06
6.051666295955747335e-06
5.888147544512124688e-06
5.760860342529360553e-06
5.643217557500750290e-06
5.544830831859474562e-06
5.395553212082427908e-06
5.315879762310276919e-06
5.221705783911362379e-06
5.173711782848200029e-06
4.991977606422102029e-06
4.905206303915141759e-06
4.859278206711019080e-06
4.751402876708386147e-06
4.577809573176189974e-06
4.513330021532336496e-06
4.389038260682121681e-06
4.296490331051237914e-06
4.239831214102536288e-06
4.069917369402626520e-06
4.050667844361794726e-06
4.010707410179989393e-06
3.883335562923502008e-06
3.869374896845704116e-06
3.712737347949084849e-06
3.666664141777591305e-06
3.568405431702594677e-06
3.470173627571645574e-06
3.452160358694958073e-06
3.341281950000742053e-06
3.266183384767415697e-06
3.187384197283683539e-06
3.150969995642574956e-06
3.125076793880790958e-06
2.980645659106663922e-06
2.907178107818859128e-06
2.845047384289953157e-06
2.794699721842537159e-06
2.730973249306260468e-06
2.721405720256675865e-06
2.613582718978839368e-06
2.537574226811571444e-06
2.520807904177901429e-06
2.418083104319818777e-06
2.346046124866834979e-06
2.301741854980721340e-06
2.226916424659797251e-06
2.142894635238382572e-06
2.096998376197459086e-06
2.036096933116126172e-06
2.017989471473109425e-06
1.946696933520811045e-06
1.875191212058827021e-06
1.861980552612050435e-06
1.726384377424046796e-06
1.710609707153124643e-06
1.657619350094015060e-06
1.631558516340756534e-06
1.572040773253729287e-06
1.525776610081216622e-06
1.457268040191938205e-06
1.449042645287515616e-06
1.367464660444157350e-06
1.359300838769603467e-06
1.333637711844378906e-06
1.249280434351512969e-06
1.158255124250721161e-06
1.133908253736633038e-06
1.093880330515101730e-06
1.083212060034333612e-06
1.040346253150313178e-06
9.477171419434738660e-07
9.413589858192708906e-07
9.245740818227242735e-07
8.884507473563324686e-07
8.702757816985032615e-07
8.342095810380954315e-07
7.790725822196770915e-07
7.416343977560807395e-07
7.068065154565005438e-07
6.740770111650087630e-07
6.372253829478508050e-07
5.961398288029794531e-07
5.514377652106211072e-07
5.087555612579361987e-07
4.694256278132360756e-07
4.167932795760294657e-07
3.873295212262548063e-07
3.672155506728219667e-07
3.026548398536705134e-07
2.871074176284067375e-07
2.520759206044738275e-07
2.170384132036137274e-07
1.582790408343773720e-07
1.496963717581480246e-07
1.037203197601444109e-07
9.451746063528770674e-08
7.579192426664868189e-08
5.386687617810831977e-08
3.626329808243073269e-08
4.110905913104129255e-09
-1.237713893282752233e-20
-3.625549114362213348e-20
-6.411746594783689935e-09
-1.646415327984843961e-08
-3.962763261051537925e-08
-6.028953033101728116e-08
-9.691642816148463096e-08
-1.045433798045753383e-07
-1.445036415999302253e-07
-1.628614085799844389e-07
-1.812550329519246381e-07
-2.196931367641642441e-07
-2.561141883681838147e-07
-3.094196187330304831e-07
-3.378844914743477059e-07
-3.514161720682874159e-07
-3.914332241320190321e-07
-4.258971880230521463e-07
-4.820430610798566055e-07
-5.077159369187786738e-07
-5.387913977712998980e-07
-5.539671488969709997e-07
-5.981263074679384486e-07
-6.569456070277468561e-07
-7.189702382634698646e-07
-7.246667846101521604e-07
-8.140901223910432671e-07
-8.489510128711860985e-07
-9.305453241827073456e-07
-9.655675133063950189e-07
-1.073181282469381002e-06
-1.171251248330756714e-06
-1.179384691121160797e-06
-1.253613346782807814e-06
-1.293861549695251605e-06
-1.333550922692595001e-06
-1.349572094871615914e-06
-1.429512899832321601e-06
-1.533504885227475197e-06
-1.645838785541502617e-06
-1.683245011667584725e-06
-1.734985393317746798e-06
-1.783725653416949804e-06
-1.862099071208337120e-06
-2.003518994819807654e-06
-2.075212895288536193e-06
-2.140113353228648607e-06
-2.174166434867286644e-06
-2.246548240634519241e-06
-2.349254894496726975e-06
-2.516353734343471697e-06
-2.560216755433257743e-06
-2.649909319032163384e-06
-2.830027370270701545e-06
-2.911605982831664057e-06
-3.069407894492200514e-06
-3.150285362252692571e-06
-3.218359584290361519e-06
-3.340582246239375760e-06
-3.538614139736930131e-06
-3.662405725365870999e-06
-3.715250260830534667e-06
-3.885274583918064823e-06
-4.118995618628238259e-06
-4.288309536960233773e-06
-4.362635818409463004e-06
-4.406960883564877793e-06
-4.548246514286238572e-06
-4.578395369987998399e-06
-4.717577290599011474e-06
-4.775085735627083748e-06
-5.051572031153411986e-06
-5.119584425775351738e-06
-5.177550583933128957e-06
-5.377731117608490148e-06
-5.432237559771895867e-06
-5.667743812789064625e-06
-5.853542994216039828e-06
-5.924991219427765654e-06
-6.068104125883977992e-06
-6.151371578145633880e-06
-6.360113517931367047e-06
-6.496945555087825222e-06
-6.673696775428680832e-06
-6.907835864519591007e-06
-7.214340047824429673e-06
-7.366615694625762830e-06
-7.540078444405374905e-06
-7.855299496112468891e-06
-8.088555697184766325e-06
-8.226954244112982974e-06
-8.379678804620083367e-06
-8.528220982177088356e-06
-8.727353074798225533e-06
-8.979778977762750052e-06
-9.266529299541395302e-06
-9.450318165729010449e-06
-9.580087217509183355e-06
-9.915381851716298801e-06
-1.029705359918128112e-05
-1.045752267471932676e-05
-1.071415776978055978e-05
-1.103961194478045305e-05
-1.125754744872586018e-05
-1.169687714903545404e-05
-1.199119846605840272e-05
-1.243625386158487294e-05
-1.252648869462919228e-05
-1.284121249470435933e-05
-1.300677022459623593e-05
-1.343888399183022383e-05
-1.355933120592996969e-05
-1.404778790003257873e-05
-1.446421415916197954e-05
-1.475043194256299854e-05
-1.498971066163007843e-05
-1.515496443027489659e-05
-1.576233686522763677e-05
-1.591665436691693631e-05
-1.650926010968490712e-05
-1.680540202729630304e-05
-1.698070546258466409e-05
-1.746444508988429859e-05
-1.827984878229494282e-05
-1.852860342407094035e-05
-1.926251384748590273e-05
-1.964766669732903392e-05
-1.990794232171155437e-05
-2.036698174255634059e-05
-2.094162494524418660e-05
-2.183414346846386956e-05
-2.201761739891557116e-05
-2.270674520599266351e-05
-2.327037400352552617e-05
-2.364470663207459341e-05
-2.405506947898860848e-05
-2.447656803224136507e-05
-2.476778305818499751e-05
-2.573811872673930948e-05
-2.615930237283409210e-05
-2.712322424352645188e-05
-2.802830003542305403e-05
-2.864044116746641635e-05
-2.921279135099902308e-05
-2.976759658306360478e-05
-3.025873246608341274e-05
-3.087403172133502748e-05
-3.131807022052153684e-05
-3.224062684760751552e-05
-3.304137655598289862e-05
-3.344590904516062785e-05
-3.405592044472413393e-05
-3.506394151761761956e-05
-3.558734067891884879e-05
-3.681378550155704998e-05
-3.777294521732177477e-05
-3.856324008281197834e-05
-3.907803613295815124e-05
-4.000476732191601337e-05
-4.003494523879252146e-05
-4.056784829897183166e-05
-4.165026214048599053e-05
-4.246533603538226023e-05
-4.261247263099829429e-05
-4.349640847196879892e-05
-4.455856458127786991e-05
-4.529662652800302964e-05
-4.645461716302089672e-05
-4.766285990982567668e-05
-4.902315269628769695e-05
-5.004845067574871298e-05
-5.057653407452593537e-05
-5.271787720305997683e-05
-5.426116631643814137e-05
-5.479841923288657820e-05
-5.641072095560745989e-05
-5.815096000883787739e-05
-5.877625907202311276e-05
-5.968766920419841659e-05
-6.127253871256659956e-05
-6.272396335042056939e-05
-6.445976614789102022e-05
-6.609702763238379521e-05
-6.624907224369604684e-05
-6.851841629104233830e-05
-7.101189108902033597e-05
-7.354805738426253804e-05
-7.496842687165212570e-05
-7.684201563758383225e-05
-7.809573794152493379e-05
-7.939460561779482434e-05
-8.063627163710167895e-05
-8.335751208737452041e-05
-8.617108086529570027e-05
-8.921335320664622369e-05
-9.188194799120057783e-05
-9.278124176264566101e-05
-9.377659499211658876e-05
-9.515488646733663320e-05
-9.692709173235069446e-05
-9.922950466131995730e-05
-1.011100747707393226e-04
-1.033799607764737476e-04
-1.057271572333446567e-04
-1.075959124030515923e-04
-1.082968683534522484e-04
-1.101299299290169715e-04
-1.135512230152732789e-04
-1.175662806054651933e-04
-1.225039316560488467e-04
-1.249756443550750632e-04
-1.282458916410844825e-04
-1.303031007265505973e-04
-1.313794241531968761e-04
-1.339086926910039953e-04
-1.390482368710511626e-04
-1.455601521658550664e-04
-1.477880741950575840e-04
-1.507116736020135649e-04
-1.528891466855684695e-04
-1.562512815335738436e-04
-1.617251919223941970e-04
-1.639328708803331684e-04
-1.685226547160157469e-04
-1.706461016273777293e-04
-1.736744292555287097e-04
-1.828432564339386968e-04
-1.841586673645271871e-04
-1.878689599453949271e-04
-1.933486030107105713e-04
-1.982804006919091288e-04
-2.031312468702361714e-04
-2.083120690421585671e-04
-2.118759767852707368e-04
-2.216981412380482114e-04
-2.271080648819938017e-04
-2.306040616653144595e-04
-2.405539706674105025e-04
-2.500860371864452791e-04
-2.577503496018566909e-04
-2.587984772427486544e-04
-2.699760013449557274e-04
-2.775993272174615781e-04
-2.864652263665654281e-04
-3.042630802883120609e-04
-3.113976928388450388e-04
-3.142175908276115433e-04
-3.214969357099950009e-04
-3.317645375230180837e-04
-3.377893680046751418e-04
-3.561829872147340864e-04
-3.608212726335078310e-04
-3.811362189146594217e-04
-4.032650431239627703e-04
-4.277884276849349570e-04
-4.475639649939658631e-04
-4.506449980676836115e-04
-4.688971370171531776e-04
-5.044843825083503283e-04
-5.356703253379151630e-04
-5.466921719047743676e-04
-5.873880076291351652e-04
-6.055373391470859163e-04
-6.370517697752232965e-04
-6.728846891011936457e-04
-7.501704786044244115e-04
-7.947267194250618892e-04
-8.382040978903777155e-04
-9.471810425868565234e-04
-1.029226960302845979e-03
-1.254011083022225567e-03
