-1.352831658750679900e+00
-1.916933994292857324e-01
-1.752253892369753652e-01
-6.971764384530326764e-02
-5.411852003348370521e-02
-3.937157381213199359e-02
-3.170645272833051698e-02
-2.294641785066502127e-02
-1.958435986684013697e-02
-1.807100207302555703e-02
-1.550283624757805602e-02
-1.340331786077742990e-02
-1.309301234905874654e-02
-1.092614719521991726e-02
-1.086094880248298505e-02
-9.753080983429401191e-03
-8.903760281192734174e-03
-8.119744018508755212e-03
-7.723689174490819091e-03
-7.255417540407646700e-03
-6.326515096350731650e-03
-5.696851619855227214e-03
-5.447126415698557225e-03
-5.079634544851907921e-03
-4.899387405226060012e-03
-4.625045170463932404e-03
-4.435755694358461780e-03
-4.279018707725120579e-03
-3.949719959714449377e-03
-3.554218956997218064e-03
-3.507581302716268785e-03
-3.351179461529624117e-03
-3.228376659464072141e-03
-3.074889632953194986e-03
-2.998768196120278184e-03
-2.959245846877344831e-03
-2.744853143937202658e-03
-2.676786201672538053e-03
-2.586855373126977550e-03
-2.480426596050192695e-03
-2.382967720486879951e-03
-2.321546398154076835e-03
-2.151824721479931452e-03
-2.068599547331303069e-03
-2.006539989080651908e-03
-1.929044616803721364e-03
-1.895746929600899966e-03
-1.840119926316197878e-03
-1.834531350523057117e-03
-1.716003341576078419e-03
-1.647000608099842859e-03
-1.544427027711871552e-03
-1.504510597900674419e-03
-1.457044572309231043e-03
-1.422255815572325910e-03
-1.387759044127146726e-03
-1.355395461558196301e-03
-1.344610788239568658e-03
-1.306097648777233312e-03
-1.285245307882100421e-03
-1.232832068752475179e-03
-1.218020375878540963e-03
-1.174761746015740363e-03
-1.138959606538082064e-03
-1.106422189678083270e-03
-1.091039601951048063e-03
-1.035303589340997015e-03
-1.009140892244784734e-03
-9.720674782345798282e-04
-9.482692698442304674e-04
-9.271054759174670104e-04
-9.133828377975198535e-04
-8.996265735701488913e-04
-8.314176472448491732e-04
-8.258969813607612174e-04
-8.197754581741607382e-04
-7.944444485019914581e-04
-7.665512148152003229e-04
-7.528861556036232222e-04
-7.402358478872576950e-04
-7.289223473791894446e-04
-7.105328134659011320e-04
-6.824569158047355533e-04
-6.742868314421179149e-04
-6.518646691017859589e-04
-6.439821627439611855e-04
-6.339969888518278470e-04
-6.259443791312742497e-04
-6.168495534564676563e-04
-6.016698289644620582e-04
-5.928420036886548504e-04
-5.790028729696247668e-04
-5.717424981990983784e-04
-5.619552631408005405e-04
-5.443777212243714261e-04
-5.314884029315775256e-04
-5.266916086115311021e-04
-5.131985084530537233e-04
-4.909454203430954101e-04
-4.898730514354091448e-04
-4.807072192255054015e-04
-4.666962213097804570e-04
-4.591153120661332541e-04
-4.499991667135201851e-04
-4.404768092034435398e-04
-4.379113937855757914e-04
-4.148498711165397000e-04
-4.093779156663371267e-04
-4.069499921468712608e-04
-3.969959534046376033e-04
-3.910618624811141989e-04
-3.824846522651118149e-04
-3.703333155685772167e-04
-3.681536755237699212e-04
-3.571222973451655528e-04
-3.530396669605613026e-04
-3.393325110114027584e-04
-3.323098976000842994e-04
-3.262254781955302397e-04
-3.206043177944999122e-04
-3.158307400044710746e-04
-3.121702857812224861e-04
-3.119403658706085204e-04
-2.993413489630805517e-04
-2.968114153680544739e-04
-2.912633060930756293e-04
-2.814267795445159464e-04
-2.734073257833333410e-04
-2.726953992051824645e-04
-2.706098793829793013e-04
-2.625679764846990984e-04
-2.601866673723494190e-04
-2.541771765366922361e-04
-2.500703934708952661e-04
-2.464041423451969709e-04
-2.396457676372359762e-04
-2.327495097559543027e-04
-2.282649013705449845e-04
-2.254584206804742020e-04
-2.249221801016798117e-04
-2.184379759521659615e-04
-2.157340431779075434e-04
-2.101511072936674412e-04
-2.071164588188116932e-04
-2.024597438285783151e-04
-1.972094050091471797e-04
-1.913700696059717084e-04
-1.883965534987753403e-04
-1.861698965046984663e-04
-1.835457808992591749e-04
-1.827222196815315818e-04
-1.752001820999072050e-04
-1.726012794098801440e-04
-1.717599076623344326e-04
-1.691077466410611987e-04
-1.673435074556030105e-04
-1.614056094239632968e-04
-1.605027341820388970e-04
-1.575883276279555639e-04
-1.519122704453599324e-04
-1.503020982991251045e-04
-1.477937177033573966e-04
-1.457268574290914256e-04
-1.421490488045420563e-04
-1.403061072159081976e-04
-1.378458568124042488e-04
-1.364130890072708698e-04
-1.344082494080947132e-04
-1.331519888121768865e-04
-1.308487579462842723e-04
-1.276638923590266790e-04
-1.259354514596543347e-04
-1.252267979110913761e-04
-1.213276326879498407e-04
-1.200383366242073957e-04
-1.176582838092559400e-04
-1.165231470635656800e-04
-1.159285001927049826e-04
-1.125846991779614633e-04
-1.101963541518819877e-04
-1.069407005732957757e-04
-1.034758148219984560e-04
-1.022782205487791218e-04
-9.980033906690188828e-05
-9.829820970055279340e-05
-9.825078689769652855e-05
-9.566350083570816060e-05
-9.523113321268702601e-05
-9.301544807948207709e-05
-9.210083051850362205e-05
-9.181600770527659195e-05
-8.819518646161235019e-05
-8.487050844643135271e-05
-8.327495406034671893e-05
-8.236869409561400055e-05
-8.081614246371166509e-05
-7.900773549245875005e-05
-7.813779016944814339e-05
-7.706512052858070891e-05
-7.522459907657928855e-05
-7.493534142087331692e-05
-7.292005319053362889e-05
-7.266200421250617453e-05
-7.164794583515229237e-05
-6.920687116602184958e-05
-6.761544186009283525e-05
-6.711882395378323033e-05
-6.548669991224888862e-05
-6.432150107046075431e-05
-6.299525887864228040e-05
-6.203660936495763642e-05
-6.151625180171101809e-05
-6.099987726488791996e-05
-5.967403803114696900e-05
-5.918455212520344784e-05
-5.890858346367002364e-05
-5.589761815329453965e-05
-5.553218842868871822e-05
-5.460522872922877064e-05
-5.375638453061083570e-05
-5.351613590438848548e-05
-5.221908603158233279e-05
-5.164976149934111618e-05
-5.125126074450353140e-05
-4.987470216221436919e-05
-4.913830416295795930e-05
-4.794594059801913913e-05
-4.763151160314442277e-05
-4.681348444721275347e-05
-4.611454105455121136e-05
-4.576396816985333840e-05
-4.527862701272161256e-05
-4.395451458458256582e-05
-4.296480853037865940e-05
-4.207820165039910287e-05
-4.179439732345511561e-05
-4.119616654114724316e-05
-4.073116013714306842e-05
-3.935114970119784554e-05
-3.879513764128877159e-05
-3.765529644360154335e-05
-3.708395899434238288e-05
-3.660028903560408038e-05
-3.588700452591877393e-05
-3.568538994755258206e-05
-3.477415898066283859e-05
-3.439115607828858203e-05
-3.342980544932174235e-05
-3.266949716002354604e-05
-3.235962705365794632e-05
-3.196544940829734271e-05
-3.110139783242852566e-05
-3.080018584862281720e-05
-2.994795799311487610e-05
-2.955648111337241777e-05
-2.899414531899440758e-05
-2.833864028470565896e-05
-2.802696210859848436e-05
-2.733879401225576390e-05
-2.714250003546196582e-05
-2.668062767219708719e-05
-2.612993568835445806e-05
-2.577186339154797143e-05
-2.518720265106356093e-05
-2.499529736202130517e-05
-2.469111323625452150e-05
-2.449577363777086534e-05
-2.421243721759654355e-05
-2.280252991564129796e-05
-2.266087791066450738e-05
-2.216505203955514874e-05
-2.176619042666619382e-05
-2.108775890970884191e-05
-2.100800284958178281e-05
-2.076591624691516696e-05
-2.031146591026508283e-05
-1.965210297640753980e-05
-1.956448907229185177e-05
-1.906823985629266214e-05
-1.880548243867305303e-05
-1.872973806816208487e-05
-1.860504114347899673e-05
-1.800156641557725844e-05
-1.777207184274941641e-05
-1.765540880589192235e-05
-1.706756796509813429e-05
-1.641156457679996243e-05
-1.619816647973460990e-05
-1.596664970846126878e-05
-1.566843398969132811e-05
-1.533410370974984277e-05
-1.521418670769089525e-05
-1.487239108405118658e-05
-1.471835960252397392e-05
-1.452441522556336995e-05
-1.423589075284074019e-05
-1.363206553532092333e-05
-1.358376595073187184e-05
-1.312151526545032281e-05
-1.297870838738656463e-05
-1.277294700677694073e-05
-1.258754928158176480e-05
-1.233741933574169865e-05
-1.179388081124248417e-05
-1.175577485736771555e-05
-1.168911759338392467e-05
-1.150011466278937314e-05
-1.116793186366735133e-05
-1.069370287799764383e-05
-1.036135472250570354e-05
-1.013878539004897795e-05
-1.001784160437547676e-05
-9.920212963396031125e-06
-9.809973858611266331e-06
-9.515710157744482358e-06
-9.354044269944561277e-06
-9.166007588687585762e-06
-8.739404268039741459e-06
-8.452140657211416387e-06
-8.295898337655477142e-06
-8.227921067586627815e-06
-7.944946886289343049e-06
-7.868912872806106280e-06
-7.689932014899636379e-06
-7.455259960240825896e-06
-7.094796091492516344e-06
-6.974154416824148548e-06
-6.824691413100155020e-06
-6.683367044569431161e-06
-6.599988865248339968e-06
-6.415776988394536519e-06
-6.268525255829010649e-06
-6.215227421967427309e-06
-6.012826700932704536e-06
-5.929276728920083181e-06
-5.761429274839709191e-06
-5.524264494112562148e-06
-5.372356228597748234e-06
-5.236523921522125956e-06
-5.124567510290988973e-06
-4.974491029387311683e-06
-4.830567899412245521e-06
-4.673156048026395468e-06
-4.574960073297034694e-06
-4.456471509743170941e-06
-4.243261393253508197e-06
-4.130742453994479202e-06
-4.036002182249487265e-06
-3.933739745175403364e-06
-3.788627023381451030e-06
-3.607520978900312008e-06
-3.527831865178249396e-06
-3.401135677746860782e-06
-3.368381038330569269e-06
-3.272123763256981636e-06
-3.177662285960277829e-06
-2.989036757165976872e-06
-2.911401173159088567e-06
-2.831361778797804829e-06
-2.742480423129351066e-06
-2.577625610108792955e-06
-2.565287562105069581e-06
-2.484503325429910498e-06
-2.328857107843146123e-06
-2.240617876945737094e-06
-2.154704576249719680e-06
-2.075770627697987716e-06
-2.021953775206463863e-06
-1.926176959924669274e-06
-1.883007830183974115e-06
-1.829770895785504497e-06
-1.780188086272579755e-06
-1.711785856465284945e-06
-1.674832493675620226e-06
-1.568913448874640291e-06
-1.510983494936536659e-06
-1.474919091708048141e-06
-1.334358299043625918e-06
-1.238336296901112421e-06
-1.154515203097851265e-06
-1.049345448136958201e-06
-9.900456379444877971e-07
-8.297139072512670506e-07
-7.558354717898140248e-07
-6.892288795604185393e-07
-6.626948146489942680e-07
-5.741794602813688573e-07
-5.345878765776049975e-07
-4.766511043918830797e-07
-4.142444305702230680e-07
-3.201278345111310467e-07
-2.943241301255508274e-07
-2.404219771848117395e-07
-2.108966700960270729e-07
-1.328983003698227966e-07
-8.188840158812352019e-08
-4.811834045646742872e-08
-1.530547714932301170e-08
-5.529791811415734080e-10
5.425382505876091328e-19
1.022608330515259922e-17
2.184226570452131791e-08
5.521243392366846564e-08
9.411358193050662177e-08
1.053331933908403575e-07
2.438388439710653351e-07
2.759206977520355939e-07
3.009227987703971211e-07
3.679648213276015718e-07
3.969810134310908214e-07
4.229247895179661918e-07
5.533476224440591582e-07
6.325735933275043524e-07
6.960569538661352462e-07
7.226174794719059391e-07
7.283512605787034960e-07
7.982977476769715232e-07
9.294841712098374027e-07
1.007358461148931968e-06
1.078728612422073096e-06
1.225487623752544785e-06
1.306712910876791492e-06
1.348748910748873125e-06
1.399831097368604986e-06
1.502974670705123235e-06
1.599460256680445421e-06
1.671540257545557858e-06
1.836008309795626777e-06
1.973416057659622820e-06
2.067012485513399526e-06
2.183975652081415063e-06
2.332082584392376589e-06
2.417379280188746622e-06
2.540304521314655208e-06
2.601284153955071987e-06
2.656253000018937601e-06
2.913809082429994657e-06
3.103852078891893570e-06
3.178712806435941416e-06
3.315445631923252028e-06
3.429030996481217106e-06
3.650827882495903037e-06
3.708106656758786218e-06
3.851517261462958700e-06
4.048463957140485374e-06
4.229988027766196388e-06
4.366122283520383214e-06
4.426371702202632022e-06
4.546454228614613871e-06
4.765249121812744543e-06
5.007780407508375107e-06
5.273931862265749158e-06
5.361949811378720947e-06
5.444109948760084360e-06
5.765341331519641788e-06
5.900905991829297705e-06
6.016657473784480970e-06
6.345227883518245533e-06
6.550252825037815009e-06
6.752016787907489836e-06
7.175954873581194707e-06
7.542063471114450579e-06
7.742844053052997408e-06
7.919934601721016277e-06
8.231119505853580281e-06
8.443466129415179111e-06
8.543337323819954977e-06
8.790738711066348822e-06
9.069492862115246341e-06
9.229634867665528254e-06
9.457352572388062829e-06
9.813458238435612591e-06
9.856763583660619571e-06
1.051334758334664921e-05
1.087903026134730375e-05
1.107677722027093231e-05
1.144254271540476843e-05
1.160245511596828678e-05
1.230438809396725762e-05
1.238751898283763344e-05
1.287630633318180616e-05
1.370253277731316279e-05
1.403412634682129382e-05
1.426119839736837965e-05
1.468146254963779331e-05
1.506134985245426812e-05
1.565720647936551599e-05
1.609987648445665795e-05
1.650044566431179799e-05
1.666289385276419259e-05
1.673712719025752848e-05
1.776523024139952392e-05
1.881785091641817773e-05
1.995706849547333690e-05
2.026667696320573313e-05
2.086720697981095770e-05
2.100768081741698990e-05
2.141858668093605121e-05
2.183197204117258132e-05
2.315650504606552224e-05
2.344269442050269511e-05
2.402978417861620703e-05
2.434602699498409538e-05
2.554128421625168066e-05
2.603158785770063710e-05
2.611038940286342495e-05
2.717691554908837113e-05
2.805456457367805326e-05
2.832954993839393223e-05
2.917422600198218627e-05
2.989699286386899763e-05
3.099833296534831709e-05
3.151223455088912010e-05
3.305398530987943936e-05
3.392636690938706891e-05
3.478711333914937638e-05
3.497153828342711016e-05
3.642340632774578951e-05
3.771921231301740964e-05
3.800616984645998432e-05
3.987315593935210486e-05
4.032996916038925658e-05
4.204999989088953788e-05
4.326028961960599656e-05
4.534108667062858528e-05
4.707814037764159799e-05
4.825688415569435758e-05
4.954576134420191698e-05
5.068436934855864598e-05
5.089919102912845089e-05
5.149722610256010787e-05
5.274796682830111598e-05
5.524324174248747076e-05
5.733946326088194741e-05
5.884904035617650179e-05
6.191967003922565604e-05
6.280225207553602191e-05
6.323414287185766670e-05
6.583163737633034463e-05
6.799347544763304364e-05
6.950979152349818124e-05
7.180454608413343049e-05
7.337890081383772242e-05
7.564927726393535590e-05
7.722273983769628787e-05
7.805551739740468895e-05
7.973496731139509289e-05
8.230205297327385138e-05
8.434130329787857690e-05
8.679584448050325148e-05
8.917017354916600676e-05
9.095252378251392244e-05
9.422477847541921639e-05
9.714135716586045591e-05
9.867590594846537509e-05
1.006956159871188539e-04
1.031933120225926045e-04
1.072715596634329579e-04
1.077771790565271414e-04
1.115186724786364550e-04
1.142620112400828371e-04
1.167929470691475140e-04
1.187102392845006409e-04
1.222382523781073899e-04
1.239730754295211772e-04
1.262396445927932269e-04
1.329019230450278295e-04
1.350806268413764274e-04
1.408309761684041310e-04
1.436259437139560016e-04
1.489115690598260329e-04
1.532154183123270543e-04
1.588693125901869568e-04
1.661395901704993739e-04
1.683611328420268037e-04
1.720464632469750129e-04
1.758682854095176384e-04
1.789963449854624030e-04
1.869821238135044859e-04
1.926155084900090355e-04
2.026333390538283307e-04
2.062012793511434677e-04
2.118179027343460377e-04
2.150990906960424545e-04
2.210679678080277591e-04
2.325003931040983587e-04
2.386110012194912874e-04
2.420528910502706837e-04
2.519465812491308745e-04
2.676603695878504723e-04
2.691600936112106932e-04
2.731763923523228602e-04
2.794218381211030847e-04
2.835643553667296793e-04
2.910211709834638555e-04
3.003939975702077359e-04
3.089160033991265831e-04
3.330414335984812420e-04
3.404467663562117793e-04
3.446583665395251510e-04
3.560070631582794775e-04
3.604791525152231365e-04
3.687285414287129774e-04
3.870914739824965868e-04
4.055575353854109382e-04
4.098736630167148782e-04
4.184664995317678260e-04
4.293574617676727129e-04
4.419847885021379067e-04
4.558788826079464198e-04
4.717158052825853984e-04
4.829946699736648074e-04
4.978631030422090700e-04
5.047593401901603535e-04
5.309399634956626143e-04
5.459407869061939271e-04
5.723054083913632108e-04
5.866950199522831316e-04
5.941313921560184000e-04
6.178416943357079028e-04
6.439504081622880521e-04
6.599601199741744924e-04
7.005079171806647027e-04
7.065945515460387173e-04
7.716385310264940994e-04
7.872871188182308747e-04
8.055319431486830228e-04
8.322826764364979046e-04
8.649259566518061699e-04
8.769659701313983410e-04
9.226305829416286920e-04
9.283099973645364371e-04
9.589393221746520977e-04
9.966882787444432401e-04
1.051131345887585571e-03
1.095848241550620179e-03
1.124039295984145684e-03
1.151322559580106406e-03
1.260774442152644238e-03
1.295170110014607886e-03
1.317883037376197785e-03
1.396877071014947539e-03
1.427593625340530664e-03
1.491578866240274954e-03
1.620725487975766942e-03
1.690080119967132420e-03
1.744761037449313887e-03
1.817237965899094840e-03
1.923028455488894886e-03
2.059147202806142427e-03
2.159792003659956241e-03
2.326114076944055947e-03
2.555135888351982298e-03
2.693447320772755001e-03
2.726479295058362260e-03
2.965507804044179799e-03
3.339828796304274670e-03
3.504868199923091929e-03
3.760199078470193110e-03
3.923229427350208472e-03
4.269156096482855205e-03
5.117286104474367929e-03
5.629015957051708950e-03
6.269586300531026016e-03
6.516060138566085423e-03
7.839578270722607350e-03
9.065818247687103260e-03
9.818893183771049138e-03
1.146570374282070148e-02
1.297528915820624074e-02
1.488587547507605295e-02
1.915047993701905760e-02
3.035355186388749224e-02
3.752603921318291985e-02
6.649859130188071066e-02
2.013107087744130941e-01
