-1.588040755298262123e-15
-8.294610511702703022e-16
-6.088504685415221450e-16
-3.965598190940521799e-16
-3.262532593710469501e-16
-3.027166187541946040e-16
-2.667345479924597490e-16
-2.439088542329819259e-16
-2.092769592887949328e-16
-1.965810674489763647e-16
-1.888078484415410861e-16
-1.847495653775944588e-16
-1.709874431502847281e-16
-1.600962102368831169e-16
-1.560069248740772707e-16
-1.477380683947232416e-16
-1.455393887787450372e-16
-1.419339090657500153e-16
-1.357622092119489667e-16
-1.295779317945134881e-16
-1.288414777134841457e-16
-1.253786047261743574e-16
-1.217780061471317913e-16
-1.167693625338261472e-16
-1.158505029482053821e-16
-1.127700589898581336e-16
-1.089215207462856757e-16
-1.077789613560061919e-16
-1.060306493468158124e-16
-1.045325739695593166e-16
-1.031460342912352079e-16
-1.026253111390351365e-16
-9.965910926093671722e-17
-9.809177757652098235e-17
-9.772316392656686425e-17
-9.420060346998769280e-17
-9.334658576667471175e-17
-9.288879504852038066e-17
-9.066638360104534860e-17
-8.898163385284920236e-17
-8.746801809215152993e-17
-8.679572102048691654e-17
-8.520205991156479296e-17
-8.446129249019828967e-17
-8.254390671341956121e-17
-8.175283357494237744e-17
-8.048975761950529944e-17
-7.945503565134248873e-17
-7.816367752159982562e-17
-7.732254017723484970e-17
-7.696092625799261848e-17
-7.641006243734048912e-17
-7.542845988012888143e-17
-7.241332860224521300e-17
-7.189092198836251914e-17
-7.158489426247447980e-17
-7.084511976865274536e-17
-6.894846512982703885e-17
-6.890796265822211927e-17
-6.755699306808395076e-17
-6.674415716315845605e-17
-6.598310339204048285e-17
-6.505671525402890577e-17
-6.451657806468324996e-17
-6.435100951790283447e-17
-6.430212791874067178e-17
-6.356438067598392407e-17
-6.310045418687184425e-17
-6.241592951959338925e-17
-6.154230674515570273e-17
-6.090231994201126870e-17
-6.073756088749393195e-17
-6.022363571110178303e-17
-5.881159213534156210e-17
-5.877978602800353878e-17
-5.766566511226571651e-17
-5.675521724222395409e-17
-5.634397432431136660e-17
-5.606806070664633560e-17
-5.517008035638020540e-17
-5.446330171005387949e-17
-5.402483318301767456e-17
-5.342546925223536650e-17
-5.338181292205089318e-17
-5.243527672781255861e-17
-5.177551112621748835e-17
-5.124840828049696217e-17
-5.075965221175093290e-17
-4.995032566543052646e-17
-4.970926799866941777e-17
-4.924682864972513238e-17
-4.882575871728998960e-17
-4.812648932201863098e-17
-4.791587703384507549e-17
-4.759927500360951370e-17
-4.711850822857068778e-17
-4.659586283311524119e-17
-4.594405439012903109e-17
-4.559249918004069246e-17
-4.522203617623702008e-17
-4.456751857036903103e-17
-4.437862721770571848e-17
-4.401936970157981227e-17
-4.348540319208190945e-17
-4.312732081275078076e-17
-4.301797319301797428e-17
-4.223233413844733392e-17
-4.188303087688578801e-17
-4.162327045443452435e-17
-4.128306102600582980e-17
-4.095355512138952731e-17
-4.047402758530716269e-17
-4.010319693679987938e-17
-3.957492487226815582e-17
-3.931691025246368418e-17
-3.907218756575954359e-17
-3.882187502066610627e-17
-3.844447238354539281e-17
-3.812290902787511133e-17
-3.773316870778032600e-17
-3.685895464242002565e-17
-3.649838781218453165e-17
-3.629663011192705103e-17
-3.621926352947827568e-17
-3.580140061127491525e-17
-3.573143828264420385e-17
-3.534006830826645064e-17
-3.490029709806713460e-17
-3.480832353133746862e-17
-3.396173580882348953e-17
-3.382972975186923680e-17
-3.353472287828373308e-17
-3.329625152772514086e-17
-3.274486443855225155e-17
-3.262652430882026764e-17
-3.247702440840989182e-17
-3.186385974193489987e-17
-3.152651138990179800e-17
-3.136126889591818922e-17
-3.101985008086803483e-17
-3.083427961674691739e-17
-3.070748001823060158e-17
-3.044610355452244265e-17
-3.001409650243131918e-17
-2.981903460525800092e-17
-2.972663675878293424e-17
-2.893656577845606784e-17
-2.875180884528202803e-17
-2.842411619977328757e-17
-2.827911076946854148e-17
-2.816634510633233837e-17
-2.780513027724695014e-17
-2.749347993895068611e-17
-2.718923540267706275e-17
-2.683115122025862702e-17
-2.653746812328747419e-17
-2.645147510987231853e-17
-2.622474991435639044e-17
-2.599411723022336562e-17
-2.542890438127509376e-17
-2.522905433810638350e-17
-2.509356806475066193e-17
-2.497753833681367731e-17
-2.457902427419825978e-17
-2.435284527518301796e-17
-2.408828672162908424e-17
-2.385708180988616609e-17
-2.346092106424013155e-17
-2.313859562741399940e-17
-2.301778870216948036e-17
-2.290927529035176259e-17
-2.241881867387814219e-17
-2.230418580729939020e-17
-2.213420577649659168e-17
-2.194774847458737378e-17
-2.157336176563161252e-17
-2.121604556616169666e-17
-2.101592305963956572e-17
-2.062847870219805365e-17
-2.046614667592084954e-17
-2.027745366284663718e-17
-2.005001651112654338e-17
-1.989723008231111497e-17
-1.972019763187311149e-17
-1.967365778604338501e-17
-1.945095231464859001e-17
-1.924970020200246580e-17
-1.908446658001358134e-17
-1.880388567318452854e-17
-1.854915055778404606e-17
-1.841871446090158711e-17
-1.809036781983748193e-17
-1.792299908757228859e-17
-1.776515068022284688e-17
-1.745838392320695581e-17
-1.718115606500415910e-17
-1.699394378041453372e-17
-1.682690152200856852e-17
-1.669175232356316822e-17
-1.655132482382582414e-17
-1.609115677018821576e-17
-1.591171897926145059e-17
-1.581436399239422247e-17
-1.566402313736291841e-17
-1.546801658585982746e-17
-1.530107472437431167e-17
-1.509701888655662861e-17
-1.477195002779302820e-17
-1.445237537390078831e-17
-1.432594843440378481e-17
-1.410598723947988266e-17
-1.396904284399483577e-17
-1.376300119716398055e-17
-1.350581832398618284e-17
-1.333961592766540330e-17
-1.320085902079866942e-17
-1.313888080666474627e-17
-1.275798121836281942e-17
-1.261468405851461092e-17
-1.237845864498388322e-17
-1.235119006155346334e-17
-1.208203228796487955e-17
-1.200784669008426710e-17
-1.171238107315841744e-17
-1.153778923066172800e-17
-1.145090518055149988e-17
-1.123916655651542318e-17
-1.098151028189213616e-17
-1.077762651734414596e-17
-1.063467429353524116e-17
-1.050108483764994349e-17
-1.026791255943577267e-17
-9.971695242912900085e-18
-9.898220674063443949e-18
-9.754075486795633236e-18
-9.706250677887432331e-18
-9.414818218581727921e-18
-9.228948949264384128e-18
-9.078527313096268420e-18
-8.903096932383100231e-18
-8.759623030883820007e-18
-8.607032449388470856e-18
-8.497167032784304704e-18
-8.350010116505487347e-18
-8.120728812789403473e-18
-8.054627581413913571e-18
-7.949713160033990060e-18
-7.803630957186493469e-18
-7.477179500237885247e-18
-7.401546875536680695e-18
-7.152916924709587628e-18
-7.078021163467851692e-18
-7.028745924159042851e-18
-6.956947128876681123e-18
-6.712020373842357467e-18
-6.658282390136882004e-18
-6.553965137122304799e-18
-6.311237619714834061e-18
-6.155486058021233421e-18
-5.990942453643015966e-18
-5.763366551936894733e-18
-5.690276956579905676e-18
-5.535729801998778314e-18
-5.473865515089899640e-18
-5.343073624464461736e-18
-5.230378215028304382e-18
-5.159272558711655714e-18
-5.023847367701273991e-18
-4.948042157933122233e-18
-4.689146769969251006e-18
-4.516750077024539275e-18
-4.493302976069627763e-18
-4.344301405846992037e-18
-4.256051116981065006e-18
-4.193234854302284222e-18
-3.991809317861106409e-18
-3.792761875377377000e-18
-3.684409822825803430e-18
-3.630314321520870100e-18
-3.494892272991586925e-18
-3.448361499333200297e-18
-3.272306204273975707e-18
-3.246383731144675297e-18
-3.113618034217883898e-18
-3.052572313497440633e-18
-2.955998598516949487e-18
-2.738964845705615842e-18
-2.700348960571520691e-18
-2.655654470381648317e-18
-2.566278987417729246e-18
-2.531461562371040461e-18
-2.208586629228599250e-18
-2.161051340868562495e-18
-2.053331401827100933e-18
-2.011502362638894204e-18
-1.984954203125472309e-18
-1.911918152591454036e-18
-1.736042638357718574e-18
-1.625252849818792443e-18
-1.607886982414880181e-18
-1.466125238007842678e-18
-1.404646027584342809e-18
-1.363658567987556639e-18
-1.230817742107405845e-18
-1.204560403965920320e-18
-1.152973275669661459e-18
-1.104355969180023126e-18
-1.039132122092504487e-18
-9.118782137497546250e-19
-9.023861414426863573e-19
-8.588118994504172990e-19
-7.307169385728495827e-19
-6.708925888206966436e-19
-6.243676753406264733e-19
-5.491525709289343627e-19
-4.778183598042321408e-19
-4.212279429412661306e-19
-3.739518949281360012e-19
-3.005964663768514070e-19
-2.120281103720261344e-19
-1.911982551961078841e-19
-1.036666772399682144e-19
-4.584765530021258965e-20
8.632059877982498545e-21
7.598807705668673354e-20
1.591572093241667033e-19
2.244626771856141548e-19
2.596672381227775684e-19
3.164929879169480945e-19
3.434875693220414687e-19
4.362858182545806765e-19
4.748542134639903417e-19
5.236635697207003288e-19
6.566185606947967096e-19
7.042765543733732222e-19
7.672077503718783134e-19
8.716903059017684040e-19
9.032174069666236668e-19
9.824144517240349990e-19
1.044919731248396595e-18
1.107419237860359754e-18
1.197378837910237550e-18
1.280621291403568157e-18
1.333162328424874885e-18
1.372690799522651645e-18
1.478590190754372526e-18
1.604398188001048711e-18
1.647715601111835384e-18
1.753174607350452416e-18
1.847942434613599924e-18
1.987929564742755381e-18
2.024495553363635097e-18
2.130549621503839525e-18
2.205762147954322811e-18
2.266467854315095551e-18
2.418342637853243780e-18
2.508152692014677302e-18
2.564109902840755717e-18
2.578687508834019496e-18
2.673955920858278573e-18
2.926567404700756594e-18
2.940437329086676206e-18
2.978448281498517812e-18
3.109532191483111899e-18
3.179939592495279947e-18
3.359977063710349096e-18
3.424787920510847417e-18
3.530899982731777224e-18
3.621642501298267167e-18
3.720728165795422589e-18
3.792396931674774698e-18
3.899129240668874321e-18
4.004342985386757087e-18
4.219687225675141606e-18
4.355766898321719093e-18
4.403004824252897016e-18
4.499107385488625517e-18
4.614968436772408319e-18
4.835922741770224669e-18
4.869620044076250438e-18
4.965560090343132163e-18
5.077270562173511117e-18
5.178419223517618516e-18
5.347937033897035230e-18
5.434052626279042869e-18
5.572942985111945639e-18
5.787738158268302487e-18
5.936394048725700276e-18
6.036150190771806620e-18
6.182638804149454498e-18
6.285626296666601221e-18
6.363333741382045091e-18
6.486680122287468074e-18
6.699739982400186941e-18
6.764451463359330998e-18
6.954400790920126993e-18
7.066865002095786826e-18
7.095398311552766952e-18
7.330473742153573168e-18
7.426797100021759911e-18
7.633373395427699756e-18
7.646785910760531409e-18
7.850015694177735845e-18
8.073486089038349930e-18
8.228382699447992462e-18
8.429692655089638457e-18
8.539155665211092525e-18
8.768206126862425459e-18
8.847334634781326095e-18
8.969844805368982848e-18
9.089835695886865783e-18
9.282062227533123968e-18
9.418063691927093459e-18
9.822880414433855192e-18
9.902249929035414784e-18
1.001000403551135429e-17
1.011349453337503295e-17
1.034487887865543934e-17
1.043681328273305746e-17
1.067876463173933528e-17
1.097123124965787740e-17
1.112447081195922286e-17
1.131246831677342501e-17
1.147320258122959238e-17
1.188091153760344884e-17
1.192248862784957271e-17
1.204581969101013269e-17
1.216929929567168259e-17
1.225101484851425550e-17
1.244149944971866290e-17
1.257056354672778598e-17
1.284101143317528404e-17
1.297706736739670477e-17
1.312872816953123474e-17
1.325061622477754802e-17
1.341187336100668680e-17
1.380863914726707913e-17
1.389515182001405839e-17
1.405294539017792356e-17
1.431072020988741231e-17
1.461711258208912452e-17
1.471563005064404707e-17
1.501032074041236295e-17
1.522731111842586819e-17
1.543654691071080286e-17
1.575922093690574524e-17
1.597673103702126479e-17
1.601570659070012164e-17
1.614447510063568570e-17
1.635131206266920006e-17
1.670139999892592232e-17
1.692396512587602361e-17
1.701623701501133206e-17
1.711394835695296287e-17
1.735069366353987953e-17
1.741396809827544740e-17
1.754666328772744751e-17
1.789395146714770451e-17
1.804014992411640371e-17
1.828552442094640736e-17
1.849483245861623512e-17
1.857866704032282269e-17
1.883868668606876596e-17
1.889165459884686069e-17
1.910261338874751113e-17
1.950594487778223441e-17
1.966183451628705080e-17
1.985698619046793167e-17
1.993992292274931602e-17
1.998256142842385805e-17
2.026824364722847657e-17
2.079508097363842831e-17
2.104434132469445969e-17
2.112871364630989598e-17
2.133905376004164754e-17
2.157884335284759144e-17
2.187877866352645600e-17
2.202328953752443102e-17
2.234527839953943245e-17
2.238187467166370152e-17
2.261489668152841357e-17
2.287601464844754671e-17
2.327820551034813514e-17
2.351429379239918066e-17
2.371143943226555847e-17
2.393564460948347649e-17
2.399662516862504510e-17
2.434741486954113012e-17
2.470921004199598940e-17
2.502337301887139688e-17
2.524030891214707844e-17
2.536780609265228194e-17
2.553633963914435572e-17
2.622533718723589920e-17
2.638706879181744246e-17
2.656684661470105268e-17
2.689215950189185776e-17
2.734547425111975615e-17
2.762078651769871519e-17
2.789261490522309480e-17
2.809407221333652992e-17
2.816526895170791100e-17
2.870667756013997837e-17
2.904809519298684215e-17
2.943239258816729066e-17
2.972964245951836482e-17
2.997758524694506656e-17
3.015205536920371661e-17
3.089211941644480625e-17
3.108465395687750106e-17
3.136290699160123461e-17
3.146505546897049834e-17
3.170939277484881521e-17
3.184743099018122473e-17
3.216764515284353771e-17
3.238485705788359216e-17
3.249796137336105300e-17
3.295378674456699571e-17
3.315530092034480303e-17
3.322836940638474835e-17
3.351802369791458231e-17
3.440979041499334655e-17
3.458868815700720591e-17
3.478907979255418430e-17
3.536198281032144071e-17
3.592949149709546042e-17
3.609894994073110683e-17
3.652345951929779527e-17
3.669153752619475364e-17
3.714545550476319706e-17
3.725421310022087523e-17
3.782704630057792634e-17
3.835550589373697164e-17
3.879215245106493507e-17
3.913820191404650390e-17
3.934001707223165551e-17
3.988669842039219162e-17
4.046613693275214966e-17
4.050265686251930322e-17
4.067090502661002290e-17
4.107918360922842398e-17
4.147050105454983873e-17
4.181352451467682317e-17
4.239711737379592834e-17
4.288187219290060514e-17
4.293307846195608322e-17
4.359563496190144411e-17
4.396018605063958420e-17
4.432592730579746783e-17
4.492295294742150269e-17
4.513016679077460943e-17
4.557266490684432275e-17
4.596866985093060357e-17
4.634708457605504240e-17
4.667373718724827421e-17
4.734061481566006472e-17
4.753915899488264127e-17
4.813953741724361118e-17
4.845585417944783742e-17
4.910066297891398275e-17
4.922945876885190783e-17
4.955428485937785018e-17
5.017522992805670988e-17
5.074177027945297255e-17
5.101030345080144267e-17
5.157230627336466395e-17
5.234446539026434950e-17
5.283267968791755227e-17
5.335524523984758591e-17
5.376649171444079763e-17
5.495890836178397437e-17
5.575612885145848220e-17
5.633489874326898350e-17
5.669648039198527425e-17
5.727878938503084658e-17
5.797108548661859692e-17
5.831894984339099018e-17
5.899646935566689708e-17
5.930099048961472146e-17
5.961578330387633318e-17
5.969240837067773731e-17
6.045121878281942754e-17
6.155813506538072916e-17
6.214909342494202433e-17
6.326322986998023078e-17
6.358068064559635996e-17
6.434476048155374947e-17
6.559474930647049915e-17
6.645341447507505626e-17
6.730341787816467573e-17
6.843865834989255051e-17
6.921470200657243259e-17
6.986654195256136702e-17
7.036912625732412449e-17
7.126340771515238366e-17
7.141927846493122460e-17
7.267455763061543325e-17
7.388359526294755236e-17
7.512131612696758731e-17
7.523836073536096536e-17
7.608277532193075963e-17
7.754176960015403019e-17
7.816689612133437081e-17
7.957171352851130554e-17
8.071879135459318537e-17
8.142770075894294253e-17
8.201039620365698865e-17
8.382299248400131203e-17
8.520447436793303104e-17
8.646324453914111010e-17
8.765246207487530706e-17
8.864497899013314237e-17
8.893146708053184627e-17
9.038603461034736921e-17
9.180510777550888249e-17
9.327330425013810408e-17
9.551296504944345372e-17
9.757994114368781483e-17
9.959217403151722681e-17
1.012686055843151732e-16
1.036613407953395216e-16
1.048641900368773510e-16
1.061620277038152564e-16
1.093687354488448909e-16
1.122638382271832220e-16
1.131792866295033824e-16
1.161260396414456335e-16
1.194044239310612481e-16
1.201124634279003699e-16
1.254377199939532228e-16
1.302769233269204174e-16
1.313524031666050080e-16
1.344738215801995451e-16
1.358080794749475256e-16
1.409234997817964550e-16
1.483093547472629000e-16
1.502162583837778442e-16
1.540572039098044773e-16
1.600517891325511499e-16
1.643336012172688224e-16
1.810896746836459802e-16
1.888595506826112842e-16
1.946825769033814598e-16
2.184422743540350505e-16
2.294127292222904483e-16
2.832213893214232213e-16
3.086058460431191647e-16
3.267170536138111518e-16
5.107087768276140062e-16
6.690058863874100536e-16
1.365669558042017299e-15
1.124106978880174985e-03
2.105764837027036211e-03
2.606669153780745776e-03
4.386983312957923146e-03
4.827746411757264516e-03
5.300576145586155530e-03
6.115876441312065141e-03
7.231942897849302603e-03
8.518638171023730152e-03
9.837052384113835132e-03
1.322281620539532583e-02
1.555672520944535731e-02
1.875051799134552430e-02
2.536315342063946709e-02
4.459316617341223948e-02
5.491157473662776345e-02
7.183141673032927832e-02
8.282714751208206105e-02
1.018682672450556409e-01
1.344306448812293830e-01
1.803236282598112694e-01
4.919670379240594915e-01
2.414944235940370998e+00
4.551755582906832132e+00
1.338998859229439020e+01
