5.935440171003789414e-03
5.393275849989304961e-03
4.323602732199301364e-03
1.714237591196761000e-03
1.263892306367353545e-03
8.624115178491427924e-04
6.476731483926516592e-04
5.799528002036420703e-04
5.003338220350238676e-04
4.795958282579896779e-04
4.593510417246661893e-04
4.395887071851570390e-04
3.792552447136108120e-04
3.603709972333593060e-04
3.527815107939778435e-04
3.394442739532032736e-04
3.217915491410752596e-04
3.118004952307359121e-04
3.047939990899625425e-04
2.893732270924044472e-04
2.834743621617308112e-04
2.659528307881586632e-04
2.623821423075661449e-04
2.470444153596187986e-04
2.358108475479461124e-04
2.293411668208968437e-04
2.108449198744365670e-04
2.094766737634956501e-04
2.047597390155607108e-04
2.004129618664248793e-04
1.953322660675664633e-04
1.852088966128742707e-04
1.793327517912694932e-04
1.733316271417385357e-04
1.688659910134567390e-04
1.641270955106389172e-04
1.570120639476891785e-04
1.544315941675145185e-04
1.507204073652693588e-04
1.458540606828165494e-04
1.455237138901923992e-04
1.403466482766783116e-04
1.344639677971003840e-04
1.324919279234456715e-04
1.300615285521052955e-04
1.272778423500800905e-04
1.261220258900607350e-04
1.217399446858932267e-04
1.164695398463023036e-04
1.132700535680152627e-04
1.117678123672813026e-04
1.083305034869032801e-04
1.037257888104874966e-04
9.950786324443434397e-05
9.667456445518581498e-05
9.578586998174300963e-05
9.479521563101705973e-05
9.231336524567206763e-05
8.933776146475144394e-05
8.799976068898276017e-05
8.448093085722934174e-05
8.348901803008237747e-05
8.232437700286912878e-05
8.030765668977867498e-05
7.791099924917548752e-05
7.586985835435948802e-05
7.378621678247908116e-05
7.263678706235711542e-05
7.080604950672391503e-05
7.002369537389563500e-05
6.752179999661354318e-05
6.532703108256151224e-05
6.312742490740207678e-05
6.244763065758098799e-05
6.073095349263129574e-05
5.867620028715791721e-05
5.763963940478588791e-05
5.638892093958638698e-05
5.466472018103766639e-05
5.403151650153413364e-05
5.320380062224798788e-05
5.197660330884116327e-05
4.941644182767200572e-05
4.825212521457546171e-05
4.718351998088300291e-05
4.551294500625840017e-05
4.513575218932580700e-05
4.333698813951805863e-05
4.308088286873266445e-05
4.152672277226659943e-05
4.040460425203889572e-05
3.892280492383107021e-05
3.823435771921441861e-05
3.779108003156466587e-05
3.687595490296001688e-05
3.590847957298035612e-05
3.549270050289392997e-05
3.396993410695091440e-05
3.336832059577847726e-05
3.244723695731087897e-05
3.160703700254380121e-05
3.079829883812566473e-05
3.029856297779856886e-05
2.970918110932102809e-05
2.893792365415424723e-05
2.852747073983797550e-05
2.799904947203335682e-05
2.679933084170278045e-05
2.617187192448331562e-05
2.522807421833951895e-05
2.494824917229851254e-05
2.403198762690895979e-05
2.331216948901675424e-05
2.324815191463943564e-05
2.308905261807262758e-05
2.196806954292112847e-05
2.180544361295128986e-05
2.057281998745524417e-05
2.028278298453871985e-05
2.007024343537416986e-05
1.923444704536671053e-05
1.876617017641116697e-05
1.822624914132974351e-05
1.802627613960442455e-05
1.723518696758176045e-05
1.684181893134486312e-05
1.646990132548797409e-05
1.603140604410673023e-05
1.583286990629807805e-05
1.555991443022528104e-05
1.501795652368129823e-05
1.483836681290434530e-05
1.464778826801038544e-05
1.382585208651871799e-05
1.343889672571386165e-05
1.334798673089155371e-05
1.303775983088240261e-05
1.288279582673142696e-05
1.266654202864648114e-05
1.225862515230931230e-05
1.176980202155587975e-05
1.143598935679435533e-05
1.112790101574142973e-05
1.093995054225205141e-05
1.084426687132330176e-05
1.035586738095709140e-05
9.995530305780103348e-06
9.836073348968195961e-06
9.468727204315424562e-06
9.181324769013772798e-06
8.829266263518879273e-06
8.650322634521626338e-06
8.385328674997064968e-06
8.273295016794439586e-06
7.942623414466020167e-06
7.473378882714810829e-06
7.396625811479957850e-06
7.127755055715890102e-06
7.059140991758703539e-06
6.917255652640318255e-06
6.716620130832592050e-06
6.595663000684836989e-06
6.450833129395395333e-06
6.001570231566270712e-06
5.865950041509919522e-06
5.601925562564566806e-06
5.429983428892107087e-06
5.360625074782219764e-06
5.262833531309261484e-06
5.033400224781413224e-06
4.932716122500040867e-06
4.641479249651640185e-06
4.586822470004201549e-06
4.483192509665699658e-06
4.380300823453074889e-06
4.186677371962621020e-06
4.086241492578045035e-06
4.032055440214104562e-06
3.967236161197002173e-06
3.829371601788469859e-06
3.697395688652438969e-06
3.486381008189094089e-06
3.377993237680855695e-06
3.289694616069014108e-06
3.271212867580427102e-06
3.086629908948655178e-06
2.978711751566516726e-06
2.954596964010092449e-06
2.854633242337671213e-06
2.790339509189937242e-06
2.649939191308522646e-06
2.528213877192196051e-06
2.460342861331743758e-06
2.271728988938057976e-06
2.224885884648611361e-06
2.147166556583541091e-06
2.049701788161395105e-06
1.973712672131637458e-06
1.952833343013547552e-06
1.912044761387587162e-06
1.844251790795140634e-06
1.811100263872267024e-06
1.768581450697470584e-06
1.681971941829375612e-06
1.676347099747470376e-06
1.541828025998874527e-06
1.524143541885457560e-06
1.450313921983286777e-06
1.353872169248812771e-06
1.334281637012495287e-06
1.327292393816913323e-06
1.277521914893351384e-06
1.214931258932253883e-06
1.128847418098518777e-06
1.028095704128850687e-06
1.008129799644038034e-06
9.688770335173818738e-07
9.451575123046774355e-07
8.974422698275897227e-07
8.137879562419668002e-07
7.844692495832270884e-07
7.411455375050938985e-07
7.053208617083553551e-07
6.745672800762226597e-07
6.173596724505763625e-07
6.057143849366191322e-07
5.513817711483073926e-07
5.279501612839170937e-07
4.826128516718612106e-07
4.636526893113171787e-07
4.288635018519050653e-07
4.148619114764524801e-07
3.992172147751785097e-07
3.752088740777282708e-07
3.456289822850669979e-07
2.905222658572528175e-07
2.793033107503494924e-07
2.609731859093401083e-07
2.331998174650216654e-07
1.944348397601671827e-07
1.582490296709707459e-07
1.501654916207858439e-07
1.232978352665151386e-07
8.860350623924919258e-08
7.034334345519732908e-08
6.059722644141193309e-08
3.860908165184709651e-08
5.453067891702537443e-09
6.261670855258474115e-20
-3.672649138929724840e-20
-1.622231829441538910e-09
-3.788646082849690205e-08
-5.327567043292689131e-08
-8.306123374769258233e-08
-9.921263737553425068e-08
-1.131987377660711217e-07
-1.719352065773139037e-07
-2.145121094544220130e-07
-2.230311473706563611e-07
-2.938598927331954159e-07
-3.480503598309793718e-07
-3.580944337193830035e-07
-3.957161382495387838e-07
-4.235923873284408103e-07
-5.142985305575508158e-07
-5.580782297085873308e-07
-6.605155977576983979e-07
-6.867089272822254603e-07
-7.304139026040333363e-07
-7.644060920745984154e-07
-8.114451847563851523e-07
-8.571863445688597445e-07
-9.051574765352190921e-07
-9.537503804244169516e-07
-1.003163458334673082e-06
-1.049298497993539372e-06
-1.110961979773483669e-06
-1.176833351731296764e-06
-1.274534522564868601e-06
-1.298497010204811819e-06
-1.347948002982789990e-06
-1.386590404458027468e-06
-1.443245187815710219e-06
-1.568835095686616613e-06
-1.660039482373370278e-06
-1.700799026263822967e-06
-1.794378026601059493e-06
-1.841283756590722684e-06
-1.933660723529547364e-06
-1.980349784993585402e-06
-2.060298451583255438e-06
-2.196184761613507580e-06
-2.299346829666875913e-06
-2.391588542532199107e-06
-2.457692600037280502e-06
-2.517397018272772361e-06
-2.572894425185900402e-06
-2.622760730870559038e-06
-2.742156898172425318e-06
-2.890113123157892377e-06
-2.936511270047564053e-06
-2.999743564583332007e-06
-3.090650069510244961e-06
-3.152304227902038907e-06
-3.290580982169989915e-06
-3.311774416031622010e-06
-3.398391059621688946e-06
-3.561653499226990126e-06
-3.625847781854501743e-06
-3.709566953551242162e-06
-3.785743742259863447e-06
-3.844183042473893414e-06
-3.964410600827473283e-06
-4.016587820662240933e-06
-4.169977747249528867e-06
-4.240083492105434541e-06
-4.361575055062747908e-06
-4.464953117844270455e-06
-4.652228841210220045e-06
-4.726903493645368246e-06
-4.758133625377666287e-06
-4.848522284987108673e-06
-4.969980480252908983e-06
-5.145994581807975496e-06
-5.244241435731054839e-06
-5.437969237040380993e-06
-5.615591118012616807e-06
-5.668370290865080070e-06
-5.948146384232222104e-06
-5.979930350324507956e-06
-6.062055236120697733e-06
-6.128685575915508102e-06
-6.310898743965009599e-06
-6.513071467630174191e-06
-6.720876700011504475e-06
-6.768690366815214241e-06
-7.000555917498416645e-06
-7.073514308190984686e-06
-7.244966495349951868e-06
-7.354010774713721536e-06
-7.430439673827719181e-06
-7.526327731510932978e-06
-7.730904736954737622e-06
-7.777652708196937763e-06
-8.094791675572207562e-06
-8.385531879043170444e-06
-8.479948025059128773e-06
-8.608669063801690805e-06
-8.770967492783376506e-06
-9.104740936578867075e-06
-9.147978495264693497e-06
-9.282940262259985995e-06
-9.399546047385270631e-06
-9.727252613939354426e-06
-9.889430485935198138e-06
-1.020456742702546032e-05
-1.028214302650610240e-05
-1.039528026642945546e-05
-1.062399523528324022e-05
-1.073184574039157127e-05
-1.095319270487416618e-05
-1.105396697249671580e-05
-1.118761616000191134e-05
-1.129276070601739645e-05
-1.170307191436127585e-05
-1.196252603985773048e-05
-1.205903476979943848e-05
-1.228383895543288973e-05
-1.269441472583168038e-05
-1.286577653264105541e-05
-1.300523985550304510e-05
-1.323039815048087570e-05
-1.355326726880628109e-05
-1.367306873566423073e-05
-1.399138410744839345e-05
-1.416884023902282303e-05
-1.417582290382285486e-05
-1.436214995557795953e-05
-1.480083635031922953e-05
-1.536513212185484472e-05
-1.547555554136894647e-05
-1.568421166118573438e-05
-1.578379639060774128e-05
-1.615422859470005200e-05
-1.653953824150776906e-05
-1.683130579445727302e-05
-1.690520637833428452e-05
-1.717993596512400092e-05
-1.743128013912606850e-05
-1.748718304494790944e-05
-1.782145155593054371e-05
-1.809142930184969136e-05
-1.839385294802166898e-05
-1.867321699343852962e-05
-1.878972511584568321e-05
-1.901435673052088033e-05
-1.928066091542885585e-05
-1.960698940942887276e-05
-1.981472800351065524e-05
-2.017351059255048708e-05
-2.049356949649689500e-05
-2.104180750721067921e-05
-2.116997359051504504e-05
-2.134285031251790347e-05
-2.156861223345837215e-05
-2.250793394890680468e-05
-2.286944832636579215e-05
-2.306475562329146094e-05
-2.332590905505781684e-05
-2.347798427115521005e-05
-2.384604623397384854e-05
-2.424478431687659928e-05
-2.456571639706792886e-05
-2.488277342277457559e-05
-2.522351230232407982e-05
-2.589346582597490141e-05
-2.630904289501526298e-05
-2.649032250919419808e-05
-2.701174539147291299e-05
-2.716808305221434159e-05
-2.771500352537818894e-05
-2.826226549668795656e-05
-2.829916302372258798e-05
-2.901249805662372053e-05
-2.949678381885133987e-05
-2.964165017008368492e-05
-2.996540936464557373e-05
-3.019268972701103122e-05
-3.111769483054549717e-05
-3.158738270765851328e-05
-3.225185514345330231e-05
-3.241059973733645627e-05
-3.276014017549307112e-05
-3.357627143019528069e-05
-3.379622038262934094e-05
-3.450939809611946232e-05
-3.483479077717866178e-05
-3.518822774658924961e-05
-3.628702817951336959e-05
-3.655795536675239961e-05
-3.692991605073905301e-05
-3.698234300021994829e-05
-3.784338375732067684e-05
-3.816285527335521512e-05
-3.847038244134037203e-05
-3.939607378799590950e-05
-4.015662701699007305e-05
-4.029602458670197276e-05
-4.125675125177910064e-05
-4.179261455235596024e-05
-4.274953991377161634e-05
-4.295871087570784488e-05
-4.331350762463599398e-05
-4.357930728637380668e-05
-4.408535069976750732e-05
-4.468629503283857871e-05
-4.548084045762707596e-05
-4.608572854727729256e-05
-4.737462499850301540e-05
-4.758312976348348877e-05
-4.825465940130714624e-05
-4.891697861392178153e-05
-4.917282076026068910e-05
-4.967439654958546498e-05
-5.031162997548026299e-05
-5.090521862622756271e-05
-5.185029223175808606e-05
-5.297002593364936188e-05
-5.386012579692849332e-05
-5.537709667089755973e-05
-5.602330458306114695e-05
-5.668855197426756598e-05
-5.704108411078690996e-05
-5.763943269915703743e-05
-5.807377051171622292e-05
-5.909649083188805752e-05
-5.948790893546132211e-05
-6.100811171350430817e-05
-6.217922524749965019e-05
-6.366610258881339032e-05
-6.390739519694326842e-05
-6.440174663635205119e-05
-6.459546582076341917e-05
-6.622115822644721852e-05
-6.720344237828713269e-05
-6.847104830376261691e-05
-6.926136471292407282e-05
-7.027527346039026473e-05
-7.106863125699038302e-05
-7.130463555656343932e-05
-7.301715175333572331e-05
-7.363795604757582302e-05
-7.397915867683251500e-05
-7.429660558996010436e-05
-7.523042815976751087e-05
-7.668464204037785310e-05
-7.798850530801808398e-05
-7.925022342432621529e-05
-7.948226481765200129e-05
-8.100900648006750977e-05
-8.141991178371214507e-05
-8.361959379884524525e-05
-8.383237037252081283e-05
-8.447822296182303577e-05
-8.532426094959707976e-05
-8.666231316460380513e-05
-8.874866354656502272e-05
-9.017282608472173579e-05
-9.137020259970429390e-05
-9.316538545783631040e-05
-9.378285757768662961e-05
-9.416484137894865153e-05
-9.662676244725978015e-05
-9.688660588008761725e-05
-9.829353214157326730e-05
-9.938846322162568040e-05
-1.008282458728131483e-04
-1.025590572043105211e-04
-1.025984280446217296e-04
-1.056756670796752648e-04
-1.059997068435903451e-04
-1.095270804202002810e-04
-1.119801037666346165e-04
-1.131674785748081963e-04
-1.147525320438027067e-04
-1.166313114297168015e-04
-1.177095221880390869e-04
-1.194215956336458609e-04
-1.207174800248200943e-04
-1.213868955956027581e-04
-1.222069240602914218e-04
-1.241313020384612528e-04
-1.243037652548360133e-04
-1.257487401516012662e-04
-1.285220750644383624e-04
-1.290942813777208272e-04
-1.311724834067183381e-04
-1.328021214985443594e-04
-1.345097663568211243e-04
-1.376805761296099175e-04
-1.390051764672795790e-04
-1.426776063954039047e-04
-1.443526039532601140e-04
-1.463987719039370940e-04
-1.476257033800726891e-04
-1.489744283689173917e-04
-1.510987161252157771e-04
-1.538814204488983528e-04
-1.549867042971559924e-04
-1.578831269980719362e-04
-1.600161927679988230e-04
-1.616636644073383782e-04
-1.634031594062112201e-04
-1.665132535560887191e-04
-1.676056720737167526e-04
-1.711998807427799754e-04
-1.729419878031280276e-04
-1.754438704050470630e-04
-1.768681313446877857e-04
-1.790745868519589689e-04
-1.819727433032530665e-04
-1.853047890677002449e-04
-1.882192552962427454e-04
-1.893329386707629262e-04
-1.921569028987552409e-04
-1.949324365037471930e-04
-2.012432962178883368e-04
-2.027005586265553537e-04
-2.080390776610135299e-04
-2.114658273926748905e-04
-2.136445738339065559e-04
-2.155491142863343219e-04
-2.162463260481467498e-04
-2.201648246103134513e-04
-2.220426590018119547e-04
-2.246893673557297960e-04
-2.259295428935074231e-04
-2.289392372911469890e-04
-2.345208405577727971e-04
-2.383782189350567703e-04
-2.417637678718914879e-04
-2.445149018961750224e-04
-2.467463251952618851e-04
-2.533447884153462119e-04
-2.579857435080313102e-04
-2.597264016287330920e-04
-2.661930878932045053e-04
-2.708125095191982580e-04
-2.745657646202866262e-04
-2.762522790639758636e-04
-2.802507198484520683e-04
-2.881089530126117789e-04
-2.894463534218742382e-04
-2.942389976994720267e-04
-2.974240807154086039e-04
-3.011252048751852993e-04
-3.044235829950439598e-04
-3.149185911336753441e-04
-3.204299395841568479e-04
-3.243899901966748860e-04
-3.311483236698070155e-04
-3.348892205047817499e-04
-3.390789796268535222e-04
-3.450202898690576578e-04
-3.496799496443527759e-04
-3.611035881580229785e-04
-3.630061510542914984e-04
-3.683123414991641047e-04
-3.716575642559624931e-04
-3.753240491959527721e-04
-3.834192380443038556e-04
-3.953636846157053560e-04
-4.038086470274117584e-04
-4.071323018167034022e-04
-4.130795742374922534e-04
-4.163230455782534838e-04
-4.194892528261164283e-04
-4.259455420034486350e-04
-4.315205353403331681e-04
-4.536872228222613287e-04
-4.572828717285426395e-04
-4.611797657316826348e-04
-4.677940122666891299e-04
-4.729659796446375420e-04
-4.827911501705832095e-04
-5.003755384277423389e-04
-5.023481275860408081e-04
-5.178728444577556256e-04
-5.246719079544456691e-04
-5.290684528246238777e-04
-5.568749632430895205e-04
-5.662816118805019628e-04
-5.732482947234166220e-04
-5.834885346686572837e-04
-5.977429567967592911e-04
-6.020676706576656538e-04
-6.308752416998993865e-04
-6.417609326790398028e-04
-6.454373046933013043e-04
-6.689010100934354849e-04
-6.838533691160485987e-04
-7.091599172632842129e-04
-7.162531489349819973e-04
-7.282628434163171752e-04
-7.503162942757703137e-04
-7.663191620565113372e-04
-7.819405413371028138e-04
-8.001775312323263639e-04
-8.274505077511915430e-04
-8.674353950736163506e-04
-8.753948816663829555e-04
-9.019712690788092568e-04
-9.140977445159086676e-04
-9.562562389845408704e-04
-9.760940968929891250e-04
-1.031462859529019274e-03
-1.048035478239874680e-03
-1.077664568751524055e-03
-1.126514207326152024e-03
-1.138254524662613704e-03
-1.170119332143039047e-03
-1.220783145674389459e-03
-1.240274280480199590e-03
-1.300065603462477459e-03
-1.320456412481734332e-03
-1.369042749759073838e-03
-1.446876625910263224e-03
-1.550082646587363881e-03
-1.589024698989301848e-03
-1.787184109581552421e-03
-1.850584092315079796e-03
-1.985578036918121334e-03
-2.233851951531029990e-03
-2.336676607963520877e-03
-2.452177578368705622e-03
-2.646036427167616431e-03
