-2.597322399826939021e-01
-5.819728652472543756e-02
-2.560884138464456644e-02
-2.315948283882436967e-02
-1.514420400813191667e-02
-1.220131156553624571e-02
-8.388673045312192503e-03
-7.705587443640305768e-03
-6.979943344605330120e-03
-5.880797926784363770e-03
-4.485907361783312425e-03
-4.316725500564785357e-03
-4.049517535687014586e-03
-3.399408983062573216e-03
-2.969798370268503847e-03
-2.868892892799256022e-03
-2.480258818860511024e-03
-2.390102972736913439e-03
-2.250064920757286358e-03
-2.148662679698043042e-03
-1.973529961105591722e-03
-1.856149985354328593e-03
-1.763769984885100225e-03
-1.610480382764675495e-03
-1.525260768577422045e-03
-1.412675769267760992e-03
-1.340016293670598336e-03
-1.254318224303393060e-03
-1.215226247773972153e-03
-1.178431881226977423e-03
-1.139178107130608226e-03
-1.090693539744209397e-03
-9.847834533289296591e-04
-9.707719532488611868e-04
-8.887862101828424011e-04
-8.282044801583893136e-04
-8.164781523755292253e-04
-8.033874295637246764e-04
-7.742736910112130036e-04
-7.319305081263143475e-04
-6.984655517663323869e-04
-6.591060840958727499e-04
-6.462129532598530650e-04
-6.322645261720740133e-04
-5.715352155620367219e-04
-5.533415424930674493e-04
-5.421825864825679077e-04
-5.162807132137099166e-04
-4.838923463031313344e-04
-4.828042187700695318e-04
-4.610690359205325394e-04
-4.482799563360474575e-04
-4.276142369412795196e-04
-4.162474036173937535e-04
-4.060291421550816767e-04
-3.756818862883352537e-04
-3.583047805337340988e-04
-3.549025698925863397e-04
-3.346908030566611092e-04
-3.131099217277229555e-04
-3.095961279446004795e-04
-3.062415625256718335e-04
-2.947080751930263639e-04
-2.788490498029251433e-04
-2.700858834352261643e-04
-2.583842781799935377e-04
-2.444267660753794095e-04
-2.419549808132373308e-04
-2.341728699204531302e-04
-2.255573260351707127e-04
-2.146213864447066560e-04
-2.117733543086193970e-04
-2.094597764937115077e-04
-1.991677208665638553e-04
-1.868356878902454124e-04
-1.853182515664088888e-04
-1.783241020035592405e-04
-1.745168972173201816e-04
-1.670478373164839721e-04
-1.629514174876257339e-04
-1.567542402115412205e-04
-1.475687361439020147e-04
-1.458354867832396416e-04
-1.428921823073861063e-04
-1.404866522595834720e-04
-1.317288875903881065e-04
-1.301807158717580080e-04
-1.247301024398799634e-04
-1.196175731256924159e-04
-1.144667093830269275e-04
-1.126620616043306317e-04
-1.090042210023156659e-04
-1.079784859754472911e-04
-1.047401602727427534e-04
-1.013852253673321833e-04
-9.586513537992887013e-05
-9.466303437811522084e-05
-9.259725650774503847e-05
-8.809149448443556979e-05
-8.463923415351688902e-05
-8.328350106671278841e-05
-8.082540188312576290e-05
-8.054007347649975773e-05
-7.870036589725555728e-05
-7.242422757327582632e-05
-6.975547280000693494e-05
-6.886063227497376616e-05
-6.819474937025175561e-05
-6.356910684857079046e-05
-6.315431199580374348e-05
-6.057600835526028119e-05
-5.873132533515508719e-05
-5.727047887185728042e-05
-5.413077557889551150e-05
-5.319123535832598110e-05
-5.027465185046243551e-05
-4.924146750340647566e-05
-4.811912080364698406e-05
-4.718507713219407428e-05
-4.565622635851358249e-05
-4.372588129132619670e-05
-4.254386903306544855e-05
-4.097106389821320911e-05
-4.072496485931147121e-05
-4.028026924255415564e-05
-3.867366385812382135e-05
-3.662748077198015625e-05
-3.623970481789217692e-05
-3.400198872256078944e-05
-3.309489449487050620e-05
-3.214320291199785994e-05
-3.107452922360490200e-05
-2.979371801366573983e-05
-2.854569465442517370e-05
-2.745659065396828034e-05
-2.704780853264487887e-05
-2.656282080548101816e-05
-2.579333204329429684e-05
-2.467342691622705626e-05
-2.400694167077978470e-05
-2.278761231250165688e-05
-2.249465964969420408e-05
-2.195222754182493336e-05
-2.144473542489974341e-05
-2.107880818465953599e-05
-1.979167116221123389e-05
-1.877726676111207750e-05
-1.826335591002254110e-05
-1.784881241249231654e-05
-1.740674645745030389e-05
-1.615685240217237139e-05
-1.585935009465843149e-05
-1.535933713786544912e-05
-1.520898029158261654e-05
-1.486873099984078009e-05
-1.474449440368512784e-05
-1.419612084600287476e-05
-1.397552099905853411e-05
-1.305007124411641460e-05
-1.249019118246747141e-05
-1.173506218859745230e-05
-1.110069725424552506e-05
-1.070336424341122420e-05
-1.047720119115817664e-05
-1.039115044658459732e-05
-9.815482027052553740e-06
-9.643065076539564218e-06
-9.125552385012573246e-06
-8.942527086624602661e-06
-8.581089709697544056e-06
-8.351532921758963426e-06
-8.139560949863002559e-06
-7.875130325855645569e-06
-7.324253598492469123e-06
-7.114430175809394932e-06
-6.994155248136462265e-06
-6.856705930116900763e-06
-6.400480537658073428e-06
-6.273122189688015263e-06
-6.038414003388883566e-06
-5.854270305484882494e-06
-5.605669261058621193e-06
-5.406576351595456871e-06
-5.068409241345854140e-06
-4.963637816140663547e-06
-4.688834668168176570e-06
-4.556082205836623782e-06
-4.404748417676871784e-06
-4.254301175402495444e-06
-4.219464546512701352e-06
-3.959382689157072032e-06
-3.842824592070453796e-06
-3.809084778527313724e-06
-3.589560667560103978e-06
-3.477772153927161490e-06
-3.382844034248803962e-06
-3.315362786642623519e-06
-3.028808053467469443e-06
-2.875840369260385833e-06
-2.777625568786895184e-06
-2.697941851147218477e-06
-2.554442041149710944e-06
-2.438426056487840041e-06
-2.348110359788439025e-06
-2.209192696338561753e-06
-2.105111825224015635e-06
-2.084402831596843664e-06
-1.950789466181714543e-06
-1.843742037436586770e-06
-1.781459205309515732e-06
-1.757764550275784266e-06
-1.559610135218093290e-06
-1.482204025158932035e-06
-1.440747700822847882e-06
-1.367970808970730733e-06
-1.309035346479055980e-06
-1.138562572430818068e-06
-1.080209211793087013e-06
-1.043640557629218957e-06
-9.577916147607472169e-07
-9.097476132752329539e-07
-8.669564807167848152e-07
-8.366671826164819432e-07
-7.931195217293250736e-07
-6.933541741906909378e-07
-6.406335661069686725e-07
-6.086499273210143041e-07
-5.090780392580255951e-07
-4.639649088476919881e-07
-4.314097517741456230e-07
-3.409554231304993724e-07
-2.800238119865167174e-07
-2.466164127001578331e-07
-1.984500299514460431e-07
-1.838124044235319203e-07
-1.704185769736833346e-07
-8.945675440458297042e-08
-5.290490077957382470e-08
-1.658926859100954608e-08
-1.944926924588020993e-19
5.439306790906562694e-19
6.626062899445392380e-08
7.988068670106960753e-08
1.601301372967014396e-07
1.685654312924460951e-07
2.598606031127573064e-07
3.194251598685399188e-07
3.783497050030910731e-07
4.970814037413752837e-07
5.895784788724734765e-07
6.057955625324461611e-07
7.464221058895048688e-07
8.625441866243345229e-07
9.343718153200629809e-07
1.011124030054629256e-06
1.157260080912283866e-06
1.163293448879632172e-06
1.355374815278025849e-06
1.428043502068534249e-06
1.514392616610764499e-06
1.628416424767973451e-06
1.701246021414214235e-06
1.816254279903220175e-06
2.042806414075678504e-06
2.086463169300952041e-06
2.132932107959132300e-06
2.168156559650991743e-06
2.342163854485322093e-06
2.489406744170788255e-06
2.632480091348648592e-06
2.704555642896986014e-06
2.860133293656418674e-06
3.060948097376601518e-06
3.302277052673344078e-06
3.442632144906002963e-06
3.552578346817857421e-06
3.788962279050570537e-06
3.877240656681243195e-06
3.933951825795223325e-06
4.192150229790065797e-06
4.267904181503528966e-06
4.342719319540296307e-06
4.648295286035866001e-06
4.785113090763496001e-06
4.849523135437802181e-06
5.070992114843787335e-06
5.324450057681037363e-06
5.387454018481615675e-06
5.727363210252313068e-06
5.961536239187539309e-06
6.236232007612448297e-06
6.317434386142934136e-06
6.484092004899186988e-06
6.683842644109623391e-06
6.938026338602450423e-06
7.018965473401832914e-06
7.072141158860629549e-06
7.260392073623929890e-06
7.572202147640789274e-06
7.643558541274694720e-06
7.916328202451683221e-06
8.004238585484529158e-06
8.408217696715072044e-06
8.485374256436120218e-06
9.013234494291566878e-06
9.096675456729616803e-06
9.389639973888474787e-06
9.721705659633201929e-06
9.836028990739024237e-06
1.000925328820392318e-05
1.022099678542243030e-05
1.038457536926112202e-05
1.116139802537773807e-05
1.140780601136975292e-05
1.159283736437940279e-05
1.190695789336022207e-05
1.202735679598631768e-05
1.221367199054541964e-05
1.252246831675481288e-05
1.286490089686472337e-05
1.305188113127522025e-05
1.332804200151227570e-05
1.372621791504354750e-05
1.387808488480215964e-05
1.413143027963585764e-05
1.453733999246023106e-05
1.489774677728740957e-05
1.514112699254236478e-05
1.561767986815174915e-05
1.585750925974115555e-05
1.593168871928963076e-05
1.634519875517673898e-05
1.672355275024395161e-05
1.719865682741603840e-05
1.789750436391842936e-05
1.825122677514953360e-05
1.835143782455143216e-05
1.877161923245785209e-05
1.911178165421268009e-05
1.987565765750386618e-05
2.016731783727259916e-05
2.041463696445938917e-05
2.105411735260837293e-05
2.172786326426559024e-05
2.195298058937941943e-05
2.206915837636832313e-05
2.257967987411267110e-05
2.288773464004479420e-05
2.376962413636447035e-05
2.399602604021900789e-05
2.473708333762333227e-05
2.490875614359473159e-05
2.537956875551817190e-05
2.597026850425725013e-05
2.631200537946916642e-05
2.653360222722538878e-05
2.706932694981680699e-05
2.780875532546956465e-05
2.805786300315989024e-05
2.900783459672286304e-05
2.915451130753306892e-05
2.985113136721903628e-05
3.065093060068131936e-05
3.091569861587575250e-05
3.137051984382845142e-05
3.147590713830478691e-05
3.227387121880621851e-05
3.286788760342932971e-05
3.354075828202668835e-05
3.420466103780230249e-05
3.434337384482398021e-05
3.560909596121667207e-05
3.584087050165455382e-05
3.707065175902190412e-05
3.788288342828538053e-05
3.808274291695885302e-05
3.909622863136193670e-05
3.935033191984974710e-05
3.965532048544853541e-05
4.076272691094379186e-05
4.172081064981468431e-05
4.217886193481259479e-05
4.322325188725262892e-05
4.360758980462782394e-05
4.410502468818835488e-05
4.519247722625044383e-05
4.547131648965321604e-05
4.633965785426770153e-05
4.727037315362600658e-05
4.818595926245119050e-05
4.867964979631697283e-05
5.010498485026535891e-05
5.069082674768220014e-05
5.145877751013583118e-05
5.216780956138807740e-05
5.248661009270120403e-05
5.337775639977596504e-05
5.435391228712704647e-05
5.530008519142656781e-05
5.562085128328536550e-05
5.657954980567959599e-05
5.869656692824108934e-05
5.900619036661300040e-05
5.982916885003741259e-05
6.010955984434787223e-05
6.256759707866587316e-05
6.275798215324861803e-05
6.349122142406177683e-05
6.529785013066827649e-05
6.631602201640171578e-05
6.670805961318075085e-05
6.761620662027068181e-05
6.888652394149838627e-05
7.038053870720685447e-05
7.111592979208466016e-05
7.166925889497843425e-05
7.357358855112659866e-05
7.559759118137353675e-05
7.572527817461716820e-05
7.656221851891432451e-05
7.739214745272947696e-05
7.866255586749129158e-05
8.072367429651770322e-05
8.212154837542347534e-05
8.447422535139413905e-05
8.576195446761469344e-05
8.660178911334875441e-05
8.797339457820897994e-05
8.938801497025332745e-05
9.070673669319826089e-05
9.274710247937289977e-05
9.353874602544317424e-05
9.487676462513008912e-05
9.596874757389104262e-05
9.642847078940430653e-05
9.845325117067699053e-05
1.004471531634469004e-04
1.025234981029671645e-04
1.034333436509525945e-04
1.044429180189855236e-04
1.062524939009254054e-04
1.073376210532991665e-04
1.090180933706195099e-04
1.121685671676250133e-04
1.147464592054995284e-04
1.158220438456411918e-04
1.194676894820409459e-04
1.206814292978068356e-04
1.218695130863203737e-04
1.220312196104012865e-04
1.227993383263150577e-04
1.258106005860317432e-04
1.273827431683790710e-04
1.289040518562680837e-04
1.324248444713124761e-04
1.331763645552075414e-04
1.364912705616043486e-04
1.389351359340375693e-04
1.394274880990137538e-04
1.434442403526101333e-04
1.449201990479220944e-04
1.492228869531884820e-04
1.503970234573151141e-04
1.507964735149274610e-04
1.558261489985441565e-04
1.571503208996226548e-04
1.625558653706966417e-04
1.644271317441834638e-04
1.654590195453705195e-04
1.678013217597513313e-04
1.690549881494867400e-04
1.746815842603223771e-04
1.769930753228293719e-04
1.791361070166188338e-04
1.802019137236029968e-04
1.852722355809368899e-04
1.892790956275993059e-04
1.922567122373096274e-04
1.958100195159544015e-04
1.997248732040617656e-04
2.017107990512560615e-04
2.057935399680789707e-04
2.118765415541743911e-04
2.129287062225148535e-04
2.183255992964468130e-04
2.210781381184873096e-04
2.245188311600263779e-04
2.264968774907569985e-04
2.303035528205197018e-04
2.326266759392297916e-04
2.370147953279914987e-04
2.425593854920371018e-04
2.453041497130184121e-04
2.492505804198230038e-04
2.526657638719220496e-04
2.535008395080716025e-04
2.562318846342777172e-04
2.587325771181478288e-04
2.695228620249618410e-04
2.765497007396209087e-04
2.778588290757761530e-04
2.831816737186116859e-04
2.870779728112032316e-04
2.889174893234985214e-04
2.920856263862616322e-04
2.997995777845809833e-04
3.076641001693030016e-04
3.112743472643338810e-04
3.190803406015478485e-04
3.254719682229401112e-04
3.282903689972629371e-04
3.359272793350835174e-04
3.382976814241778706e-04
3.454610616163119653e-04
3.519878668720786800e-04
3.596283350658989833e-04
3.607006184213275876e-04
3.626409713407011343e-04
3.724986019553174843e-04
3.751758683015786401e-04
3.894907118537435263e-04
3.954897546962006689e-04
4.037609120105536899e-04
4.071465594249602349e-04
4.148221296130775613e-04
4.187342140409802856e-04
4.315128440797145418e-04
4.368952177748229387e-04
4.470451889564455153e-04
4.523093963279521419e-04
4.568801777078080532e-04
4.671504084995977530e-04
4.776060632609185246e-04
4.822202926749088320e-04
4.871728479146230262e-04
4.937935871818676563e-04
5.057605280041648681e-04
5.130166264035341140e-04
5.324566876376396994e-04
5.408259122891536036e-04
5.427076669452701903e-04
5.507521266060120798e-04
5.549157543555197905e-04
5.638825891474499342e-04
5.790660705780191660e-04
5.895361343982639902e-04
6.015205986613810212e-04
6.219043932502797255e-04
6.281344183031435614e-04
6.423379593903490517e-04
6.554496790166897775e-04
6.623148215004363631e-04
6.788361274388644102e-04
6.937222351171587302e-04
7.033387268581145707e-04
7.189768142682631362e-04
7.342988204241551351e-04
7.439220791925469940e-04
7.690984736851212526e-04
7.793344193089120440e-04
7.884901826045637207e-04
8.031673201559599330e-04
8.088533965781816463e-04
8.287761051793241613e-04
8.622539332181051140e-04
8.703639063338393335e-04
8.811846905871593147e-04
8.998406420781797452e-04
9.196332994478610343e-04
9.241116419390617244e-04
9.553039084771073556e-04
9.699257815468131146e-04
9.932886890584959657e-04
1.011368684771846551e-03
1.028597619215126241e-03
1.052774431323111153e-03
1.082499695701435050e-03
1.098085496162805883e-03
1.129671602071166637e-03
1.137189328610193348e-03
1.174293680460514189e-03
1.194377933708315248e-03
1.209740656442191351e-03
1.237671440477934592e-03
1.269994108279857287e-03
1.295736904312656248e-03
1.304114170135010995e-03
1.339600657067485092e-03
1.352697132721934715e-03
1.375374004560579299e-03
1.423722365641556190e-03
1.440787660046156634e-03
1.475586938004517026e-03
1.579032061439059964e-03
1.585953378228055401e-03
1.603013285066303816e-03
1.658256991443450004e-03
1.679767174498531922e-03
1.726671203535399624e-03
1.776775101576715974e-03
1.823610711531674106e-03
1.857030510174503303e-03
1.978622531679652755e-03
1.991974893495187214e-03
2.014241583102563578e-03
2.080246791257262841e-03
2.154618956814743826e-03
2.207834525516533600e-03
2.249539136674757502e-03
2.305069600303235374e-03
2.326703771015736777e-03
2.405163214102983265e-03
2.459826785221239619e-03
2.579114256532277164e-03
2.679182112529424151e-03
2.756372386140065224e-03
2.782153199461112007e-03
2.846850887069275401e-03
2.943800497727958130e-03
3.003878426902310134e-03
3.121075914841700289e-03
3.151917106211018452e-03
3.317568910023399858e-03
3.355251675229111840e-03
3.479843632636816023e-03
3.552983837753310309e-03
3.779925550912692587e-03
3.901177189086283553e-03
4.055846612127079164e-03
4.067191182451048576e-03
4.250040614010497896e-03
4.393377849958088679e-03
4.665625727036912945e-03
4.881240397650457932e-03
4.935948390126386823e-03
5.137656669463791688e-03
5.362710271986935277e-03
5.434304708985601175e-03
5.701707934900501935e-03
5.911045156825899677e-03
6.118576818663308721e-03
6.293368950349344931e-03
6.934211817995655606e-03
7.058494536390036780e-03
7.526392371701505317e-03
7.698643797251663798e-03
8.243528063723956634e-03
8.491298218618324387e-03
8.914089901902328902e-03
9.818287372171446634e-03
9.937668382679601745e-03
1.042361941615528760e-02
1.118850426612437617e-02
1.216054577634512190e-02
1.312491195432124655e-02
1.358178096544742849e-02
1.465303872338175224e-02
1.678335751471541487e-02
1.754727664734314491e-02
1.793909541077155778e-02
1.900408106158178734e-02
2.150456782915988879e-02
2.383198210601170097e-02
2.846167837292862962e-02
3.091427450479551295e-02
3.166986960300722381e-02
3.613133599725332212e-02
4.691489023954615450e-02
4.911637577103507984e-02
7.387651414773666048e-02
7.564544967927974706e-02
9.960276682155319583e-02
1.181604147315777620e-01
2.055056393949518667e-01
2.421006663058901387e-01
4.316378911876591618e-01
