1.035917787028277153e-04
1.012274935538896913e-04
9.411723428581997243e-05
9.190954820518949916e-05
9.044869993088874567e-05
8.841440081141304177e-05
8.661091732787800485e-05
8.524616046831532898e-05
8.295968588445462252e-05
8.177079673143027234e-05
8.132365158121166837e-05
7.843460145707650062e-05
7.746779770267848443e-05
7.614422782719431997e-05
7.317307188925664500e-05
7.223006110886526004e-05
7.028622133041306048e-05
6.870815161766538322e-05
6.795352891468088368e-05
6.578673394341717372e-05
6.481267427515243829e-05
6.354010796547860328e-05
6.218935986293123975e-05
6.013079586116529555e-05
5.808382189792453518e-05
5.699526950973052427e-05
5.650239286961188551e-05
5.503571834338517291e-05
5.437618155483799276e-05
5.363388313063352253e-05
5.333104014512086489e-05
5.256790905868837172e-05
5.146866035494408243e-05
5.039341748383067184e-05
4.881459883946229520e-05
4.773987246985522383e-05
4.743399879437726747e-05
4.661697505091358108e-05
4.593437522654539594e-05
4.577617031586232840e-05
4.503845930526133008e-05
4.495514853130522839e-05
4.470244215225420854e-05
4.397274543107738422e-05
4.378436860384059905e-05
4.325756709408439508e-05
4.268172924288478771e-05
4.198497978785402265e-05
4.160403510954396487e-05
4.145638018819397367e-05
4.085673235539427460e-05
4.059188771018597687e-05
4.011244172308739994e-05
3.950935093250949643e-05
3.941171620642007717e-05
3.848938098903837638e-05
3.752450343174567433e-05
3.745430011491938401e-05
3.681693727638433436e-05
3.643254645353686600e-05
3.630119495987639181e-05
3.616512301385249199e-05
3.556230230764846726e-05
3.522881647436745388e-05
3.497855732117728872e-05
3.432383998333433641e-05
3.403069397309808745e-05
3.370273970516400038e-05
3.302370337697256391e-05
3.262855887328322308e-05
3.248908825972851886e-05
3.204400979290456523e-05
3.169143510208735366e-05
3.092908559005920472e-05
3.076616691800118663e-05
3.058102910969200344e-05
3.033094691440957021e-05
2.990982504835025801e-05
2.958875125126759023e-05
2.909553398936946125e-05
2.878907882250512115e-05
2.872983915857908312e-05
2.824166214326077323e-05
2.783683690239212655e-05
2.769194181047807533e-05
2.739353028269073410e-05
2.678435806070073136e-05
2.661971582935677196e-05
2.641762952357500384e-05
2.626517409608854857e-05
2.586918467501137650e-05
2.551782635172310891e-05
2.533236500527469355e-05
2.530583412973789578e-05
2.487652617460652730e-05
2.484906047086120359e-05
2.464755909806086418e-05
2.443436149111783199e-05
2.399729738326207296e-05
2.366858069989972034e-05
2.347399145421551713e-05
2.336965156700170700e-05
2.320282420922022099e-05
2.314780076058404521e-05
2.262504224443616409e-05
2.241119539545542692e-05
2.202197416350376501e-05
2.188521841965590517e-05
2.154036788486426204e-05
2.145535485546772042e-05
2.130290702518407653e-05
2.095258744672591267e-05
2.068773485794668708e-05
2.062850949954460808e-05
2.036037115518332376e-05
2.021932413079806235e-05
1.999192270764004972e-05
1.988382632374951996e-05
1.970473187763049396e-05
1.959172643121084495e-05
1.935731644840452313e-05
1.931054752338984664e-05
1.896518322690374778e-05
1.894301937180647766e-05
1.870662560886748911e-05
1.840766154959509499e-05
1.833503910436939379e-05
1.829476976635941679e-05
1.808088303870882137e-05
1.764658945990476644e-05
1.747915730121188814e-05
1.744861620193687425e-05
1.731852156366602439e-05
1.720384542501112352e-05
1.700788684268876797e-05
1.692327385484534953e-05
1.655243879026539703e-05
1.651322554540226309e-05
1.639570253391856676e-05
1.620984571066764430e-05
1.594868274551537705e-05
1.592766192148010614e-05
1.568130538642055266e-05
1.564241272825795282e-05
1.549077632513484889e-05
1.535708802369695243e-05
1.524065739809302061e-05
1.498837716246158922e-05
1.494736796593184124e-05
1.484062687613532318e-05
1.479759923692619218e-05
1.456480328953024712e-05
1.442997881899736514e-05
1.441044942843041076e-05
1.433080518283849446e-05
1.416388048241895368e-05
1.389696420096800856e-05
1.374097173344811439e-05
1.359193087443965353e-05
1.356952941961136418e-05
1.342176256426648346e-05
1.318109609953997528e-05
1.314710333157929027e-05
1.306809897374331700e-05
1.286442452079758997e-05
1.274786563232333896e-05
1.266457505061901312e-05
1.250733339495269977e-05
1.240216104870907476e-05
1.228355351411517715e-05
1.209289437132587210e-05
1.197446915427657235e-05
1.180070108172313781e-05
1.165741765188126679e-05
1.159283704881526235e-05
1.151617546788580250e-05
1.147028876899109548e-05
1.136992863473481938e-05
1.127408414580533495e-05
1.123969581789194402e-05
1.107984453089044821e-05
1.095880333221661578e-05
1.088143659776925436e-05
1.086687864601914117e-05
1.080135829354369419e-05
1.064285811970708151e-05
1.057504844954117386e-05
1.050655052131638195e-05
1.032530810149083496e-05
1.026943343605748987e-05
1.023552817323979345e-05
1.002522426662298754e-05
9.976011722649720677e-06
9.828584138534236455e-06
9.770176044595316769e-06
9.751441705620796712e-06
9.619561455179207420e-06
9.527764804579686778e-06
9.406026907691502991e-06
9.385242295468273010e-06
9.244238835772144959e-06
9.152159466519290852e-06
9.108591449292931231e-06
8.906194503188533045e-06
8.827721515704003389e-06
8.770892642790480316e-06
8.696192127610820642e-06
8.649377782944741392e-06
8.549833341592452535e-06
8.439338620168300941e-06
8.380334920728045657e-06
8.242156771890511613e-06
8.159714934699513006e-06
8.106001902909060636e-06
8.060248348942233493e-06
8.013946889888803307e-06
7.897405279942237930e-06
7.888617520778133782e-06
7.833495196713122528e-06
7.729514135079186137e-06
7.670451767853481121e-06
7.629259748640816051e-06
7.559990966684611082e-06
7.526217512174384640e-06
7.488909701929621125e-06
7.436462660688028287e-06
7.412543171719155301e-06
7.313029417070979238e-06
7.257920151581871337e-06
7.178459368218372673e-06
7.069644146454693942e-06
7.049110180078149867e-06
6.991801108253671878e-06
6.915672404447391763e-06
6.851070494158492830e-06
6.715823991992600249e-06
6.666752378367806377e-06
6.633149746135260044e-06
6.570733416824055193e-06
6.555389665521623265e-06
6.484034010175423496e-06
6.436983548425171985e-06
6.317812096943423323e-06
6.281921913382214429e-06
6.179345463715577379e-06
6.106571597275120851e-06
6.020370904995424973e-06
5.962635954629646251e-06
5.913341164587016302e-06
5.878867853149981490e-06
5.822873910716429986e-06
5.733190875805778683e-06
5.711701199546789937e-06
5.628230076487200650e-06
5.600191901604488797e-06
5.561179273026132550e-06
5.505677050907388323e-06
5.457761014840648756e-06
5.403169181819353719e-06
5.385741491107137604e-06
5.352176056579608281e-06
5.272546930737631556e-06
5.250419529391474659e-06
5.219088924627828217e-06
5.214544730151877301e-06
5.166644393732452473e-06
5.085077042056007692e-06
5.036020063135147683e-06
5.006262420085040712e-06
4.980042576139612243e-06
4.941292725208865827e-06
4.870175497537281392e-06
4.756967372018250339e-06
4.740038515002046847e-06
4.702519730103241111e-06
4.617232308017522055e-06
4.600727180136180635e-06
4.561639992787377152e-06
4.544217571825274305e-06
4.525025280512895488e-06
4.446634957170400565e-06
4.370558821251509222e-06
4.309956663837418541e-06
4.285252848177685836e-06
4.264262900992934029e-06
4.225639311792729474e-06
4.176118076088863555e-06
4.132339042538045680e-06
4.058030168980654197e-06
4.044137174852428038e-06
3.988013209771462079e-06
3.936799274079774259e-06
3.923052477971024230e-06
3.866020186029300648e-06
3.790524062176747614e-06
3.749483462098715966e-06
3.728504764700695603e-06
3.682629579442177824e-06
3.646856681757719739e-06
3.633924050758588995e-06
3.593719046739620543e-06
3.572643407809164134e-06
3.538979369030903081e-06
3.515315315243536590e-06
3.494923208701651284e-06
3.479058078665093700e-06
3.433774213819990579e-06
3.400015521873555593e-06
3.375183977284413863e-06
3.337269180203992442e-06
3.312820495277476754e-06
3.299028778734710114e-06
3.263824225340099914e-06
3.239647129535824615e-06
3.219710791710968679e-06
3.173333345692052082e-06
3.163455962803782594e-06
3.146571177086709095e-06
3.115926493849231805e-06
3.054181540449989930e-06
2.972473054803571053e-06
2.953922884417943635e-06
2.943019618987348444e-06
2.934398151708048798e-06
2.903951837717872017e-06
2.875661320719670671e-06
2.851405201928263456e-06
2.816774001687315036e-06
2.794105970870723099e-06
2.768607136617944523e-06
2.758223481887151881e-06
2.711576831673007412e-06
2.647176207988993574e-06
2.622842739327926935e-06
2.598522072481890387e-06
2.568239188672643362e-06
2.558075105337362554e-06
2.498571239064621474e-06
2.475761367140887643e-06
2.456253746417753497e-06
2.446388022897533848e-06
2.406262327028652556e-06
2.382873215338230014e-06
2.372819164916614612e-06
2.316447458525749073e-06
2.313265956804197335e-06
2.281344847007629886e-06
2.253392569954524325e-06
2.251414999905840794e-06
2.218647694707021184e-06
2.195160067442261156e-06
2.186020194309091744e-06
2.175304227128774774e-06
2.154484258595166583e-06
2.117643011858034759e-06
2.105210364687618898e-06
2.087449372857847089e-06
2.066572989500607905e-06
2.041098732474672908e-06
2.029415501621478458e-06
1.993904556125088651e-06
1.989613299276249674e-06
1.978499971217081193e-06
1.961488549110634839e-06
1.950030989579188463e-06
1.907615784758218404e-06
1.879626369188983229e-06
1.866101976537124115e-06
1.848711571036895402e-06
1.828692575171290836e-06
1.806870028361219240e-06
1.794972340024273003e-06
1.775753185641475324e-06
1.734360766157447596e-06
1.724420909969615444e-06
1.708922670097493416e-06
1.697841739503806697e-06
1.684434073117450602e-06
1.670414547109331059e-06
1.628265602153602108e-06
1.619387987685663272e-06
1.607194427792599274e-06
1.601151748238178785e-06
1.575812024843903594e-06
1.547911698149519858e-06
1.539171925664674092e-06
1.533137447061956840e-06
1.508270504372522517e-06
1.503095951548151743e-06
1.471346724249145084e-06
1.449107533688550682e-06
1.446971712160087913e-06
1.445443774700287808e-06
1.407574595770802883e-06
1.400125308014798358e-06
1.382267686824727154e-06
1.372675490718816755e-06
1.361862220082567077e-06
1.359388458660038476e-06
1.346995585017669058e-06
1.339039414600752662e-06
1.318191276700996046e-06
1.304328607392834250e-06
1.300563445387697300e-06
1.286611284180338347e-06
1.271064445571579823e-06
1.257223314157599038e-06
1.253805964825313328e-06
1.246888075783086111e-06
1.233825667797230569e-06
1.217254682724024190e-06
1.195977403790734845e-06
1.187397280097897247e-06
1.184603491090150052e-06
1.168793746749916287e-06
1.162061757893793334e-06
1.140503519032769040e-06
1.126227082421787782e-06
1.114054010734132866e-06
1.107760647334503349e-06
1.105983285562200873e-06
1.099479666520432027e-06
1.077068792307992728e-06
1.062923347627810560e-06
1.059932070545632665e-06
1.045571507326105222e-06
1.040862305179989645e-06
1.028715617189406942e-06
1.018033542302298808e-06
1.008303168110051391e-06
9.963454124913340389e-07
9.891791323627720306e-07
9.788290965620734221e-07
9.552420158640401245e-07
9.397426950612782329e-07
9.376154270811102694e-07
9.317117506862395894e-07
9.159615906494576434e-07
9.129644040941438259e-07
8.937529788579100371e-07
8.814854116911172272e-07
8.768812354270865398e-07
8.659516798157352893e-07
8.590555502035543739e-07
8.490439822633054096e-07
8.458449845992195185e-07
8.295266564701792904e-07
8.229570876696779857e-07
7.995484888326400085e-07
7.945720569284219551e-07
7.850975911208650955e-07
7.776794068814525831e-07
7.640519537088684333e-07
7.530721803266218598e-07
7.450546836099083088e-07
7.403886288357504424e-07
7.272227725304240156e-07
7.209874380268078748e-07
7.060542942852303097e-07
7.008247605231419016e-07
6.951076124660301178e-07
6.864806120393867012e-07
6.824214210590314319e-07
6.781556018005269305e-07
6.599550359910937471e-07
6.578213880097692042e-07
6.493524210479765503e-07
6.491910780127875485e-07
6.324954860943548277e-07
6.300813787490456453e-07
6.221196996526830721e-07
6.032092565821872520e-07
5.947002195620898447e-07
5.836737836359188752e-07
5.818841159934925321e-07
5.807781775038515610e-07
5.792197127410385616e-07
5.696590183762599942e-07
5.650970948333423980e-07
5.579774317290036401e-07
5.500283949864759647e-07
5.372752305786576111e-07
5.283703921815840165e-07
5.257782727004230507e-07
5.145262966148038294e-07
5.080186313048352753e-07
4.981402486386970796e-07
4.962267760504805648e-07
4.895427482058908303e-07
4.813231031122731629e-07
4.785463685890377368e-07
4.669908955126185086e-07
4.652719004253397584e-07
4.557588739275495046e-07
4.471447003278092366e-07
4.382008172588101680e-07
4.336696917670168506e-07
4.309101656301252811e-07
4.266220853182651497e-07
4.188267512707501828e-07
4.133926370934439416e-07
4.044626208750004777e-07
4.005911709624169646e-07
3.987417131017273360e-07
3.872149092790678200e-07
3.811374052270120762e-07
3.758958228981743706e-07
3.644510536803907219e-07
3.616892268756946922e-07
3.537768292954836523e-07
3.483261917351343327e-07
3.459660389990120932e-07
3.404520340027035979e-07
3.279355845103508293e-07
3.248294076216766525e-07
3.217591408039372818e-07
3.159012209594324673e-07
3.143123835230358854e-07
3.105430786295786473e-07
3.044712717821438484e-07
2.976057200454908722e-07
2.951275289750573740e-07
2.906721693810859742e-07
2.898224221732330426e-07
2.824316182495139510e-07
2.738409417470858069e-07
2.711416773283120084e-07
2.681479789949605808e-07
2.660249749449412075e-07
2.575551795669686169e-07
2.521615227884776836e-07
2.492475862786076817e-07
2.465965529541106014e-07
2.418456387347508066e-07
2.363745378748532534e-07
2.318611872385994710e-07
2.304502457284221205e-07
2.250125315972588897e-07
2.197041878893803428e-07
2.181481686293155719e-07
2.131007216731776256e-07
2.104820848407346803e-07
2.084466117306276499e-07
2.039102234897033559e-07
1.989425028984736851e-07
1.958299970134488083e-07
1.937666088564439313e-07
1.906042929152672524e-07
1.870406437559963235e-07
1.817666794690846385e-07
1.785935432535775778e-07
1.757941476534245846e-07
1.704756052240786161e-07
1.643534234793097019e-07
1.614211745127944304e-07
1.585579230863994465e-07
1.559581657957201568e-07
1.510985926520475486e-07
1.474508939727005522e-07
1.448124863486586426e-07
1.411057536823869712e-07
1.399396265189452578e-07
1.376268730466218661e-07
1.364249411648621552e-07
1.345144883539261850e-07
1.275901747621137275e-07
1.238438609663801298e-07
1.201419730481139590e-07
1.177765534526036408e-07
1.130445299690382788e-07
1.095069018833461503e-07
1.060013601069372541e-07
1.008022973719227674e-07
1.007724419134103490e-07
9.830476490387609422e-08
9.323288274652880271e-08
8.907813046051685177e-08
8.593933104060030989e-08
8.322654202766858366e-08
7.772568201619222776e-08
7.638114128060297980e-08
7.418906665262925549e-08
7.109565320725113684e-08
6.894706227591465810e-08
6.639489126588440475e-08
6.518470503389525387e-08
6.329788272258940528e-08
6.001530683457480983e-08
5.472199225382169050e-08
4.881267487668983760e-08
4.518634651741269257e-08
4.262921419422818801e-08
4.143255151208057461e-08
3.826123010274197454e-08
3.685635634808718740e-08
2.973903484423886025e-08
2.922797038712683552e-08
2.311935869021338492e-08
2.218379090596574222e-08
1.782564459902406201e-08
1.437985864107745833e-08
1.241201124366072437e-08
1.142491380102472827e-08
1.035677278921539791e-08
7.647824810376307918e-09
5.608116486067417667e-09
4.088980245813426908e-09
2.997633162602620536e-09
2.548624344788667403e-09
7.793422925680603649e-10
3.709589199016550764e-10
-8.708872886916602622e-24
-9.073419567230485888e-22
-8.268132061842324981e-11
-1.358366567194010998e-09
-2.501278311585852048e-09
-2.870758663425141449e-09
-3.330133512007075256e-09
-4.147639463478646889e-09
-4.189564068835028904e-09
-6.374626574471323728e-09
-7.260509751601005292e-09
-7.816239702525551770e-09
-9.605119576952267310e-09
-1.075308374113245489e-08
-1.160057197835943151e-08
-1.247219695464015388e-08
-1.322081979875574023e-08
-1.392849651736130526e-08
-1.588701328422089572e-08
-1.744507831934988387e-08
-1.801866298515192191e-08
-2.123053505979879958e-08
-2.192026726422795692e-08
-2.442087636775037304e-08
-2.647737417564183346e-08
-2.745075411960311657e-08
-3.032798921088300540e-08
-3.236562344175120275e-08
-3.486049246410767598e-08
-3.674624458225843716e-08
-4.286969095204510082e-08
-4.535214361610739773e-08
-4.944804894038806403e-08
-5.907266885300559066e-08
-6.367787116174152833e-08
-6.636554070477724365e-08
-8.159132982432171240e-08
-9.973000294819320638e-08
-1.044134699858450811e-07
-1.135538590665310402e-07
-1.222696150288042574e-07
-1.457652702560807796e-07
-1.611095396060670689e-07
-1.707045848416553389e-07
-2.048838475918514053e-07
-2.284557173193875074e-07
-2.647886324737325486e-07
-2.995413464761641834e-07
-3.139502119528205331e-07
-3.584657239825850621e-07
-3.928708625735288676e-07
-5.753627840709227295e-07
-6.315425527622618853e-07
-7.061273379166676968e-07
-7.390872242064767461e-07
-9.524665400616137594e-07
-1.631951156754294125e-06
-2.289281956608536869e-06
-2.595846447760640056e-06
-3.508132342679287528e-06
-3.577799331667370143e-06
-4.120736736622041148e-06
-4.458859407881742258e-06
-5.586162523011556581e-06
-9.254074177960015151e-06
