-1.366679535124400641e-15
-1.175307055625552596e-15
-5.208219254822558153e-16
-4.258729002408183062e-16
-3.246544983340008956e-16
-3.109001431877716414e-16
-2.679459376516038678e-16
-2.385841865557805411e-16
-2.313834927254356279e-16
-2.006460882787388148e-16
-1.862278318837559534e-16
-1.796554638568533275e-16
-1.680908479889092232e-16
-1.566635025265022762e-16
-1.481772914086295184e-16
-1.470192307646413582e-16
-1.421524865743268477e-16
-1.406415082107084340e-16
-1.358329730109316129e-16
-1.313959028023041438e-16
-1.273521081334443898e-16
-1.247810783015380296e-16
-1.196514033743255293e-16
-1.177411058881991657e-16
-1.131376695664043546e-16
-1.098229176632540568e-16
-1.082235123875587322e-16
-1.066291077581959439e-16
-1.056316428073624228e-16
-1.010721455704443315e-16
-1.004125186178489895e-16
-1.001498457989660666e-16
-9.843758910174860916e-17
-9.667404704544661161e-17
-9.336339759544269791e-17
-9.200766634344627258e-17
-9.076246090637198777e-17
-8.832549592092999635e-17
-8.649560900271701656e-17
-8.636211697010546576e-17
-8.545583474499282155e-17
-8.372936991352770217e-17
-8.286887700152746756e-17
-8.238031535323682591e-17
-8.138549026940217509e-17
-8.054343980256539159e-17
-7.886733356354388685e-17
-7.750323333141951906e-17
-7.699376762712112056e-17
-7.599496848851639507e-17
-7.436394778924305529e-17
-7.361458930370966778e-17
-7.308250648477760367e-17
-7.220737048272171176e-17
-7.105578735600003280e-17
-6.963167283059691684e-17
-6.949008173471595918e-17
-6.889239740243513374e-17
-6.760613559320673241e-17
-6.628682851366940636e-17
-6.585249571815696095e-17
-6.465585942146710519e-17
-6.443600585601255155e-17
-6.410619135958192892e-17
-6.357465418986427114e-17
-6.293682877316963088e-17
-6.218975903736636135e-17
-6.162485154978404796e-17
-6.063576365654183294e-17
-5.991591386552611971e-17
-5.964373216866805349e-17
-5.897489906249964774e-17
-5.785828833154209398e-17
-5.745796410899613732e-17
-5.728307753759504393e-17
-5.645519935180206440e-17
-5.602373149344632339e-17
-5.585003808802555036e-17
-5.539141108192361042e-17
-5.482321980955436107e-17
-5.375689740988057468e-17
-5.310355526730497262e-17
-5.252704250556608187e-17
-5.221107341331222388e-17
-5.122894577197806906e-17
-5.112973538217162484e-17
-5.065940192149735677e-17
-4.983150112321559570e-17
-4.939514547894726390e-17
-4.908761186161693626e-17
-4.858497272158818433e-17
-4.793863532546860967e-17
-4.739061850850900403e-17
-4.717205958326648034e-17
-4.699160052567832163e-17
-4.645049579016259850e-17
-4.566266761373785993e-17
-4.552348125239630674e-17
-4.507739531389641735e-17
-4.465160584857000554e-17
-4.369338335594696373e-17
-4.344495247363329685e-17
-4.327890821746467643e-17
-4.274112967614397038e-17
-4.267591056245168176e-17
-4.211272889871908111e-17
-4.124755287077083317e-17
-4.084779775022442008e-17
-4.062099274123980428e-17
-4.049010879003698196e-17
-4.017648078720424118e-17
-4.007091567521566064e-17
-3.957922800316048019e-17
-3.936123728018043201e-17
-3.883747670644558598e-17
-3.839964545614541531e-17
-3.789720087645684798e-17
-3.775114968829811120e-17
-3.733815241611834292e-17
-3.679506583339994506e-17
-3.661701186362872367e-17
-3.616560317511007230e-17
-3.590182341466672299e-17
-3.570071764922626576e-17
-3.512498565468608714e-17
-3.487386235588600988e-17
-3.442567299844459374e-17
-3.411896003412581105e-17
-3.400095611635163354e-17
-3.381908992481790500e-17
-3.344845806432121383e-17
-3.317925063096901769e-17
-3.278201968955995585e-17
-3.239996794328601348e-17
-3.220276212024725977e-17
-3.141945315711616741e-17
-3.100568962514318640e-17
-3.091010470029904558e-17
-3.059360066991289601e-17
-3.020955458776563648e-17
-3.003338398019011040e-17
-2.962378473236665265e-17
-2.942650004288032153e-17
-2.918682671223938073e-17
-2.908951269278967657e-17
-2.881586314399510943e-17
-2.819125630002730041e-17
-2.795493904068888471e-17
-2.790861251977585272e-17
-2.764853367819152537e-17
-2.758242137489566452e-17
-2.725808741164821084e-17
-2.681874698399593261e-17
-2.647979146171977287e-17
-2.621778904365883197e-17
-2.584391184286288161e-17
-2.567995660505012245e-17
-2.549399487679139997e-17
-2.478890100037921115e-17
-2.464578775665877149e-17
-2.450401812147860327e-17
-2.433368190275482485e-17
-2.405145745691127432e-17
-2.356863765670771696e-17
-2.331205219386191698e-17
-2.309698226835507173e-17
-2.299066049577104660e-17
-2.288940665866796188e-17
-2.250584687003218245e-17
-2.244813233328266044e-17
-2.188326518341079049e-17
-2.170689958603923689e-17
-2.140599704247292275e-17
-2.126078085921474157e-17
-2.108811239290625144e-17
-2.077587552862032908e-17
-2.061256999279982618e-17
-2.012616907958954621e-17
-1.989767763678187990e-17
-1.982090481937099454e-17
-1.974051794241131226e-17
-1.967394017528099839e-17
-1.935634936603757519e-17
-1.880458043460253151e-17
-1.864927281383059891e-17
-1.848451643623241272e-17
-1.837743787733442079e-17
-1.806348242810717016e-17
-1.791133805756451253e-17
-1.774513560262944797e-17
-1.761821448202547516e-17
-1.730377326095847041e-17
-1.724119307349914961e-17
-1.687669129731536610e-17
-1.672357548424532120e-17
-1.637437762642646547e-17
-1.625989052178188255e-17
-1.614012295650724990e-17
-1.567512629340877131e-17
-1.555118574513428412e-17
-1.543695405646481750e-17
-1.514577701866833670e-17
-1.506920617060134280e-17
-1.479777104212155491e-17
-1.469053051505551696e-17
-1.462573713729744989e-17
-1.448261956081234655e-17
-1.428006628456738095e-17
-1.406880683386041280e-17
-1.391105626954592564e-17
-1.369891705195761761e-17
-1.359514425864636672e-17
-1.324799746128719918e-17
-1.310735233990218088e-17
-1.297685440407047307e-17
-1.285974087227269071e-17
-1.259922352964905212e-17
-1.251234885653765564e-17
-1.218455595907793045e-17
-1.211189111321179279e-17
-1.168774622082243326e-17
-1.159462167461483844e-17
-1.136062822268038630e-17
-1.121980632875082690e-17
-1.117313190941669467e-17
-1.097793555493715278e-17
-1.081132650380037494e-17
-1.067302372463675882e-17
-1.043516758333347975e-17
-1.037248257059751605e-17
-1.013215601820079352e-17
-9.800020609007212934e-18
-9.719285534967877903e-18
-9.566570072796921353e-18
-9.336471427393210330e-18
-9.273024194858062651e-18
-9.121191560259060740e-18
-9.019320008635435857e-18
-8.789008452563086379e-18
-8.629680955405184231e-18
-8.525993964474085712e-18
-8.109025582363868202e-18
-7.991194810443189847e-18
-7.833136179618115038e-18
-7.705242902820012686e-18
-7.565926440264795335e-18
-7.450701040364670003e-18
-7.342658047117936878e-18
-7.091187187873673993e-18
-7.007600719988055337e-18
-6.950848656273861701e-18
-6.734198816847964669e-18
-6.499810653218682683e-18
-6.392913407803576951e-18
-6.297198410320619674e-18
-5.963435618502745066e-18
-5.829410664628020411e-18
-5.808547202016061709e-18
-5.576984119616146726e-18
-5.425287975172024746e-18
-5.155979015837264359e-18
-5.144914177113354437e-18
-5.020536060159343571e-18
-4.924028176981289556e-18
-4.784802180251827119e-18
-4.625368687372843780e-18
-4.592981701286965686e-18
-4.523864419495154435e-18
-4.207786060017167793e-18
-4.121432436890465646e-18
-3.889313384546825490e-18
-3.744143684360099527e-18
-3.693162817377280721e-18
-3.595321740063982798e-18
-3.491796569623775298e-18
-3.395476379771627730e-18
-3.336630198245285301e-18
-3.210683689031235597e-18
-3.153873798273773344e-18
-2.966052343230055599e-18
-2.797942336832771886e-18
-2.749020144357490832e-18
-2.636554202299432158e-18
-2.510496194896439658e-18
-2.457474059917256560e-18
-2.397493005547046575e-18
-2.318197651361296617e-18
-2.210993196357585792e-18
-2.069319102841307340e-18
-1.933608244629540572e-18
-1.895406717256458167e-18
-1.713544793505154959e-18
-1.589678402044939679e-18
-1.442455947324127689e-18
-1.370263420909548709e-18
-1.250028847020717288e-18
-1.166468114193118159e-18
-1.113351177982056555e-18
-1.086087452048686278e-18
-9.600137768331024629e-19
-9.383384126038428237e-19
-8.217195057378418492e-19
-7.609898855764519703e-19
-7.061014249143365234e-19
-6.432974848782426322e-19
-5.859806224406945057e-19
-5.610612720491326982e-19
-5.359500095643958706e-19
-4.256185445442347613e-19
-4.194331626840006759e-19
-3.803666111803476313e-19
-3.530370084725632523e-19
-3.084616645493688623e-19
-2.518086486092860501e-19
-2.396024933201994740e-19
-2.059983702447520009e-19
-1.805268346207635613e-19
-1.707554598947808537e-19
-1.348348414395461124e-19
-1.234481615996259622e-19
-1.088726879231581299e-19
-7.666179029792573091e-20
-4.036382175083191775e-20
-3.118608951570636106e-20
-1.361408738416951767e-20
2.403585936744823917e-22
3.099555196086615921e-20
3.993999026303586367e-20
4.613552726994764532e-20
7.815371064623463335e-20
9.163541612136460259e-20
1.195556237618795782e-19
1.304492616838889975e-19
1.387903120403349743e-19
1.590923380474102358e-19
1.729432809000643247e-19
1.959465032367196745e-19
2.360584919368899259e-19
2.522876273227708154e-19
2.830305639962615336e-19
3.364830333922549247e-19
3.471793674839383350e-19
4.201504355699060627e-19
4.574156584871953537e-19
4.919156878249028456e-19
5.911968133137130062e-19
6.358325563035607703e-19
6.854168428759741255e-19
7.238389853992240503e-19
7.996559559232001063e-19
8.363666144784790398e-19
8.651835139124629097e-19
9.386965573182736437e-19
1.060042642959285112e-18
1.192247716613233746e-18
1.253903407848174272e-18
1.307962687656707631e-18
1.396889180134653825e-18
1.584565357171068101e-18
1.648959175482523437e-18
1.693705070869464477e-18
1.760755185112849624e-18
2.007079269675263346e-18
2.036007512112696876e-18
2.142475523732559841e-18
2.196057524458409493e-18
2.423459196918917201e-18
2.506807288651858164e-18
2.687734509413266934e-18
2.823747393247528352e-18
2.869354055061389977e-18
2.975198978363616394e-18
3.079657910343537192e-18
3.236566692809274025e-18
3.265205084072302499e-18
3.310703127471519175e-18
3.370564160711979300e-18
3.633321178096208044e-18
3.877940939453149819e-18
3.914720746551852715e-18
4.028723342469956183e-18
4.176464357134045719e-18
4.365377255749902202e-18
4.524702898351773684e-18
4.626511519792643916e-18
4.757813226756220654e-18
4.948920719307470780e-18
5.113600508147197536e-18
5.178596017594807514e-18
5.389792670231374889e-18
5.599615995118035421e-18
5.651720132829133385e-18
5.859689984347895677e-18
5.979517613755804402e-18
6.046371881599601959e-18
6.232151571820903995e-18
6.426409789014876563e-18
6.468022924158408864e-18
6.649008028395828443e-18
6.852630813211415909e-18
6.912852607706456262e-18
6.954158433321799094e-18
7.219911383892573254e-18
7.293923577900493021e-18
7.446794595216367829e-18
7.680001037142463640e-18
7.953872313644249139e-18
8.040530587040246244e-18
8.086946839132558202e-18
8.301487772996495144e-18
8.375508671502366277e-18
8.563783329583411132e-18
8.805748302659980640e-18
8.861287200423821912e-18
9.127694975534571899e-18
9.199114196915469884e-18
9.416061684167035362e-18
9.520729898928821725e-18
9.672352022460290329e-18
9.979436803240519473e-18
1.005193040300238818e-17
1.020502021489753759e-17
1.026628094615978471e-17
1.048471929776252451e-17
1.055318306428154269e-17
1.074379897101010003e-17
1.088601556662099502e-17
1.113394264054154892e-17
1.122126034958055011e-17
1.147373044115721551e-17
1.171007739854004917e-17
1.193705131610922681e-17
1.214152881057076089e-17
1.235887881514935103e-17
1.245240185205885689e-17
1.265920467443290924e-17
1.281824481338079159e-17
1.296015213377475818e-17
1.322764752756518311e-17
1.340549551115872863e-17
1.359755590308186101e-17
1.372721454700189840e-17
1.394996603367870781e-17
1.410552843887835923e-17
1.434323805549754413e-17
1.469254917648548722e-17
1.493830719712619108e-17
1.510005491301039503e-17
1.515021727040497753e-17
1.540394916021152163e-17
1.553553027293061008e-17
1.584286342295027518e-17
1.598349244436413898e-17
1.612805494181763338e-17
1.644472954564681407e-17
1.672122132398933128e-17
1.689512859620850947e-17
1.699143628038348004e-17
1.727205641838756266e-17
1.756355597798282839e-17
1.799177652126743113e-17
1.817932975304836705e-17
1.821648305349015805e-17
1.841616707640631379e-17
1.859873477268144340e-17
1.878931105241074283e-17
1.898987202973209891e-17
1.908171646886894594e-17
1.928202484513575252e-17
1.970355796628924887e-17
1.980414102764687000e-17
2.013725289833520701e-17
2.033699214685374191e-17
2.041812847134598034e-17
2.075981390641137144e-17
2.096323199881651380e-17
2.127178990403741570e-17
2.136773528626974679e-17
2.159598193046260534e-17
2.202289572233048215e-17
2.232377092356667380e-17
2.256153777738612846e-17
2.266946401007136567e-17
2.298465871049290485e-17
2.346674022820108853e-17
2.372610218851189441e-17
2.412318022276604446e-17
2.423101728027999560e-17
2.456225112757018052e-17
2.486114532517813692e-17
2.509082984141958760e-17
2.529763277748939813e-17
2.545620605104598002e-17
2.591465163026719385e-17
2.609375361146274192e-17
2.646224726109610797e-17
2.652192797576994858e-17
2.664949578216780327e-17
2.676434980389081719e-17
2.696971348120427133e-17
2.736283827622794792e-17
2.799663433607638973e-17
2.802214749528511902e-17
2.849149685307689938e-17
2.879703903553477217e-17
2.886766516426322077e-17
2.932253472966389517e-17
2.941331770284774289e-17
2.960741740838110130e-17
3.024240228125456376e-17
3.042848935263493349e-17
3.071914728747421230e-17
3.113752223898510712e-17
3.138032303744935846e-17
3.184337999227767893e-17
3.200535295378370005e-17
3.236491708954409635e-17
3.275136666219879531e-17
3.286337677824591556e-17
3.292915795934148119e-17
3.324745822714622084e-17
3.367547323838363837e-17
3.431664956574263029e-17
3.457813271987073496e-17
3.492375237201431142e-17
3.540448791848283296e-17
3.562686988334514938e-17
3.605328268861083295e-17
3.618163643645109422e-17
3.700143338705881426e-17
3.724103108692413589e-17
3.736507812579352255e-17
3.812290181525212379e-17
3.837774084945436605e-17
3.860391577999552492e-17
3.891666525040377424e-17
3.919274894510952228e-17
4.003341740543884410e-17
4.033035298733210391e-17
4.053291859267608988e-17
4.087161982247511483e-17
4.116011511924553703e-17
4.151931943495570315e-17
4.193907416294020846e-17
4.258456001471701847e-17
4.288191946990493368e-17
4.345324175626311344e-17
4.364004510469203265e-17
4.371336788126423166e-17
4.392569003108627719e-17
4.487563409062306257e-17
4.507675280310746116e-17
4.528449881453644862e-17
4.622731628279529353e-17
4.643561176404302573e-17
4.712633620986725743e-17
4.749568143550256104e-17
4.777221356084803507e-17
4.830495864570658982e-17
4.878091666162010994e-17
4.936530051175232735e-17
4.970462797912787591e-17
4.990471259504977343e-17
5.024574695787244958e-17
5.088050524861103233e-17
5.098482219893069227e-17
5.224553013197967330e-17
5.286569871242395512e-17
5.344191206531313101e-17
5.411907178233493082e-17
5.493724792285366708e-17
5.520371222189328095e-17
5.551076424058223013e-17
5.651451425606036572e-17
5.697267727745929702e-17
5.745312444410831367e-17
5.841307256354720598e-17
5.874044418799629494e-17
5.920628227343582836e-17
5.972076154773583763e-17
6.047618499205631386e-17
6.101914664314671403e-17
6.196039429586877393e-17
6.229586213171402685e-17
6.272419430170892589e-17
6.355478464729473625e-17
6.463335711737396485e-17
6.577383270219635987e-17
6.597010543935457339e-17
6.634009454860938164e-17
6.744733451801933895e-17
6.840200365689878023e-17
6.864846770148182595e-17
7.008804649409163660e-17
7.060868994948020551e-17
7.246029339448742765e-17
7.327900585048279824e-17
7.342448844237674882e-17
7.373343008455702986e-17
7.521434424637091708e-17
7.637133720039430358e-17
7.829014140151029965e-17
7.858317206747007539e-17
7.946183330818526481e-17
7.977576342687137894e-17
8.088077722860198563e-17
8.137087244715825785e-17
8.326701035346857017e-17
8.404560282573941106e-17
8.575146797322288574e-17
8.842882107395950575e-17
9.062123560140773975e-17
9.170411330344483831e-17
9.306228253530585021e-17
9.505271235203160090e-17
9.702707735106174669e-17
9.882348830724235993e-17
1.011139081699087954e-16
1.015720622623681288e-16
1.019164407440597318e-16
1.068862442210815727e-16
1.083979010608058665e-16
1.090550772967355195e-16
1.122998748643120474e-16
1.160172366523100534e-16
1.164218875865277682e-16
1.178030551429396272e-16
1.195159877999327310e-16
1.229562351049734422e-16
1.230664273272483348e-16
1.280737837122093103e-16
1.282668675816460522e-16
1.315165299508524854e-16
1.387249015931737164e-16
1.395472485169202943e-16
1.427300090000169678e-16
1.507450288614749126e-16
1.559042502684743661e-16
1.579859272746261106e-16
1.627848902614906875e-16
1.688376705670372850e-16
1.788649429443241634e-16
1.796164960468719532e-16
1.971706971091368304e-16
2.158605017346047035e-16
2.482429677180007989e-16
2.684519802302251032e-16
4.118799882096507423e-16
4.887481130359663465e-16
6.856947069141986423e-16
7.386877855775191356e-16
1.046166437625174663e-03
1.122224676690590939e-03
2.094915249946364532e-03
4.338584635661594906e-03
4.814913653280464105e-03
4.963233114053231324e-03
6.052623521049712955e-03
6.266408258677246511e-03
8.469871871540333302e-03
9.802742583649584965e-03
1.321672049904922853e-02
1.539113202297476626e-02
1.800955302522716170e-02
2.535819705141154068e-02
4.460127339456131101e-02
5.458147990460950755e-02
6.972241337789888971e-02
8.146208567116212940e-02
1.018083273124640725e-01
1.326195198734491654e-01
1.788579253926147472e-01
4.805230455669062817e-01
2.373588644957412175e+00
4.539506428817606576e+00
1.323684496124325705e+01
