8.595578258551311857e-04
8.443575041338188987e-04
7.784472564690705183e-04
7.686758979494181859e-04
7.556674916627362541e-04
7.373289308060613362e-04
7.252344422484207753e-04
7.087062248102226573e-04
6.929368077270725177e-04
6.827910443771774722e-04
6.807244149199348461e-04
6.530874083572823455e-04
6.453563276682120408e-04
6.330771176141426109e-04
6.094173638098055335e-04
5.997593785231685945e-04
5.859949015667603213e-04
5.730893764515481445e-04
5.644858052816201276e-04
5.484924021248829048e-04
5.401341663506245214e-04
5.284682443129266969e-04
5.181174115704524283e-04
5.001889360606132876e-04
4.848589204305416922e-04
4.761532933793895142e-04
4.712383771633324838e-04
4.581249084006495356e-04
4.521371462941611635e-04
4.481263638358782262e-04
4.437810593635956621e-04
4.372825963764279426e-04
4.284305908524863385e-04
4.180073756634317562e-04
4.081885977017086315e-04
3.975857069867585743e-04
3.957172168339093544e-04
3.892878744248937550e-04
3.840821654571755753e-04
3.814693531325792251e-04
3.773866003780376580e-04
3.741972018610023013e-04
3.721372827107525183e-04
3.664280231637005269e-04
3.649192867965272893e-04
3.597145462340700932e-04
3.565224602854997235e-04
3.508218464281978978e-04
3.476568081202259628e-04
3.451904494235668772e-04
3.397125182722436870e-04
3.383976993168130547e-04
3.342867761033165865e-04
3.290623627543358214e-04
3.278065326688166465e-04
3.214596405438885059e-04
3.130292958367683728e-04
3.123459351121044003e-04
3.071523930681216603e-04
3.041252565305106802e-04
3.027723759970612116e-04
3.015882982685400612e-04
2.964035835776658882e-04
2.930238490804181741e-04
2.908256077497765922e-04
2.857386460429461980e-04
2.835085173078776563e-04
2.809207062554245726e-04
2.753182884929856675e-04
2.722300921869184051e-04
2.708398586529013716e-04
2.671624319182363530e-04
2.640960917012154826e-04
2.575826349330626844e-04
2.561438674934624982e-04
2.552795589634085653e-04
2.527609377198177963e-04
2.493001750040222753e-04
2.463735172167253753e-04
2.425218413178459743e-04
2.396117169995561427e-04
2.388106609252492343e-04
2.353639461313100872e-04
2.320359093298162627e-04
2.303236569123461041e-04
2.280220408623277154e-04
2.231251444825369261e-04
2.221164527525900702e-04
2.202846925136434694e-04
2.188199934594083594e-04
2.153858745852650885e-04
2.123169054891320168e-04
2.106720292673117372e-04
2.104153858315218804e-04
2.075657090038706104e-04
2.066784111035464572e-04
2.053288038455289689e-04
2.035007029337425311e-04
1.995622859896558103e-04
1.971530462122542528e-04
1.952048429106195411e-04
1.947476428266382983e-04
1.930594242088492368e-04
1.926550456245082585e-04
1.885214468470622882e-04
1.866782426211185258e-04
1.835296336215739752e-04
1.827769492366344991e-04
1.794707205221817011e-04
1.784133739130817724e-04
1.773662751372345921e-04
1.745222018500110510e-04
1.723458735431492646e-04
1.718002734308715607e-04
1.696227659035854773e-04
1.681800756130464832e-04
1.665057585571907809e-04
1.654936837638673673e-04
1.642189738298458293e-04
1.631343797830373487e-04
1.612022806735605033e-04
1.607526972528534989e-04
1.579080160430496266e-04
1.576457048801584322e-04
1.559846483037345514e-04
1.532538670473367916e-04
1.526109280974966053e-04
1.524020560248710984e-04
1.505629437083874764e-04
1.470665605564295934e-04
1.459927686185844768e-04
1.452552324161936084e-04
1.441041410795094991e-04
1.431977920596414714e-04
1.415668434585104257e-04
1.410337664209403196e-04
1.377057564772712428e-04
1.375009525774628812e-04
1.366117953132281676e-04
1.349747375030813633e-04
1.329528389901059153e-04
1.326911603367090999e-04
1.305385147130451646e-04
1.301680481724516822e-04
1.289698656664534690e-04
1.280067254180345413e-04
1.268705995024717098e-04
1.246986620810028876e-04
1.244392220153423955e-04
1.235848591862910302e-04
1.230232580908137126e-04
1.212035751920428921e-04
1.201217203071271741e-04
1.199001719585983622e-04
1.190328851456562014e-04
1.178796816013439160e-04
1.157124623788881540e-04
1.144615533356076133e-04
1.131457847845786599e-04
1.128957490646819139e-04
1.116810035561588025e-04
1.097117425830545839e-04
1.094578045530471288e-04
1.090244840811361026e-04
1.069211970221054734e-04
1.061472537896892139e-04
1.053982284028834489e-04
1.040532675538211407e-04
1.032885676081492075e-04
1.022012223810192858e-04
1.005440601159609474e-04
9.958465796382217987e-05
9.814891774038430748e-05
9.701194622779096908e-05
9.668826445340855983e-05
9.583572191470103932e-05
9.541162640226276783e-05
9.480699760894784284e-05
9.380676364356800654e-05
9.356411784482645427e-05
9.216358417560021894e-05
9.109613652026014039e-05
9.061465007831517708e-05
9.050716427327485292e-05
8.988076966154462106e-05
8.857239012483547711e-05
8.791104988942712224e-05
8.728445608844893596e-05
8.591223329975610087e-05
8.546689287608622953e-05
8.525183383138475841e-05
8.338869341863493895e-05
8.288147893022889843e-05
8.186416894275664929e-05
8.114473329633514688e-05
8.102416995685927080e-05
8.011331136138381609e-05
7.919958456766373694e-05
7.830995302759432642e-05
7.801530776574663504e-05
7.689877157839371420e-05
7.613428964834565913e-05
7.555136055318902564e-05
7.415086648607512412e-05
7.341408929861122892e-05
7.297806132526530546e-05
7.229615926683762006e-05
7.197047754474086975e-05
7.106287026224213045e-05
7.014901587174161976e-05
6.969221625463759289e-05
6.845047906856756834e-05
6.784718347483396136e-05
6.750276848390619516e-05
6.706171196326725901e-05
6.665833932713569651e-05
6.573005803894604079e-05
6.552390490240069464e-05
6.521511849716843563e-05
6.423834407313501840e-05
6.386207296302275549e-05
6.343094675716365479e-05
6.292383826627668522e-05
6.253268148450587466e-05
6.231706047032809230e-05
6.178411585440156937e-05
6.148968627316815617e-05
6.082357037821102194e-05
6.039850625863129615e-05
5.976960291596993994e-05
5.877111167040443348e-05
5.862984042718242720e-05
5.807251465777687425e-05
5.756065495040297805e-05
5.687258724361092370e-05
5.586514439791486403e-05
5.548651595577743493e-05
5.514029025103906845e-05
5.466657113254636853e-05
5.452124124949596817e-05
5.393585509362241949e-05
5.340915823003118570e-05
5.256660664745232243e-05
5.220320548901034407e-05
5.142451150653475431e-05
5.085619887442065028e-05
5.001481702064052676e-05
4.957782413996872904e-05
4.906486258860905092e-05
4.884857891874351380e-05
4.837681467210200792e-05
4.768639860473144695e-05
4.736147948935860757e-05
4.681227342356554581e-05
4.658729765814749902e-05
4.620307000917073367e-05
4.571615598675323898e-05
4.533239320069921952e-05
4.495570437737420966e-05
4.479882347504075428e-05
4.456100428816470833e-05
4.385464433293042555e-05
4.357106939219533196e-05
4.342210375132120619e-05
4.329714599768691061e-05
4.294702734008759196e-05
4.224456578262983012e-05
4.189306208936738660e-05
4.159938096885081895e-05
4.141757649424115213e-05
4.103080754999896313e-05
4.051701506027524354e-05
3.949129105673104253e-05
3.935759393627006876e-05
3.907536700450569184e-05
3.839628477831177498e-05
3.822026141549737956e-05
3.783245585088951973e-05
3.776426786897860529e-05
3.763832044224238308e-05
3.689957636603061338e-05
3.633496209632352251e-05
3.584353516474470208e-05
3.558126744407414017e-05
3.539057904235316744e-05
3.509036575750120856e-05
3.468169732263757583e-05
3.430959200897917171e-05
3.372600771908779502e-05
3.360597277284824304e-05
3.309194018723265887e-05
3.267710782008853619e-05
3.255568407815884739e-05
3.203919003949870736e-05
3.153897514822229107e-05
3.118930396493751903e-05
3.100165410574371426e-05
3.064960486589119701e-05
3.030554765409188789e-05
3.011707823696815639e-05
2.988415664230218086e-05
2.970826596112323260e-05
2.943418420454825822e-05
2.920360301442071315e-05
2.902630854651989665e-05
2.892512488124997233e-05
2.853874571735559603e-05
2.825556921254232116e-05
2.803257499978004065e-05
2.774713010931942006e-05
2.749919680202025268e-05
2.740636836649225204e-05
2.714193580769964847e-05
2.690430101440055821e-05
2.673464219095701992e-05
2.634288627080037687e-05
2.626788838904625119e-05
2.621375988795725685e-05
2.584260979394325332e-05
2.532510081681103447e-05
2.471381851568151843e-05
2.451074599359838398e-05
2.446857521693910004e-05
2.438920448405776844e-05
2.410167298717054706e-05
2.388680430223261164e-05
2.365753860087047746e-05
2.334006331816150851e-05
2.320469198610317400e-05
2.297453177112491381e-05
2.287454606812086477e-05
2.243167612526591879e-05
2.198817180060120790e-05
2.180460506255603768e-05
2.161070281613454238e-05
2.131042569253867119e-05
2.125488873530862990e-05
2.077669361326136226e-05
2.058063965927340436e-05
2.042305813070156745e-05
2.031452973700147960e-05
1.998402032221605125e-05
1.978224751319471845e-05
1.965608298067687444e-05
1.920458020715605036e-05
1.917923890418155706e-05
1.894609697735125705e-05
1.870222384979650560e-05
1.868274918548663979e-05
1.843104207716766792e-05
1.823398088598805064e-05
1.813593902085975534e-05
1.805225444321514379e-05
1.789394754342703514e-05
1.756155971773634185e-05
1.747860508917412707e-05
1.733041056146946018e-05
1.713499367994936119e-05
1.692621383745168958e-05
1.684780158803458956e-05
1.653617460767853445e-05
1.650919541652820185e-05
1.640184500908735147e-05
1.629809376733114818e-05
1.611986522234874620e-05
1.582058189922006707e-05
1.559124536818172599e-05
1.546507882480100413e-05
1.533923660637827861e-05
1.517715588647595755e-05
1.499020938096800175e-05
1.490529849170696670e-05
1.474506812064335969e-05
1.441114387901780506e-05
1.430722339098310576e-05
1.418913445136680418e-05
1.408560067727633613e-05
1.398518066728857631e-05
1.385315416940378300e-05
1.353344816123737124e-05
1.345471451328077335e-05
1.331330594017432534e-05
1.327403352454403861e-05
1.306552791318108339e-05
1.283123880398278809e-05
1.279145972998657758e-05
1.273788000108672202e-05
1.251638800737847670e-05
1.251071536615187509e-05
1.218572078050629749e-05
1.202807312220285316e-05
1.201083355775632072e-05
1.199559388531892286e-05
1.168822443734875034e-05
1.163307407325647218e-05
1.149473057268531379e-05
1.139903445682013212e-05
1.130982568247034416e-05
1.127504068170766312e-05
1.117821314204543104e-05
1.110620831277549863e-05
1.092628870486984397e-05
1.080484933798174084e-05
1.077042763748257460e-05
1.068563700593097656e-05
1.052936242473901549e-05
1.043808377784158481e-05
1.039884653015653792e-05
1.033497520974069591e-05
1.025448744608185072e-05
1.009845444428032501e-05
9.935296868812751461e-06
9.851015986702341476e-06
9.818242418875937734e-06
9.679671459535313559e-06
9.648592129675078453e-06
9.449463295942820787e-06
9.320473238855076021e-06
9.240991234568831205e-06
9.188633844911901218e-06
9.165308488425169485e-06
9.129023546670223967e-06
8.927987889354763141e-06
8.817177292631407418e-06
8.773166925743898538e-06
8.665884734772757693e-06
8.630678689741404019e-06
8.527247657974473970e-06
8.435001999352480768e-06
8.360660526442428614e-06
8.251263657714785562e-06
8.185327916065781689e-06
8.110273757188027417e-06
7.901330075829725516e-06
7.794346161343701526e-06
7.753118027371588061e-06
7.721033254830675038e-06
7.601913336997153549e-06
7.571467411212481498e-06
7.404530024316247869e-06
7.291973890343419096e-06
7.251564287009422287e-06
7.181142334653592847e-06
7.115651376590061914e-06
7.028822706081902513e-06
7.005913994264179268e-06
6.880852171996315605e-06
6.822001710394418064e-06
6.598583860608060518e-06
6.574692282737714537e-06
6.498410659061523526e-06
6.429329599453821527e-06
6.320796377197956252e-06
6.243776264972465527e-06
6.175932339240364361e-06
6.105334748665695967e-06
6.031873325118245288e-06
5.960216627846587815e-06
5.832936558202618261e-06
5.801438435736096018e-06
5.724999668134279596e-06
5.677694963660680105e-06
5.651931985663327940e-06
5.623955804853580560e-06
5.455680125060430643e-06
5.431449568756204356e-06
5.373556002467796768e-06
5.367579247486317899e-06
5.226466112714125596e-06
5.205459558288128856e-06
5.140140411226254653e-06
4.987066438413177256e-06
4.924199188432111556e-06
4.833033416528553029e-06
4.802140940593985250e-06
4.799874971875784990e-06
4.785915745201940318e-06
4.701778715799940036e-06
4.678174217680080549e-06
4.610781469976919924e-06
4.539754285122969076e-06
4.418639168758424962e-06
4.378407659918863268e-06
4.325161122731189233e-06
4.255079245470975859e-06
4.199183587130583927e-06
4.107858200626330970e-06
4.093151233299003121e-06
4.049905417362540720e-06
3.977384779675575879e-06
3.942832219577395948e-06
3.848029709548654081e-06
3.842047216122807054e-06
3.747259357943537902e-06
3.690981952481552704e-06
3.605917922306565011e-06
3.584416717170725327e-06
3.558211050350761572e-06
3.533191037539719969e-06
3.448312032034434964e-06
3.398829701763291064e-06
3.343872110814515480e-06
3.309088637441753489e-06
3.281774636854705762e-06
3.189459659466422512e-06
3.136652898486160486e-06
3.083897653381936562e-06
3.009131605136754632e-06
2.971067506886521511e-06
2.918452403304952527e-06
2.871780426537633531e-06
2.847503763296781332e-06
2.796952277796073396e-06
2.701486128171384797e-06
2.669927530536047520e-06
2.647070330928263597e-06
2.601015491787803039e-06
2.578493211968065065e-06
2.552771983060558252e-06
2.495272646036633056e-06
2.443177003131184941e-06
2.426300640239385229e-06
2.386157918249093906e-06
2.373750796846860430e-06
2.306581565193784209e-06
2.247036468406908257e-06
2.224681213362948105e-06
2.198726235453081943e-06
2.175871368932347483e-06
2.129149451318807105e-06
2.064267142644178618e-06
2.051112034289880901e-06
2.019445948686412961e-06
1.975597267736620635e-06
1.947781145112654018e-06
1.904278341126369500e-06
1.890700706829905917e-06
1.842376660619341562e-06
1.801142539927630295e-06
1.790124322850712405e-06
1.744016430449424713e-06
1.727808184083071315e-06
1.705360170838663574e-06
1.670424839302366756e-06
1.636314035781475871e-06
1.596094795874854721e-06
1.582273403864124434e-06
1.559494353224203703e-06
1.528175873220023241e-06
1.482520556917831371e-06
1.464176534266861012e-06
1.432543735690052316e-06
1.381929634988682674e-06
1.335838938692758166e-06
1.311775552794560231e-06
1.292307763132963627e-06
1.271101864956572074e-06
1.232679915193087679e-06
1.210579100871831209e-06
1.182769735973753669e-06
1.153124962013070293e-06
1.140905062365251298e-06
1.125823360195209666e-06
1.110384761305772627e-06
1.098672176514131882e-06
1.038427314057327467e-06
1.016054634656359978e-06
9.783578880047594208e-07
9.421119922371067928e-07
9.095164684567103779e-07
8.817665468706989995e-07
8.656087093129392428e-07
8.203576059165679625e-07
8.131091797751950700e-07
7.917224501211690077e-07
7.453301128269265559e-07
7.144643330330016755e-07
6.830745266226825018e-07
6.642182201901837283e-07
6.190827641944378719e-07
6.088796591413968152e-07
5.895721545476311886e-07
5.559507991391107473e-07
5.403601574410360164e-07
5.324695806722815414e-07
5.222882847210642414e-07
4.943371084038075086e-07
4.657475538640158676e-07
4.231631215861338071e-07
3.840472266522335776e-07
3.455946985010910414e-07
3.174535565415128309e-07
3.056286753653601731e-07
2.860565975579480130e-07
2.815307736058816136e-07
2.212155163025831759e-07
2.062744888366417404e-07
1.621701653971850436e-07
1.529378491091976587e-07
1.221291585062246471e-07
9.834160381257253404e-08
7.901837156954209073e-08
7.635995051831814226e-08
7.237204653265529501e-08
4.443927802347667721e-08
3.555626262086742284e-08
2.384897218004945423e-08
1.790252740218802156e-08
1.091709165878253359e-08
5.622979442033675381e-10
2.128086317534229912e-21
-8.043920536351564797e-21
-1.938017425009758973e-09
-8.134033296908390231e-09
-1.587882970047240922e-08
-2.519764376512595353e-08
-3.290736108995437363e-08
-3.934836388305275460e-08
-4.268162418235104345e-08
-4.703599870987049780e-08
-6.221112074803124558e-08
-6.782081227406735874e-08
-7.463933801100105819e-08
-9.132451259613050765e-08
-1.068732780320328499e-07
-1.124800233529283637e-07
-1.186590028237454419e-07
-1.301749408351458259e-07
-1.341204116140398538e-07
-1.550629493894944859e-07
-1.630309625359313184e-07
-1.751395090813334379e-07
-2.002757763759724292e-07
-2.060234389623518693e-07
-2.207451025000012807e-07
-2.449682010705904435e-07
-2.634678134670119038e-07
-2.909063996273308807e-07
-3.140292095683865331e-07
-3.324461098613023384e-07
-3.495066111146460146e-07
-4.131212690620163447e-07
-4.278612451562038183e-07
-4.989813734237048223e-07
-5.697938590900442524e-07
-6.250654854767209472e-07
-6.667104756966734768e-07
-8.064450832659208878e-07
-9.799709294966453160e-07
-1.001312062436989353e-06
-1.086967822086196705e-06
-1.229802326418643527e-06
-1.346358487105944774e-06
-1.531395067354873837e-06
-1.751887602302462796e-06
-1.820202174324806647e-06
-2.098526116569891580e-06
-2.640571036524504969e-06
-2.850874248160205550e-06
-3.000074527314424037e-06
-3.333245669137329960e-06
-3.478961651061370474e-06
-5.341373274364268685e-06
-5.521057839180282932e-06
-6.203305498163040931e-06
-6.419126420152589384e-06
-8.171246322728316101e-06
-1.457596642329198553e-05
-1.910450020968621783e-05
-2.307915165811992442e-05
-3.007827989688954934e-05
-3.157366410673605872e-05
-3.514192900290560330e-05
-3.819933695963312011e-05
-4.752329340340156924e-05
-8.033969538093095597e-05
