9.741376703355036725e-06
5.981915137478093792e-06
4.507468839543994819e-06
4.346115439916597627e-06
3.779502918068140180e-06
3.562502851059963212e-06
2.733382081476965166e-06
2.475981875095205331e-06
1.841404712857668086e-06
1.005125347309798764e-06
9.587503438832899865e-07
8.088945665775054541e-07
6.444988155198213373e-07
6.223648663032800327e-07
4.355723185977667347e-07
3.683258778599968289e-07
3.213679047947450661e-07
3.115561671562624754e-07
2.659782627952521807e-07
2.351248454444764657e-07
2.098182662997574611e-07
1.809695813122963631e-07
1.685848254193295345e-07
1.491165786083905222e-07
1.272329418330790948e-07
1.146053951125225199e-07
1.061323703886325789e-07
1.015736248797321573e-07
8.728061918919504610e-08
6.763972311140655422e-08
6.428880342148333074e-08
6.152226171068868127e-08
4.998455476283086180e-08
4.720775259614664081e-08
4.616065731167210458e-08
3.791420441155887319e-08
3.553224773899827504e-08
3.475415653057281379e-08
3.258638282453597132e-08
2.778991531807391673e-08
2.736175345537084609e-08
2.506348828361298559e-08
2.236962737956013361e-08
2.216422173210945269e-08
1.854228430794444890e-08
1.791289099237936500e-08
1.630979975055712930e-08
1.456506176537940092e-08
1.388037229110557050e-08
1.302968696006801411e-08
1.214337716415626831e-08
1.110819119742496592e-08
1.083353441473892922e-08
7.885071997560282651e-09
7.684288467921603816e-09
6.638714601161756083e-09
4.871849051327713796e-09
4.345499391750896417e-09
4.070830371583835690e-09
3.437189867797411421e-09
2.650875678975221282e-09
1.625586317963998644e-09
3.258538786905964405e-10
1.113692356484085104e-21
-1.624605014313614225e-22
-2.407846227718872725e-10
-6.220906644571029948e-10
-1.666960889499272250e-09
-2.338185083792130286e-09
-3.180552535113573515e-09
-5.346270761523904565e-09
-7.157499724949108603e-09
-9.636482274369477134e-09
-1.110916607203509848e-08
-1.197816548678917414e-08
-1.387931487533537089e-08
-1.722605664879186687e-08
-2.096486157711519637e-08
-2.199255456831029128e-08
-2.869490383561603372e-08
-2.902838491881874494e-08
-3.649606137548889252e-08
-3.773016424695344213e-08
-3.913911543812619472e-08
-4.160805136330684797e-08
-4.384925673402165259e-08
-4.824764880095288910e-08
-5.365207726729710620e-08
-5.927210256096825782e-08
-6.165623520982797956e-08
-6.431072093343126347e-08
-6.617706488084326473e-08
-6.734799475829886760e-08
-6.951872485564632607e-08
-7.386733374244388574e-08
-7.598562381420966471e-08
-7.734688570843854851e-08
-8.218503122869268630e-08
-8.424584391109265777e-08
-8.826396681689821278e-08
-9.138836166996250635e-08
-9.692183199948451294e-08
-9.993638572062402261e-08
-1.001718353089351263e-07
-1.050193463827139106e-07
-1.058330844471642099e-07
-1.107858193303480396e-07
-1.158321756635824067e-07
-1.190666446428120818e-07
-1.223151669097149342e-07
-1.248199255370941632e-07
-1.305680435624520640e-07
-1.351290872799503611e-07
-1.371502658716327319e-07
-1.391957716658817043e-07
-1.399892293592682112e-07
-1.445503127115228173e-07
-1.466088288563810916e-07
-1.505229998657785278e-07
-1.530893854001410862e-07
-1.566644616391820574e-07
-1.607393758138323308e-07
-1.633909552249437135e-07
-1.677830122590696375e-07
-1.751208687913244319e-07
-1.773419299269231440e-07
-1.810847761332322918e-07
-1.862538057285343900e-07
-1.900741169019327086e-07
-1.931004015156945966e-07
-1.952531435944174648e-07
-1.975460305170868439e-07
-1.996846768668416535e-07
-2.068977219924546056e-07
-2.100235996909888350e-07
-2.116303120701862253e-07
-2.169209764329621942e-07
-2.183269035502238268e-07
-2.232338121482645200e-07
-2.289036679368718615e-07
-2.316172238333927426e-07
-2.340658803534493932e-07
-2.375757989653683116e-07
-2.458070014192187102e-07
-2.465610521147112468e-07
-2.502379186521175511e-07
-2.562546867496909017e-07
-2.607796663358101717e-07
-2.667649672093435109e-07
-2.697885994636410952e-07
-2.726286865237277486e-07
-2.736429203332527897e-07
-2.878262670038329978e-07
-2.896249687587104304e-07
-2.934994643810399308e-07
-2.943654512811115184e-07
-3.029630509710377838e-07
-3.091910635530735205e-07
-3.108468239421144840e-07
-3.145598467743620231e-07
-3.210454929795622486e-07
-3.222740652738880128e-07
-3.254718380380018278e-07
-3.385713974100209944e-07
-3.452171407984718256e-07
-3.464516272318067204e-07
-3.526273238935056535e-07
-3.592805031248094015e-07
-3.631696227239081263e-07
-3.731161392438826152e-07
-3.780956920683952841e-07
-3.834044248931560744e-07
-3.950053858313484144e-07
-3.995169129980012061e-07
-4.038494355614346878e-07
-4.100118639873206467e-07
-4.163802171368969023e-07
-4.256193652194984718e-07
-4.283714994871359554e-07
-4.322131868387770165e-07
-4.331270627344461198e-07
-4.434186317450665849e-07
-4.532429514879053359e-07
-4.636621733100771678e-07
-4.657685254879323407e-07
-4.763651258458829092e-07
-4.788589180997393277e-07
-4.886711479221122795e-07
-4.930831973856977451e-07
-4.965557799478340323e-07
-5.029508193464436688e-07
-5.128815955105534893e-07
-5.202637599130792347e-07
-5.224594988573526805e-07
-5.348138971697124319e-07
-5.495478569422357967e-07
-5.547059013416395979e-07
-5.602278380712397327e-07
-5.626365998308003140e-07
-5.735466292423053665e-07
-5.784734088145686548e-07
-5.798118317842615324e-07
-5.812260295280927681e-07
-5.933973721764271186e-07
-6.016131641273948021e-07
-6.200277373326847075e-07
-6.228370385649406806e-07
-6.310120195851642963e-07
-6.463496490828443334e-07
-6.483007029560235424e-07
-6.537902523310334931e-07
-6.555927154487688135e-07
-6.738727619776063534e-07
-6.810691061145761181e-07
-6.836075322655496058e-07
-6.934713191427322998e-07
-6.989111035253097504e-07
-7.044255909380579193e-07
-7.177843795200586573e-07
-7.235883750522938200e-07
-7.381633027805778664e-07
-7.417876183320456127e-07
-7.503973229373002652e-07
-7.599480237783650986e-07
-7.732201344282418001e-07
-7.819684714654388531e-07
-7.894725392873621080e-07
-7.981730253774817362e-07
-8.171188134472233735e-07
-8.260495743441477445e-07
-8.390016338449274647e-07
-8.439136439746317085e-07
-8.552771700152606459e-07
-8.633699995868829547e-07
-8.726602814212450958e-07
-8.803942825528485373e-07
-8.911178916926350678e-07
-9.078893830271365507e-07
-9.116600279938608585e-07
-9.278141374476189746e-07
-9.320908560211006614e-07
-9.364636868641527930e-07
-9.457734478080419443e-07
-9.694968015199059993e-07
-9.877925646023746964e-07
-9.941924434088411565e-07
-1.004930319883548622e-06
-1.016403242082075617e-06
-1.025079615759149465e-06
-1.031564931562723533e-06
-1.037485849954177994e-06
-1.052483376715885277e-06
-1.060549628351347021e-06
-1.074252012046888164e-06
-1.095915768371384332e-06
-1.098617072064727975e-06
-1.105067618654846118e-06
-1.110076422092250771e-06
-1.121740425227041032e-06
-1.137035485171228719e-06
-1.154034898884059984e-06
-1.159988318490647527e-06
-1.178659617454070416e-06
-1.181515375343134330e-06
-1.191801881578046741e-06
-1.213194526414803608e-06
-1.230096633224149110e-06
-1.237494633026811686e-06
-1.248826255848863029e-06
-1.254869161752900786e-06
-1.268589922236346003e-06
-1.278757671076963974e-06
-1.291392841855990540e-06
-1.300086497886270784e-06
-1.303285762077836079e-06
-1.328013162774787734e-06
-1.341939920838987179e-06
-1.354526943590025491e-06
-1.359910550000940884e-06
-1.367253022728068303e-06
-1.377383253481816756e-06
-1.394662645931909760e-06
-1.404896883311303782e-06
-1.441634186843259009e-06
-1.442650415586452143e-06
-1.444681123946925595e-06
-1.467844822731868351e-06
-1.497717592048548693e-06
-1.503791837209362021e-06
-1.509956441397812633e-06
-1.529384572157998818e-06
-1.542057003407422014e-06
-1.569013063539921868e-06
-1.575047483276682823e-06
-1.584118956555594478e-06
-1.603150547454364809e-06
-1.626628245181941288e-06
-1.664843616900202435e-06
-1.679379226550445623e-06
-1.690936349542791223e-06
-1.694227206520803952e-06
-1.718734384692307087e-06
-1.732020850407928242e-06
-1.755009690406867754e-06
-1.774217698512425845e-06
-1.801242990983276815e-06
-1.810776097246822750e-06
-1.840609613469972460e-06
-1.862802161012126847e-06
-1.870720437652232795e-06
-1.890915590757168454e-06
-1.924119515993368994e-06
-1.959131906108692035e-06
-1.968757082880545023e-06
-1.978337502244920063e-06
-1.986065989024679262e-06
-2.019789146591895118e-06
-2.026812971391109370e-06
-2.060881111211402293e-06
-2.075562508182631769e-06
-2.082750735475118890e-06
-2.111299474926492695e-06
-2.141624131189629010e-06
-2.165963108292198943e-06
-2.179581640773733422e-06
-2.189702777649366575e-06
-2.207940096592080941e-06
-2.214084994765447681e-06
-2.249279462165761425e-06
-2.274313188032763193e-06
-2.303474879957829604e-06
-2.309791779604301502e-06
-2.365151517888673110e-06
-2.367870934921722658e-06
-2.386164997102925616e-06
-2.432990557401846180e-06
-2.437301634709080230e-06
-2.465631321914653451e-06
-2.490125297161378263e-06
-2.526562710590921654e-06
-2.559400463961501927e-06
-2.593892806828306541e-06
-2.600863603715590538e-06
-2.604784407685147912e-06
-2.697066283200352686e-06
-2.704927687265973311e-06
-2.749009097068712296e-06
-2.774832699353814367e-06
-2.803445988848688558e-06
-2.817378810367766371e-06
-2.846733499438728618e-06
-2.892645757784576886e-06
-2.928952151135150036e-06
-2.938761322206619516e-06
-2.948777941007187459e-06
-2.963008682990520955e-06
-3.021224984320267787e-06
-3.068070363772246784e-06
-3.129062000425361779e-06
-3.147664368872346394e-06
-3.166475862209142586e-06
-3.194026040168345948e-06
-3.227142375966706914e-06
-3.243754396368576147e-06
-3.279200244581095009e-06
-3.306054414669098442e-06
-3.330115712928240034e-06
-3.367083375789843254e-06
-3.389175659242123091e-06
-3.427708928007631352e-06
-3.435396787045766523e-06
-3.484224139823883993e-06
-3.507653900557487816e-06
-3.519469932732064021e-06
-3.536863527142078246e-06
-3.574810573810448516e-06
-3.617123864645284754e-06
-3.624634613226882093e-06
-3.670954561843412630e-06
-3.712922668672352434e-06
-3.734536082481954769e-06
-3.763401610651875663e-06
-3.836179120657785744e-06
-3.899706187510299032e-06
-3.933249709907421839e-06
-3.970243870713880867e-06
-4.019886128493000190e-06
-4.037304527002315243e-06
-4.121085877053256070e-06
-4.166930007811781107e-06
-4.205644692763080056e-06
-4.231830821185588912e-06
-4.264864564878136229e-06
-4.294982218535008921e-06
-4.341907425717512322e-06
-4.404712681997434755e-06
-4.483314595169854274e-06
-4.498919476951545966e-06
-4.530084091223840355e-06
-4.586686286720685357e-06
-4.603334701946127359e-06
-4.688825615138058073e-06
-4.713738246739012852e-06
-4.744641358141304322e-06
-4.836891430945865442e-06
-4.885176992705093745e-06
-4.962780001581832785e-06
-4.973096042735441139e-06
-5.013948386844173731e-06
-5.038225937527783539e-06
-5.042061669696755908e-06
-5.169958241298325935e-06
-5.182269223080216749e-06
-5.216886046794680773e-06
-5.254716316226606046e-06
-5.328672218024319297e-06
-5.348480351439655941e-06
-5.375201282376821243e-06
-5.412725249501120230e-06
-5.461491894929253336e-06
-5.515582099326275124e-06
-5.553208804780310259e-06
-5.596490858586307091e-06
-5.624669701092420407e-06
-5.717273810725341370e-06
-5.778480064664626440e-06
-5.792032056635739743e-06
-5.849716644715072734e-06
-5.883781567634237990e-06
-5.978103302317401777e-06
-6.017436826091601263e-06
-6.168770867749595793e-06
-6.214852429904993411e-06
-6.288219998467754578e-06
-6.379258649446273164e-06
-6.423668378023504602e-06
-6.517738953339088924e-06
-6.556537023547611009e-06
-6.605574798022467730e-06
-6.651833734881217681e-06
-6.683600040588857291e-06
-6.760504301288016764e-06
-6.890360438181741911e-06
-6.945668319396367592e-06
-7.013482092355889897e-06
-7.036067141196911004e-06
-7.136621740945114361e-06
-7.205169615878900508e-06
-7.253907479957274116e-06
-7.343688449536700843e-06
-7.366350079810395561e-06
-7.431750787188536863e-06
-7.445488642968692500e-06
-7.487207468602484008e-06
-7.540059671919754913e-06
-7.607906987724597377e-06
-7.633921667246510107e-06
-7.744071013047102537e-06
-7.805228046784752863e-06
-7.871428046119346964e-06
-7.920308844611086523e-06
-7.960557583497546771e-06
-8.048515795524526756e-06
-8.097868078830827129e-06
-8.172031533828178626e-06
-8.322499858518721765e-06
-8.350639740002813725e-06
-8.508327429459167031e-06
-8.528664639857380645e-06
-8.635539667434121065e-06
-8.723708220753268700e-06
-8.776896069641606935e-06
-8.871051709085754167e-06
-9.026327174401079398e-06
-9.084831596672289714e-06
-9.180169135457115048e-06
-9.330448716151311175e-06
-9.363675908293913743e-06
-9.501495180323929420e-06
-9.592807831881440281e-06
-9.685931076194438481e-06
-9.740127674035961995e-06
-9.772048750240966278e-06
-9.890730467036103614e-06
-9.991303291317902191e-06
-1.020911718474334752e-05
-1.025721567223354299e-05
-1.028629129992136853e-05
-1.042717123672570833e-05
-1.052411071526034550e-05
-1.057984373771108126e-05
-1.072685753642643436e-05
-1.078379316683729374e-05
-1.085319198131075451e-05
-1.092164288089719961e-05
-1.103748840781650394e-05
-1.115938588646207266e-05
-1.124279948622187117e-05
-1.133980374546299644e-05
-1.141681648806890125e-05
-1.147532749040432825e-05
-1.150668081960592869e-05
-1.157686581223542787e-05
-1.171899911441677654e-05
-1.194670689584051379e-05
-1.202901213323257430e-05
-1.224719198529394952e-05
-1.235568970740256867e-05
-1.247653440237828487e-05
-1.262580952166179660e-05
-1.271567897886562685e-05
-1.282320405481841762e-05
-1.304889704508157509e-05
-1.310439997859765033e-05
-1.313690822714032609e-05
-1.337420204133117960e-05
-1.347894566372979847e-05
-1.353504897827448315e-05
-1.370248368777518793e-05
-1.380456307078874100e-05
-1.412577298405379736e-05
-1.421980678410412729e-05
-1.433014564681837360e-05
-1.440277645291965851e-05
-1.452404885301965059e-05
-1.471418985785151675e-05
-1.476915003908825036e-05
-1.486220640922585333e-05
-1.495647015800740247e-05
-1.510781249171833402e-05
-1.527204855006507987e-05
-1.539828333598508643e-05
-1.560683422531198444e-05
-1.562362901025281540e-05
-1.585639372119451764e-05
-1.588464165028681343e-05
-1.613188344081779987e-05
-1.631797072713573501e-05
-1.641320482269767198e-05
-1.646515447998491474e-05
-1.678056723389300306e-05
-1.687532832687866843e-05
-1.714240723543716097e-05
-1.718040384741640304e-05
-1.732487550191835047e-05
-1.740179257320808808e-05
-1.755110484949509890e-05
-1.796648650962516191e-05
-1.814583382978457674e-05
-1.825059268099340441e-05
-1.835929607065112784e-05
-1.855574954914847823e-05
-1.880490642925038174e-05
-1.888162339607656875e-05
-1.909559843504096517e-05
-1.928023984105503816e-05
-1.949872792769665787e-05
-1.962581961160886706e-05
-1.978145550428361691e-05
-1.991940676274715251e-05
-2.011463177212686958e-05
-2.023684527283987198e-05
-2.049985946714659308e-05
-2.062325660181744353e-05
-2.082483220083045311e-05
-2.117422028836555610e-05
-2.129705185463532451e-05
-2.145962963041193460e-05
-2.174694069594300096e-05
-2.185977675930438763e-05
-2.219741204925423551e-05
-2.238889166889455309e-05
-2.252192050639126140e-05
-2.303243310069460611e-05
-2.317288696883033691e-05
-2.328093910572691608e-05
-2.350416459796567304e-05
-2.388546575771655645e-05
-2.417177873758797027e-05
-2.441446625262215731e-05
-2.456366028315270649e-05
-2.478861965391996266e-05
-2.498378406934517366e-05
-2.509453813712179550e-05
-2.523589860413472111e-05
-2.549208882523716993e-05
-2.609764026923711849e-05
-2.626106044019295885e-05
-2.635817758445470709e-05
-2.656770178908653140e-05
-2.712610699880155699e-05
-2.755038227261375982e-05
-2.767335410881563513e-05
-2.779611298109272227e-05
-2.809947711304254175e-05
-2.860854311818439961e-05
-2.883209030205699793e-05
-2.926515231152830386e-05
-2.934732349890744303e-05
-2.989490212519644964e-05
-3.020749773851403051e-05
-3.063136172905361708e-05
-3.072240599571172856e-05
-3.132470296426413057e-05
-3.162409423260135739e-05
-3.228592766512504176e-05
-3.237532144084872502e-05
-3.269324306232935135e-05
-3.354601208624414914e-05
-3.380618012398679253e-05
-3.388618542688724450e-05
-3.404480711640705577e-05
-3.495376689939871717e-05
-3.504867596905594476e-05
-3.531928144580058959e-05
-3.586740525522820672e-05
-3.611253139835213618e-05
-3.627674110713508188e-05
-3.647856395494666470e-05
-3.680258920673454764e-05
-3.730228766293262795e-05
-3.772603196516374243e-05
-3.891855878382579237e-05
-3.923245746481958559e-05
-3.989703335325417378e-05
-4.007744863391534605e-05
-4.037015319094195483e-05
-4.064300652561226185e-05
-4.100355493073484141e-05
-4.143659921867132628e-05
-4.161966813129286115e-05
-4.239639181987862432e-05
-4.281236465572072896e-05
-4.305328186332080601e-05
-4.323093448098210196e-05
-4.392303774666789879e-05
-4.442759342705800190e-05
-4.509207509371631457e-05
-4.547060465996357508e-05
-4.579126648694542133e-05
-4.646552580925124521e-05
-4.662565603407291281e-05
-4.831910566056498303e-05
-4.857110257903582781e-05
-5.005581044865955239e-05
-5.133768996108488804e-05
-5.263792719484418841e-05
-5.287656938441508456e-05
-5.320343412661733697e-05
-5.464845242529613628e-05
-5.528263827549807817e-05
-5.596075222298594649e-05
-5.756602372853395985e-05
-5.898132448911138563e-05
-6.082871651845439933e-05
-6.239101906693316499e-05
-6.267849691292309345e-05
-6.489830827843964204e-05
-6.511316368480629430e-05
-6.671332142286682089e-05
-6.830214349386877590e-05
-6.941815310865673966e-05
-7.024460475004203617e-05
-7.364556676037072155e-05
-7.582096308059396868e-05
-7.735543631150738442e-05
-8.016152598732164401e-05
-8.067301334457618151e-05
-8.137946142275136131e-05
-8.331036618382588351e-05
-8.499802333027888619e-05
-8.562213946382898205e-05
-8.817807625602260956e-05
-8.871915463514954954e-05
-9.187190214643950372e-05
-9.350606855574542658e-05
