-6.286023420578849477e-16
-5.744072785391863859e-16
-4.740074291829060138e-16
-2.844329486669153262e-16
-2.487226950430307694e-16
-2.255431729833808635e-16
-1.976731683542754820e-16
-1.908002096663372787e-16
-1.691029787562268072e-16
-1.582665761590108911e-16
-1.533900340661355468e-16
-1.497118155586025534e-16
-1.476854336181399260e-16
-1.389587863874711075e-16
-1.326136157323268573e-16
-1.273567766864823362e-16
-1.215430493370781912e-16
-1.185395244420174674e-16
-1.153287556392949679e-16
-1.124386226518518395e-16
-1.108214109337306984e-16
-1.098937171227427097e-16
-1.081013873927831465e-16
-1.035981178701194392e-16
-1.027275327598426548e-16
-9.966247676007595672e-17
-9.798895394902248868e-17
-9.579262827048585206e-17
-9.512129705867420076e-17
-9.299893739419202346e-17
-9.110377996173031242e-17
-8.989256481139833256e-17
-8.905915853008439169e-17
-8.781536340162070707e-17
-8.617170712918669070e-17
-8.434714258641247853e-17
-8.378440766552960288e-17
-8.187688011234305556e-17
-8.102768371996827999e-17
-8.000342829785169347e-17
-7.939525227933883928e-17
-7.747441552936782069e-17
-7.670097140071160880e-17
-7.542442819843496782e-17
-7.414719185633643315e-17
-7.330908526976286296e-17
-7.185228540852997981e-17
-7.146030058380171624e-17
-7.011240259911942924e-17
-6.905947820994031675e-17
-6.811570740574912440e-17
-6.742634725204475714e-17
-6.600895447610083534e-17
-6.573400779270552341e-17
-6.442028703555156450e-17
-6.403834515843265827e-17
-6.343227159041127933e-17
-6.326326977168347093e-17
-6.206702261871772076e-17
-6.157989314533995386e-17
-6.026818830404307283e-17
-5.966784891731516362e-17
-5.803599174559334338e-17
-5.762025724875845426e-17
-5.702140190884720537e-17
-5.617689383313082772e-17
-5.587186022402545950e-17
-5.569103111112999655e-17
-5.488180815094363711e-17
-5.421309741730561617e-17
-5.400310403712602827e-17
-5.328691522674068754e-17
-5.292121178667087101e-17
-5.233004983507630325e-17
-5.191793997506304892e-17
-5.106342256039660643e-17
-5.099173598499811560e-17
-5.004545076216286366e-17
-4.911413983998605364e-17
-4.898038226002937722e-17
-4.867287318605223605e-17
-4.792403018055108139e-17
-4.741287506986827302e-17
-4.704847577874538992e-17
-4.650898178126820798e-17
-4.620479897743238565e-17
-4.544831181300473386e-17
-4.450292342309870277e-17
-4.405367797926355540e-17
-4.390591196906531904e-17
-4.381613678369020854e-17
-4.332768484902360047e-17
-4.297138110020958400e-17
-4.261647334249784773e-17
-4.251280206344750616e-17
-4.209767106191210041e-17
-4.188736504342956731e-17
-4.147142569405720518e-17
-4.115757422718128883e-17
-4.043369065353947702e-17
-4.003613381681675826e-17
-3.996253654650951148e-17
-3.957257200549406784e-17
-3.886609135932961800e-17
-3.843243656202349267e-17
-3.800694032294623441e-17
-3.763855426945071431e-17
-3.746372532900180890e-17
-3.714275088975377044e-17
-3.690869157279860365e-17
-3.649982441509683449e-17
-3.602438789353889482e-17
-3.564680157333880729e-17
-3.544643589656127684e-17
-3.518060186792024635e-17
-3.465393461757643564e-17
-3.447258722509860085e-17
-3.410826027318974220e-17
-3.370809835798095997e-17
-3.338371919194585169e-17
-3.307947503317629279e-17
-3.299619871875122308e-17
-3.247971957268664561e-17
-3.240523870596107566e-17
-3.218644183854796879e-17
-3.182029728453733064e-17
-3.142705598916706125e-17
-3.095261037662524664e-17
-3.089584656461755170e-17
-3.044059868656665755e-17
-3.037912737149813620e-17
-3.022837579998338482e-17
-2.979096456699895587e-17
-2.930280454484823960e-17
-2.921902007964411283e-17
-2.903775225876919224e-17
-2.855695620920418315e-17
-2.834651650690893448e-17
-2.766581602004339738e-17
-2.728525574437938952e-17
-2.715444563933284653e-17
-2.692598575942068967e-17
-2.672949418531732648e-17
-2.655235279387574572e-17
-2.616612552509433757e-17
-2.595189241029155096e-17
-2.558866780307927484e-17
-2.547036233512747636e-17
-2.516340324700412665e-17
-2.505413410500548019e-17
-2.475802250516441900e-17
-2.467144470216381872e-17
-2.455654840995235551e-17
-2.439892960239002620e-17
-2.416799273340419354e-17
-2.386116974792777135e-17
-2.374156031379148037e-17
-2.334542303526065743e-17
-2.322268371654066377e-17
-2.298612032556727206e-17
-2.266795910988207778e-17
-2.218787901278624722e-17
-2.189408896079742680e-17
-2.170527111584538091e-17
-2.161264758720724418e-17
-2.155960545436130596e-17
-2.128062945658866784e-17
-2.099055121449571812e-17
-2.075887676384839766e-17
-2.056912160185343114e-17
-2.036123622271812879e-17
-2.014752918248764750e-17
-1.998573852354208421e-17
-1.968070944036163289e-17
-1.964564351293585130e-17
-1.938867400639017344e-17
-1.904167642717185824e-17
-1.898359827133361317e-17
-1.881813385667292101e-17
-1.864302348448970827e-17
-1.830943006011010993e-17
-1.810366570753577422e-17
-1.774600585500715101e-17
-1.751075451702822741e-17
-1.747200680801827915e-17
-1.731026144194743226e-17
-1.707760902716056048e-17
-1.693453143388392619e-17
-1.677557903293145895e-17
-1.655119444772926809e-17
-1.650550104130818054e-17
-1.605846738425673580e-17
-1.589454710642905947e-17
-1.566765666768737288e-17
-1.532065179474475651e-17
-1.524231091755888026e-17
-1.497191827395515614e-17
-1.488184489591508371e-17
-1.465614195381333537e-17
-1.463386142365022663e-17
-1.445481385975540272e-17
-1.439625760200417025e-17
-1.427129564926354309e-17
-1.405773729929217651e-17
-1.374435435136520608e-17
-1.356567973552047853e-17
-1.352404436806754692e-17
-1.325251366852622230e-17
-1.317887588584738139e-17
-1.305751542606444864e-17
-1.291597625935052480e-17
-1.260152161417771659e-17
-1.257349771129434334e-17
-1.241687350106727526e-17
-1.226932642155992870e-17
-1.215051239260913350e-17
-1.198909938779638289e-17
-1.176893946539559700e-17
-1.161185648327534865e-17
-1.147089656563788857e-17
-1.136864593951616740e-17
-1.116463828221504106e-17
-1.110798462840103025e-17
-1.088597046798995525e-17
-1.069077353701944114e-17
-1.063464499953928675e-17
-1.050247720949768874e-17
-1.034600973260849027e-17
-1.018472736365316623e-17
-1.009118297147117172e-17
-9.961901793800935965e-18
-9.705361819257160884e-18
-9.606260408173047976e-18
-9.464476585629075454e-18
-9.339302585212003483e-18
-9.305754051256258436e-18
-9.098306091907824144e-18
-8.969325202832805572e-18
-8.680961279710759955e-18
-8.577055659865577289e-18
-8.452995829196346825e-18
-8.367768359431528923e-18
-8.263589873767588776e-18
-8.079923753329886660e-18
-7.939830045247185581e-18
-7.877601249260843631e-18
-7.693418211869154147e-18
-7.546994425557507842e-18
-7.514485826836595976e-18
-7.360758508546441622e-18
-7.144300520694009729e-18
-7.023022161141571176e-18
-6.936446024865461385e-18
-6.899189466815069158e-18
-6.656419897363177060e-18
-6.515858723859114669e-18
-6.447246953126542173e-18
-6.355208828491164581e-18
-6.284320273226936496e-18
-6.097640039789221473e-18
-5.906691881901711173e-18
-5.890521407636710745e-18
-5.766144649246760485e-18
-5.722310884486866533e-18
-5.620409497225455001e-18
-5.537602539730015792e-18
-5.379947407634559304e-18
-5.102693475433732712e-18
-5.023995981535373944e-18
-4.969944005386822325e-18
-4.942979977235060804e-18
-4.626109267652864418e-18
-4.582680795686601264e-18
-4.538566587253160708e-18
-4.380105109645364343e-18
-4.316127095780185067e-18
-4.224077958315651914e-18
-4.129022964883050691e-18
-3.985101208172421056e-18
-3.849762314261709871e-18
-3.711712773960943945e-18
-3.602292253623620257e-18
-3.538610059584564988e-18
-3.514573808349958720e-18
-3.382237719229587589e-18
-3.333385793894636211e-18
-3.036875715201796146e-18
-2.972896078392676723e-18
-2.873693641047097705e-18
-2.828949601078295588e-18
-2.729170149709694122e-18
-2.673944967577049955e-18
-2.564013446606711478e-18
-2.452057056148416416e-18
-2.305114687786181847e-18
-2.267716597160747412e-18
-2.261530780846965367e-18
-2.119184895708876160e-18
-2.018621455837317126e-18
-1.868750799094287540e-18
-1.811623910036498818e-18
-1.752678473752050470e-18
-1.728025373155223839e-18
-1.633122107951529449e-18
-1.551597685835507306e-18
-1.463555456548439917e-18
-1.381080770559703974e-18
-1.218731274095217351e-18
-1.182684814414147560e-18
-1.092561347156377862e-18
-1.050319181136052696e-18
-9.718065011960017317e-19
-7.724326203694508010e-19
-7.256389989086864754e-19
-6.872824684388218481e-19
-6.512160985327308184e-19
-5.995006429368147257e-19
-4.872957872912238158e-19
-4.830679022522805531e-19
-3.715549121314110480e-19
-3.178354631984501921e-19
-2.229245320601810921e-19
-1.901157744177240436e-19
-1.570616160225113921e-19
-1.091540475684178736e-20
5.790527280899347613e-20
1.169105613269295044e-19
1.828939767749912178e-19
2.342546372071497222e-19
3.602807732847718832e-19
4.147723577130280353e-19
4.865958401622237526e-19
5.716649320748355024e-19
6.324334092577584168e-19
7.328986538235219199e-19
7.495371897613463268e-19
8.630910162313591429e-19
9.105011038970125567e-19
1.032978859346497782e-18
1.097885992849407733e-18
1.144679418416909171e-18
1.179971749461273870e-18
1.225818722668058838e-18
1.309649530564158134e-18
1.449009649416628483e-18
1.467254553057521221e-18
1.559452827120791240e-18
1.655318038192232764e-18
1.721170060151345780e-18
1.802268157130727212e-18
1.834038846480150414e-18
1.866882335742147921e-18
2.003760923841630878e-18
2.150656961609511895e-18
2.207814736192120023e-18
2.293984421009211441e-18
2.397681061613213703e-18
2.512318397574132829e-18
2.604770828774694568e-18
2.669068459326437542e-18
2.718817204507061996e-18
2.808085332361413759e-18
2.882179205995735256e-18
3.052511690148501985e-18
3.165314008937066559e-18
3.218421254787878192e-18
3.321761662896456851e-18
3.428602286419437764e-18
3.473634065002048566e-18
3.596700390960220645e-18
3.777398194292296198e-18
3.832136452931175521e-18
3.979195524108560954e-18
4.059957635470288915e-18
4.120903178928695052e-18
4.178515780815777524e-18
4.325151016126165747e-18
4.484654333452392709e-18
4.532736001849782440e-18
4.771743051641784997e-18
4.834916419358805682e-18
4.959339157521307577e-18
5.131587440075298033e-18
5.178263361770068056e-18
5.327017836962361077e-18
5.359991286019757958e-18
5.403865803421713233e-18
5.523730762685142332e-18
5.756595132762819756e-18
5.826371460351748550e-18
5.928311309435542932e-18
6.034654743206735179e-18
6.099154613325012551e-18
6.192732491208271276e-18
6.262128039838220073e-18
6.381352187994054122e-18
6.680744931657864203e-18
6.771269069170739279e-18
6.865894397704385257e-18
6.898887598233382115e-18
7.167494748055694042e-18
7.220754583212039636e-18
7.394879418888806179e-18
7.536949529583903301e-18
7.698605958521490381e-18
7.883276046962627299e-18
7.959277961648660082e-18
8.055605929603429347e-18
8.161346446813091370e-18
8.282522782919072841e-18
8.500715080969084051e-18
8.531194072375665718e-18
8.705836851832463143e-18
8.864196186132369817e-18
8.893886890321696542e-18
9.154684815276209624e-18
9.204617668115227044e-18
9.370559127314158293e-18
9.454420352239115136e-18
9.587814500784892509e-18
9.697346154837896472e-18
9.800654239967452056e-18
9.925675327573747634e-18
1.003101210665809308e-17
1.027983878775106548e-17
1.034856495510113485e-17
1.047796511697605537e-17
1.053292174436505426e-17
1.080291419423616457e-17
1.090708283487124895e-17
1.094035032298929284e-17
1.117663644599859241e-17
1.135378521923015712e-17
1.156798251127003866e-17
1.189163862385171798e-17
1.202333368104934746e-17
1.221398842424398639e-17
1.232495282062773205e-17
1.250147604893678928e-17
1.276052562646158594e-17
1.277767524386912669e-17
1.301582794812618158e-17
1.318978181186693857e-17
1.335011925940655286e-17
1.355332717898503371e-17
1.362022392494418506e-17
1.371496904649867529e-17
1.387617566680197349e-17
1.396779468501492013e-17
1.424954929730592906e-17
1.451803984045234094e-17
1.467686245516908703e-17
1.475112993100836304e-17
1.485305893117561764e-17
1.507231483470730895e-17
1.515519346088660939e-17
1.543992442536551400e-17
1.557974252421262992e-17
1.561140618277841245e-17
1.584765565781676882e-17
1.607201045845541460e-17
1.625735684623239013e-17
1.649360774299265978e-17
1.672185746174922740e-17
1.679123030322743733e-17
1.694409337011717498e-17
1.725118250577829173e-17
1.733976143801847173e-17
1.749787939780869029e-17
1.776746502132524350e-17
1.815284473102371704e-17
1.831326305396891176e-17
1.837549141704678849e-17
1.852777849089418149e-17
1.875255770167421773e-17
1.891098282027482257e-17
1.911748991945107893e-17
1.926210834712213218e-17
1.958231984531560586e-17
1.961991981849777450e-17
1.979275734861183596e-17
1.997056239279020812e-17
2.007711764292329427e-17
2.067285846970322053e-17
2.075219092560618208e-17
2.085298491990508597e-17
2.114874786042185752e-17
2.134471409318639408e-17
2.175570482446408691e-17
2.180231522306622621e-17
2.200850614988537908e-17
2.211956011760078455e-17
2.235481988186945699e-17
2.253899604171597736e-17
2.276559153783661817e-17
2.302946302890219974e-17
2.340435093601646813e-17
2.359132724349369826e-17
2.381338872594332814e-17
2.393899217295552511e-17
2.429879839763523384e-17
2.441367887028676087e-17
2.458749218137320489e-17
2.502269554417569302e-17
2.518491610366495479e-17
2.551882807015859448e-17
2.583728739773671563e-17
2.594429873786632564e-17
2.606801923864943530e-17
2.649061057611867260e-17
2.674165350381899618e-17
2.689369449387134351e-17
2.719267529630700286e-17
2.743340193699329406e-17
2.794892006614766966e-17
2.817086449226362692e-17
2.856954616026624289e-17
2.896325870496046608e-17
2.900290996875857179e-17
2.933197175512807074e-17
2.969820354191409528e-17
3.004195441831501784e-17
3.025577026588445998e-17
3.075241813132444846e-17
3.092634229255683780e-17
3.129766718023280919e-17
3.181981637961710144e-17
3.205127691754664840e-17
3.216567647916641278e-17
3.238577751458509836e-17
3.295661277853672459e-17
3.334254938923066856e-17
3.365519251323977078e-17
3.367966985390008570e-17
3.392182525728890955e-17
3.463925410661818556e-17
3.468182062877857823e-17
3.481864192319985960e-17
3.523202673613613690e-17
3.548535854389075723e-17
3.616388323141141559e-17
3.648456006891679483e-17
3.667368067625004624e-17
3.680881341375365823e-17
3.739991203990723555e-17
3.776527564096293494e-17
3.812179002215849451e-17
3.824248546666950493e-17
3.856465635923706816e-17
3.880837689345536873e-17
3.940802893239731197e-17
3.964244672549441437e-17
4.001538997532444858e-17
4.097368606225701987e-17
4.144275791350419511e-17
4.167668336811148602e-17
4.202917155887815801e-17
4.211810312779809917e-17
4.266558206885323580e-17
4.296556661279798881e-17
4.344139681240434746e-17
4.380849838134440284e-17
4.423998719419765205e-17
4.512009444277506656e-17
4.554083551597111533e-17
4.577166030787059969e-17
4.615596011390811379e-17
4.682018218659305034e-17
4.714159644348832333e-17
4.758789757065771327e-17
4.801946735349193822e-17
4.840572454408892064e-17
4.887518673201617160e-17
4.955172654268995488e-17
4.981602557804462211e-17
5.078193110506712793e-17
5.113875797866910547e-17
5.154894212960104862e-17
5.231796015249777952e-17
5.260133899079391169e-17
5.346877942061516767e-17
5.430169751008874075e-17
5.495682668634993726e-17
5.501844312520368159e-17
5.575046150957614467e-17
5.619219496966437230e-17
5.677053349280039300e-17
5.829190891286200582e-17
5.846935131025609004e-17
5.895055153264373551e-17
6.033883504155177946e-17
6.065580968294181248e-17
6.129138023699081738e-17
6.205169558173051877e-17
6.211853828979315756e-17
6.338540294432281847e-17
6.470397742271021385e-17
6.563456879725322115e-17
6.704432127455562454e-17
6.728397042660484064e-17
6.811954273394310509e-17
6.919005212368121355e-17
7.029264557487984195e-17
7.096851219195385360e-17
7.250964842929856625e-17
7.387529169095533808e-17
7.577990445744724355e-17
7.658911429868600507e-17
7.668230191018791752e-17
7.844885623639590297e-17
7.959704924853868494e-17
8.064806023518641068e-17
8.140302067501667785e-17
8.314548616442216694e-17
8.371086990298764809e-17
8.466915493757036891e-17
8.482104519820407571e-17
8.890440204879968623e-17
9.114280067570109029e-17
9.146041118018764504e-17
9.209294165035600251e-17
9.375007103003170237e-17
9.659708188211187901e-17
9.849695079532965590e-17
1.014727399895613486e-16
1.025479668297667587e-16
1.051957481589824785e-16
1.058227696954051688e-16
1.079541006549348655e-16
1.100820191051539309e-16
1.134323095014506112e-16
1.169275239083201297e-16
1.195724357542801213e-16
1.214659059854885311e-16
1.278276152000924327e-16
1.302200934361449409e-16
1.371818638788389346e-16
1.407489648650889176e-16
1.496327625193759013e-16
1.536471297486892938e-16
1.561713475097724439e-16
1.630782040151556571e-16
1.925907758839481755e-16
2.028457207973939783e-16
2.241239124520710960e-16
2.568068759249992627e-16
3.042866415347612086e-16
3.922323971200920110e-16
5.280723976468386500e-16
7.982019339235365607e-16
1.301791152278887009e-15
1.105061343469836621e-03
2.131300884250565165e-03
4.327344731049944868e-03
4.772842039755076197e-03
5.772573444209633947e-03
6.348526892512127741e-03
6.759328588621609998e-03
8.197322612579986678e-03
9.518529959389804979e-03
1.302905723802782328e-02
1.561236013318643284e-02
1.642613366898638613e-02
2.311300190869275753e-02
2.637362220383496561e-02
4.398639455261901116e-02
5.417529964226230899e-02
6.904312610205666501e-02
8.282897058644138333e-02
9.809518426359302434e-02
1.354582620690925610e-01
1.748146874013793983e-01
4.860097861069349046e-01
2.208011244051530042e+00
4.130782215570909521e+00
1.060549406007841711e+01
