-1.075519897037561050e-15
-9.011378090295392573e-16
-3.104509263876230235e-16
-2.447420281080755205e-16
-2.066273463581985116e-16
-1.915389167844169759e-16
-1.722486556925227799e-16
-1.691255801458969215e-16
-1.643611991527208666e-16
-1.569637718449765967e-16
-1.543704119822888860e-16
-1.459656392678493482e-16
-1.389041524424382897e-16
-1.375945113722884875e-16
-1.318166524823137399e-16
-1.291558724522875635e-16
-1.219121003607687811e-16
-1.184044410781776641e-16
-1.158954721789974073e-16
-1.106390244472313091e-16
-1.099180231852357230e-16
-1.077151298405915289e-16
-1.055288496688342035e-16
-1.017989515199685288e-16
-1.000571162152675582e-16
-9.853789772321170968e-17
-9.577012614360433599e-17
-9.461349443698054006e-17
-9.180095580034966185e-17
-9.149541843738918410e-17
-9.084192442296025228e-17
-8.767711165229658337e-17
-8.693404672880170326e-17
-8.447374068109168299e-17
-8.309249029773607918e-17
-8.262679684954669635e-17
-8.114087810635994430e-17
-7.987759819097053129e-17
-7.828313737582960964e-17
-7.749612579805099634e-17
-7.591449289477629628e-17
-7.499829252035661499e-17
-7.426859076547660706e-17
-7.229673111661082741e-17
-7.163417579802944611e-17
-7.051148047170428716e-17
-6.991534379719409458e-17
-6.907392491507943372e-17
-6.790369074646243466e-17
-6.696004323248105297e-17
-6.646396643567748230e-17
-6.465887674113313155e-17
-6.400498245459467738e-17
-6.303030901471368248e-17
-6.267674498314961966e-17
-6.190416831362973902e-17
-6.139810052122002912e-17
-6.098539697535173186e-17
-5.940245938330532709e-17
-5.868510897468419251e-17
-5.813497483592931837e-17
-5.803073103505249425e-17
-5.691609251753234430e-17
-5.613293982859177905e-17
-5.581454218469421587e-17
-5.551738626906923586e-17
-5.401150947457426450e-17
-5.392898203821635701e-17
-5.336192985224672561e-17
-5.257394625604767396e-17
-5.207918682065614747e-17
-5.177719289746628557e-17
-5.019329971950239763e-17
-5.007484087615179409e-17
-4.946190662096587348e-17
-4.865835080007625127e-17
-4.804314022589355758e-17
-4.780972962748662389e-17
-4.719651377953965522e-17
-4.664168900565274422e-17
-4.644392030688239749e-17
-4.602188153514470768e-17
-4.524600722877977815e-17
-4.481863344350736669e-17
-4.430414048574902217e-17
-4.396462664414394447e-17
-4.375626565893854219e-17
-4.347783512415291502e-17
-4.305634342353323858e-17
-4.255515268198640129e-17
-4.226505152067787776e-17
-4.135239451982488111e-17
-4.107787234819941086e-17
-4.019763582280187913e-17
-3.969173121763852846e-17
-3.937297988766139275e-17
-3.913433033276058326e-17
-3.895196967415299089e-17
-3.862830899123727126e-17
-3.824166812401449858e-17
-3.804651097657848953e-17
-3.785970428854022663e-17
-3.757178861150536501e-17
-3.724346566003129815e-17
-3.705922203650669470e-17
-3.651758124841589106e-17
-3.627535560184921800e-17
-3.590800599117215696e-17
-3.550965056120652372e-17
-3.520422760268313427e-17
-3.495623252132768582e-17
-3.458535185548976604e-17
-3.436053389704125217e-17
-3.399687123782534970e-17
-3.363486885322408483e-17
-3.337393450710527956e-17
-3.297203820042339093e-17
-3.275106369245933478e-17
-3.251158047210603237e-17
-3.237577886528040169e-17
-3.197769060732930066e-17
-3.143153719787122262e-17
-3.112239797983303398e-17
-3.073814785755859672e-17
-3.059362374950692713e-17
-3.034427001474518351e-17
-2.974415226134216488e-17
-2.936892246914196154e-17
-2.919525669265074252e-17
-2.908385046548481170e-17
-2.888023720545203450e-17
-2.836752101127087792e-17
-2.798428779779993960e-17
-2.768650313732510808e-17
-2.746080235605209231e-17
-2.729560672139958978e-17
-2.711141773638046193e-17
-2.672398615425678072e-17
-2.624625510115973605e-17
-2.610526535772686186e-17
-2.565438017279559186e-17
-2.546246386718385331e-17
-2.521149748332807719e-17
-2.514810408123160264e-17
-2.470812098411620483e-17
-2.450183430937418372e-17
-2.433350232048974012e-17
-2.427544411694727293e-17
-2.378305989532163272e-17
-2.366575864066796514e-17
-2.325163375419459884e-17
-2.319287237527804753e-17
-2.294130818306238579e-17
-2.285797292009750120e-17
-2.274275711346030153e-17
-2.243403237300540871e-17
-2.236135354165034189e-17
-2.186361553848354607e-17
-2.174055588283649210e-17
-2.140016042517890316e-17
-2.121286954619496821e-17
-2.099587607207002751e-17
-2.078531028832372546e-17
-2.050718076837652820e-17
-2.035139965462107351e-17
-2.024121036653920404e-17
-1.991991817409661468e-17
-1.975372475371567021e-17
-1.958380868640674282e-17
-1.948802173599513319e-17
-1.917873241088494252e-17
-1.905081774455621164e-17
-1.874023033090965830e-17
-1.861053328329660858e-17
-1.837344092176971600e-17
-1.815031948978488311e-17
-1.810960482964647069e-17
-1.789888521842718987e-17
-1.749911397215630585e-17
-1.738647793193044727e-17
-1.719911093136674896e-17
-1.702928423591858590e-17
-1.690243667782462947e-17
-1.663276172065994681e-17
-1.647905640903497381e-17
-1.627468893964776132e-17
-1.606567521248627057e-17
-1.603635870256189276e-17
-1.573243500626729133e-17
-1.548545616595354344e-17
-1.525819861710848387e-17
-1.506298716454324159e-17
-1.493574802338641118e-17
-1.475617055895836846e-17
-1.451914405690621486e-17
-1.445466260210150085e-17
-1.419710063798576563e-17
-1.412607475696974353e-17
-1.408102727704760627e-17
-1.392414164349256788e-17
-1.378699523282986953e-17
-1.360732206717025196e-17
-1.324486310090368590e-17
-1.308643092670407390e-17
-1.290083885086895449e-17
-1.272091433836333392e-17
-1.267135012848455358e-17
-1.256705563250605797e-17
-1.243179147532844210e-17
-1.211963995882683673e-17
-1.203051510148192766e-17
-1.182707283732432439e-17
-1.164577582235271906e-17
-1.149380754450350615e-17
-1.125702362886005251e-17
-1.118835091608630995e-17
-1.117056135808939512e-17
-1.093832294647452969e-17
-1.088858658021133411e-17
-1.074235160971604786e-17
-1.048634271683053107e-17
-1.038046721275186060e-17
-1.027809795031770220e-17
-1.010506958689138987e-17
-9.871247320362518495e-18
-9.743526938831663502e-18
-9.727948091391597509e-18
-9.669175757084386961e-18
-9.362212500395011523e-18
-9.218078686588306164e-18
-9.041928222349425417e-18
-8.991854771111701263e-18
-8.783628696959492815e-18
-8.761281498293202671e-18
-8.670478842486717535e-18
-8.603620485044705057e-18
-8.504088902744032263e-18
-8.290394047933371881e-18
-8.139900720924245006e-18
-7.979199683535634926e-18
-7.919162052877023184e-18
-7.814585308241412547e-18
-7.642913022976755031e-18
-7.607384457417497028e-18
-7.518140813228682037e-18
-7.336478613938571642e-18
-7.140447253807122661e-18
-7.109050945329240869e-18
-6.932739924582219476e-18
-6.802440410556800049e-18
-6.702146907858949436e-18
-6.629902242151842141e-18
-6.516086605236670167e-18
-6.436110398221302612e-18
-6.410057098085443936e-18
-6.248110515014241096e-18
-6.205554399460685469e-18
-5.993929801975193757e-18
-5.965777909109983547e-18
-5.854383979789514897e-18
-5.811538056511413139e-18
-5.672766503884019596e-18
-5.592843553941638047e-18
-5.361483874414135490e-18
-5.348872860442575068e-18
-5.224164986045869150e-18
-5.052732344314233958e-18
-4.941856665086284733e-18
-4.895012247065207420e-18
-4.686512538169061599e-18
-4.614108838246675439e-18
-4.531256303273271541e-18
-4.349301994758374643e-18
-4.312667419655413375e-18
-4.179649068490098299e-18
-4.136395334821001772e-18
-4.006111866065744250e-18
-3.862187076065590325e-18
-3.744932137577149836e-18
-3.625551007485292582e-18
-3.537238670978031170e-18
-3.492793891504866906e-18
-3.397222347353589163e-18
-3.313900817598818092e-18
-3.268456568617904151e-18
-3.158385235149570933e-18
-3.081982846612975845e-18
-2.973283631894438145e-18
-2.919926599640257429e-18
-2.702717314980301557e-18
-2.650519214599971374e-18
-2.541518372678286831e-18
-2.431261343112930748e-18
-2.362606039597596716e-18
-2.250089009229351391e-18
-2.131639079761728162e-18
-2.086486603205170077e-18
-1.907759090064425536e-18
-1.854591714458492757e-18
-1.795978650605612773e-18
-1.730141693100469376e-18
-1.670407166798932107e-18
-1.572561736011151144e-18
-1.491599595900988126e-18
-1.452134392324827165e-18
-1.328940285654240230e-18
-1.253042301031389788e-18
-1.212497897602704946e-18
-1.106948449324352630e-18
-1.044401160351018282e-18
-9.851525305889024746e-19
-8.226894178771654064e-19
-7.449239576111712344e-19
-6.651542691417557273e-19
-6.226393441434217158e-19
-5.745345065206818867e-19
-5.351215561836040360e-19
-4.550093631972951461e-19
-3.745518988942866113e-19
-3.475954564880919115e-19
-2.283490677255402525e-19
-1.926192596513980505e-19
-8.233334791198266958e-20
-6.840461592123421323e-21
8.160123356360857907e-20
1.123584556344958539e-19
2.189897656689542601e-19
2.603373119149402384e-19
3.617018194656642788e-19
4.807198302006014182e-19
4.954307452969623620e-19
5.439044551238861139e-19
6.634318428785177369e-19
7.702180203109786491e-19
7.774163461249221508e-19
8.414945827123611560e-19
8.819542158521219355e-19
9.441555008481524984e-19
1.084184206019966421e-18
1.202125545726367836e-18
1.265972812409267252e-18
1.350168455609180735e-18
1.435876169564444182e-18
1.456519918017375598e-18
1.602431241452769128e-18
1.635624206951799824e-18
1.685554167115571161e-18
1.711747460245391494e-18
1.900649981271545372e-18
2.004208326845078474e-18
2.127036095208044503e-18
2.192426249222767353e-18
2.222764564080786634e-18
2.335725524376017766e-18
2.488132066880081730e-18
2.574752861988044104e-18
2.649719853333211831e-18
2.706420613175009933e-18
2.825642511872770183e-18
2.900528151635423578e-18
3.085931255286006358e-18
3.145040812721547455e-18
3.309153110477567284e-18
3.384126569952996630e-18
3.443654973224628401e-18
3.462883482274841890e-18
3.625551174475275555e-18
3.806272820694825560e-18
3.957481330923542054e-18
3.994476495305701878e-18
4.059555645240846413e-18
4.210470523059804612e-18
4.259779828858788269e-18
4.338630633597721863e-18
4.489907740395989757e-18
4.591396522622183688e-18
4.715540495597235874e-18
4.756766443423736518e-18
4.965650122008974149e-18
5.005628189491988354e-18
5.137586699204723454e-18
5.188451889754143287e-18
5.297981823185061224e-18
5.415021011417446416e-18
5.437995790289610904e-18
5.556200715173054219e-18
5.616743411914754286e-18
5.826767450917120845e-18
5.841697056198572038e-18
5.951683801825180441e-18
6.138885425864752524e-18
6.172693417269270666e-18
6.251723678772842893e-18
6.387727430302529688e-18
6.611283244533112760e-18
6.732401799254334066e-18
6.779545805737261179e-18
6.923766853771756783e-18
7.095578699087140767e-18
7.227550335559502479e-18
7.344054658383612138e-18
7.539298081024420327e-18
7.584314110439395696e-18
7.692264932580562440e-18
7.830213276082507377e-18
8.068579834357738215e-18
8.091098332170202944e-18
8.179365507623441306e-18
8.345180591745432683e-18
8.414523379711117514e-18
8.572883216324481038e-18
8.731707515237450543e-18
8.966278975010862578e-18
9.084389841967092191e-18
9.271753308322374461e-18
9.387309032559365998e-18
9.492276985060849926e-18
9.689864152073870684e-18
9.828166433961364436e-18
9.879318599145189988e-18
1.000198198964683149e-17
1.012391866115953122e-17
1.033687062532716769e-17
1.052605798965858076e-17
1.061537564706840955e-17
1.068017279810405565e-17
1.080659200947121040e-17
1.089567564780700057e-17
1.108437660394045543e-17
1.115037247645884132e-17
1.117170877947223361e-17
1.129589443287108519e-17
1.161989268018588169e-17
1.177396696100889021e-17
1.191339093484331850e-17
1.212174415490522871e-17
1.222190618498137706e-17
1.232266838905129343e-17
1.247328145986531197e-17
1.270773157215823003e-17
1.292199461720154527e-17
1.302558690862015968e-17
1.305955796854488160e-17
1.321739143123946206e-17
1.325944637044795441e-17
1.345254625232506662e-17
1.350867323323443236e-17
1.377046348289925138e-17
1.386833742934484390e-17
1.415147619863522825e-17
1.425351387887288377e-17
1.437504417342182195e-17
1.469938010953941135e-17
1.485402261900043819e-17
1.508272145228867418e-17
1.528340406499220489e-17
1.541694609362705881e-17
1.567471617443058159e-17
1.569082950889612307e-17
1.591178644753138823e-17
1.602792158151684799e-17
1.606425563237572659e-17
1.654672725793822189e-17
1.679548518847859729e-17
1.692816465264854351e-17
1.703838473556855502e-17
1.724323733129347364e-17
1.732889202842314024e-17
1.755489025271791493e-17
1.771388900505044173e-17
1.793060263444741170e-17
1.803008427937471613e-17
1.848175275019215013e-17
1.851730821318555049e-17
1.887172913301701785e-17
1.915588099192957076e-17
1.915732101166240203e-17
1.937677806357783632e-17
1.940948808827147485e-17
1.978558954446222382e-17
2.009560834496825017e-17
2.015644881147719892e-17
2.029633834455004296e-17
2.042165123367499430e-17
2.065364760348485965e-17
2.078757628843962332e-17
2.103159510247590891e-17
2.131877911085470066e-17
2.152336074417563743e-17
2.191731098759346331e-17
2.213329820425518448e-17
2.226983638838754628e-17
2.252310082894255801e-17
2.266679194481486355e-17
2.275236228847894737e-17
2.286695006500220626e-17
2.296403177614272711e-17
2.323831691778419848e-17
2.358011313926837116e-17
2.383482056297407783e-17
2.396478654126475487e-17
2.411310790451975881e-17
2.431823661500412294e-17
2.461914989185139661e-17
2.492626010294249386e-17
2.500371522254607313e-17
2.550055730024645625e-17
2.578317183878568434e-17
2.606514464445585682e-17
2.627767466462983299e-17
2.669396570591275419e-17
2.679998447094813081e-17
2.706516269002369341e-17
2.724613757193603295e-17
2.758591832955291801e-17
2.784383412910896787e-17
2.811148829278598065e-17
2.827171501468749992e-17
2.837838668827942710e-17
2.906886609041911896e-17
2.934568917167444024e-17
2.955510025680372758e-17
2.965962888586048772e-17
2.989491062884350975e-17
3.026993162258076506e-17
3.056025080710181181e-17
3.072490830479282703e-17
3.110979588959835810e-17
3.122862150747173139e-17
3.146621099163314614e-17
3.182386772425525064e-17
3.220280942562862222e-17
3.227052788788042560e-17
3.274913915879802255e-17
3.288553878822098143e-17
3.312830217867350232e-17
3.392412349055763358e-17
3.410907495506644091e-17
3.441615243153093748e-17
3.497962131168335524e-17
3.534969498756592828e-17
3.547098714920694237e-17
3.602512522466868856e-17
3.645889232730541869e-17
3.678181228688595111e-17
3.686871980547083697e-17
3.749089659120505715e-17
3.773896503801316647e-17
3.787178933578081038e-17
3.846820042435792788e-17
3.881511425245332390e-17
3.925664709448960334e-17
3.937412669635310693e-17
3.964875573105598540e-17
4.020329971434576489e-17
4.087616039792709635e-17
4.095699734141053039e-17
4.114770761266637215e-17
4.187665419148708472e-17
4.231159101901779286e-17
4.250717851490654707e-17
4.279276532524745849e-17
4.354558938311661989e-17
4.356460056783130253e-17
4.444100614419611254e-17
4.469533355766792730e-17
4.527039791994858327e-17
4.584505960072372647e-17
4.617305287126457738e-17
4.645967951677158898e-17
4.674293312121060008e-17
4.739411414995171802e-17
4.766589536113998554e-17
4.846009392619169905e-17
4.886336470225370665e-17
4.965365715386294431e-17
5.043865469173465003e-17
5.096443368345949314e-17
5.128871038046215590e-17
5.157450980872821876e-17
5.261452222861608886e-17
5.366692041692196025e-17
5.377923624549239719e-17
5.418619764499125339e-17
5.445087253910245379e-17
5.559248411307334608e-17
5.627170859727003373e-17
5.737353974030488181e-17
5.814188703362585137e-17
5.850830624614344139e-17
5.917946793008639059e-17
5.943222946716344962e-17
5.989381129416881714e-17
6.088954303152471374e-17
6.148990997938095651e-17
6.233292645900795466e-17
6.316951622641440226e-17
6.386466951377727453e-17
6.465726519234864367e-17
6.488767522966746493e-17
6.592537823679535819e-17
6.711555345679386726e-17
6.742463375312816427e-17
6.799225087058668357e-17
6.937629069344382292e-17
7.035440200411885041e-17
7.176921890351622551e-17
7.300068344344463704e-17
7.445584905463833686e-17
7.561510156300170666e-17
7.605086012289474587e-17
7.671973414857519276e-17
7.765500780612749556e-17
7.787652203845181234e-17
7.919566938546265067e-17
8.159923567259784481e-17
8.194024249259698364e-17
8.287787879793995489e-17
8.446756231687250074e-17
8.642658943781630756e-17
8.702852652311968168e-17
8.801476105682258779e-17
9.211372823220994526e-17
9.237672629011395376e-17
9.472167056169668209e-17
9.764174511524927626e-17
1.012593568974218158e-16
1.013760119805329967e-16
1.076117647376795557e-16
1.094457266830911341e-16
1.113365476390096728e-16
1.121900776389004003e-16
1.194116712252535286e-16
1.231662275412751269e-16
1.272981456052546452e-16
1.324011051000073137e-16
1.347343502617051506e-16
1.386934351050673134e-16
1.422149506535492149e-16
1.531441834136901029e-16
1.689546510856205565e-16
1.809990935555926976e-16
1.838199955704619267e-16
1.878256305852820712e-16
2.362396451064590311e-16
2.429354283506312722e-16
3.091047983085843089e-16
3.190129175954113442e-16
4.494062804571859340e-16
9.573203899796685619e-16
1.730355002414839794e-15
1.097750412927048875e-03
2.118642453625432798e-03
4.322300698616353409e-03
4.766886905550602078e-03
5.763692457129918935e-03
6.388211176547418588e-03
6.819215441256500955e-03
8.151216437036024748e-03
9.358492033805992233e-03
1.302274900933790384e-02
1.557550862723253160e-02
1.664139193189002539e-02
2.326712260839775351e-02
3.000789650312089829e-02
4.389177221300222947e-02
5.393643168332130922e-02
6.653089358254868357e-02
8.348257587376210764e-02
9.752602419088650387e-02
1.358555301388055803e-01
1.732244128406839057e-01
4.813855102121812335e-01
2.129489929112204472e+00
4.061397593120190663e+00
1.013833150497760016e+01
