1.108741825558585102e-02
9.113640814584881428e-03
6.390390489917780088e-03
3.356580650928380274e-03
2.639584977087165024e-03
1.885950917950959555e-03
1.420079080125815360e-03
1.031539738444915612e-03
9.663735668043687112e-04
9.172219294974311371e-04
8.431332843608585698e-04
7.969968394014838786e-04
5.972301154558395768e-04
5.778089958198797576e-04
5.754398358885215578e-04
5.078497215674085755e-04
4.612445739062782176e-04
4.452643600583173198e-04
4.180742156381292017e-04
4.038272803264292190e-04
3.226688743946344107e-04
2.947684363484828394e-04
2.491534208922138813e-04
1.954425669232199474e-04
7.864168965263981369e-05
7.920099671927323358e-18
3.900669633633493247e-18
3.350951130495920646e-18
3.065814266099516190e-18
2.921683641260398611e-18
2.823980229945889074e-18
2.729991512888200722e-18
2.612602967542571070e-18
2.562978403639009027e-18
2.526094767317289763e-18
2.478216860938708515e-18
2.414403628000242939e-18
2.358973460384348429e-18
2.342089808530876503e-18
2.286797515831975859e-18
2.232565877440365349e-18
2.220790993526464434e-18
2.169701832233273577e-18
2.106180659863535174e-18
2.056920392655240234e-18
2.005479410128943402e-18
1.981829339027378645e-18
1.973057748330464237e-18
1.928146633186353134e-18
1.919223246134818431e-18
1.880827340735505299e-18
1.855340876761844505e-18
1.826706779970689177e-18
1.787006481058320792e-18
1.773320376098180569e-18
1.742391732283384549e-18
1.717225134596985432e-18
1.696583976880561095e-18
1.656293801357027171e-18
1.652997041911752248e-18
1.620220122782013038e-18
1.612730192109671233e-18
1.592496525291214168e-18
1.575451942982244983e-18
1.534469007777626489e-18
1.528156534325921560e-18
1.495053603335382337e-18
1.487421486793131252e-18
1.474721064578718552e-18
1.471580379957879549e-18
1.457566294677190484e-18
1.421189886832683168e-18
1.410111070715833028e-18
1.392688015486183893e-18
1.371740181808043005e-18
1.366327246317063222e-18
1.358393958531867783e-18
1.346345107547271219e-18
1.327877929730000656e-18
1.303444968581584058e-18
1.289188118654900793e-18
1.275111664834312532e-18
1.267621582680503580e-18
1.255163811479991793e-18
1.236693233326799377e-18
1.225851127456325215e-18
1.220318574128109859e-18
1.218358352408019482e-18
1.204174124518484996e-18
1.178162603644682075e-18
1.163064630423120908e-18
1.156914509612303672e-18
1.145433123890852220e-18
1.134021957395317270e-18
1.117639658801819114e-18
1.104130202885217173e-18
1.097463541341791320e-18
1.081319236119586019e-18
1.072757608370350152e-18
1.057552060742734394e-18
1.052820786888963419e-18
1.041841443360408961e-18
1.038940180177187028e-18
1.030021696393826052e-18
1.023457443719401777e-18
1.008250948599790659e-18
1.000211019947828552e-18
9.906867541810413477e-19
9.766401772346420125e-19
9.697087115201715205e-19
9.586635034282404798e-19
9.524633693895084831e-19
9.398063070288550943e-19
9.260889241966598391e-19
9.186306588816253200e-19
9.128610856448586882e-19
9.114335649098542254e-19
9.065862010862366321e-19
8.975405078731387393e-19
8.855838061514810857e-19
8.783666163641199241e-19
8.690280847536889368e-19
8.600783746876563548e-19
8.531603455008780000e-19
8.408744992689131577e-19
8.347065205784749627e-19
8.228532115808263496e-19
8.131099294838916825e-19
8.098904849265027698e-19
8.071792743899562537e-19
7.942256632357027827e-19
7.845892785418374622e-19
7.747070571790092865e-19
7.674379704005861504e-19
7.631397254567332734e-19
7.597515942503691026e-19
7.473143271555770224e-19
7.448374572512351044e-19
7.384666328898647385e-19
7.298794897107193256e-19
7.284956476548237451e-19
7.150487446309234455e-19
7.068140714458002791e-19
6.978077511346484603e-19
6.941862186584494455e-19
6.901485826664634571e-19
6.809254387836881383e-19
6.768171147307622810e-19
6.729656719536546702e-19
6.626522247775099730e-19
6.535406064740452148e-19
6.486898970451023124e-19
6.444793099566138402e-19
6.388152558395734645e-19
6.360922189191270056e-19
6.281449096249963965e-19
6.235724093734950790e-19
6.211439540231024002e-19
6.191629181853247122e-19
6.106778415943114626e-19
6.002690370218875753e-19
5.923666919858745925e-19
5.860680083694460901e-19
5.822097180842136197e-19
5.800643178795769416e-19
5.749904965232433165e-19
5.692849990778430092e-19
5.663291198955156196e-19
5.534726749971399693e-19
5.518011895656634042e-19
5.473932213730137002e-19
5.433896250514945452e-19
5.385673891508099479e-19
5.358735273645567497e-19
5.307631035299922037e-19
5.228756243113471402e-19
5.179148723265261381e-19
5.107302406540201821e-19
5.073959372492037192e-19
5.041136200016431357e-19
4.991133485009641934e-19
4.971303676917495584e-19
4.901718861356860680e-19
4.881234092521663781e-19
4.828408379525368770e-19
4.726065216282489322e-19
4.707243643278232811e-19
4.655690059536987538e-19
4.614711653553195149e-19
4.611991790403067969e-19
4.516194419135556376e-19
4.472170641397395153e-19
4.374371145469983345e-19
4.347731373440211176e-19
4.242629672931571131e-19
4.216948296444544224e-19
4.188383912666327574e-19
4.146671857373025189e-19
4.093960901974006337e-19
4.035076135345940057e-19
4.004026770926523912e-19
3.967240859643476586e-19
3.939981852651890758e-19
3.886315244437608431e-19
3.840284436956137588e-19
3.769870948444968294e-19
3.718321361738579259e-19
3.674777338573879658e-19
3.654253892543567288e-19
3.642461873356496512e-19
3.597675629435071906e-19
3.549157055695457070e-19
3.488398107869377393e-19
3.448024147714050814e-19
3.438825560302408191e-19
3.420275465174195205e-19
3.363835858629531317e-19
3.307413171468628317e-19
3.273389606903674805e-19
3.222482348515801561e-19
3.176081451965008948e-19
3.160008938247260152e-19
3.133367900201611658e-19
3.075776952843956983e-19
3.052799681027647415e-19
3.025378548610751247e-19
2.980941610981642870e-19
2.967854919014421304e-19
2.932731630542385795e-19
2.900886873968358157e-19
2.872891399114641262e-19
2.820564023952552374e-19
2.780090974576006809e-19
2.758817465089578031e-19
2.709782571612631863e-19
2.704657186673299432e-19
2.638886162112442873e-19
2.629144151287149609e-19
2.568907310374177935e-19
2.535068558789023556e-19
2.474794267472665784e-19
2.446878721536684557e-19
2.419493621621678659e-19
2.415690568354536085e-19
2.390445082507930140e-19
2.341883425385391561e-19
2.296782361115767764e-19
2.269409744582942905e-19
2.245614666611905750e-19
2.186566586199455466e-19
2.135174627128831261e-19
2.117069278999045697e-19
2.096250810581638243e-19
2.064937273631140967e-19
2.031179034193776317e-19
2.018333379847641272e-19
1.984662993306266946e-19
1.982532569840352300e-19
1.941127426941594885e-19
1.915782573032925152e-19
1.886853627334709211e-19
1.853000593684078480e-19
1.829064442536795207e-19
1.822951776642533123e-19
1.799082386076672301e-19
1.773611655503288779e-19
1.701528310045616983e-19
1.689572184630415081e-19
1.652689816493528012e-19
1.625858150568737164e-19
1.601304130777694078e-19
1.583326861145923198e-19
1.535450087376038009e-19
1.484425080835645800e-19
1.472447859349353279e-19
1.444510173142053148e-19
1.427981213016091133e-19
1.414364213670286201e-19
1.381018942217820255e-19
1.360713696641486445e-19
1.336333002516651791e-19
1.301491303795264241e-19
1.282976828122568275e-19
1.265976243733699900e-19
1.210036500891140458e-19
1.195779612755591174e-19
1.164627209635328104e-19
1.147367722991505774e-19
1.104088974817165387e-19
1.090334842908394203e-19
1.067262317384941856e-19
1.040494124996270339e-19
1.033847230218911376e-19
9.884607239360032648e-20
9.792418383551383581e-20
9.664111305814940227e-20
9.550178357612535702e-20
9.127635013880633770e-20
9.033077360647795112e-20
8.722986866178189656e-20
8.507971250354768460e-20
8.194253500929447066e-20
7.961826892843373566e-20
7.802929535186840804e-20
7.734916441406139742e-20
7.406522636722498776e-20
7.238340528123166730e-20
6.818907409947803377e-20
6.670518358626910096e-20
6.314128717814428025e-20
6.256847822280074104e-20
6.100963208473138077e-20
5.990885674419153910e-20
5.711410208324422381e-20
5.561373164714867691e-20
5.286321220042321005e-20
5.114226924569747201e-20
4.941331031492469010e-20
4.662522390166633955e-20
4.516649744836125817e-20
4.383904121258744983e-20
4.288635982358930038e-20
4.049676386008408079e-20
3.995631692462769461e-20
3.558393456983387484e-20
3.437555963818871991e-20
3.280472767319468361e-20
3.248052300447355680e-20
3.096710769127137563e-20
3.076047092083116871e-20
2.879704463849251879e-20
2.653041870310815809e-20
2.495483677720944819e-20
2.114949369143367064e-20
1.921452075015796344e-20
1.829142373092084566e-20
1.654389822810701461e-20
1.440350740793394621e-20
1.402062641146953558e-20
1.372391837928483791e-20
1.074247863295428713e-20
8.588485487204749564e-21
7.755810828166468894e-21
7.356147666811431347e-21
4.802329567624689770e-21
3.729880471546065815e-21
3.183717466171934353e-21
2.409096616879864034e-21
9.387237726443480154e-22
8.348496902720924687e-23
-4.912634604401348484e-22
-2.551415792705389677e-21
-3.673509716206988188e-21
-4.883654977339558433e-21
-6.669758900485543393e-21
-6.950662741452495881e-21
-7.892245481592699414e-21
-1.004928743333570761e-20
-1.061965778455930733e-20
-1.186233734009477368e-20
-1.494079064413038056e-20
-1.652236827482980215e-20
-1.818441092593659918e-20
-2.044773903404584935e-20
-2.172014251674258138e-20
-2.209605288927159359e-20
-2.307677673444106453e-20
-2.447428629692942045e-20
-2.696324864100474664e-20
-2.790679675062655317e-20
-3.157444973849373765e-20
-3.398096408817187597e-20
-3.571194630480167587e-20
-3.645641896831131523e-20
-3.819536177739786941e-20
-4.061719185862128144e-20
-4.191918326402050814e-20
-4.332027390052252804e-20
-4.399384561384877864e-20
-4.788277977370935986e-20
-4.924289730221021735e-20
-5.151812223635194812e-20
-5.219901817387537800e-20
-5.533610068020887886e-20
-5.676549864468359100e-20
-5.733196750868780542e-20
-6.072269660535854693e-20
-6.365236651832276762e-20
-6.401406317016919112e-20
-6.577844585091843612e-20
-6.703002822723474981e-20
-6.824106735240493867e-20
-7.194695095653911817e-20
-7.607549964556565391e-20
-7.924263744065349155e-20
-7.966153706120287596e-20
-8.139163833899789866e-20
-8.336985541959664577e-20
-8.589937095486490733e-20
-8.722888540594603356e-20
-9.051749482053838743e-20
-9.273787274291293245e-20
-9.326780344507744185e-20
-9.629240858138551021e-20
-9.714466465708187160e-20
-1.007464202866302282e-19
-1.022762014432969342e-19
-1.048259903241636318e-19
-1.061851692973720187e-19
-1.100898600082254824e-19
-1.103646035465972313e-19
-1.138268974723651539e-19
-1.158952974665827539e-19
-1.187000011001191748e-19
-1.192698610283197541e-19
-1.198528763880601047e-19
-1.257432012579464619e-19
-1.299730241047771600e-19
-1.320302058843899836e-19
-1.331599883380090167e-19
-1.360519929355210723e-19
-1.389725827730554275e-19
-1.416595639376339615e-19
-1.445556456279901171e-19
-1.460472691592858336e-19
-1.483440165398590441e-19
-1.507035566657172627e-19
-1.564857797312734236e-19
-1.579051285672323070e-19
-1.597091325796614138e-19
-1.609581858408977288e-19
-1.638753322573884449e-19
-1.661254814676021992e-19
-1.715790472548807628e-19
-1.724497593943052927e-19
-1.748694249246400417e-19
-1.789639217966448511e-19
-1.821822852271863989e-19
-1.860311464598176781e-19
-1.894918171552912087e-19
-1.913680628962129148e-19
-1.947607864385471834e-19
-1.960180269098941354e-19
-1.988957683317027658e-19
-2.021046324005128962e-19
-2.052103774105192823e-19
-2.057564857648403684e-19
-2.112784756725001679e-19
-2.142855642706085161e-19
-2.167248086046848401e-19
-2.188615183483721499e-19
-2.242530691149991665e-19
-2.260429121049400245e-19
-2.309804053782123040e-19
-2.365548842771412594e-19
-2.398801403483642505e-19
-2.432944851064714273e-19
-2.454369970336120684e-19
-2.475460766598899590e-19
-2.503362322229429465e-19
-2.538732775328474501e-19
-2.575375508258627674e-19
-2.611387099673266222e-19
-2.639966120161434283e-19
-2.664406918279375961e-19
-2.732402604224722776e-19
-2.749370148695178550e-19
-2.759431395850399267e-19
-2.803694140936791544e-19
-2.869569963462962445e-19
-2.916489969892219919e-19
-2.947644485017928513e-19
-2.969755964442777332e-19
-3.024588944693560271e-19
-3.055746688098444090e-19
-3.092180995442549323e-19
-3.109816607178393759e-19
-3.175659380984600211e-19
-3.212706806472676670e-19
-3.237388720006030242e-19
-3.292150803851128593e-19
-3.308261774417741737e-19
-3.327918292387728374e-19
-3.375304192364673454e-19
-3.402403728491012249e-19
-3.421913007780240804e-19
-3.470551126207239935e-19
-3.541665829196895807e-19
-3.581607535563625768e-19
-3.613997297928407351e-19
-3.643614993301315503e-19
-3.673306356095996500e-19
-3.685238997638840292e-19
-3.745722146333343718e-19
-3.772894667819420195e-19
-3.860956663891459787e-19
-3.925159403891964704e-19
-3.957498142703631826e-19
-4.020838883774120735e-19
-4.031660991117183696e-19
-4.048355548924745743e-19
-4.087892556069603700e-19
-4.178393239399692438e-19
-4.235206017208127107e-19
-4.248109745638920967e-19
-4.283730906886787030e-19
-4.348372888999274363e-19
-4.360923133962653301e-19
-4.443884823845918792e-19
-4.468835909289984222e-19
-4.527703969724976735e-19
-4.561496851568753363e-19
-4.613255901736323314e-19
-4.665474368807344953e-19
-4.749654843658362795e-19
-4.760505107852302297e-19
-4.789258877981899476e-19
-4.881640320445360577e-19
-4.916556457517503667e-19
-4.961032419760185406e-19
-5.038961814615262123e-19
-5.081823552126214999e-19
-5.090058103794789095e-19
-5.146433843290194251e-19
-5.218552428163084427e-19
-5.250106553065850913e-19
-5.377895189054333740e-19
-5.417199163217814465e-19
-5.441308475755802576e-19
-5.456573687606696473e-19
-5.546780358876507753e-19
-5.616294127577102551e-19
-5.663339202692536946e-19
-5.687367022666382759e-19
-5.759589763353389388e-19
-5.787305945869545444e-19
-5.891662359780273794e-19
-5.967997734785307594e-19
-5.984419306777644610e-19
-6.030976653256593724e-19
-6.101575660903264510e-19
-6.140478145020017004e-19
-6.260172176483583474e-19
-6.298656842725340242e-19
-6.366446153726112457e-19
-6.388507447537212772e-19
-6.434291364957801341e-19
-6.502153032506896183e-19
-6.538320761684964972e-19
-6.619500926605803673e-19
-6.657216696446611678e-19
-6.742557274596935051e-19
-6.777285905714713327e-19
-6.806991475060949393e-19
-6.910205890921130375e-19
-6.925333301456246478e-19
-6.993102390373690115e-19
-7.103739824122206165e-19
-7.210177467455923315e-19
-7.302385620570705130e-19
-7.372649480213369835e-19
-7.403300674628636623e-19
-7.536031425274253297e-19
-7.549471140204062126e-19
-7.619267662406961352e-19
-7.709912216288729371e-19
-7.760317788007571319e-19
-7.842222659166385369e-19
-7.864997553377686136e-19
-7.938809240325025245e-19
-8.006577723089492512e-19
-8.159882891208458364e-19
-8.213480671924482368e-19
-8.283746146184574274e-19
-8.363224035318517939e-19
-8.380526509972358534e-19
-8.412825959546717859e-19
-8.575370329102215600e-19
-8.642116312097926745e-19
-8.740442964004576492e-19
-8.809634035343969603e-19
-8.885896726051524407e-19
-8.944326676759724083e-19
-9.032472968808116229e-19
-9.127459534709914782e-19
-9.247227609570850386e-19
-9.342787153737774463e-19
-9.384598003523189102e-19
-9.487503889442170410e-19
-9.565055814863937789e-19
-9.662584006675302291e-19
-9.735873051756983365e-19
-9.746556094675263753e-19
-1.002088716802180240e-18
-1.008363440959145825e-18
-1.023229394087118015e-18
-1.027582342754435126e-18
-1.032524958160411507e-18
-1.041138599591128831e-18
-1.050900007739376761e-18
-1.052422244061721270e-18
-1.067497463834052776e-18
-1.074461816041241287e-18
-1.098254633353713205e-18
-1.112450542906541519e-18
-1.120972953379232943e-18
-1.128012683922486862e-18
-1.132072027594899622e-18
-1.144695070624702416e-18
-1.146507112663223679e-18
-1.158439216098802204e-18
-1.173239010270266670e-18
-1.184880114966435800e-18
-1.196327939781754051e-18
-1.203495932992621495e-18
-1.220499725999577859e-18
-1.235065553171831151e-18
-1.244266164124157841e-18
-1.252653544121842711e-18
-1.276453014881494024e-18
-1.286516452798488945e-18
-1.301747476330840690e-18
-1.308837315732870534e-18
-1.328126733328458919e-18
-1.343140558436326662e-18
-1.367754090538521810e-18
-1.387256846931292446e-18
-1.399371196375441256e-18
-1.418123563560627861e-18
-1.441778612686591303e-18
-1.456748863789263618e-18
-1.468059989433867989e-18
-1.475271622819548346e-18
-1.515093328766365813e-18
-1.530741152796936122e-18
-1.541165031365271057e-18
-1.567841266433977102e-18
-1.587641658823077133e-18
-1.596644126812417821e-18
-1.613281090910432437e-18
-1.638210493802322341e-18
-1.684748730818527447e-18
-1.691042222688210347e-18
-1.733730332667493665e-18
-1.740844331810601642e-18
-1.756455761211286454e-18
-1.801002458764140278e-18
-1.809793181715650782e-18
-1.828043905645388970e-18
-1.863625843852111163e-18
-1.891234418026100383e-18
-1.901989444918120183e-18
-1.965856118462007211e-18
-1.986147372071131206e-18
-2.036364296281764734e-18
-2.058133583246209552e-18
-2.078767933833983318e-18
-2.134602734554080359e-18
-2.149410916436450340e-18
-2.197502781155740075e-18
-2.285574033077829438e-18
-2.312711314826046506e-18
-2.326496186947249764e-18
-2.359723466577829995e-18
-2.409836619794882844e-18
-2.555305254098617670e-18
-2.562475105055906940e-18
-2.628150947044759331e-18
-2.712406607127990987e-18
-2.778413249829031218e-18
-2.816165556156014925e-18
-2.907972361229266995e-18
-3.192593965610936288e-18
-3.401740316811209428e-18
-3.851601039848539675e-18
-7.435818737059351451e-18
