2.602511466954849847e-03
2.112298312942051913e-03
1.913772978111386155e-03
1.792557381716141296e-03
1.698885353275944544e-03
1.537824904157487080e-03
1.424678902551883026e-03
1.337030643528116115e-03
1.296720675085713363e-03
1.237929081289590753e-03
1.165518343014597998e-03
1.118322112456182540e-03
1.089699142224718944e-03
1.013504066182786389e-03
9.741591524283555771e-04
9.575546893501389297e-04
9.455378424982099602e-04
8.950791841680273047e-04
8.638686203392290444e-04
8.477535642413089757e-04
7.998861353486621606e-04
7.707931626626653241e-04
7.409617777251952756e-04
7.099915032912742022e-04
6.936952032902592245e-04
6.827427238037802205e-04
6.536997201762393805e-04
6.378362786884899521e-04
6.204159410042242237e-04
6.054957364939396762e-04
5.775766365666905279e-04
5.711629571137458476e-04
5.396961176856924537e-04
5.313615310180493535e-04
5.271541196113701264e-04
5.149958920153576000e-04
5.032459268965410034e-04
4.845597459269943463e-04
4.732775195878186547e-04
4.640962258009349666e-04
4.490782012412804203e-04
4.438875745955494861e-04
4.321284721106343255e-04
4.144098566314362731e-04
4.097298287831589703e-04
3.986045625383498802e-04
3.840940958140667762e-04
3.758211818101537161e-04
3.670460514277314808e-04
3.635183791715517528e-04
3.569853197584167237e-04
3.458673380222326821e-04
3.385831142857365214e-04
3.340152994650846807e-04
3.173489638729977587e-04
3.160209519995626506e-04
3.060779976106463036e-04
3.040903446532749110e-04
2.966721801091050338e-04
2.919701600768725047e-04
2.876184665966029447e-04
2.845959497095235970e-04
2.671721457162765383e-04
2.664280744974966363e-04
2.637982322515800937e-04
2.598423489135747192e-04
2.499849755240208539e-04
2.486913837528173326e-04
2.468956030265281941e-04
2.393622139811983098e-04
2.317080004107605756e-04
2.235321736760478276e-04
2.186065141606144077e-04
2.164892519207761712e-04
2.138373810026948402e-04
2.066341447378314483e-04
2.065201287775803366e-04
2.023432722115045687e-04
1.962021764868845984e-04
1.914415869085162383e-04
1.864055721238668385e-04
1.804065752401332577e-04
1.762198695930566623e-04
1.745961365406628705e-04
1.693998793816846944e-04
1.673803246538691229e-04
1.651166248504295998e-04
1.620062837459856041e-04
1.605787618514599631e-04
1.564500367853620638e-04
1.542337132868140659e-04
1.507622746751615533e-04
1.479733492933499144e-04
1.467746708262608472e-04
1.423700584476260324e-04
1.392125254571000806e-04
1.371698054733832780e-04
1.345147512632261010e-04
1.340702646998538823e-04
1.299472528595330568e-04
1.285149804379435697e-04
1.275162733052455854e-04
1.261137557091882510e-04
1.256170452937193369e-04
1.228625204265506806e-04
1.200971673799826892e-04
1.170555174107540495e-04
1.118151895450513253e-04
1.106560179030318189e-04
1.075647972865012260e-04
1.061155305513182746e-04
1.036315414314913948e-04
1.031012633497800808e-04
1.025985341471145288e-04
1.007844542984345538e-04
9.614636000629279966e-05
9.547041567220435857e-05
9.200142346373756141e-05
9.020622125445244583e-05
8.861735523624892719e-05
8.764060335840324575e-05
8.742478759605687628e-05
8.564699762804201151e-05
8.459783464176526442e-05
8.279107445949675584e-05
8.210508853260441186e-05
8.027361192314897461e-05
7.967548782955398618e-05
7.811243065273004336e-05
7.558335791073880457e-05
7.474179987217626018e-05
7.367741874415155597e-05
7.124525139294660700e-05
6.995339717872840919e-05
6.925132079704735130e-05
6.759651147321204482e-05
6.714411585846251926e-05
6.582615385624094229e-05
6.496886442127271265e-05
6.454273765045012809e-05
6.358921426521419059e-05
6.141363018215120274e-05
6.077273968428862608e-05
5.939356635166299431e-05
5.874276721067315962e-05
5.856919034746174533e-05
5.674961318188967159e-05
5.549613804760696105e-05
5.513073522718468507e-05
5.278545640133511783e-05
5.229801826257524219e-05
5.127683947328652033e-05
5.060026292417643912e-05
4.913224111702765336e-05
4.853645890256492567e-05
4.824642976960601663e-05
4.665989068568329073e-05
4.613699328874211009e-05
4.558666263158029611e-05
4.417386140271486978e-05
4.362455611393437668e-05
4.215897726092813125e-05
4.204272282143753267e-05
4.163841563084506560e-05
3.976717940496955246e-05
3.960383543087972859e-05
3.875079528734825125e-05
3.812598246398728565e-05
3.746951642547915204e-05
3.719886901933693794e-05
3.611268094941048835e-05
3.547987612285239821e-05
3.485108974153645634e-05
3.400517509185736471e-05
3.349697998383400344e-05
3.285167552696122698e-05
3.230078494544071029e-05
3.216397530335278558e-05
3.190968046135809311e-05
3.139219043234103910e-05
3.086095228373012846e-05
3.067950511618584608e-05
3.035322543096417793e-05
2.945931104875544455e-05
2.933856661899844138e-05
2.842363797417953283e-05
2.809185546128188963e-05
2.733969811757329561e-05
2.673553849888059554e-05
2.637278558052431502e-05
2.586181225695531157e-05
2.543719651766123470e-05
2.506800565010212879e-05
2.478453890424283347e-05
2.425774821566213831e-05
2.399701936667242400e-05
2.315775475227499665e-05
2.302324966102157531e-05
2.279860929067777391e-05
2.218556462945749959e-05
2.185004690525218989e-05
2.133334325662840332e-05
2.048415274496871092e-05
2.012584624894937541e-05
1.992031178374087321e-05
1.968611202823659608e-05
1.901634755474175678e-05
1.883055526814271543e-05
1.859236992432876633e-05
1.800649290124429856e-05
1.794197889307666739e-05
1.770896275155796375e-05
1.726263979801228394e-05
1.679871632738598553e-05
1.675294044558835947e-05
1.642571559754386361e-05
1.590598775187134785e-05
1.553055726334199685e-05
1.542134271571903790e-05
1.506061101411868011e-05
1.447274819095793587e-05
1.439636804193709323e-05
1.424498813879907812e-05
1.380097325032176816e-05
1.354750012166513284e-05
1.333842712619959272e-05
1.314609991950049190e-05
1.268439852341797337e-05
1.253413817078944504e-05
1.249237695829907175e-05
1.210110119384562904e-05
1.192183607471894307e-05
1.179712718130703453e-05
1.150586541555576864e-05
1.140402273550300076e-05
1.128925824657008198e-05
1.109476413575719502e-05
1.049317792164874214e-05
1.036059933525398641e-05
1.026979572308013542e-05
1.007598108696958672e-05
9.876655611368442226e-06
9.578483795171313731e-06
9.273555661744863432e-06
9.008247165683240797e-06
8.914399659738071765e-06
8.646217981732192448e-06
8.515697755309584676e-06
8.298520457680270187e-06
8.276108619805881841e-06
8.184616380675214088e-06
7.927375568069728600e-06
7.780515440532852737e-06
7.620738435829100757e-06
7.488604435422119574e-06
7.201484305045317667e-06
7.150667577053620161e-06
7.052200767472353781e-06
6.937410028079395167e-06
6.613639365227897656e-06
6.522484959880801596e-06
6.433154407262580190e-06
6.177778572533185372e-06
6.061041143997244003e-06
5.950103310441504429e-06
5.820503282468225680e-06
5.689174493365228961e-06
5.494441737208500084e-06
5.356184905435066874e-06
5.140403565691908247e-06
5.064562663518855486e-06
4.970632392206477068e-06
4.852529031807764164e-06
4.690183973001377905e-06
4.607810158368020525e-06
4.436490282031063988e-06
4.324870416116580666e-06
4.112736050810305319e-06
4.058717404674437937e-06
3.955899058589192171e-06
3.900710016344557437e-06
3.728903702379032501e-06
3.643689113701038504e-06
3.527692391777103757e-06
3.454652993119128182e-06
3.427407897992138325e-06
3.326829731457352921e-06
3.171715895779706758e-06
3.115735991060586455e-06
3.074861060248727175e-06
2.925144518093684892e-06
2.785606470663782902e-06
2.735663080310987540e-06
2.652616918997631153e-06
2.576940641723359137e-06
2.438481428494726957e-06
2.407889993942249481e-06
2.288954382403902505e-06
2.264932948076647793e-06
2.200054535970919400e-06
2.100455115660437483e-06
2.044802718941995299e-06
1.987657895553179734e-06
1.876348896108895041e-06
1.831409437914565596e-06
1.773416054546165190e-06
1.677577510510719983e-06
1.566258187733092178e-06
1.549043813449486418e-06
1.507400990301997054e-06
1.443841703607641346e-06
1.384008740235542656e-06
1.346652537376766869e-06
1.250140428302546630e-06
1.226624596912765567e-06
1.179147608737388105e-06
1.143222071174020203e-06
1.085502152016558644e-06
9.722426380425950269e-07
8.831788984996801648e-07
8.482923952759450571e-07
7.864900022254502640e-07
7.756885393242218456e-07
7.213002708540091175e-07
6.814940508788685453e-07
5.967173480024193121e-07
5.743730083080873566e-07
5.293614246832007882e-07
4.608977603106656703e-07
4.546657410725569381e-07
3.970415263993977833e-07
3.682194808964196970e-07
3.420626925292865944e-07
2.811689092100147605e-07
2.740369307179598614e-07
2.501834814108636101e-07
2.076227775875518592e-07
1.859585839809172783e-07
1.597762111767797584e-07
1.124215128239740526e-07
9.302274718237103154e-08
6.083666180826613379e-08
3.725576888653484992e-08
2.127131687223543372e-08
4.235746758457415077e-21
-2.701263020990770946e-20
-1.544256956205571966e-08
-3.732581740389335804e-08
-5.504905060403661332e-08
-6.580963766123970979e-08
-1.037111570203732948e-07
-1.260851451569130424e-07
-1.536468045404136673e-07
-1.838779628215168688e-07
-2.176645666096290918e-07
-2.442333369748874241e-07
-2.975885616288063180e-07
-3.309042033535807532e-07
-3.902354752412486708e-07
-3.959292352902525187e-07
-4.447188926527194917e-07
-4.490866550272463987e-07
-4.976304626562083603e-07
-5.413144152196720614e-07
-5.874279642845005655e-07
-6.250782575571307990e-07
-6.717627903210868810e-07
-6.997704746027618777e-07
-7.597078317489034771e-07
-8.012662223382403011e-07
-8.820688556385583252e-07
-8.981506099394854465e-07
-9.060353468508643792e-07
-1.003734665686287359e-06
-1.045653072772785450e-06
-1.083811005253770338e-06
-1.117884396667567696e-06
-1.144523855742454278e-06
-1.158251254595447838e-06
-1.224717883465108195e-06
-1.286200361306145450e-06
-1.311051616870604461e-06
-1.378932850605086657e-06
-1.421210589435285386e-06
-1.520395290494391687e-06
-1.574406558692144908e-06
-1.598163394655171291e-06
-1.654171439752900932e-06
-1.671722985492358089e-06
-1.777659988611112732e-06
-1.850283180425602362e-06
-1.974831779578208305e-06
-2.009420940009426972e-06
-2.155186558983059529e-06
-2.218978538681913323e-06
-2.258726855199514141e-06
-2.394501118936499677e-06
-2.459319232490321322e-06
-2.480102720704572911e-06
-2.561431584724360087e-06
-2.650400500267994637e-06
-2.676381086445094330e-06
-2.812496954542731206e-06
-2.854203007815719969e-06
-2.923403205415144312e-06
-3.034161469413484203e-06
-3.090621056484784738e-06
-3.170688459239632549e-06
-3.408449316955520092e-06
-3.462115102421485079e-06
-3.610258073838694154e-06
-3.627135365155239362e-06
-3.679229478441002473e-06
-3.942888327220417968e-06
-3.955078046464819311e-06
-4.095727826719636178e-06
-4.191376599448681544e-06
-4.274861128789987774e-06
-4.450916563738423915e-06
-4.587235714428865120e-06
-4.597911872178764110e-06
-4.745959132999522115e-06
-4.831171540945785239e-06
-4.879624269014988767e-06
-4.958018788886897468e-06
-5.084931328896356038e-06
-5.420365580125367537e-06
-5.484809897685974073e-06
-5.542961602560928471e-06
-5.658689397467570762e-06
-5.920201633946357699e-06
-5.978886817164018169e-06
-6.276748625157747255e-06
-6.416230920278119891e-06
-6.500928490848122756e-06
-6.641853950554476153e-06
-6.841711176473358389e-06
-6.898602499953058780e-06
-7.114677318025919134e-06
-7.309206120386028075e-06
-7.375275623864486605e-06
-7.524577864394667469e-06
-7.577344383829680655e-06
-7.896287691804978215e-06
-8.013416568300612175e-06
-8.116171688458915785e-06
-8.405485770939891558e-06
-8.579202130004208752e-06
-8.726283097021410223e-06
-8.786214151619435223e-06
-9.041298781109544092e-06
-9.276767255938711738e-06
-9.491941537630051829e-06
-9.622677344807245459e-06
-9.759768983823289727e-06
-1.003697036713008517e-05
-1.027571966953991979e-05
-1.031307447224077687e-05
-1.062845661689289907e-05
-1.081160306039652709e-05
-1.086206677063708831e-05
-1.104413203736339484e-05
-1.121127426470311818e-05
-1.144757689160904508e-05
-1.164669370741507236e-05
-1.175213536618166682e-05
-1.217609653136516818e-05
-1.240776413791941176e-05
-1.263507126399213392e-05
-1.299433031573913472e-05
-1.309817539898751858e-05
-1.328587213863350745e-05
-1.346791582349825840e-05
-1.390167657881084408e-05
-1.405011493927391991e-05
-1.432179680172298622e-05
-1.466563810566682444e-05
-1.478495385625586008e-05
-1.508056878029803862e-05
-1.584643012772381690e-05
-1.621840908127996538e-05
-1.642340465987434322e-05
-1.683672438469913213e-05
-1.689932121452374526e-05
-1.715220069862484145e-05
-1.755077922395429556e-05
-1.771413344546496140e-05
-1.824304963603079106e-05
-1.854206378535800369e-05
-1.860886271252745936e-05
-1.951616075999636663e-05
-1.993454483031440814e-05
-2.010500744365388974e-05
-2.067965492426095131e-05
-2.136098557500860755e-05
-2.182962618938679187e-05
-2.191763133230192125e-05
-2.266208970197035338e-05
-2.302677190632254831e-05
-2.339088712151497838e-05
-2.407682407058704538e-05
-2.417284209752833740e-05
-2.424665371857793515e-05
-2.504762087921838515e-05
-2.519687643188729396e-05
-2.538424112837399480e-05
-2.603585924840228519e-05
-2.672715306282310414e-05
-2.749461404726546941e-05
-2.784849662383860199e-05
-2.820377379117470771e-05
-2.855842723595667526e-05
-2.922899381872941081e-05
-2.979398650161157447e-05
-3.006221972567296028e-05
-3.070388103253422779e-05
-3.102856110602480435e-05
-3.164607220840363926e-05
-3.285308147350097233e-05
-3.322095627824664252e-05
-3.409041517057320703e-05
-3.491662088032258733e-05
-3.500269077505686004e-05
-3.624348018387760337e-05
-3.649383622932041935e-05
-3.725899433877206100e-05
-3.771793864190582386e-05
-3.838982558582789973e-05
-3.886060785738208837e-05
-3.933300002842221528e-05
-4.024971810912441787e-05
-4.127914620446170702e-05
-4.165912807277936009e-05
-4.242951507375045936e-05
-4.303679241925571406e-05
-4.493647397913730205e-05
-4.608134037738692194e-05
-4.637662039455758318e-05
-4.760581444522134301e-05
-4.844084380938093318e-05
-4.928785705398566714e-05
-4.984891303965149466e-05
-5.050077403379491198e-05
-5.140922017387246264e-05
-5.171153261023334215e-05
-5.319822967565383592e-05
-5.451766661457965095e-05
-5.587901811521734567e-05
-5.632394100171306321e-05
-5.684988323588128058e-05
-5.795240008441537567e-05
-5.980731436270975788e-05
-6.030159527579384473e-05
-6.094278498613741913e-05
-6.131571958720810308e-05
-6.198611809352404028e-05
-6.319026571178278659e-05
-6.507305213143734228e-05
-6.576968271687600679e-05
-6.642679839364262469e-05
-6.747441267625140491e-05
-6.935481439305001352e-05
-7.026079838000069580e-05
-7.256116273902471514e-05
-7.275874219476821962e-05
-7.372870069669448334e-05
-7.516365602110256514e-05
-7.774672859545584281e-05
-7.910726549301732766e-05
-8.117213296684594990e-05
-8.206258518902348790e-05
-8.316894737232583869e-05
-8.431839723449077229e-05
-8.459009819049725205e-05
-8.663619278844086663e-05
-8.889402935401922176e-05
-8.991082791199346287e-05
-9.112519935973995813e-05
-9.207137290280055042e-05
-9.633873392321054704e-05
-9.832483461321281295e-05
-1.003794159105759267e-04
-1.008956395182185214e-04
-1.040914397269659838e-04
-1.053057738802125120e-04
-1.069634419281456341e-04
-1.104226612206996207e-04
-1.123038222495092287e-04
-1.131609881229764480e-04
-1.147427629656103072e-04
-1.153748016288452100e-04
-1.176881345397185743e-04
-1.186627586065739309e-04
-1.225812890952468438e-04
-1.248716743907484633e-04
-1.257076968889795417e-04
-1.265973859149878400e-04
-1.301763420650895733e-04
-1.328317059787531887e-04
-1.344388050424670316e-04
-1.361594541059538848e-04
-1.386952951286429456e-04
-1.424179798364619558e-04
-1.448701014302746209e-04
-1.506701117328579028e-04
-1.510987751481580182e-04
-1.551896620756903816e-04
-1.596798243284654054e-04
-1.626330906067403718e-04
-1.634092736473535226e-04
-1.680444374768830674e-04
-1.725093873946894046e-04
-1.735296613417268094e-04
-1.785402026901589361e-04
-1.825750090599286490e-04
-1.865527196445785057e-04
-1.877629017077400600e-04
-1.924107709169994905e-04
-1.962265768614953406e-04
-1.975838375591296180e-04
-2.045687892796384157e-04
-2.064537147197166209e-04
-2.128181104308400986e-04
-2.167743598180499028e-04
-2.189101716243180317e-04
-2.204328558790769272e-04
-2.280122978264643215e-04
-2.328914573880531220e-04
-2.446618641825100784e-04
-2.491338906328156681e-04
-2.514785649735995542e-04
-2.590483127513059768e-04
-2.657268104440555986e-04
-2.692191493192029562e-04
-2.744192381451894167e-04
-2.813638174713687236e-04
-2.906379736813220413e-04
-2.922280265093545070e-04
-2.938695465182393973e-04
-3.067034613912384420e-04
-3.089472540691915294e-04
-3.122481540674416347e-04
-3.230358050279433409e-04
-3.276299842971026628e-04
-3.332818350289370513e-04
-3.448909442704834599e-04
-3.519771853900374226e-04
-3.627387751855279461e-04
-3.720607352495089123e-04
-3.846046948887166966e-04
-3.944452487512007852e-04
-3.981578379960146511e-04
-4.055956173515879500e-04
-4.216436225956544763e-04
-4.452625032382036383e-04
-4.576861478459699046e-04
-4.643869264832017440e-04
-4.904534897944743625e-04
-4.980908432372871484e-04
-5.215427909518966995e-04
-5.276248761270196496e-04
-5.427635864223633944e-04
-5.516083926062871970e-04
-5.700727937813537165e-04
-5.868843883057647945e-04
-5.987246808060016573e-04
-6.439993215049211270e-04
-6.710921195791071190e-04
-6.760815200027243997e-04
-7.031139946744769005e-04
-7.729554331664861616e-04
-8.230545005279818385e-04
-8.340907933970917367e-04
-8.531078489129395939e-04
-9.717013260088011714e-04
-1.028475384715411703e-03
