3.567706045758532295e-03
3.473225324538031355e-03
3.069021376979532562e-03
3.039727814951939579e-03
3.007520520570047644e-03
2.899008820041613834e-03
2.785940897609836923e-03
2.695109614031589249e-03
2.559122588539110288e-03
2.502980493875425934e-03
2.305097739320969338e-03
2.234610907036973897e-03
2.113473001470725712e-03
2.086905719389563121e-03
2.017943529981666533e-03
1.924804645684446026e-03
1.882788153264396656e-03
1.865450080494608209e-03
1.838167233493079615e-03
1.804864561045185561e-03
1.706191189531945391e-03
1.691723324250793978e-03
1.651570012371142079e-03
1.633687883862436135e-03
1.598143209101270373e-03
1.544591204253171340e-03
1.535636073233002290e-03
1.507382387189131054e-03
1.491573049610938131e-03
1.467509853352226210e-03
1.422870119743552221e-03
1.404501252276412707e-03
1.395864163605558053e-03
1.381485301068955361e-03
1.337614268953560151e-03
1.331726545643586610e-03
1.313896478903180728e-03
1.309934999802390846e-03
1.288738972601352313e-03
1.278513642848371542e-03
1.262969689536321341e-03
1.242709449775718233e-03
1.234644041423181311e-03
1.212782893684630778e-03
1.189085588449964202e-03
1.178567798729858018e-03
1.151256303923785468e-03
1.146694171259703002e-03
1.139000895946701850e-03
1.115150331801954484e-03
1.110006183724121390e-03
1.089053720570709420e-03
1.059810454563824521e-03
1.056175293224007701e-03
1.033484607171478121e-03
1.027262538872986738e-03
1.016964072969388970e-03
1.010318397348016969e-03
1.002746722361044134e-03
9.774401531552246065e-04
9.698897766543114300e-04
9.570556536015621457e-04
9.430807526661058766e-04
9.251793751297766747e-04
9.069955764981976623e-04
9.041651005584366461e-04
8.920554473822826921e-04
8.887216378339249769e-04
8.809360651831547959e-04
8.760147899010769937e-04
8.670126224261440586e-04
8.436524201019489615e-04
8.316471534502863604e-04
8.238158360044067459e-04
8.142536948145160606e-04
8.074519555796469232e-04
7.939214180863900022e-04
7.924538910551436619e-04
7.870525229521899060e-04
7.747248419521701648e-04
7.603491435783107065e-04
7.578642563793719627e-04
7.383580313168633218e-04
7.260169724494815180e-04
7.191370331787966339e-04
7.119138264295698506e-04
7.117959039718544951e-04
7.060273584405733598e-04
6.905027287544320816e-04
6.855732667362563230e-04
6.758598013203385426e-04
6.705008790404447987e-04
6.633482909736442869e-04
6.615508850738193629e-04
6.526522482848486116e-04
6.410037696626578411e-04
6.381565685427679525e-04
6.313061914807048709e-04
6.278624893025670783e-04
6.197460514563036399e-04
6.109734629216586948e-04
6.054766384972362853e-04
5.959991047032571834e-04
5.870757907532627275e-04
5.819377295184041633e-04
5.786960522283576694e-04
5.717601648847428367e-04
5.642281849521423118e-04
5.537939397366659945e-04
5.490404703185221801e-04
5.445374398054921494e-04
5.384507864025283794e-04
5.285124917406348356e-04
5.237697774242817354e-04
5.209413010795396889e-04
5.184369815866385171e-04
5.159249466890926394e-04
5.085972188142215801e-04
5.041230375030550078e-04
4.964224745007062489e-04
4.927591437287781768e-04
4.915187586419339201e-04
4.883908663942816263e-04
4.879919953554071564e-04
4.778763227912950122e-04
4.728291678390520868e-04
4.683970206832734073e-04
4.589111546036370734e-04
4.570779792007185712e-04
4.518326299990802408e-04
4.468102716568929573e-04
4.420402630285500474e-04
4.396457358891301325e-04
4.355914944348230375e-04
4.296595978440127805e-04
4.219855858843969253e-04
4.205928411240079695e-04
4.141802512265197801e-04
4.098728739812114940e-04
4.061203399658046341e-04
4.018701047729434403e-04
4.015706488038622715e-04
3.979836438490028951e-04
3.920925271266199408e-04
3.865575131935142608e-04
3.829183763239144087e-04
3.796160927965075036e-04
3.767726310451937374e-04
3.719134663914632931e-04
3.690578754802463501e-04
3.635445448987248158e-04
3.626842269655672704e-04
3.575052165054981947e-04
3.565184049609545851e-04
3.559372489143823961e-04
3.552440376597366055e-04
3.511275293297792962e-04
3.456713458595577675e-04
3.426983096495418517e-04
3.378280952257058252e-04
3.290880400120659846e-04
3.270171053157656872e-04
3.226135663347959770e-04
3.220655516637631333e-04
3.182639121111023573e-04
3.146998934769672067e-04
3.131801297172344921e-04
3.094972119914080381e-04
3.061607603583921169e-04
3.029841776406080726e-04
2.987753773534875261e-04
2.974211713422489529e-04
2.953177966878061853e-04
2.901106777447076852e-04
2.892412169772260941e-04
2.866659875767679430e-04
2.838783470843274197e-04
2.821478658291210807e-04
2.803641916865799808e-04
2.771306364287717686e-04
2.742584004838699054e-04
2.706354803888692817e-04
2.675324467263970438e-04
2.658283954419284599e-04
2.635868274290610385e-04
2.625723098928474733e-04
2.576825456017392069e-04
2.566456812084270218e-04
2.557228046385014468e-04
2.535301502872965712e-04
2.484024956107023238e-04
2.474598487393619441e-04
2.438170838921636561e-04
2.432225202713340678e-04
2.417074721832263246e-04
2.411021765518711146e-04
2.377402736831962880e-04
2.335052905599916838e-04
2.323611476193511438e-04
2.295684577134561480e-04
2.270717477411530614e-04
2.243014961868955730e-04
2.226475660524834756e-04
2.214848127354703228e-04
2.185778454040008373e-04
2.157936241574101761e-04
2.138748124607101650e-04
2.111329906394231648e-04
2.076542832336930242e-04
2.066163297132554927e-04
2.047456668630661162e-04
2.019743147983189509e-04
2.009628823725288348e-04
1.989056712655566563e-04
1.982754386446293081e-04
1.948401058070418370e-04
1.946250029186993001e-04
1.917876963270421001e-04
1.907148412289057118e-04
1.881146130831874567e-04
1.863095935391911385e-04
1.852521258455088263e-04
1.842726085199127635e-04
1.824082720832673806e-04
1.808523182328015564e-04
1.789243851696101380e-04
1.778115896100160255e-04
1.760247327766836724e-04
1.747910425199427134e-04
1.713666754413201967e-04
1.690598702362589175e-04
1.684916317707767220e-04
1.668541418757869420e-04
1.641370650015594099e-04
1.629897374791694964e-04
1.617782955544354534e-04
1.599028468503541794e-04
1.561744601599853919e-04
1.552503956925717051e-04
1.542776841969740337e-04
1.539503118679618496e-04
1.524991727762013097e-04
1.504735911573821681e-04
1.493416962843289867e-04
1.483859402285643407e-04
1.458496415112941786e-04
1.448993995220954566e-04
1.424592484589624420e-04
1.410340172468486485e-04
1.391631914508762119e-04
1.380383432442729250e-04
1.374080939013197131e-04
1.371335856381843805e-04
1.356722920319931088e-04
1.333189914764303346e-04
1.329017411682622554e-04
1.316220797794448178e-04
1.298461307734931390e-04
1.279404778849098920e-04
1.271310602589418518e-04
1.266170970502697956e-04
1.248501997286440772e-04
1.238504877931290247e-04
1.225261685352905128e-04
1.204638673742561208e-04
1.201832765206977625e-04
1.191761109101970137e-04
1.176018832749454817e-04
1.160910223138240710e-04
1.158987382775914123e-04
1.153013011429115101e-04
1.128428342668413343e-04
1.124997410379403694e-04
1.104536030864122792e-04
1.101970962113308288e-04
1.083346324148135883e-04
1.074432652359410878e-04
1.062175216749990190e-04
1.045801579861827348e-04
1.039246878574171738e-04
1.025689226416105033e-04
1.011641083469887523e-04
1.008951581495817166e-04
1.000690528314276213e-04
9.966860638991752218e-05
9.844861608518668125e-05
9.741204300831810686e-05
9.622825189762670040e-05
9.427179730333827968e-05
9.336171579904430778e-05
9.263791730268307258e-05
9.207002081881884132e-05
9.121994915296494598e-05
9.078379460519039055e-05
8.986049690206770720e-05
8.832327250070300681e-05
8.772132026957333586e-05
8.673090678852873707e-05
8.604618206976724464e-05
8.554747111788356861e-05
8.476362119414999408e-05
8.356907531992772975e-05
8.320264197590526364e-05
8.089672913563158453e-05
8.014859007690093508e-05
7.935723380633451511e-05
7.922126782094678174e-05
7.841933470377604313e-05
7.787971918332967428e-05
7.664111373350370783e-05
7.553026555190443055e-05
7.539947422893928124e-05
7.469403713788910467e-05
7.370664577955281368e-05
7.299461111140708326e-05
7.287175106036129757e-05
7.079502360796654972e-05
7.007029694694756595e-05
6.964630117085774698e-05
6.849982557912235464e-05
6.788145113032253411e-05
6.768519332790849153e-05
6.705667182212628078e-05
6.676774468153009697e-05
6.543734535949393642e-05
6.483602899421199342e-05
6.337830960347880184e-05
6.306886503156192429e-05
6.235498488809315199e-05
6.224231346557958862e-05
6.177699129921620158e-05
6.142241813798508831e-05
6.066995365153648090e-05
5.978911617268698234e-05
5.888409019400824148e-05
5.846322836183890509e-05
5.814369002286922853e-05
5.724745919388007996e-05
5.679815608403685672e-05
5.646896899829166274e-05
5.512689967473094807e-05
5.468573117620024299e-05
5.421263486388829607e-05
5.364814150589129277e-05
5.321100937312637575e-05
5.276372007007804342e-05
5.239794596447147515e-05
5.133452464929589095e-05
5.050603293655358411e-05
5.021107239714568286e-05
4.979567472047926284e-05
4.936414143691581933e-05
4.885764789546816802e-05
4.794663630763575736e-05
4.781260912528694195e-05
4.726775093337230802e-05
4.713444783165265424e-05
4.638111078496234867e-05
4.602006436579049887e-05
4.569995838871926034e-05
4.476425183195248815e-05
4.414478332671221354e-05
4.377040135803940342e-05
4.330919153816084214e-05
4.289285547609548901e-05
4.246900163897460341e-05
4.210280127911841222e-05
4.181241521114903111e-05
4.147302719381156839e-05
4.071983206698890528e-05
4.062688704058164670e-05
4.013233911867010396e-05
3.938511058128915101e-05
3.927709246371143470e-05
3.902008346775474407e-05
3.813720875671171659e-05
3.796091684155829699e-05
3.735095933068647699e-05
3.684563151144191882e-05
3.681646482006630200e-05
3.637784858096849462e-05
3.585214320750418609e-05
3.556603529828151436e-05
3.502237492694621054e-05
3.456825963161123895e-05
3.421133089299825838e-05
3.388296382551589749e-05
3.355172871068361689e-05
3.336965490053438155e-05
3.309095302201815075e-05
3.293109034709644945e-05
3.240567682727669128e-05
3.221888258336408101e-05
3.184956588508707306e-05
3.107597774769007957e-05
3.088329734264620767e-05
3.051446529049605966e-05
3.029002251595685176e-05
3.002958614414392630e-05
2.958448846171063756e-05
2.910342762056786415e-05
2.891680631712732663e-05
2.845873809828203558e-05
2.835968280630474998e-05
2.769900079568619650e-05
2.744374818787914219e-05
2.715776390120520185e-05
2.705740185171502579e-05
2.639239794255619008e-05
2.600313732975551983e-05
2.572447877914206790e-05
2.554243599721208228e-05
2.537361648698114656e-05
2.502469054524534414e-05
2.494594558738606044e-05
2.462179727717483233e-05
2.451924243214891728e-05
2.388594080227021777e-05
2.375044209091958181e-05
2.334186126126507055e-05
2.304846436926874946e-05
2.282671033632906185e-05
2.258635881495214652e-05
2.215193167608916437e-05
2.203441800606113015e-05
2.179482419803834857e-05
2.116961787851215549e-05
2.107493131426010127e-05
2.090840426025031284e-05
2.044296624575996646e-05
2.025457629562900846e-05
2.005430492652175099e-05
1.967997573118793691e-05
1.951229450898867414e-05
1.947012149929732244e-05
1.926059258244408780e-05
1.887704916699019730e-05
1.848219971986311491e-05
1.843129270331694060e-05
1.812594709251046579e-05
1.805471304745985981e-05
1.770664210969013892e-05
1.753061893541464221e-05
1.741156123632117697e-05
1.729658595197856286e-05
1.685440291209332219e-05
1.671063806125609071e-05
1.634917876826649197e-05
1.619241321227616348e-05
1.608416749441351145e-05
1.544669002920999047e-05
1.524404626715281860e-05
1.515773184799648827e-05
1.502687663991519679e-05
1.475861776941058822e-05
1.461348434286782008e-05
1.452714861908693488e-05
1.423392814533082748e-05
1.411277077039108301e-05
1.386043074247669682e-05
1.359332339348096012e-05
1.356763298371756589e-05
1.331256955157449629e-05
1.291915853034103667e-05
1.285705153858329258e-05
1.280026848454514924e-05
1.263318077579547728e-05
1.236504806163181198e-05
1.223996488204421681e-05
1.205154022542651016e-05
1.178651695736458938e-05
1.159372465459783874e-05
1.137703748144984013e-05
1.134849220311504279e-05
1.101387052379977489e-05
1.093842353534608294e-05
1.072544021838551755e-05
1.062172827149094627e-05
1.041592515795633003e-05
1.025582511022593159e-05
1.003762262891318851e-05
1.002262335365700522e-05
9.807065395914780787e-06
9.685468620582649344e-06
9.497358244768415214e-06
9.355441205242438305e-06
9.232515670823828903e-06
9.132903357179928059e-06
9.035438348532941812e-06
8.815300811504426530e-06
8.669077542543032603e-06
8.370543775847232661e-06
8.219121890696209627e-06
8.089021812726538172e-06
7.990858148854075417e-06
7.585956555893867872e-06
7.509160547030187580e-06
7.448043690962903216e-06
7.373537193672696975e-06
7.210069561218534313e-06
7.186503082834518558e-06
6.919409563717618431e-06
6.831942491912957363e-06
6.711786550599834397e-06
6.590613805161651206e-06
6.458121591469266546e-06
6.415517557897809902e-06
6.368205276009506617e-06
6.146836092435848653e-06
6.030607281633722904e-06
5.980587450478759083e-06
5.867490850946317695e-06
5.812243548675223343e-06
5.469946412755160514e-06
5.455469878715873185e-06
5.253913363227566503e-06
5.248714641499288118e-06
5.178681386180227534e-06
5.067588365240437524e-06
4.995404944380495457e-06
4.826412374453847307e-06
4.798507534163360786e-06
4.610141398873899723e-06
4.537320887010273466e-06
4.423720918217402399e-06
4.236286434489479290e-06
4.174312848419757357e-06
4.110099475748705702e-06
4.055090338233905434e-06
3.943999440890912152e-06
3.932979426867100838e-06
3.727247650666532264e-06
3.702694645487277394e-06
3.620641355981402753e-06
3.505803669464988935e-06
3.439848366014129763e-06
3.419977967668725828e-06
3.259545357651823597e-06
3.170346356260343173e-06
3.080804296221302735e-06
3.008130637175887356e-06
2.956636897230335050e-06
2.918514821602885829e-06
2.676415179648991577e-06
2.563400862458068054e-06
2.510875175193688710e-06
2.437470879405180633e-06
2.332836417282532706e-06
2.249043580575832576e-06
2.140201817088829603e-06
2.065845280413628757e-06
1.990984657657117371e-06
1.934045376449148001e-06
1.887480851065587059e-06
1.866630317485455141e-06
1.697710816500079909e-06
1.654164859186126471e-06
1.576059287389438062e-06
1.472534369519926119e-06
1.378881580876086955e-06
1.315359488450776472e-06
1.243926692361040290e-06
1.139379352284433565e-06
9.865466819547243263e-07
9.347147305452314974e-07
8.964426652779592397e-07
8.282869188794274619e-07
7.065683463504699294e-07
6.584207632098407170e-07
5.526748930477016130e-07
5.072672984208768619e-07
4.705742129042620835e-07
3.773011699582545960e-07
3.383502509445447194e-07
2.954012324727111220e-07
2.637701517953424480e-07
2.327395576018334916e-07
1.278355817703883466e-07
6.563767684439709766e-08
3.637501060699410313e-08
-6.712999418390535178e-21
-1.642768841022141624e-20
-3.861170186500006544e-09
-1.788276372941795835e-08
-2.547572910773941345e-08
-4.418882082043375858e-08
-6.750013140087102230e-08
-7.460804240495506571e-08
-1.276899606501131273e-07
-1.529043728829683234e-07
-2.222041506234958543e-07
-2.433725764416042952e-07
-2.530562175878193249e-07
-3.195768476604524515e-07
-3.447666884812178793e-07
-3.532184940827782259e-07
-3.764943097114677250e-07
-4.351567935934184718e-07
-4.555298257838895036e-07
-4.808620114135458056e-07
-5.055184732690612425e-07
-5.411893169500499391e-07
-6.306098170511002053e-07
-6.712110479755423236e-07
-7.423115971513592859e-07
-7.822630226960655457e-07
-8.198352456490240908e-07
-8.787348934981635773e-07
-9.073734100443327382e-07
-1.004877523870484957e-06
-1.124359919978880152e-06
-1.179288943351779028e-06
-1.204441231165443133e-06
-1.409954246897820506e-06
-1.585132399569633231e-06
-1.606187927417986099e-06
-1.723360370453087995e-06
-1.778163359110000719e-06
-1.928339255087758561e-06
-2.091098380034003956e-06
-2.467690561283425337e-06
-2.570739470188586419e-06
-2.732448879081728776e-06
-3.070086523179410867e-06
-3.638209965986296808e-06
-3.901106931855355530e-06
-4.473657515912714619e-06
-4.920014983331225609e-06
-5.137039351366108209e-06
-5.314399110911554672e-06
-5.669335710841790896e-06
-6.794019374601651590e-06
-7.177125916584034148e-06
-7.450195377140984300e-06
-8.097408464640541527e-06
-9.143535338592393528e-06
-9.894692412958543462e-06
-1.077315035064519615e-05
-1.166967800820947813e-05
-1.189201406653786911e-05
-1.252642401825451532e-05
-1.330414426139253684e-05
-1.497933684801594681e-05
-1.629906086611686901e-05
-1.764414817486796379e-05
-1.880991081197922561e-05
-1.962024895038153805e-05
-2.182094147891523568e-05
-2.351637294984532944e-05
-2.473717560342156808e-05
-2.545173794715710036e-05
-2.722046748236336367e-05
-2.856437404723785451e-05
-3.027701883017049067e-05
-3.091628662115028948e-05
-3.672258757367506351e-05
-3.889260222989482472e-05
-4.291630673773238238e-05
-4.492585597565973838e-05
-5.101745109834168051e-05
-5.146642036721829372e-05
-5.627073918076205188e-05
-6.111908049399576866e-05
-6.431387290480816102e-05
-7.222814544399942804e-05
-8.278609194647767013e-05
-8.507536886234092085e-05
-9.927561718087296442e-05
-1.049682679712998827e-04
-1.305682331542950929e-04
-1.422182471134132817e-04
-1.455156822141553713e-04
-1.530765520123477069e-04
-1.587981215238270323e-04
-1.891159577111661036e-04
-1.983887917600058099e-04
