1.084162083175577683e-02
9.554224992826135590e-03
7.303564397804911644e-03
3.349924509796456569e-03
2.327412701417840533e-03
2.278375845775654825e-03
2.078116150797758473e-03
1.337898471284296870e-03
1.205518842371500069e-03
1.144169366355774495e-03
1.112432310446956124e-03
1.001507801326100532e-03
9.729302939573842559e-04
9.385638593095834564e-04
9.065492325138419308e-04
8.871710098620936387e-04
8.200231034316937846e-04
8.056329665415407331e-04
7.819427148870092791e-04
7.589512051299645602e-04
7.015808465994351293e-04
6.843053049801530721e-04
6.591557487209349963e-04
6.422855065399416452e-04
6.108522510684115565e-04
6.079649800999682068e-04
5.868792442144803471e-04
5.720303284022314715e-04
5.488385309237115220e-04
5.319874513429629368e-04
5.260531806618608643e-04
5.081281195539482818e-04
4.999684943573295352e-04
4.910890905957293780e-04
4.712947935278632961e-04
4.613914729271433707e-04
4.483184907945980636e-04
4.354431389978701645e-04
4.186779265919723155e-04
4.131731829636497337e-04
4.113056229061585588e-04
4.013158008687828194e-04
3.859051244521945071e-04
3.763227879367726922e-04
3.669293055122506398e-04
3.606147374947313950e-04
3.574600725470930985e-04
3.498879875538320108e-04
3.384152535442512457e-04
3.370757737413154786e-04
3.258623915890376766e-04
3.182243829759774634e-04
3.149693585043117534e-04
3.087518458056172886e-04
3.049653465778718480e-04
2.953983573639719037e-04
2.852625012834411828e-04
2.820173253638384855e-04
2.746020186027719762e-04
2.735199157826586984e-04
2.670081182595119402e-04
2.623441449716860442e-04
2.563120366596549887e-04
2.530667332655577896e-04
2.439776949877439617e-04
2.413175021278531117e-04
2.375685530390268861e-04
2.316235132011204903e-04
2.300869816072568011e-04
2.237129725496304444e-04
2.219854638690068552e-04
2.181914041542678173e-04
2.160780260656333218e-04
2.109554461408257823e-04
2.072150846744569947e-04
2.025354565270710003e-04
2.006672076258161929e-04
1.978844060700153185e-04
1.951331396184445219e-04
1.922740959482115706e-04
1.892612775330445359e-04
1.878708298253273787e-04
1.865497951809469597e-04
1.796822887114456115e-04
1.755191479388018452e-04
1.733691830665665579e-04
1.683956786627481539e-04
1.675434482002078555e-04
1.643937771409652510e-04
1.598551110781713802e-04
1.582433684706912105e-04
1.563007851482460921e-04
1.542039697761081593e-04
1.505238767200078800e-04
1.487472812576252532e-04
1.437275775969493153e-04
1.431655921708890411e-04
1.405220629886189804e-04
1.388712897162164772e-04
1.363444285710937553e-04
1.353397667321725166e-04
1.332988465670772191e-04
1.321030978847261277e-04
1.300125614089850433e-04
1.283285367867054258e-04
1.263933937448230495e-04
1.261148534873951033e-04
1.232652266256880572e-04
1.227181553604884034e-04
1.194031689260544277e-04
1.175062404102046522e-04
1.165323350277426648e-04
1.145453942472595083e-04
1.133202795402057407e-04
1.125601633481890126e-04
1.097173275202903550e-04
1.075849521280111909e-04
1.063442186962762004e-04
1.046903708803280787e-04
1.033277498025673199e-04
1.018236941386705378e-04
1.005907915396087439e-04
9.985636740049461753e-05
9.842707670220133750e-05
9.618583689279791549e-05
9.506251967844126308e-05
9.412236327956341811e-05
9.313028435471324903e-05
9.104060720311510878e-05
8.837743688178531694e-05
8.763348277595467677e-05
8.670356583634845199e-05
8.377577939266919488e-05
8.265069397872534611e-05
8.215524117249641781e-05
8.103954309105003114e-05
7.968220046282599965e-05
7.909709917777630760e-05
7.716257117837828057e-05
7.638804076245709089e-05
7.510695423374976528e-05
7.375709581012508437e-05
7.337246872913539533e-05
7.236253200325089687e-05
7.175574221828220282e-05
7.031684409837982521e-05
6.947005784451274629e-05
6.855701375278385205e-05
6.738993108060001790e-05
6.637864400429283962e-05
6.554336515836793164e-05
6.478983650414511916e-05
6.449829984905628810e-05
6.338111171797307017e-05
6.211061071786347408e-05
6.093391532364295825e-05
5.979824583307282370e-05
5.920585920402827811e-05
5.889130444827042946e-05
5.812301601732941601e-05
5.739565572596070080e-05
5.633230463796785539e-05
5.500712562493523570e-05
5.409480310186693075e-05
5.391461182882452787e-05
5.275545351802070332e-05
5.188878856147635926e-05
5.165964979794009321e-05
5.088234978326113743e-05
5.007935080234337735e-05
4.927859476590826140e-05
4.854580986851421431e-05
4.788065016400510818e-05
4.694286354813580252e-05
4.647493104877243762e-05
4.614829897356777840e-05
4.574650316033707027e-05
4.564445835983105287e-05
4.502684172577325493e-05
4.422777692207874973e-05
4.371438507668858942e-05
4.273069998942544487e-05
4.208644953927804551e-05
4.103708445253443672e-05
4.028300792640359312e-05
3.968312545037357223e-05
3.929218513948828321e-05
3.884294054431252984e-05
3.859764568006340813e-05
3.758452855557294433e-05
3.692601007516655673e-05
3.605521868668790531e-05
3.596001920329335537e-05
3.540897740319980873e-05
3.527873703410573360e-05
3.391711637174980908e-05
3.378805123861869028e-05
3.324282474375671222e-05
3.254871144095980835e-05
3.215942209630867198e-05
3.202039144823858502e-05
3.156914332516525548e-05
3.081783080919315676e-05
3.067426558452360957e-05
3.036333145131719536e-05
2.948403110842129712e-05
2.908738417815278225e-05
2.876061770550970010e-05
2.829285095336979007e-05
2.817836800895440227e-05
2.741380109764949308e-05
2.722451832358343762e-05
2.663208213771188655e-05
2.645200531783830923e-05
2.569993651926916019e-05
2.526893812931688450e-05
2.503061885275314685e-05
2.449587967549796689e-05
2.434776771981010015e-05
2.422582146412044653e-05
2.378837120533333754e-05
2.319497987406942568e-05
2.313963596462941487e-05
2.303270885208243162e-05
2.257761298199409652e-05
2.219749841324407481e-05
2.197856470922657341e-05
2.150468925578770486e-05
2.125893717228280019e-05
2.096153406710649913e-05
2.067271816900697153e-05
2.049994902234134853e-05
2.000827146345557144e-05
1.998417213844859666e-05
1.953435103095556088e-05
1.930333668456800673e-05
1.891984049272308114e-05
1.872734596376327516e-05
1.844142063360212601e-05
1.793288473723901393e-05
1.747006060056965427e-05
1.727196075478116652e-05
1.707668105310771898e-05
1.672638207160277187e-05
1.653474966673004141e-05
1.644993779010985754e-05
1.625017989146009800e-05
1.569617153713188403e-05
1.555383049030936726e-05
1.544054340736505281e-05
1.524325835845541082e-05
1.478753302311356459e-05
1.447392388194116387e-05
1.423950474891598870e-05
1.411908444890717183e-05
1.398057181739767706e-05
1.379671795461670869e-05
1.357769537145132189e-05
1.337474979382367064e-05
1.302136967731851443e-05
1.296482711779075518e-05
1.284722428798348076e-05
1.274947396355720809e-05
1.261239726533289779e-05
1.246947291368061310e-05
1.214215190420239217e-05
1.207628664702524270e-05
1.174172661618030848e-05
1.165041917159616430e-05
1.156980419579365445e-05
1.151431225064008860e-05
1.117461830192661754e-05
1.107561148238968622e-05
1.094302634949542942e-05
1.070447204624031700e-05
1.051060949393106817e-05
1.021599199379565465e-05
1.005454291802068124e-05
9.909364419560602976e-06
9.805811350725772641e-06
9.710655816132208150e-06
9.605780386674056328e-06
9.426647398545035076e-06
9.263844084332224500e-06
9.057174545316083646e-06
8.901732931138845603e-06
8.875729178803291490e-06
8.683185520425468172e-06
8.450105559314809262e-06
8.347253017665019791e-06
8.301439964932425265e-06
8.153648377961326279e-06
8.083658791717338981e-06
7.913162916050289666e-06
7.801440431697062572e-06
7.712047013154650632e-06
7.386562389615703564e-06
7.250182184299483973e-06
7.110841694568501843e-06
6.930011140206395566e-06
6.880417767543951838e-06
6.763082652494687417e-06
6.652253646616951288e-06
6.565025427994539340e-06
6.435485664298149805e-06
6.296260847949175938e-06
6.134198840824591330e-06
5.983531857544954970e-06
5.761704844565045123e-06
5.733911042927201537e-06
5.607978221410890613e-06
5.559900525368899804e-06
5.493044512283803757e-06
5.406544426506345959e-06
5.230952497864514361e-06
5.089554330981679502e-06
5.004542760475780317e-06
4.901759690363438453e-06
4.785435826240656567e-06
4.697611501799926726e-06
4.600852863654761627e-06
4.501702490675725573e-06
4.407831430471090340e-06
4.260831847729204677e-06
4.186482584106452553e-06
4.126921096116321033e-06
4.078716443708794680e-06
4.024878789319157171e-06
3.970332934017990298e-06
3.812791314970865127e-06
3.709147973890109281e-06
3.640366760973684310e-06
3.571414983656747472e-06
3.531051898300994170e-06
3.454830013659513691e-06
3.378579206973632921e-06
3.336855268252451947e-06
3.262763926753932726e-06
3.147082849285013721e-06
3.070787975356113824e-06
2.987666064632630201e-06
2.943753973600127811e-06
2.910736046248001116e-06
2.845697486871940067e-06
2.810135982278564439e-06
2.743088922727630407e-06
2.682375471047822631e-06
2.564182071552832806e-06
2.505880808884960392e-06
2.435694682404952276e-06
2.385215772110833926e-06
2.330483696888012515e-06
2.283176187800846914e-06
2.214747783065103754e-06
2.132105184826633481e-06
2.073509159449032080e-06
2.029012910479224987e-06
1.969287368962834906e-06
1.870965702126069264e-06
1.860352443120282252e-06
1.809495395164589428e-06
1.744380593545594449e-06
1.693090912527943568e-06
1.650749385327708604e-06
1.602143697339723199e-06
1.538381864714908116e-06
1.512334541615623068e-06
1.490468947684383428e-06
1.416401486963141466e-06
1.363762203414064408e-06
1.260560511490715045e-06
1.247701748573244711e-06
1.206620877659215507e-06
1.184892330118696844e-06
1.173277617454963703e-06
1.093139757159550592e-06
1.071063368253384928e-06
1.007441012756419049e-06
9.830893023635549117e-07
9.643382221911005595e-07
9.408809995320827669e-07
8.489130235794509546e-07
8.201243664105608630e-07
7.929235053262631066e-07
7.517451674680223205e-07
7.341622662696148408e-07
6.722416041096741815e-07
6.472071382583520145e-07
6.149172933470729981e-07
5.909365570402094751e-07
4.871586280013068945e-07
4.774516716645241383e-07
4.355273561511433155e-07
3.857604161860699592e-07
3.769343234929292215e-07
3.503590280224578509e-07
2.919541557422962659e-07
2.359040551752408534e-07
1.883618561476028066e-07
1.839345095578063787e-07
1.736408058415982716e-07
1.208394067153562539e-07
1.007018089199570601e-07
9.081773764498027721e-08
5.944437533710189099e-08
3.445225172413381383e-08
2.327120105097278339e-08
1.045774374993744392e-08
8.850558508381604273e-20
-2.528142013747320455e-21
-1.604559093129786459e-08
-3.185950253324036936e-08
-6.015456405727344792e-08
-7.498092801801314005e-08
-9.729277549650076395e-08
-1.110684400680469811e-07
-1.447937117107407965e-07
-1.796162395161034268e-07
-2.163810147717588051e-07
-2.474200114460080719e-07
-2.745842276274968785e-07
-3.098111046236874857e-07
-3.378564695541334393e-07
-3.500697132069816875e-07
-3.744239177878199526e-07
-4.129756882824295421e-07
-4.489925249278555039e-07
-4.978613683894362869e-07
-5.666954082700942206e-07
-5.857381026498165719e-07
-6.208849622452214763e-07
-6.482557573704471298e-07
-7.475006065777517678e-07
-7.720498539677205086e-07
-8.398734785140686693e-07
-9.477456381590258886e-07
-1.006955001955097606e-06
-1.058590386493182368e-06
-1.105653984160515712e-06
-1.148607044340576103e-06
-1.164558852663063808e-06
-1.180233879273948789e-06
-1.253940502922577631e-06
-1.391185420599253537e-06
-1.446724272769512716e-06
-1.477089189334503128e-06
-1.512921980745696103e-06
-1.583158523528478188e-06
-1.696461161935756275e-06
-1.750729170044832992e-06
-1.848089566742458459e-06
-1.963396940070773874e-06
-1.998896920854905996e-06
-2.043096684003604350e-06
-2.135665124475211589e-06
-2.257820433876940529e-06
-2.273875324737801069e-06
-2.429835820545938075e-06
-2.601161002365359153e-06
-2.627256520723621581e-06
-2.712715035408386662e-06
-2.770257283280110113e-06
-2.873925826404730136e-06
-3.055224632990994645e-06
-3.094822171841317230e-06
-3.319433990128417593e-06
-3.449689385783602582e-06
-3.571942476538780270e-06
-3.821323987934794910e-06
-3.838136644079851581e-06
-4.011236847156418360e-06
-4.083867140543661958e-06
-4.177948771549295197e-06
-4.215094914223457103e-06
-4.362971972689727876e-06
-4.428379379683528143e-06
-4.486785763957685196e-06
-4.642118900857570401e-06
-4.792137095917993794e-06
-4.849477977641879826e-06
-4.958092983552786060e-06
-5.218820763734826437e-06
-5.419572573591467112e-06
-5.460146240255673142e-06
-5.586880752018926407e-06
-5.671868154437515552e-06
-5.834059212174445196e-06
-6.050655838973667379e-06
-6.073735771110063702e-06
-6.277627433336994312e-06
-6.617309121049409650e-06
-6.660804245710949349e-06
-6.937156137975444695e-06
-7.275687199390362235e-06
-7.467770222777072762e-06
-7.621501322453538847e-06
-7.785360190592103812e-06
-7.874123729049842512e-06
-8.015330541685621374e-06
-8.320922777914074932e-06
-8.676315999485213041e-06
-8.799712904282595616e-06
-9.020409299450260715e-06
-9.211667797948668650e-06
-9.677924329464754029e-06
-9.744518587702535292e-06
-1.009553911931810944e-05
-1.026165206144859204e-05
-1.056517649013494350e-05
-1.099613133916108017e-05
-1.122436545597503508e-05
-1.127376335795890939e-05
-1.164770583881350451e-05
-1.197364539968992279e-05
-1.231664042904351882e-05
-1.261640248015315258e-05
-1.279417932876575994e-05
-1.296462955060321216e-05
-1.342941356623280191e-05
-1.377738010028791817e-05
-1.396114040639744848e-05
-1.438538989722191886e-05
-1.460077896964025725e-05
-1.491629509952850867e-05
-1.536654396164953269e-05
-1.553117932191725738e-05
-1.609362681010278068e-05
-1.638756576352121412e-05
-1.717019413436156750e-05
-1.735435554136358275e-05
-1.788455812308327231e-05
-1.859392568979617146e-05
-1.878011556248136067e-05
-1.905820629448975030e-05
-1.941363294387094183e-05
-2.049991824273716845e-05
-2.058370551079862908e-05
-2.123143208074132073e-05
-2.190266132251716914e-05
-2.227851886925995184e-05
-2.273644406822939335e-05
-2.324002231578805658e-05
-2.332592128055818693e-05
-2.436298343796679185e-05
-2.478229183876967694e-05
-2.552319987915945728e-05
-2.647249526752294978e-05
-2.681918699805764850e-05
-2.756301765383439159e-05
-2.835239147243084605e-05
-2.880468038890755526e-05
-2.897398867663103438e-05
-2.935090779833294004e-05
-3.004069025490800388e-05
-3.107091790517864957e-05
-3.130918107948292534e-05
-3.210017649673274366e-05
-3.289589483496388125e-05
-3.394412586759550641e-05
-3.481578361931174414e-05
-3.609667063983400498e-05
-3.622378310161187875e-05
-3.666019245753990660e-05
-3.819383086566065412e-05
-3.825273796994863761e-05
-3.861534762714894514e-05
-4.005608930906870299e-05
-4.029346441826582267e-05
-4.065780569097095795e-05
-4.112065433655476716e-05
-4.180479852042095725e-05
-4.299614015309850416e-05
-4.387291993081089236e-05
-4.513603891934011821e-05
-4.658046754342540739e-05
-4.756006820379529162e-05
-4.817640355169968048e-05
-4.999140665954327525e-05
-5.097548879585540014e-05
-5.249930315196402842e-05
-5.342935016190158986e-05
-5.429301776373203069e-05
-5.562994299061120736e-05
-5.698085946783147871e-05
-5.852072394054462555e-05
-5.965877941296678127e-05
-6.087067755253559387e-05
-6.248405070848551317e-05
-6.324018721835018180e-05
-6.468232953534223939e-05
-6.697399502534516968e-05
-6.980951615706467578e-05
-7.132448265788860159e-05
-7.233966806297881095e-05
-7.415467138709691379e-05
-7.503646959097953664e-05
-7.612909795496393970e-05
-7.943384752521263188e-05
-8.255595556300220419e-05
-8.430818794901247986e-05
-8.686123196400734943e-05
-8.747133156215598922e-05
-8.835232022531319576e-05
-9.037956787806450160e-05
-9.149817562597636477e-05
-9.402386019736368779e-05
-9.635552050898956952e-05
-9.766553942064108338e-05
-1.002958654388902578e-04
-1.021177299255949676e-04
-1.045986899873335620e-04
-1.065018240137298244e-04
-1.069132930409951538e-04
-1.119819936227559298e-04
-1.160553758315907693e-04
-1.206206352549385306e-04
-1.221066062057654894e-04
-1.234598278906866948e-04
-1.256799189243373806e-04
-1.269915220528350071e-04
-1.325202951517965428e-04
-1.389503427566687399e-04
-1.400957028694633621e-04
-1.433987295522251755e-04
-1.463437812778486545e-04
-1.476150407632840535e-04
-1.538012140451490775e-04
-1.563157578353716829e-04
-1.606668968974711239e-04
-1.620430978018713448e-04
-1.664915912463382948e-04
-1.738520651258671304e-04
-1.768099728488007792e-04
-1.794972786760980459e-04
-1.840002833096479043e-04
-1.896158915197615176e-04
-1.947829708828735062e-04
-1.984700330018941477e-04
-2.024275241246055652e-04
-2.110494352382654500e-04
-2.158751808076559049e-04
-2.202856937016021792e-04
-2.290377530211629717e-04
-2.377933504984368926e-04
-2.450590801612934555e-04
-2.461859252715669407e-04
-2.576784905755063874e-04
-2.649341432050046391e-04
-2.719367762101619753e-04
-2.926480850439734985e-04
-2.983032361919493334e-04
-3.041648943835409120e-04
-3.046418014048190518e-04
-3.171333305639158001e-04
-3.222722792497604346e-04
-3.417339453634765634e-04
-3.447388861246763808e-04
-3.617244485377667240e-04
-3.851477255575586588e-04
-4.110939482106446756e-04
-4.276314137642297868e-04
-4.306176155633852044e-04
-4.474753217747724299e-04
-4.813276119159439490e-04
-5.143010092265775041e-04
-5.238554755554395825e-04
-5.649655480106196941e-04
-5.797815302384856304e-04
-6.058462837676010506e-04
-6.415297580239442358e-04
-7.156709423446146233e-04
-7.599987285587806981e-04
-8.070227081264057245e-04
-9.110628093774394455e-04
-9.847132615941156346e-04
-1.205666818194819825e-03
