-1.325690405104278824e+00
-1.901716213408535527e-01
-1.746151877852266665e-01
-6.958576665780659420e-02
-5.407932297172930031e-02
-3.930599320771020755e-02
-3.166436721420763656e-02
-2.292388071438756364e-02
-1.955477711623898260e-02
-1.805853902003982589e-02
-1.548609805378712775e-02
-1.338877613866231928e-02
-1.308511466009713506e-02
-1.092133421680406731e-02
-1.085259500024444816e-02
-9.749596755551924107e-03
-8.899072801214841927e-03
-8.110153037680976548e-03
-7.721849868932124418e-03
-7.248887741477880696e-03
-6.318692274982405654e-03
-5.689994891943655521e-03
-5.442735973438401695e-03
-5.081369013572846483e-03
-4.884837590829588759e-03
-4.621434481646187128e-03
-4.430271478064013238e-03
-4.278401681306541818e-03
-3.950364856673821770e-03
-3.553228638638908539e-03
-3.500813266610077953e-03
-3.349162302185809507e-03
-3.226527512000048996e-03
-3.070859470874613174e-03
-2.998385865666300474e-03
-2.955087204969767626e-03
-2.737537196547956686e-03
-2.676145017182492841e-03
-2.587043974859196214e-03
-2.474626541240396854e-03
-2.377577540269953417e-03
-2.318190808600405304e-03
-2.150949505843353406e-03
-2.067880322850255016e-03
-2.002489190442510811e-03
-1.928209619962476494e-03
-1.895905644671012783e-03
-1.839361354470175295e-03
-1.833776351898918277e-03
-1.711768928586361246e-03
-1.641596437445955485e-03
-1.542585635216244151e-03
-1.505643628577257170e-03
-1.455359587298045952e-03
-1.418775502905435986e-03
-1.387861198173981347e-03
-1.354213343098829240e-03
-1.343522832926456311e-03
-1.306993823597402083e-03
-1.284839469678199187e-03
-1.232060878362336307e-03
-1.217657502999506440e-03
-1.173667329532375112e-03
-1.136786529969248697e-03
-1.103882630830833357e-03
-1.090007731191343409e-03
-1.033944441267040017e-03
-1.008239578518409793e-03
-9.864191736080399342e-04
-9.696394566818742873e-04
-9.402783369165401434e-04
-9.253987061083414128e-04
-9.089443516044303211e-04
-8.968473514798983416e-04
-8.300306211614848174e-04
-8.196889870229904151e-04
-8.140472380963454085e-04
-7.720111471207378659e-04
-7.538055977289510488e-04
-7.463549372952111346e-04
-7.320491843964927825e-04
-7.100305523791269804e-04
-6.822128861025080664e-04
-6.723754702327950977e-04
-6.509146448008710584e-04
-6.476414543421947414e-04
-6.357736636206991502e-04
-6.244271978668342353e-04
-6.187203685609786235e-04
-6.004949268506015042e-04
-5.900061231013610432e-04
-5.800780867683767023e-04
-5.703876362110677683e-04
-5.601190954652860484e-04
-5.435296516702233785e-04
-5.303682013288756915e-04
-5.208392295515919734e-04
-5.092106783207163943e-04
-4.892426856310308752e-04
-4.805416410693910591e-04
-4.775073570194061250e-04
-4.652867062915558706e-04
-4.563661653241082861e-04
-4.488922597874767930e-04
-4.397039348651839109e-04
-4.382969087466465834e-04
-4.133962572817079933e-04
-4.080636755632014215e-04
-4.061107215203702513e-04
-3.964565816507574524e-04
-3.913882361668181444e-04
-3.836411674932639908e-04
-3.711891105562207128e-04
-3.675399141534192553e-04
-3.559454478410757823e-04
-3.523413880663392016e-04
-3.388411154385553522e-04
-3.315030562200437306e-04
-3.259689797331795065e-04
-3.199640251211762995e-04
-3.149371767173783578e-04
-3.119361638144869486e-04
-3.110357169565303647e-04
-2.995526238740350822e-04
-2.961216545824033020e-04
-2.902741616075165732e-04
-2.813863460489372326e-04
-2.724467834624792729e-04
-2.719787772707312618e-04
-2.704053119232599912e-04
-2.632625718764659969e-04
-2.596006566005387727e-04
-2.538012925565554835e-04
-2.490333388034845748e-04
-2.455234225523559395e-04
-2.393689317947978444e-04
-2.322814504255346060e-04
-2.281385516224428091e-04
-2.271767828999909521e-04
-2.246033144227790499e-04
-2.194497997707126340e-04
-2.157971394979570708e-04
-2.094275439027702744e-04
-2.069874274377880743e-04
-2.023253555643809152e-04
-1.996426191752948410e-04
-1.912944324288247107e-04
-1.900333133878195078e-04
-1.855814798192784230e-04
-1.833728012978923564e-04
-1.821503802310542525e-04
-1.760893819620202411e-04
-1.724182207553167246e-04
-1.721647326180782503e-04
-1.691002536203250084e-04
-1.674852391614419119e-04
-1.620710552904290960e-04
-1.600853159129040141e-04
-1.575205720366173166e-04
-1.516800708487105632e-04
-1.502805522626925313e-04
-1.472478311560238701e-04
-1.460756481909137173e-04
-1.419289622321426119e-04
-1.399202480857475580e-04
-1.374237484041526854e-04
-1.361219916985948592e-04
-1.341423020706396783e-04
-1.331611305919648352e-04
-1.307964849748879119e-04
-1.276576607761794745e-04
-1.260226466972958869e-04
-1.248190699326868103e-04
-1.220757784959339493e-04
-1.197421391312113327e-04
-1.185357969191783687e-04
-1.170162034475492592e-04
-1.155654464630256569e-04
-1.122584541873428816e-04
-1.100919925679908927e-04
-1.065216383305628924e-04
-1.029572307548193700e-04
-1.027475679087545119e-04
-9.927505436164620739e-05
-9.815848413658581953e-05
-9.768276790668362541e-05
-9.597639495445235279e-05
-9.490038283254802762e-05
-9.239858954853971218e-05
-9.199094107053182290e-05
-9.132020700965122831e-05
-8.789393659809299373e-05
-8.442958741481606285e-05
-8.347940784416545427e-05
-8.201008270762314887e-05
-8.160194290034916882e-05
-7.977209150490438333e-05
-7.785070019714249005e-05
-7.710388329745856961e-05
-7.654485105196055740e-05
-7.468671649546167147e-05
-7.294098545528630514e-05
-7.246852715735045746e-05
-7.112458631341309523e-05
-7.084527831146946863e-05
-6.823406408178867401e-05
-6.731061509404552600e-05
-6.637565199426908094e-05
-6.433228712855337567e-05
-6.307959069968439435e-05
-6.234470483066853214e-05
-6.187540074133688337e-05
-6.075112788211756252e-05
-5.950036665413750134e-05
-5.897042374272526129e-05
-5.875596940337797367e-05
-5.601076722335839931e-05
-5.540209025708902306e-05
-5.480009502563306387e-05
-5.365806063255364525e-05
-5.311865815036212625e-05
-5.227979554163435087e-05
-5.183909511203177879e-05
-5.105694837306479282e-05
-4.981668283474948995e-05
-4.929238613567500421e-05
-4.809286880172569775e-05
-4.753468688544832321e-05
-4.667395491198329967e-05
-4.591618986263111573e-05
-4.552946570446861775e-05
-4.507599522521819316e-05
-4.387643730829235932e-05
-4.278917665364477600e-05
-4.224528057418049283e-05
-4.160119684647564002e-05
-4.099833683126514631e-05
-4.076473765333571013e-05
-3.957984582698694339e-05
-3.859931413344215313e-05
-3.754364586813247758e-05
-3.713160727169004065e-05
-3.644825472570151741e-05
-3.617411820529281303e-05
-3.544592097551408982e-05
-3.466553161251536902e-05
-3.433460712619725757e-05
-3.335340698294767908e-05
-3.251275714240027938e-05
-3.206828989321120740e-05
-3.173318279842966187e-05
-3.092702886136055066e-05
-3.054491856748098056e-05
-3.019156651172726172e-05
-2.952831485715268515e-05
-2.873939907809496585e-05
-2.831617459750382463e-05
-2.783153218792651452e-05
-2.719374755438080284e-05
-2.699400672200337188e-05
-2.660427078551645100e-05
-2.618377047884829056e-05
-2.563462551465458470e-05
-2.508855320760487894e-05
-2.484648190067267887e-05
-2.474406300990013931e-05
-2.433808028761628013e-05
-2.425053010049525474e-05
-2.269516101743670428e-05
-2.257489768469124084e-05
-2.203002368299897978e-05
-2.168636575909873058e-05
-2.096979675667413494e-05
-2.083798329144006904e-05
-2.061479012855775187e-05
-2.018112471407182529e-05
-1.949556367276332374e-05
-1.943345442431557843e-05
-1.889033453973643187e-05
-1.872382395218264640e-05
-1.858620299078162853e-05
-1.845716881259073350e-05
-1.779838104314565968e-05
-1.769034519503114752e-05
-1.756589298333014241e-05
-1.702974862061050530e-05
-1.630769310486255750e-05
-1.608788705936751946e-05
-1.583491293664355374e-05
-1.546784820605663020e-05
-1.531430640653003066e-05
-1.511286973604066106e-05
-1.478855831936862732e-05
-1.451565564280628433e-05
-1.449270300356968403e-05
-1.421219062946576886e-05
-1.373613708883444894e-05
-1.344946385998054145e-05
-1.306583231192621222e-05
-1.291857554511337111e-05
-1.268796041586213172e-05
-1.240025297031973033e-05
-1.221797989814360796e-05
-1.178184360100471002e-05
-1.167922705553449422e-05
-1.160474151152558517e-05
-1.137309195299775318e-05
-1.113934759562798364e-05
-1.056830338240868057e-05
-1.028137596478000129e-05
-1.003730081320453972e-05
-9.986083674029987351e-06
-9.733454512687646988e-06
-9.724611629714122226e-06
-9.399410232178130194e-06
-9.258205909216547235e-06
-9.048896471802440363e-06
-8.737892392570531061e-06
-8.359811950562800380e-06
-8.221795364343200294e-06
-8.099109429339120117e-06
-7.795018212984513496e-06
-7.761560525230772642e-06
-7.532017325383188501e-06
-7.346589864038305972e-06
-7.027114391112964791e-06
-6.922021012058834437e-06
-6.732284224218310308e-06
-6.617634967835561015e-06
-6.485508927827663716e-06
-6.293634592832386362e-06
-6.176622315163867870e-06
-6.124928361669124977e-06
-5.982707230863470984e-06
-5.811112666373589953e-06
-5.659258700308762855e-06
-5.470376502113141429e-06
-5.279616759935608605e-06
-5.098206900228652091e-06
-5.018564145573320565e-06
-4.965346644073954372e-06
-4.737595643922669326e-06
-4.576992255709328193e-06
-4.527674048817673684e-06
-4.465322441158644009e-06
-4.326963106241104573e-06
-4.077810659720004229e-06
-3.970639284552207389e-06
-3.869458892368313992e-06
-3.803231960273914533e-06
-3.631885602750012079e-06
-3.510164435941088043e-06
-3.348088338645245577e-06
-3.283835292240567863e-06
-3.199305680528699621e-06
-3.138212745672753635e-06
-3.076900711061315724e-06
-2.899594321937993053e-06
-2.840928434320963865e-06
-2.701409230971226513e-06
-2.631337683469812451e-06
-2.500811341010905343e-06
-2.410379159717904609e-06
-2.282559112229565285e-06
-2.259553500821506575e-06
-2.191843600434266276e-06
-2.036900595613253200e-06
-1.997302056898357391e-06
-1.884197591150875567e-06
-1.854274698466418787e-06
-1.798063645380163139e-06
-1.765062485949412144e-06
-1.662385747218297572e-06
-1.631340829565049470e-06
-1.574363777702517811e-06
-1.483585233164173810e-06
-1.427973008568562237e-06
-1.291922062967844468e-06
-1.194228829623847820e-06
-1.116928732173163488e-06
-1.017511657015159388e-06
-9.435789745959301557e-07
-8.636401128741407600e-07
-8.034531318264586627e-07
-6.958997459294997632e-07
-6.376688022242096877e-07
-6.040065435979395892e-07
-5.226335476568930206e-07
-4.587516499876468235e-07
-3.992342776265252429e-07
-3.231012467497927128e-07
-2.319050715721727714e-07
-2.184587269019891029e-07
-1.847148149481934141e-07
-1.469504157631974897e-07
-8.705888432767696045e-08
-7.454935910704817939e-09
-8.690168425724741725e-20
1.099393622207588620e-19
2.173851530329138109e-08
2.992236797177040990e-08
4.922612700661897120e-08
1.013953460726309578e-07
1.397445071461077008e-07
1.583453716220324904e-07
3.275083237384177575e-07
3.451014786959276704e-07
4.028912286306749882e-07
4.555163989713168229e-07
5.000807205686427907e-07
5.741054442695109423e-07
6.535116408613172580e-07
7.621586940779013728e-07
7.780743996673449671e-07
8.463314447427174310e-07
8.965922350338809122e-07
9.393439657144618909e-07
1.043972035463780576e-06
1.142022524141965053e-06
1.237989533768307889e-06
1.410992121333135545e-06
1.507706523369661939e-06
1.521516140218856223e-06
1.615960387799286812e-06
1.724603537142718901e-06
1.897688032613399081e-06
1.977762379992490048e-06
2.093444553208812557e-06
2.230691160301269500e-06
2.358575191672838994e-06
2.469167993654512363e-06
2.522176176733518405e-06
2.674808780054688552e-06
2.868787758403016392e-06
2.923721024122111327e-06
3.029439350665856807e-06
3.314343218268830514e-06
3.462470362607060199e-06
3.531498170863376359e-06
3.687823400061913287e-06
3.847742148111984981e-06
4.044695217151781013e-06
4.141609049235370529e-06
4.264509384462153614e-06
4.416102365441611593e-06
4.698070546504245969e-06
4.869759482563021667e-06
5.055403671203685372e-06
5.220870063367192800e-06
5.362739017185550929e-06
5.641555713960112780e-06
5.730853339202887139e-06
6.113485782722366093e-06
6.224378985636245799e-06
6.416039416256514509e-06
6.522487851704965929e-06
6.829633892505531631e-06
7.136776425287726439e-06
7.470855202400081437e-06
7.674483219529604141e-06
7.814884654575565608e-06
8.279270028485076065e-06
8.449540009613344950e-06
8.498487444117960998e-06
9.098863505327124440e-06
9.276262480786553815e-06
9.615853714736484283e-06
9.811050325384631815e-06
1.002465952727197059e-05
1.040069007692360155e-05
1.059919851338282003e-05
1.082269669517059511e-05
1.122366611680419438e-05
1.150787035269344681e-05
1.195948677632095593e-05
1.219202737611054172e-05
1.263750381199370526e-05
1.291527903039031637e-05
1.343161157271135809e-05
1.384314569702276796e-05
1.405947115579164493e-05
1.487345311674695829e-05
1.539036456019616207e-05
1.584323240460446263e-05
1.613669273643365199e-05
1.674655793448481198e-05
1.742794376935231858e-05
1.758141015558286076e-05
1.808643621833743511e-05
1.891986376281486385e-05
1.929801967583668479e-05
1.953195091529419600e-05
2.114370521384151692e-05
2.134350514536756423e-05
2.214106559071491739e-05
2.236989879502351012e-05
2.270861931515228595e-05
2.299484865660825515e-05
2.407976081508260020e-05
2.532518282681931927e-05
2.619953689415043289e-05
2.637218743233886637e-05
2.701484057136316791e-05
2.778080849021559375e-05
2.850979289775294214e-05
2.909702039683458423e-05
2.963977769886043105e-05
3.083326037616920785e-05
3.165561515967789088e-05
3.190581721114228990e-05
3.392347893190587340e-05
3.445254850052952966e-05
3.564168229854645101e-05
3.576336495068386623e-05
3.629073345466836501e-05
3.841216636362906732e-05
3.908977147959746834e-05
4.004824805135329536e-05
4.145033074618184414e-05
4.277700616566318864e-05
4.393337362950258207e-05
4.435762254697388771e-05
4.564624633656231688e-05
4.628888895167051571e-05
5.155727035588492444e-05
5.219050737709313918e-05
5.280620641714999690e-05
5.301282011955247626e-05
5.401360972651673899e-05
5.552273109518443398e-05
5.702088012332723831e-05
5.828819194528371821e-05
6.075994187038871486e-05
6.095367240903465199e-05
6.487780041784693393e-05
6.618799772181894895e-05
6.966226433251550959e-05
7.020723586542345219e-05
7.122783420165499280e-05
7.467517520900969399e-05
7.604276905458690105e-05
7.768550413077563029e-05
7.928232441619990857e-05
8.146026248453849513e-05
8.485220168595850900e-05
8.653728781500083793e-05
8.870545079377810502e-05
8.979040510397536825e-05
9.370190531810523437e-05
9.569149252262914218e-05
9.916393625482399345e-05
1.003809902607054376e-04
1.034613195418999704e-04
1.053593005542578787e-04
1.061422949818270519e-04
1.092894153460884722e-04
1.134555126593308301e-04
1.155011770536078767e-04
1.176540335494609749e-04
1.223688070885544949e-04
1.247071648907299192e-04
1.261314918932722104e-04
1.305609545278872024e-04
1.336947907596541113e-04
1.394991975714625137e-04
1.408522849023144809e-04
1.482986199875803131e-04
1.499812147433034475e-04
1.516314415234112283e-04
1.573907385069324015e-04
1.702191527098067592e-04
1.714231656681025021e-04
1.787810273867683172e-04
1.822586397719725977e-04
1.854305588642174820e-04
1.870466991857732547e-04
1.904264369235319913e-04
1.940240789061424141e-04
2.045284944101874772e-04
2.130351450647547057e-04
2.196488451329070384e-04
2.240055175521285351e-04
2.322986527597838114e-04
2.349742221868720540e-04
2.531540983041957391e-04
2.540089897899944975e-04
2.635974984368954534e-04
2.676891213087035791e-04
2.744185031764008963e-04
2.874141282655482982e-04
2.913458060619678611e-04
2.989228101727758402e-04
3.038456047589777748e-04
3.141010815741960270e-04
3.430771165610942272e-04
3.452000066235727722e-04
3.555181677861778892e-04
3.587593798306413302e-04
3.729404736106658666e-04
3.814845164926291242e-04
3.841186993384349511e-04
4.019532956826456097e-04
4.181277847656108019e-04
4.263264115777820932e-04
4.385790825200622657e-04
4.430209784163868336e-04
4.628852731720547032e-04
4.667634886775621507e-04
4.793593538621897699e-04
5.093677034375389484e-04
5.180022019909118897e-04
5.332274616328537380e-04
5.511272375364118696e-04
5.551931463826811994e-04
5.968963686632392310e-04
6.021972603305635920e-04
6.313729132697930681e-04
6.400789084708577653e-04
6.601842969384990375e-04
6.754614485580425192e-04
6.907001506689235560e-04
7.108016502304804075e-04
8.098305046651433237e-04
8.185145386782293050e-04
8.255858987196094652e-04
8.472060559010002791e-04
8.857340660067110566e-04
9.282048486889618458e-04
9.319827239519830331e-04
9.593119143169776160e-04
9.990541807254082508e-04
1.036144954202004431e-03
1.067097372344667176e-03
1.130670748151856942e-03
1.184615218062997754e-03
1.199205731909814719e-03
1.305643419895380179e-03
1.338117212932774273e-03
1.386982292328543462e-03
1.435611482088804906e-03
1.492640660590268623e-03
1.562776087200263599e-03
1.667709683190213461e-03
1.722081152966258672e-03
1.810090805660864938e-03
1.852863558098436988e-03
1.904865025234696438e-03
2.019051036021411553e-03
2.175199764957165809e-03
2.236371373673407340e-03
2.422524392460495210e-03
2.488856797205427768e-03
2.782160230991048873e-03
2.824611848840114393e-03
2.912139068692430437e-03
3.051503713508521478e-03
3.513961146470566919e-03
3.692417050958685543e-03
3.939848165031113909e-03
4.348101714569586711e-03
4.527401656380128543e-03
5.182847586077819063e-03
5.758337894383708244e-03
6.524825955565156238e-03
6.985807659447647658e-03
8.010322244382863180e-03
9.392828409525048189e-03
9.911180366945309544e-03
1.162184847773848652e-02
1.353125283624416475e-02
1.500536304875725417e-02
1.934640400586229783e-02
3.006378835163234231e-02
3.687293745237243958e-02
6.556685549934368473e-02
1.902863463128292298e-01
