4.469806657462192974e-03
3.885308450804867038e-03
2.471347043380376588e-03
1.241379280559032306e-03
9.814525938582705639e-04
6.998113738788447119e-04
6.197797079656537558e-04
5.372479327171456260e-04
4.101114232857395797e-04
3.837386333196746483e-04
3.473581800439374178e-04
3.207978015377329945e-04
2.378145572672476029e-04
2.294569542369033141e-04
1.985815741099297368e-04
1.934527432750337151e-04
1.837914163489973141e-04
1.731618806692602998e-04
1.604328810634470112e-04
1.223204642341223702e-04
1.016299984142117512e-04
9.208548326371452427e-05
8.487380470072064813e-05
5.511204998595332769e-05
2.892935159864157613e-05
3.181903586366249719e-18
1.881846201579606344e-18
1.563469673473041287e-18
1.368038486489464548e-18
1.300583712270092993e-18
1.246554610491078003e-18
1.241264625502660038e-18
1.152608524793402734e-18
1.099819024283036553e-18
1.080589190398087413e-18
1.067568852779087710e-18
1.055495173335712043e-18
1.033716285443011350e-18
1.003386461736432982e-18
9.847004335213724412e-19
9.614553860383918550e-19
9.401089841773116011e-19
9.358605331902571527e-19
9.015768893810853005e-19
8.843446918938537750e-19
8.767380111669990901e-19
8.674590095938293432e-19
8.475851000939175444e-19
8.367954141995045756e-19
8.231976716363110611e-19
8.172807628938392774e-19
8.068672089625348467e-19
7.951545072361422947e-19
7.817380155763635291e-19
7.627006244964194676e-19
7.587057576033293701e-19
7.555522162722781479e-19
7.360517499901092304e-19
7.306656702559831398e-19
7.184494931649870743e-19
7.089545090914252078e-19
6.900810835734183615e-19
6.824100134792388966e-19
6.787691687243964384e-19
6.755437918002869350e-19
6.693708155125280385e-19
6.555672060003228432e-19
6.525416286098730429e-19
6.398548091897698407e-19
6.319985400277191200e-19
6.209493904621307401e-19
6.122494198009548965e-19
6.023753208745083534e-19
5.939693188290660321e-19
5.886175857903632505e-19
5.879377301076175599e-19
5.694566736683981095e-19
5.687094279181800944e-19
5.625533489144707963e-19
5.571717993846003302e-19
5.467066757884378777e-19
5.464502454378691480e-19
5.402723551473001927e-19
5.306268516031534843e-19
5.260408003756898921e-19
5.240097664844641861e-19
5.146763480685771240e-19
5.118570432163111718e-19
5.030727750872525865e-19
4.983056183711150761e-19
4.933341219546705628e-19
4.833045026065721528e-19
4.799340837388757583e-19
4.780270624110341304e-19
4.687315435152847765e-19
4.659364848445125814e-19
4.612732570388138077e-19
4.580229372225034054e-19
4.524438994694966846e-19
4.410179360687384302e-19
4.395994153251966448e-19
4.358276872905080173e-19
4.296253259048695663e-19
4.289060618644863676e-19
4.248469744441634350e-19
4.204537980497910685e-19
4.179235096195894758e-19
4.167245027145371515e-19
4.105592300058629623e-19
3.997180416118072900e-19
3.931820535005402179e-19
3.888599546949280866e-19
3.872865491471774308e-19
3.852638989836838837e-19
3.824302412928212705e-19
3.800767066078316234e-19
3.773193285430860564e-19
3.660133966029307435e-19
3.655674689127605284e-19
3.622028997448835546e-19
3.555126913006735564e-19
3.545660646181493370e-19
3.477588416908341305e-19
3.454031520177600468e-19
3.431487889791945804e-19
3.393878079241494176e-19
3.353800981098806827e-19
3.332896336452422643e-19
3.310883280185179398e-19
3.232209661435630396e-19
3.226511268497451177e-19
3.199302531744402645e-19
3.173921534524737698e-19
3.134756110613288498e-19
3.108321356516000334e-19
3.096259204374692367e-19
3.036159742497076211e-19
3.024299331917704013e-19
2.975770400040034801e-19
2.953058358225476060e-19
2.897791078102365747e-19
2.872610015488479568e-19
2.862521683178759483e-19
2.848199675941441352e-19
2.824094988222267871e-19
2.802645447131783154e-19
2.766309825411459280e-19
2.749186605669831108e-19
2.696096859927705314e-19
2.650178605832642237e-19
2.627848522168543932e-19
2.613792037770625634e-19
2.598322441313966061e-19
2.566248423115705924e-19
2.563600703889156469e-19
2.522984688125317426e-19
2.495841668454059800e-19
2.479434566871412284e-19
2.459810180735451231e-19
2.429845725831516271e-19
2.376427705290527960e-19
2.350610830430468693e-19
2.348248615385302525e-19
2.309396751248870585e-19
2.294643710933686593e-19
2.273330509098138517e-19
2.258913669394043544e-19
2.225426080995070515e-19
2.219094750104077508e-19
2.180865434496705814e-19
2.169783393794362940e-19
2.145117155765136210e-19
2.120825922574487449e-19
2.105796148441516851e-19
2.080078184165869916e-19
2.067794554337922466e-19
2.054579256727616641e-19
2.026563060168211223e-19
2.003470677069300624e-19
1.980965199009674011e-19
1.948297113337263492e-19
1.926595224221781898e-19
1.904622227325445355e-19
1.881668565655568092e-19
1.865098588460185503e-19
1.857687171724403662e-19
1.855803742754900934e-19
1.841754752690417132e-19
1.808177933397562394e-19
1.797280182630718078e-19
1.754157599266624126e-19
1.732656675212570943e-19
1.708155752592991932e-19
1.703848305478780486e-19
1.682397211046679862e-19
1.662407261309609172e-19
1.643760507739092364e-19
1.635143200156300460e-19
1.613609889381294761e-19
1.595598201585432877e-19
1.589166958739722563e-19
1.566271551227624782e-19
1.546511438412974491e-19
1.528928917284905472e-19
1.508216336268185638e-19
1.491890384867131629e-19
1.467304119945399454e-19
1.441078193359685516e-19
1.432492782735222904e-19
1.410396867422256655e-19
1.396290564293276003e-19
1.386743627279771365e-19
1.365836509579407921e-19
1.349254290636103501e-19
1.340937767094329082e-19
1.332234455405030880e-19
1.325502928220402063e-19
1.308341175396830853e-19
1.277981620648903126e-19
1.260877947358189673e-19
1.244882496002722279e-19
1.233537777423433321e-19
1.192296197483990148e-19
1.178878344189841349e-19
1.176602106771631341e-19
1.166149684045266683e-19
1.161498176635279823e-19
1.144861587635693429e-19
1.143809884651601689e-19
1.092504064452543026e-19
1.086204704333241767e-19
1.074971281442780550e-19
1.060286091025771374e-19
1.037832786202661894e-19
1.028122480249309966e-19
1.016385485546649640e-19
1.014285656076706546e-19
9.998989827507310491e-20
9.918038115483926785e-20
9.717186806376862260e-20
9.406738436995916632e-20
9.341513664101647248e-20
9.215041477463813177e-20
9.190655029006941270e-20
9.038417750551957072e-20
8.956774177743077235e-20
8.913013398809438638e-20
8.743135489973628320e-20
8.433379819096330060e-20
8.412904253270599762e-20
8.180983809035470662e-20
8.121014892219628964e-20
7.885188268564296802e-20
7.846248969275144586e-20
7.800025518630889324e-20
7.646822380681208370e-20
7.531797425780556968e-20
7.394204168686529492e-20
7.283699887894446840e-20
7.228986270485651885e-20
7.038954456341071058e-20
6.993084671532749083e-20
6.833573026286109226e-20
6.737312286185356671e-20
6.690343223079677169e-20
6.560247624331533515e-20
6.531011898035055374e-20
6.379762826475887827e-20
6.224854641658402316e-20
6.096134673116818256e-20
5.977411386654468802e-20
5.947073982786341205e-20
5.867795473473034544e-20
5.746538721107349641e-20
5.583523636233206833e-20
5.536171784921806203e-20
5.449025591329217018e-20
5.379306832833861795e-20
5.295463292517967474e-20
5.145631252246340745e-20
5.007649299407390663e-20
4.954684638833847448e-20
4.870071594606351865e-20
4.786963171563222924e-20
4.688569578741843544e-20
4.650274582387842702e-20
4.515467958752398023e-20
4.388135109076260992e-20
4.320288651178332173e-20
4.266116429768690734e-20
4.194070291946308621e-20
4.056555153028563675e-20
3.931345548264856457e-20
3.792792059171251287e-20
3.729036484241728352e-20
3.677620453130736034e-20
3.643575281534264652e-20
3.546279027699385538e-20
3.479541193277854855e-20
3.373049552118971634e-20
3.160613197980921951e-20
3.127711938758308542e-20
3.045242675636765751e-20
2.971781531692786763e-20
2.876824305983310966e-20
2.823490794277651712e-20
2.659092428286071229e-20
2.643673533047596911e-20
2.473126862340587305e-20
2.402945459255527015e-20
2.307641328449595054e-20
2.277476367631900687e-20
2.230997056485601176e-20
2.200053233640593686e-20
2.115452929589782690e-20
2.056932044239651595e-20
2.026988661946474596e-20
1.822212405354829259e-20
1.754936255385470329e-20
1.717769900097235267e-20
1.682594536173566854e-20
1.633283545481338000e-20
1.478836445754616988e-20
1.412378319184221695e-20
1.394651186490298187e-20
1.310965138691052361e-20
1.277935041779994937e-20
1.188201812588350531e-20
1.064812519839418031e-20
1.010466746577461011e-20
9.804212007815448074e-21
9.335648269930426412e-21
8.878056338906038959e-21
7.924364977066085752e-21
7.301947333386314689e-21
7.295448485471731796e-21
6.514577115946765037e-21
5.950601429307905515e-21
5.377715236617284720e-21
4.792926225545725230e-21
4.651339151447120304e-21
4.172103666846322785e-21
3.316495809506919689e-21
2.613340581085465324e-21
1.935295960621668957e-21
1.671083133479816849e-21
1.559069956283932309e-21
1.151746816767192856e-21
8.060821583743816794e-22
3.192353503497404005e-22
2.938756022524707566e-22
-3.638377386679616775e-22
-6.409468335878455950e-22
-6.560543055425318981e-22
-9.413522188380656258e-22
-2.162689027808917426e-21
-2.332065011073760267e-21
-3.055032431877735958e-21
-3.473701418072213879e-21
-4.667349811787990553e-21
-5.023097070107411768e-21
-5.269911888561087302e-21
-5.489391392933647597e-21
-6.022125166273058647e-21
-6.777432835567854099e-21
-7.194796174594017846e-21
-8.084247134004509214e-21
-8.815732859653589637e-21
-9.303987128374369531e-21
-1.020103443236941617e-20
-1.112407797693337223e-20
-1.147652336700968192e-20
-1.230710830123546664e-20
-1.266138779929771472e-20
-1.311221405694890970e-20
-1.446659250683606759e-20
-1.481261151107002535e-20
-1.536968157574917535e-20
-1.568154595402234037e-20
-1.615664089799312428e-20
-1.734425744731242214e-20
-1.883588887113163144e-20
-1.884791602056975000e-20
-2.010047670058632852e-20
-2.058531100662207663e-20
-2.092454552047781998e-20
-2.155837147892705648e-20
-2.207597901351912293e-20
-2.349480737928938726e-20
-2.373404387214331296e-20
-2.493488973364471552e-20
-2.531130329554899894e-20
-2.600830411573644691e-20
-2.721106982250182850e-20
-2.839677978656503755e-20
-2.865256989279750393e-20
-2.962168671614440073e-20
-2.998646254135140569e-20
-3.099373570183627444e-20
-3.138610887227643212e-20
-3.211364229962958945e-20
-3.316128572238930348e-20
-3.416368427671634010e-20
-3.491951740035406982e-20
-3.510004907896994927e-20
-3.759847686956876552e-20
-3.850649515555387377e-20
-3.903388052170427512e-20
-3.995365656954791776e-20
-4.081347951968565942e-20
-4.172760542055736959e-20
-4.326738744631152372e-20
-4.424067399260600794e-20
-4.571071195223286328e-20
-4.624660368926011575e-20
-4.690149682642626458e-20
-4.788232862630671891e-20
-4.840845829588386355e-20
-4.990587303601971466e-20
-5.104796773292740035e-20
-5.202347112426138734e-20
-5.267908793032073607e-20
-5.405830864316513247e-20
-5.509658869782872199e-20
-5.667055553321903473e-20
-5.816040970425526679e-20
-5.873447094629078548e-20
-5.956739672689300288e-20
-6.018471061005266996e-20
-6.073849821635414822e-20
-6.195362246755713443e-20
-6.283704540281518646e-20
-6.453828709829499043e-20
-6.622981353702336377e-20
-6.720013180499926943e-20
-6.775257315648761814e-20
-6.844902245420773266e-20
-6.922469173081793290e-20
-7.080227947368979616e-20
-7.131917356876722764e-20
-7.404148032977288809e-20
-7.507863001407142616e-20
-7.572820485972251132e-20
-7.690511788196861763e-20
-7.807292757209102860e-20
-7.924037442212020545e-20
-8.091875892299396666e-20
-8.237321683051387329e-20
-8.335006619608850025e-20
-8.389207861702108665e-20
-8.455457365754192456e-20
-8.569119726828502968e-20
-8.639895966166451163e-20
-8.764688242059001381e-20
-8.958678509026096639e-20
-9.048784852829373292e-20
-9.295776059935033357e-20
-9.392833207349275038e-20
-9.511939329502318403e-20
-9.652606827671904161e-20
-9.881576452684507441e-20
-9.935534263106487049e-20
-1.000361496539993459e-19
-1.013508655579099994e-19
-1.036022735063633888e-19
-1.058811003293644381e-19
-1.076530658737352578e-19
-1.085571303246013091e-19
-1.102169678871263018e-19
-1.114374230028281084e-19
-1.137864700815611287e-19
-1.152292792084955792e-19
-1.155031934797991717e-19
-1.160245679300627933e-19
-1.195603305394355126e-19
-1.198942838585640483e-19
-1.207133289751569038e-19
-1.219972349251606741e-19
-1.239482938769120167e-19
-1.251578647201897891e-19
-1.276587516240471083e-19
-1.280101953114194392e-19
-1.297987213265213086e-19
-1.307091553753438884e-19
-1.313345991785476806e-19
-1.317225391187140926e-19
-1.336608808566865830e-19
-1.363363582933345640e-19
-1.379462445771383584e-19
-1.407123016549376670e-19
-1.421789443587047787e-19
-1.446994285781304461e-19
-1.455250808183679626e-19
-1.469540258786140029e-19
-1.485134187799773900e-19
-1.498611579200129368e-19
-1.505390272547201295e-19
-1.527252537944282855e-19
-1.530470903531442140e-19
-1.566437487431021457e-19
-1.582379301882249696e-19
-1.592542957661500346e-19
-1.604876921203096201e-19
-1.635149221734405362e-19
-1.641245478446588911e-19
-1.659833570026768421e-19
-1.681371664464275606e-19
-1.714758266752433948e-19
-1.727590420408708874e-19
-1.752704308358937210e-19
-1.793988192813765792e-19
-1.803356267527314786e-19
-1.815381980026110019e-19
-1.841321717432163770e-19
-1.861413266899505394e-19
-1.883480600967444009e-19
-1.892940286668608362e-19
-1.906095508936972351e-19
-1.919688274113508934e-19
-1.970198830165063914e-19
-1.977916261531887501e-19
-1.994207641520232568e-19
-2.022867218354329929e-19
-2.052607433106965585e-19
-2.076174165092245279e-19
-2.102936493254987822e-19
-2.114309768903570453e-19
-2.127250377594123101e-19
-2.133881510808712550e-19
-2.172794646211416961e-19
-2.191500993068647794e-19
-2.222492555774826632e-19
-2.231621477331347178e-19
-2.247973312446232300e-19
-2.278519519138024371e-19
-2.304041883498535850e-19
-2.309028462805395570e-19
-2.336381079918437292e-19
-2.369451941362920844e-19
-2.379478639637855541e-19
-2.412799397789192857e-19
-2.421136200384436777e-19
-2.489386363264380577e-19
-2.506520345034101990e-19
-2.522403469701316033e-19
-2.560237740801080584e-19
-2.604179617315508136e-19
-2.629752430679436461e-19
-2.637247421583843544e-19
-2.664081159498936683e-19
-2.672756923241683084e-19
-2.691934421762135234e-19
-2.729024746450364581e-19
-2.767372404792516060e-19
-2.784250162178965613e-19
-2.848635055849829411e-19
-2.859613249805087479e-19
-2.884913753391304253e-19
-2.908843284804207885e-19
-2.920577498870738577e-19
-2.941230132421283907e-19
-3.025014862287484984e-19
-3.032376739360938546e-19
-3.064435780103501081e-19
-3.088035082748642416e-19
-3.100451137252865073e-19
-3.146317562744270281e-19
-3.175097421743190261e-19
-3.190336766042736583e-19
-3.242355483539790264e-19
-3.264326551671184412e-19
-3.312809940113319637e-19
-3.356058756886713728e-19
-3.365103871408449231e-19
-3.405303536516180945e-19
-3.434276134712433220e-19
-3.457377565139357053e-19
-3.489470254937598639e-19
-3.535903932337106155e-19
-3.557161796598087361e-19
-3.583279530756798287e-19
-3.602303047175810437e-19
-3.687311993143870949e-19
-3.706005282621366057e-19
-3.735955920959060765e-19
-3.770668406238864715e-19
-3.823421925201481001e-19
-3.906212141200623515e-19
-3.954159050306597280e-19
-3.982595547761996887e-19
-4.004233160631056791e-19
-4.036667883552390773e-19
-4.089425946089651914e-19
-4.106550350239241062e-19
-4.140576797282936212e-19
-4.228898978061555969e-19
-4.273588185231819225e-19
-4.277295031793455085e-19
-4.342674278809169700e-19
-4.408273533585191735e-19
-4.426329494178729542e-19
-4.471237572786959981e-19
-4.583001120994848438e-19
-4.599454046726803096e-19
-4.636738156540967814e-19
-4.704814271512226072e-19
-4.738553708716260298e-19
-4.761295898689695528e-19
-4.791353707103841145e-19
-4.896937976666775795e-19
-4.927102012839711507e-19
-4.983793587157197262e-19
-5.025812893214959053e-19
-5.089298347284580013e-19
-5.153768230254214282e-19
-5.217037734000205941e-19
-5.304169561055215301e-19
-5.338883871867690197e-19
-5.402695189061164296e-19
-5.443917294584971440e-19
-5.496484954070651479e-19
-5.547067197857699069e-19
-5.659327509184367072e-19
-5.687906247366011173e-19
-5.772892679497227910e-19
-5.907401630304420163e-19
-5.958810216678286013e-19
-5.995216707689457086e-19
-6.037013834282970076e-19
-6.158243137538157381e-19
-6.195459391891634048e-19
-6.309286189482416614e-19
-6.403423795888249662e-19
-6.552733453937600751e-19
-6.600026537669252511e-19
-6.642831472121113110e-19
-6.758346485548704268e-19
-6.832121826637284398e-19
-6.943303269736543168e-19
-7.164324123991084702e-19
-7.201640150784488115e-19
-7.257773967546682201e-19
-7.391484721336874640e-19
-7.560156209099200465e-19
-7.601591328511409803e-19
-7.657051258913166215e-19
-7.770153532617391464e-19
-7.988845539906932587e-19
-8.091685636608621071e-19
-8.142588903847427802e-19
-8.242396787628186006e-19
-8.363342882646738523e-19
-8.487863180338209250e-19
-8.571455677346290066e-19
-8.806999985669930100e-19
-8.988309883408121104e-19
-9.088844697653393442e-19
-9.250428192489321924e-19
-9.494333456037194889e-19
-9.601235480349121440e-19
-9.835701378915383878e-19
-9.943240066729021851e-19
-1.013288589585381766e-18
-1.047625353220004783e-18
-1.066249875439654631e-18
-1.076861371034030502e-18
-1.119900684523517313e-18
-1.146813472291460511e-18
-1.163190424586168302e-18
-1.191226206767891489e-18
-1.287526435110272982e-18
-1.307681262281210065e-18
-1.342702240518052781e-18
-1.381409315139050575e-18
-1.883681493141273529e-18
-2.743413935388962391e-18
