-5.781763583499122811e-03
-2.148245956635347776e-03
-1.895367815967913695e-03
-1.768283131495081151e-03
-1.321468970895767984e-03
-1.265377915380976786e-03
-1.196834519840922614e-03
-1.051973096788621055e-03
-8.941248239573047762e-04
-8.548646391097041710e-04
-6.496450732028237040e-04
-5.722657899132074051e-04
-4.890600635652304819e-04
-4.213429201081714628e-04
-3.461277230413065706e-04
-3.399876856606288966e-04
-3.129688509978734092e-04
-2.855156555508440975e-04
-2.499590040799859253e-04
-2.075969373518282864e-04
-1.834670762620208787e-04
-1.625698582509077560e-04
-1.506257178545527262e-04
-1.309504659772529433e-04
-1.220075441846472404e-04
-1.138050515416335495e-04
-1.038995827174439210e-04
-1.014410913487510935e-04
-8.533861167099758625e-05
-7.582498777159242304e-05
-7.113897864470492905e-05
-6.091098767286029774e-05
-5.756506870706302407e-05
-4.772496082034149425e-05
-4.581438120601103798e-05
-4.291753857057548885e-05
-3.827708984949125006e-05
-3.664170113904825229e-05
-3.268290214548635588e-05
-3.080561787538460550e-05
-2.670373860235391141e-05
-2.325135265735249314e-05
-2.116062551172384238e-05
-2.036137556816127071e-05
-1.767205438911692464e-05
-1.506597297906501715e-05
-1.429897558127365946e-05
-1.316771486781277891e-05
-1.284146446087368318e-05
-1.151100759422683268e-05
-1.008711936786487486e-05
-9.474602149913728273e-06
-8.202595173158777381e-06
-6.642334695294538859e-06
-6.326265811724387302e-06
-5.922223033408874488e-06
-4.972278449767702261e-06
-4.688150774353159175e-06
-4.090933251830451959e-06
-3.960685027565798571e-06
-3.628462366646360817e-06
-3.513568866630065932e-06
-3.204809434353093652e-06
-2.714727452014122242e-06
-2.665177778684080305e-06
-2.466998630616363173e-06
-2.135914808869217260e-06
-1.963139071007725635e-06
-1.908042124548282422e-06
-1.650107434385900329e-06
-1.602704394113085651e-06
-1.499268293728670105e-06
-1.382938358166548641e-06
-1.244056491466159196e-06
-1.094168425589532563e-06
-1.072765989138004430e-06
-9.969922741066951018e-07
-9.298619151594777764e-07
-8.183315132430232077e-07
-7.847056890499280088e-07
-7.267044576406979814e-07
-7.163215466399728261e-07
-6.178900616664408566e-07
-5.316085598338998545e-07
-4.889073854149201401e-07
-4.505510141005198815e-07
-3.027257171677432148e-07
-2.716696561558153829e-07
-1.403523501625015346e-07
-1.303281060117380649e-07
-8.518501769783506863e-08
-4.937128151991731263e-08
-3.533308490376986413e-08
-7.598380337307582777e-09
-2.197328159541775412e-19
1.159527615259372675e-18
7.349808806802676682e-08
1.298840107844867474e-07
2.505968792653029895e-07
4.594261262836960116e-07
5.405985432644865330e-07
5.899638519732358967e-07
6.990732440062076273e-07
7.873940486531500488e-07
9.293507565413520277e-07
1.037900593277899417e-06
1.140056170768349869e-06
1.305140462850336833e-06
1.507698142164834323e-06
1.623824594742576718e-06
1.859067014924311050e-06
1.947738432857622632e-06
1.987837366840580322e-06
2.394188195705237028e-06
2.570750401887388971e-06
2.625088639531287913e-06
2.935244971442820405e-06
3.134653608137088987e-06
3.232900702721945030e-06
3.368141982445791772e-06
3.438186540558431299e-06
3.799482127758015150e-06
3.845246843409124359e-06
3.932882715945593011e-06
4.131373311075692785e-06
4.240444439297561021e-06
4.352871058916582095e-06
4.592931938775015794e-06
4.727757358499743062e-06
4.764721434847912087e-06
5.049622395236261135e-06
5.407613176080577451e-06
5.528972475230305844e-06
5.667907289872886141e-06
5.874919788470018224e-06
6.023086848915683827e-06
6.184122010877194747e-06
6.291633665831782620e-06
6.583568399712433681e-06
6.700281317319272897e-06
6.998010611885205560e-06
7.299033209912157492e-06
7.537571796100232181e-06
7.734948218007507725e-06
7.808631588305764388e-06
8.004418856150877503e-06
8.179431811004094001e-06
8.294171639642220663e-06
8.465780581717430214e-06
8.809942679644481586e-06
9.183757559487707120e-06
9.308395721640619211e-06
9.522741101731030324e-06
9.708831256257135481e-06
9.942240972515969531e-06
1.012671315615441478e-05
1.040732894551931393e-05
1.071012813773975883e-05
1.076643466572019211e-05
1.092590191214767259e-05
1.102594754372876931e-05
1.181566986666781768e-05
1.216052634996277793e-05
1.265337376214803442e-05
1.280519387130139817e-05
1.313499705951215259e-05
1.318067896377972082e-05
1.359774130781409467e-05
1.380864502538470498e-05
1.391738825762868650e-05
1.427463514125342123e-05
1.443081712467269137e-05
1.464915343342633733e-05
1.495294281756585889e-05
1.536887281826782145e-05
1.560762058021455088e-05
1.595812179021544389e-05
1.621569717868690915e-05
1.633136140548117793e-05
1.682009437902833341e-05
1.733392133300326569e-05
1.804720832466233900e-05
1.822665831614010381e-05
1.845729850706010383e-05
1.889300973983655183e-05
1.902581429639170721e-05
1.973885657592148348e-05
1.985046478150808506e-05
2.055126043175423307e-05
2.071144955393354730e-05
2.095453059786610284e-05
2.170508115350612555e-05
2.206390390713921376e-05
2.226626896120629330e-05
2.247797861075242942e-05
2.283971613017773367e-05
2.306988493183126252e-05
2.339326198652195873e-05
2.413827318185705399e-05
2.485759365809161455e-05
2.509859278942180009e-05
2.517389552042903269e-05
2.575566475201034459e-05
2.631237046808047986e-05
2.680948112589380840e-05
2.705021856403348301e-05
2.746769627386792074e-05
2.837469750327175055e-05
2.853775501235001819e-05
2.923568740140441400e-05
2.949678777747044065e-05
2.999605263295120186e-05
3.014973674448179639e-05
3.080748799691558024e-05
3.133358725439742011e-05
3.157403680562763024e-05
3.170526167714764475e-05
3.233040080790528144e-05
3.287877672890187204e-05
3.389061484368592234e-05
3.394551497609563573e-05
3.483498898237436003e-05
3.522056316505592838e-05
3.574345419038335537e-05
3.628392141699541510e-05
3.677296279669533554e-05
3.755414061522957027e-05
3.821328950424106362e-05
3.842682034719300204e-05
3.910890354478768072e-05
3.987066279793990053e-05
4.034010346958311782e-05
4.065950268033438793e-05
4.178255371712655362e-05
4.211112152877725273e-05
4.293153116014034580e-05
4.324053989232485651e-05
4.372850376105652276e-05
4.410450591001955522e-05
4.419263260881047575e-05
4.466263146046224125e-05
4.597555577881661789e-05
4.665885800982176026e-05
4.723132249384831257e-05
4.790485019736987713e-05
4.871895695389767174e-05
4.880427587979400771e-05
4.951395652671513280e-05
5.023736663563898355e-05
5.042951896786094167e-05
5.175086409685445771e-05
5.216625265719001858e-05
5.244390078253900598e-05
5.396304599505893565e-05
5.453770920564293939e-05
5.563031301079232176e-05
5.619860901742217911e-05
5.657688121802052593e-05
5.713273045131237962e-05
5.766145279867823388e-05
5.849196883179886403e-05
5.883352557016858695e-05
6.057461450971258533e-05
6.152888324640149798e-05
6.181290364687134424e-05
6.282405836759175912e-05
6.351586998532671689e-05
6.398628792822541784e-05
6.495646565401683040e-05
6.576988550293162738e-05
6.743350953317052855e-05
6.801743742137313965e-05
6.929220284602968674e-05
7.009232442912926501e-05
7.062820590820700450e-05
7.283538281333127630e-05
7.299120791951825169e-05
7.384541145898605914e-05
7.411508385529092023e-05
7.541118520768101956e-05
7.585747166778016633e-05
7.662563012318142222e-05
7.811804161827057009e-05
7.906309189643765572e-05
7.970632866101933780e-05
8.060793365666982224e-05
8.230726229765985267e-05
8.233038779967856555e-05
8.335996770100123946e-05
8.454907667566793732e-05
8.540231163920244690e-05
8.726887027960809516e-05
8.892035283453354495e-05
8.983224308853672991e-05
9.108695728322143033e-05
9.152427765046465828e-05
9.182191069089116130e-05
9.366885946246925033e-05
9.414854648376720864e-05
9.471722161576901129e-05
9.614661382032488801e-05
9.868881582517666185e-05
9.936746732436190573e-05
1.008491193211773923e-04
1.018568286669671125e-04
1.026786706120100099e-04
1.032515407998920419e-04
1.046362468521695976e-04
1.065555131762296724e-04
1.081884510962918052e-04
1.095693620675090656e-04
1.116691779417831930e-04
1.120577420201549298e-04
1.133241481080921980e-04
1.145782737589122946e-04
1.164724987252424923e-04
1.175205537417402729e-04
1.191337527520002447e-04
1.207103035768304096e-04
1.214885805618039531e-04
1.230185125905681835e-04
1.236139811219454977e-04
1.267915605073657403e-04
1.269344680267712165e-04
1.288539706979137671e-04
1.301268175501910324e-04
1.313193981845633051e-04
1.347192960633502906e-04
1.353498817065090407e-04
1.366695936529766463e-04
1.389414916377570183e-04
1.398068157621092534e-04
1.425957327149090636e-04
1.437358669989816735e-04
1.450641384057101298e-04
1.474245781817356464e-04
1.488042372366727643e-04
1.499780494370850609e-04
1.514004430205505227e-04
1.530774426319436016e-04
1.541294231556405742e-04
1.566382308099339505e-04
1.599562192757381085e-04
1.604384910331325010e-04
1.624238920723123411e-04
1.640527732391528902e-04
1.650825851102254507e-04
1.672640431263744366e-04
1.687967798317567612e-04
1.700017262879571312e-04
1.754871018530849080e-04
1.766277099455217515e-04
1.775470053822058431e-04
1.795653006388934656e-04
1.805888934775756163e-04
1.829983271052765389e-04
1.846805818391602399e-04
1.869757072168365029e-04
1.893450744358956769e-04
1.922434416057619501e-04
1.936356235416900680e-04
1.974354156539196586e-04
1.993359020578575839e-04
2.022307142748879817e-04
2.043774363254013179e-04
2.051910570361437601e-04
2.076076103100662714e-04
2.090885689594776094e-04
2.120458527707038039e-04
2.185584232845946210e-04
2.194368449562350705e-04
2.232480503442124155e-04
2.244785838142733341e-04
2.247356346524642310e-04
2.318115481929885688e-04
2.325370310809108483e-04
2.342475418018366399e-04
2.367033633036544945e-04
2.399922675043726454e-04
2.440993317387540700e-04
2.473211855622355526e-04
2.508685416507257476e-04
2.523807553944998469e-04
2.566455137818213477e-04
2.610138742980887229e-04
2.622743832413130909e-04
2.637959460337932320e-04
2.664880290222569289e-04
2.684315441617301807e-04
2.724805694549947352e-04
2.738359871045772725e-04
2.795714023750839328e-04
2.814279863048808677e-04
2.867885221885059835e-04
2.890790345252215775e-04
2.926443415898486908e-04
2.980566667253619251e-04
2.999377632721868399e-04
3.064694183580017476e-04
3.069167526268096842e-04
3.132410251126932477e-04
3.145131609882256146e-04
3.200057919760385659e-04
3.209825749941746533e-04
3.265768489104849560e-04
3.313697135240505315e-04
3.372188484305295225e-04
3.403000881296603395e-04
3.430936976963338018e-04
3.490826678094205719e-04
3.508444049147692529e-04
3.592375087172280002e-04
3.600896967565544852e-04
3.617623839932379332e-04
3.662516352647171331e-04
3.689750689015295661e-04
3.730547212837374859e-04
3.795643938639051270e-04
3.856437974578398554e-04
3.923898939954932347e-04
3.939469491226187678e-04
3.963770687371376755e-04
4.038660792336289476e-04
4.115159839980868351e-04
4.126016548914134669e-04
4.168610297819487498e-04
4.243361654610217125e-04
4.287050469139847778e-04
4.297430841743371055e-04
4.377572523325765899e-04
4.408962251284084029e-04
4.433349380340652801e-04
4.553174709192657184e-04
4.594724423588797185e-04
4.682208666252469739e-04
4.715147382057045442e-04
4.743265648528901136e-04
4.792946868552080812e-04
4.903402661541888825e-04
4.950507116157868304e-04
4.964114060227045946e-04
5.072317554365993663e-04
5.165117458924161796e-04
5.204926613442954113e-04
5.254738386849990960e-04
5.307937454489439991e-04
5.336350647525305631e-04
5.441117845949696233e-04
5.464679565552672032e-04
5.558586282842622930e-04
5.612050331959478940e-04
5.749824002249736372e-04
5.781284432333171465e-04
5.863827768192463909e-04
5.908865631486157326e-04
5.929768781166668869e-04
5.997609091308308020e-04
6.038284912732695079e-04
6.141088208097003013e-04
6.170756224173373121e-04
6.375646441436689290e-04
6.395540470965664160e-04
6.445449688483410053e-04
6.532466553265983385e-04
6.582930148336593734e-04
6.617065372770199357e-04
6.756014233689939001e-04
6.869543782632899767e-04
6.924263537049659247e-04
7.028150041223108629e-04
7.117935802804431153e-04
7.150447582160996806e-04
7.308529823931217547e-04
7.454875998328319231e-04
7.513121301630888227e-04
7.551442115706254047e-04
7.669961235986970730e-04
7.741744642328748840e-04
7.786648220387618058e-04
7.829215342927194499e-04
8.033264329575822609e-04
8.082101094532549062e-04
8.182223947798504798e-04
8.266903634018343827e-04
8.435636671831731569e-04
8.595883438050373878e-04
8.710118824045589127e-04
8.855365795032335129e-04
8.909107569064420029e-04
9.053204555935469777e-04
9.189448661592515165e-04
9.277982799337703606e-04
9.358158756723100515e-04
9.412299545131491002e-04
9.535787511757819060e-04
9.765197696062313023e-04
9.809948601455821537e-04
9.870335556805354474e-04
9.993448791019439014e-04
1.004824704853398386e-03
1.031585929975851980e-03
1.033367201528863138e-03
1.047310847158094190e-03
1.064560356145210964e-03
1.083269476294691823e-03
1.095660488911399683e-03
1.114408326544474729e-03
1.119376403163806644e-03
1.130622092553202479e-03
1.137513615958928330e-03
1.148605960181070529e-03
1.162563369743760703e-03
1.190495299969529432e-03
1.200372588269774153e-03
1.221329987429777648e-03
1.237309896925242649e-03
1.254523933808853386e-03
1.263384898954192110e-03
1.281196295406298235e-03
1.320514692574756505e-03
1.342734119954256105e-03
1.366676619999830167e-03
1.378443112166668127e-03
1.400824176482748287e-03
1.415473313028973177e-03
1.466687975569822997e-03
1.470289031614924712e-03
1.480269297178579257e-03
1.493672937142284706e-03
1.512154131237785542e-03
1.545519496621268387e-03
1.560158439740435762e-03
1.588779663913296534e-03
1.597508601879070542e-03
1.613860779474054477e-03
1.628687098886374973e-03
1.653431274795880189e-03
1.670944139330658934e-03
1.690253694529904142e-03
1.728463841826832379e-03
1.752148788195187750e-03
1.771222294612337812e-03
1.805639653552168272e-03
1.841291825918355517e-03
1.844206796655266422e-03
1.909062123456507169e-03
1.917172115158810412e-03
1.955327456173719218e-03
2.011242198530298862e-03
2.029356014391435915e-03
2.066872271338460361e-03
2.108045080631335173e-03
2.124515376823728902e-03
2.133337452817451411e-03
2.180981281831994179e-03
2.216598243977189759e-03
2.269773986315267843e-03
2.282634848846509107e-03
2.333984855436737824e-03
2.383065418242431757e-03
2.413674285341363586e-03
2.438594763480999867e-03
2.476245435474601006e-03
2.494350863607903285e-03
2.525101376003121949e-03
2.579380195714560051e-03
2.631061712912768392e-03
2.652269617921851775e-03
2.696684866030633898e-03
2.766827162129475992e-03
2.815809302277226100e-03
2.847727677800037435e-03
2.922539560949851713e-03
2.959169683829597323e-03
3.006640440281073846e-03
3.031944175725847027e-03
3.120352776870665736e-03
3.159308876715638450e-03
3.244803705484609196e-03
3.291406687882899272e-03
3.332362899496571582e-03
3.372105145817696267e-03
3.479136121394121612e-03
3.519410897279874693e-03
3.532143837735391215e-03
3.638631774246552965e-03
3.778894264435438913e-03
3.797363625579166374e-03
3.883922546670761332e-03
3.958611996554880184e-03
4.001386809408080496e-03
4.040059410289169317e-03
4.101717187361700323e-03
4.192399355919728017e-03
4.304224230461259175e-03
4.343358099443456362e-03
4.392353492085718410e-03
4.490788251500589350e-03
4.631095232941338964e-03
4.674728064923294561e-03
4.755223869063969488e-03
4.897398970667999826e-03
5.083518358015205567e-03
5.132592272300637824e-03
5.244367227356922130e-03
5.449181260997234232e-03
5.508968052358931798e-03
5.630585007966455204e-03
5.713020456569636342e-03
5.729183854636286759e-03
5.940748297047729332e-03
6.165763277407098480e-03
6.465169317518143499e-03
6.572614021717458621e-03
6.657245944942919921e-03
6.905342702245988000e-03
6.929687249135911033e-03
7.111610837438224648e-03
7.164579398280738164e-03
7.445446630027718893e-03
7.539781023926518493e-03
7.825019743403067302e-03
7.989334527903499406e-03
8.350470835728800861e-03
8.585754105696882799e-03
8.827055287836692299e-03
9.171631981420789656e-03
9.327290342083646366e-03
9.686178297340933274e-03
9.767176901740625555e-03
1.030735050674658898e-02
1.050396230201386220e-02
1.079736973828405826e-02
1.131020784288937729e-02
1.176586343425663900e-02
1.196755689005755269e-02
1.259781676654487224e-02
1.286208280335412839e-02
1.302479295274756865e-02
1.364137910189933307e-02
1.423276974988547591e-02
1.497692933039671166e-02
1.526051236009729611e-02
1.531758513064942172e-02
1.684040789612965827e-02
1.812181584215018931e-02
1.955617275970753660e-02
2.045795245548778785e-02
2.109065310446222100e-02
2.259355293393351324e-02
2.292796713352422688e-02
2.439861737079335180e-02
2.583052675356491135e-02
2.770934334112779354e-02
2.908422112997240822e-02
3.103137309501620769e-02
3.270584228799913035e-02
3.379568902892324256e-02
3.646198413267590782e-02
3.693274079954542849e-02
4.524909677858332535e-02
4.816064173314701935e-02
5.443344368668344424e-02
5.722267542034473881e-02
6.540104113314769430e-02
6.787935161472072321e-02
8.191842503158888733e-02
8.775356435830772295e-02
9.918720730061778013e-02
1.095107643757894378e-01
1.601577513797071972e-01
1.666879264612454725e-01
2.045315806576341600e-01
3.570603967629633058e-01
4.483492115097094666e-01
6.235435650490628312e-01
