-5.637823008645499387e-03
-1.928683382046095327e-03
-1.698519284870270932e-03
-1.427501779450481446e-03
-1.094076735976313129e-03
-1.050167189847638332e-03
-9.228245968646213524e-04
-8.617022983608013404e-04
-7.347218906757031417e-04
-6.192255374050281876e-04
-5.717589856442789869e-04
-4.199852438340957077e-04
-3.982694095454616490e-04
-3.819248907432158517e-04
-2.871100440835137836e-04
-2.773761580985619878e-04
-2.461329470285056179e-04
-2.117630150378130749e-04
-1.934343491783671880e-04
-1.583712255083874140e-04
-1.564675331666427846e-04
-1.401063175846876908e-04
-1.343794798637364834e-04
-1.256642811553098033e-04
-1.117332723799763304e-04
-1.058469102699785504e-04
-9.194671767483576872e-05
-8.920633051725195386e-05
-8.300765122142663756e-05
-6.986309154303976885e-05
-6.781000810886850586e-05
-6.047349089704922187e-05
-5.565173595827727082e-05
-4.966561635268788833e-05
-4.777997767972843305e-05
-4.475671374624510688e-05
-4.003755261514634094e-05
-3.620227715807538356e-05
-3.337180112931975974e-05
-2.779325340965251798e-05
-2.692337650145852244e-05
-2.649539746597264376e-05
-2.300106435813289649e-05
-2.042160108015773359e-05
-1.901944035673311530e-05
-1.822707058140680817e-05
-1.563309353295977655e-05
-1.486826691726590542e-05
-1.402078139973560624e-05
-1.332191131976882255e-05
-1.173393829481135571e-05
-1.087222000780631365e-05
-9.808131076698696117e-06
-9.439842685272953365e-06
-8.229807599311664607e-06
-7.664772470667336764e-06
-7.243653338160262578e-06
-6.826949102349046443e-06
-6.068411477234907878e-06
-5.837782449083837207e-06
-5.490288455968471979e-06
-4.895594175389730787e-06
-4.437898152155482606e-06
-3.949886352632733310e-06
-3.553733390504960976e-06
-3.414647866360003066e-06
-3.248664743202215168e-06
-3.059016406244164305e-06
-2.877178532243526851e-06
-2.617650849267401366e-06
-2.315452965169025908e-06
-2.248567510596978277e-06
-2.179880795711327239e-06
-2.083821901886154006e-06
-1.790015558573606388e-06
-1.634850740793980140e-06
-1.597268128738060406e-06
-1.466930256551646667e-06
-1.359187883486767633e-06
-1.186655013210412488e-06
-1.112104482501005236e-06
-1.022649679638750367e-06
-8.367960389832090609e-07
-7.975402840216984475e-07
-7.800821286590085980e-07
-7.338170896004862378e-07
-6.963814704823947180e-07
-6.629431296052785215e-07
-6.207288630501680990e-07
-5.844019854401342734e-07
-5.339523693791734560e-07
-4.495549662742504353e-07
-4.202012675004534366e-07
-3.519915905736081853e-07
-3.244754322193222981e-07
-3.019057286731803311e-07
-2.786168540413751366e-07
-1.988020174112424545e-07
-1.637749765087935419e-07
-1.355103600517840568e-07
-9.119465176424357138e-08
-6.841275057465307685e-08
-2.390606233997112161e-08
-8.976608988442270899e-19
6.615129275723052485e-19
1.795410144975095237e-08
3.783910617820476659e-08
7.750120919063928749e-08
1.121788221604932661e-07
1.677867895568129313e-07
1.816134299246790224e-07
2.442984926156482353e-07
4.217101494674903944e-07
4.480850922665606016e-07
5.030990952086428475e-07
5.160202625693227484e-07
6.299826258369340647e-07
7.070129477432780013e-07
8.781240872522262220e-07
9.380455906499555411e-07
1.051109304998938840e-06
1.103868172669629186e-06
1.123729337120824322e-06
1.227155996259679462e-06
1.342759085042324970e-06
1.435215088225425040e-06
1.537118704803258231e-06
1.582686586347201078e-06
1.730722398412993723e-06
1.769967426333570462e-06
1.852559453992802488e-06
1.919361393423198651e-06
2.084795211273316382e-06
2.281382243316332443e-06
2.362940136282996009e-06
2.478946222089754000e-06
2.600904191707950573e-06
2.721125510270026566e-06
2.780531947215871269e-06
2.861965291201509841e-06
3.005174089691889088e-06
3.034401991478229968e-06
3.068079678717993491e-06
3.281630929538297398e-06
3.385398342685523181e-06
3.478679356035550302e-06
3.602544317778059856e-06
3.707674308041446239e-06
3.850230138197234856e-06
3.935355476692285431e-06
3.982707968681026454e-06
4.028678800396409125e-06
4.294975704099791833e-06
4.418422743238189833e-06
4.701311066539738186e-06
4.803458390354445897e-06
4.818395079582214810e-06
4.970047642838568211e-06
5.131719327382440296e-06
5.253082756861371803e-06
5.443592139780578375e-06
5.447240240270268291e-06
5.508736374658465098e-06
5.649178180163450354e-06
5.817744961516783428e-06
5.965282396090028981e-06
6.217962649694809210e-06
6.269209002022898992e-06
6.491687482780259800e-06
6.727366691173283183e-06
7.031315424193873100e-06
7.178884665671286058e-06
7.259476247654197040e-06
7.360057055770378816e-06
7.421364039832903905e-06
7.666917208792731336e-06
7.849274055400603359e-06
8.012225575851865530e-06
8.167602358336053365e-06
8.345908516723697304e-06
8.379812675167582221e-06
8.697139681647233516e-06
8.811682573351104525e-06
8.919342997524870212e-06
9.006309245686507537e-06
9.275176612186794496e-06
9.356847434116410115e-06
9.537846693426615185e-06
9.834761118538054003e-06
1.017471985088905253e-05
1.029136950856805606e-05
1.064299169499309800e-05
1.079815140652825244e-05
1.090846448810312602e-05
1.125389541263663571e-05
1.141443423522077673e-05
1.176789036200756400e-05
1.198411315078346716e-05
1.225276950566165857e-05
1.235502211762768863e-05
1.257045607505214947e-05
1.269691185234141499e-05
1.280123666617627027e-05
1.312398404085867855e-05
1.329881230218904801e-05
1.362480702936586440e-05
1.384823997534304547e-05
1.399360656044205741e-05
1.415399775310699226e-05
1.482765820665656292e-05
1.497850594229478821e-05
1.506621352092465989e-05
1.532273025081269010e-05
1.553109206948000782e-05
1.575953561454171512e-05
1.600158736278928047e-05
1.622172637797354358e-05
1.642861883072683775e-05
1.675312511885739683e-05
1.711430106256302494e-05
1.730360963138979663e-05
1.758604712332540782e-05
1.768977702952020446e-05
1.820045506914805969e-05
1.833090498033256713e-05
1.860227999991436332e-05
1.871530239363624021e-05
1.921486369476970842e-05
1.962391804547144878e-05
1.990474577779656812e-05
2.031359084434683376e-05
2.047928165983032799e-05
2.079816342260720644e-05
2.120269352306256757e-05
2.131148090386605210e-05
2.160388714350270178e-05
2.214559688370764352e-05
2.247051473772499142e-05
2.295427631897618476e-05
2.312942972579337271e-05
2.316241053355877358e-05
2.363057148620672143e-05
2.401566720337383124e-05
2.429971050076336898e-05
2.441755336071364899e-05
2.472890762471905920e-05
2.516991908771605845e-05
2.556079486501604072e-05
2.583427622559732062e-05
2.615549695721932266e-05
2.638981147906506312e-05
2.714749898463459648e-05
2.755949389221146900e-05
2.810590312531388238e-05
2.883023703709153049e-05
2.907295162319915830e-05
2.965508748658474218e-05
2.997411330954885509e-05
3.026518855581391271e-05
3.049857903128068507e-05
3.108558110091173843e-05
3.186473741961178853e-05
3.196289603162056080e-05
3.250717428753330447e-05
3.314321093850469804e-05
3.348955573789072141e-05
3.366204117234653518e-05
3.443244214538431570e-05
3.501590669429474075e-05
3.515882819337847175e-05
3.580791590825785836e-05
3.590576905871917625e-05
3.691712764274356897e-05
3.757958563369670919e-05
3.785466229817208204e-05
3.830706845387016731e-05
3.868658716609965186e-05
3.885288250501123405e-05
3.915099906449019749e-05
4.021127875876152847e-05
4.041704581934219936e-05
4.136303699327778196e-05
4.149325386729428306e-05
4.199011462561822448e-05
4.250291169221601177e-05
4.348237066564794335e-05
4.364965922925367967e-05
4.398189987027735119e-05
4.468776667826190657e-05
4.520580847173143413e-05
4.592157941865028980e-05
4.622875602979163945e-05
4.730638023676548551e-05
4.753987492292238731e-05
4.809148467570513273e-05
4.896987896253944214e-05
4.932313299646006539e-05
4.954947235729297185e-05
5.022269394020271267e-05
5.122854110862790772e-05
5.147445971177675204e-05
5.249699526958749563e-05
5.298442419612756456e-05
5.440156998312800727e-05
5.556117090042569332e-05
5.617567784823296453e-05
5.638813331857609135e-05
5.771846354229715593e-05
5.803209724410221841e-05
5.834712650857048089e-05
5.901765139198062560e-05
5.954930456087719799e-05
5.990419649822661312e-05
6.087787991298713167e-05
6.272494190286003358e-05
6.353518892896715064e-05
6.449441714812723483e-05
6.528196657869116441e-05
6.574025538571975100e-05
6.595246793343387108e-05
6.642527311243429480e-05
6.726104122107245920e-05
6.740688437912167733e-05
6.859896791901846382e-05
6.980616860978004366e-05
7.054503075279062335e-05
7.164454314270456614e-05
7.326144415164610084e-05
7.365838809005823690e-05
7.414695343953514551e-05
7.458213303513435300e-05
7.558632621631996608e-05
7.620461795054917441e-05
7.665961798758028415e-05
7.836329272480142458e-05
7.911366858580749870e-05
7.998544843615936829e-05
8.167879501175284067e-05
8.259298422488882950e-05
8.405244364547226148e-05
8.418270237436609432e-05
8.613923172767172910e-05
8.653287066196939164e-05
8.738021268583090885e-05
8.765740452122113078e-05
8.883432532764155897e-05
9.004530888140360474e-05
9.107024771847036394e-05
9.179980592392532617e-05
9.309335308389816304e-05
9.509325475858142391e-05
9.558720692090271257e-05
9.717088639521804139e-05
9.748901588007366514e-05
9.915471612890428433e-05
1.004893996144612790e-04
1.010519837393799057e-04
1.018022217680448311e-04
1.033029734103295898e-04
1.041591417302134792e-04
1.057877400130447610e-04
1.067469667938022933e-04
1.083784878710737247e-04
1.095991758406845480e-04
1.119947317486861253e-04
1.133846454436030621e-04
1.152376258663891995e-04
1.162198907831034686e-04
1.169413127905690575e-04
1.176809447158157196e-04
1.184348111415535948e-04
1.212913550564437878e-04
1.220085453036019030e-04
1.234817902134816372e-04
1.244147451253020816e-04
1.255415633930087691e-04
1.276383782989381414e-04
1.290496301366276144e-04
1.302341044991143181e-04
1.322625529116380663e-04
1.336372257345207649e-04
1.360240182927030430e-04
1.378200114777820547e-04
1.388563308520451422e-04
1.419977590649227771e-04
1.436114487527914143e-04
1.449050331855740491e-04
1.467594891791829147e-04
1.477351759118551450e-04
1.497976787588996066e-04
1.529676631284207467e-04
1.545530585173863396e-04
1.564216113580959146e-04
1.584999581794005301e-04
1.601086836236881273e-04
1.620279378490183065e-04
1.642250543549868139e-04
1.655494754849991625e-04
1.659042202092950559e-04
1.691955620113698921e-04
1.711332336589729646e-04
1.728110807105200911e-04
1.755701128642486286e-04
1.779654513252169803e-04
1.813864117438984582e-04
1.838447574839321974e-04
1.848810167767595545e-04
1.865575654209656188e-04
1.895894288758943967e-04
1.917049875346481377e-04
1.926763010695575729e-04
1.952145434818768847e-04
1.959127794349475101e-04
1.987917828535413795e-04
2.018512039796502169e-04
2.036558970899359877e-04
2.060798405330742302e-04
2.087931564330345268e-04
2.120257570179134062e-04
2.122681207355846917e-04
2.178592591163101030e-04
2.217220704683516561e-04
2.248503360064864863e-04
2.271513856781260266e-04
2.298133012351154280e-04
2.334838421244207480e-04
2.347028710925477206e-04
2.372638858592070697e-04
2.398962460625579652e-04
2.428104945841690716e-04
2.469241682008013056e-04
2.481960420703975740e-04
2.530580330925570848e-04
2.569975892561416763e-04
2.590119367410565398e-04
2.629120594126030039e-04
2.650486012402855185e-04
2.678619045886484421e-04
2.722339121021413537e-04
2.770406191378350664e-04
2.813306407803974302e-04
2.821893418710931392e-04
2.835193292119660450e-04
2.908938093419890657e-04
2.924292182792331504e-04
2.945219352528632810e-04
2.993043016769444042e-04
2.999817185173271248e-04
3.042748378020683291e-04
3.044183572116444716e-04
3.106681911592012080e-04
3.126443880548031317e-04
3.152945446523896297e-04
3.211198943514967504e-04
3.244128464440667985e-04
3.300069398216463803e-04
3.335387824160488649e-04
3.372791788904058057e-04
3.392074585803357667e-04
3.458447712143864513e-04
3.480903530152013362e-04
3.559378905620765206e-04
3.582041335131881232e-04
3.601151531237525459e-04
3.661814726037609588e-04
3.730555989786875706e-04
3.782332877269598340e-04
3.834994979342628684e-04
3.884380244115087405e-04
3.941515130396949567e-04
3.973034918598337874e-04
4.020950485056052313e-04
4.076833484758813904e-04
4.136776752971710910e-04
4.200597761572120396e-04
4.219224765846043852e-04
4.290809720425265263e-04
4.352041418379684157e-04
4.407049993864177386e-04
4.510594270673419590e-04
4.537833332589778432e-04
4.581687017479136388e-04
4.619495557245738532e-04
4.755163522314822004e-04
4.786165477072714769e-04
4.834843679651214341e-04
4.874093584041123322e-04
4.941469253035515484e-04
5.029170990674746789e-04
5.085547818570100532e-04
5.115567574439806170e-04
5.167122608861367044e-04
5.216877979497336944e-04
5.221997932729417931e-04
5.295985455720674971e-04
5.304062245436932943e-04
5.413449504312451257e-04
5.438176068259782886e-04
5.584899865756018248e-04
5.599956376727928051e-04
5.748255436821114294e-04
5.800429508922165436e-04
5.882120214115182412e-04
5.968775246472364602e-04
6.088968891526492329e-04
6.197246556816823340e-04
6.243621808749507014e-04
6.364389655150236389e-04
6.408043360058847089e-04
6.487168696149571119e-04
6.640896353892866266e-04
6.726288672152971708e-04
6.864010159695817801e-04
6.941189763765189934e-04
6.960249271939486287e-04
6.998756360050608760e-04
7.101716712788954267e-04
7.347735564820882543e-04
7.434567936180072265e-04
7.456779441507014510e-04
7.563291717522204393e-04
7.600051689216673562e-04
7.837053380631281560e-04
7.930473822281535997e-04
7.965598310496504976e-04
8.085113369824506631e-04
8.155653332762491294e-04
8.287912716526943174e-04
8.366309033872680861e-04
8.500670945058278914e-04
8.700664029779631332e-04
8.851029356535433830e-04
8.982753988471188803e-04
8.994562438410227609e-04
9.252664350474451181e-04
9.330379116985203398e-04
9.371743350957388455e-04
9.601670873497235347e-04
9.792033457339918874e-04
9.858264553438413850e-04
1.004025566731972085e-03
1.021909137969505277e-03
1.038434484103479931e-03
1.056718377583675374e-03
1.059467569476275732e-03
1.091256829466825604e-03
1.104576152311862684e-03
1.123347755031625997e-03
1.136273484636213032e-03
1.151346501969779034e-03
1.166786825058636163e-03
1.184357467883256692e-03
1.220797114917070245e-03
1.241239045876006870e-03
1.270369480888468945e-03
1.274328849611723342e-03
1.297065394854131620e-03
1.311382465067658905e-03
1.330435150857087710e-03
1.340363622988238919e-03
1.359762456985413957e-03
1.381007384459870691e-03
1.413387041742818293e-03
1.439394856823764373e-03
1.470673029233473096e-03
1.474756212999486348e-03
1.497274002085385945e-03
1.512986368166526797e-03
1.546721508057716590e-03
1.619328474190776879e-03
1.637322272740372037e-03
1.664672235966416398e-03
1.697397303519067530e-03
1.715339955783244403e-03
1.723480755326768903e-03
1.776603240299540545e-03
1.806458527404484820e-03
1.841051677180866519e-03
1.873537822662899813e-03
1.911649081356792687e-03
1.933540529394234915e-03
1.955085551141905187e-03
2.016780815880725095e-03
2.031305556126679606e-03
2.105977596977136324e-03
2.145290437992360046e-03
2.172005129292064757e-03
2.191151088983547216e-03
2.238388455571528862e-03
2.275866774475135152e-03
2.326931043070171092e-03
2.365556809297953735e-03
2.399904599861134302e-03
2.432455991179407681e-03
2.448063220214252104e-03
2.491256532189835889e-03
2.546414949234120009e-03
2.597871343809727944e-03
2.709060068841046259e-03
2.723499594263090445e-03
2.839352046968639763e-03
2.888669006141607147e-03
2.922521210169485954e-03
3.002820860912369400e-03
3.089813903256710594e-03
3.101300974198463196e-03
3.191009685447358888e-03
3.305682280617439333e-03
3.341050593741904089e-03
3.477510965347205447e-03
3.487032756236323715e-03
3.598202191384418294e-03
3.645271423192943203e-03
3.704321184761873338e-03
3.827674383863224720e-03
3.911471505138765584e-03
4.056134727284142934e-03
4.121889025162231782e-03
4.245933412212389568e-03
4.380362945708531075e-03
4.487974524126890803e-03
4.496722760288248029e-03
4.756995243693880153e-03
4.841907226031611292e-03
5.082263860036830873e-03
5.232597157258738439e-03
5.606949049599724462e-03
5.718338654272014931e-03
5.820827344562070488e-03
5.894093949702207055e-03
6.156133869442106249e-03
6.206512371192242708e-03
6.448244730131898195e-03
6.560841176288862396e-03
6.839326086128470414e-03
7.193920269122981194e-03
7.451039973601565267e-03
7.723557130088446777e-03
7.793789470425938407e-03
8.223433478498815702e-03
8.399020805905118778e-03
9.132963563878576663e-03
9.461839246616204555e-03
9.824052368195331647e-03
1.011799558644769712e-02
1.030413269783622687e-02
1.159623174948118049e-02
1.182921860732992839e-02
1.270265932957753523e-02
1.319966193824162297e-02
1.404598521309743595e-02
1.559617510419174582e-02
1.614668663779965374e-02
1.645452909027044983e-02
1.683422619232084749e-02
1.722016734473974867e-02
2.079680399959209919e-02
2.184719518989373249e-02
2.326067464106608418e-02
2.431008944266818336e-02
2.830277985430360368e-02
3.110924761594657112e-02
3.351439012646695303e-02
3.521262672840471536e-02
3.646118735478119655e-02
4.732297206816094004e-02
4.881702577253892866e-02
5.445791964557277626e-02
7.159123141345902219e-02
7.924322994585447644e-02
1.181177506364458341e-01
1.232972197237117429e-01
1.313089416863666981e-01
3.140272569475210385e-01
3.908645536949624244e-01
7.211646874850845546e-01
