6.744694547118447632e-03
6.477218789906642564e-03
5.029240401699693400e-03
2.208949836318262021e-03
1.656894479050183538e-03
1.396104113121207722e-03
1.116724750306446242e-03
6.938672247384718942e-04
6.635476646962192981e-04
6.195397574565512629e-04
5.907732539788025650e-04
4.821699021339029647e-04
4.152570385209693312e-04
3.918098913558305785e-04
3.775503175390644756e-04
3.285428968167532107e-04
3.142648089351306575e-04
2.947287630825428067e-04
2.888046481209706647e-04
2.456111212330641322e-04
2.386917849606539266e-04
2.357387501618550367e-04
1.909447165937715651e-04
1.387551949917031316e-04
5.198871713612965225e-05
4.658720447271044608e-18
2.798699586873110200e-18
2.393037529264922744e-18
2.354794173768576353e-18
2.235612054856942254e-18
2.146352950739861404e-18
1.976434390501467796e-18
1.958115334637040473e-18
1.878210662257105687e-18
1.816646362214375019e-18
1.805607805341827599e-18
1.759936500277355162e-18
1.732668450088837552e-18
1.717938910574440582e-18
1.668506088481866775e-18
1.609850455772171973e-18
1.595395624681059278e-18
1.555992153079873540e-18
1.529121001623577594e-18
1.524175802288859939e-18
1.503311051797534708e-18
1.482447477804566838e-18
1.461452025390439662e-18
1.438362382255477169e-18
1.398662964798043795e-18
1.372802448044813296e-18
1.353491530145696137e-18
1.334839942016899551e-18
1.331716288377065543e-18
1.299750578128564598e-18
1.294454486538531803e-18
1.274934370439874583e-18
1.258515933894317972e-18
1.250352915586418637e-18
1.229968712986977246e-18
1.217747439142751538e-18
1.191420933928197055e-18
1.187142852452837974e-18
1.170275153102947743e-18
1.161982793592260263e-18
1.144079212659962060e-18
1.137660458194953759e-18
1.122615951109322527e-18
1.105932441190709897e-18
1.087572496375927006e-18
1.056732680989311641e-18
1.035426770252778786e-18
1.027364655556875712e-18
1.022973464117217569e-18
1.015860386611384653e-18
1.008428586588610556e-18
9.890737811039728529e-19
9.722537746699853307e-19
9.632756141580024791e-19
9.618624291002730257e-19
9.562748607281523009e-19
9.533308906820491542e-19
9.409838353100923273e-19
9.330906195951798095e-19
9.257886026980306135e-19
9.132063032997683120e-19
8.971565572462207025e-19
8.781936636787774289e-19
8.614777340800084521e-19
8.588803131189646012e-19
8.499804505027091946e-19
8.439501756117321613e-19
8.412291808738631623e-19
8.321953093756430704e-19
8.241282375094366088e-19
8.175459480914357303e-19
8.086962319414347538e-19
8.015879293537224656e-19
7.946649185226352954e-19
7.905285665476311219e-19
7.808000738505475582e-19
7.760980343902821260e-19
7.661782089244219645e-19
7.567522167893045776e-19
7.535631210139331026e-19
7.412039582881548805e-19
7.386915636708543221e-19
7.338922746554917094e-19
7.275574313934536954e-19
7.173905135367856760e-19
7.120300536187653112e-19
7.044216296139109060e-19
6.941440459365377422e-19
6.908787473621203840e-19
6.855219092862774532e-19
6.764365345943166319e-19
6.737567248378569669e-19
6.626740203858188428e-19
6.584830468379577911e-19
6.436576772533507349e-19
6.386628445894376607e-19
6.307694828482432954e-19
6.265331810332337405e-19
6.240615422844226071e-19
6.195997856284240819e-19
6.156168695281925442e-19
6.146716046398802885e-19
6.096809573027910800e-19
5.995470216009199311e-19
5.968860538218216312e-19
5.932766197693183344e-19
5.863973902935317252e-19
5.760521106491787985e-19
5.736433778283819905e-19
5.659072989437785611e-19
5.553927852149980239e-19
5.522339705394091154e-19
5.478268988139004126e-19
5.463507544147924606e-19
5.378270630348104468e-19
5.361572923042828201e-19
5.316361019784613256e-19
5.254494344138183567e-19
5.194732843142082797e-19
5.137199160246076007e-19
5.089780438153791475e-19
5.064466277527481560e-19
5.011688902826945283e-19
4.957328614763133155e-19
4.947356346749238993e-19
4.908338155104320529e-19
4.891105749409909126e-19
4.820053637841105529e-19
4.720644472418773232e-19
4.683034756312338070e-19
4.613664304913032933e-19
4.597560513106128266e-19
4.579937512185809982e-19
4.518851422159439330e-19
4.477817621522180198e-19
4.434852947631602483e-19
4.385217509613742412e-19
4.352427330234332224e-19
4.320669097157975283e-19
4.305014444885232491e-19
4.249626456406127995e-19
4.225467198508531116e-19
4.160912409800255797e-19
4.136267985695469861e-19
4.086253118577483486e-19
4.053574687509367605e-19
4.009928670127351732e-19
3.954347096858422905e-19
3.938869653393631849e-19
3.908284248602411400e-19
3.839228013634960158e-19
3.809690044554270747e-19
3.765695374812146781e-19
3.689344603139604730e-19
3.662335290498735560e-19
3.634990855464717819e-19
3.604235890955228309e-19
3.564407032165646574e-19
3.517340323039174683e-19
3.504650242678430314e-19
3.477145692728850985e-19
3.444545595958031479e-19
3.433886258508852915e-19
3.385748766802979087e-19
3.363848142018395181e-19
3.333160580709859931e-19
3.325101191793711579e-19
3.240353187036686200e-19
3.230726378792423962e-19
3.179434432091890156e-19
3.139940005715897828e-19
3.099508420362141833e-19
3.058832648567335013e-19
3.046438275821980774e-19
3.001271533680100993e-19
2.981057591328246151e-19
2.929870580271006101e-19
2.896613222191884203e-19
2.873167126810279313e-19
2.861208126282978088e-19
2.798870675287733449e-19
2.794400764471345884e-19
2.733654621333002949e-19
2.726427447509179718e-19
2.698820018094942674e-19
2.657729529026899548e-19
2.624867576616445800e-19
2.600737677166042561e-19
2.550064155637458785e-19
2.516228488987943471e-19
2.503814327773164837e-19
2.476749553401334225e-19
2.405174884157763813e-19
2.389192616976093218e-19
2.383685837272728303e-19
2.353828908352094411e-19
2.339795753396892468e-19
2.298963301352842914e-19
2.275200635313982916e-19
2.259176605977215957e-19
2.207565417036778182e-19
2.186940326454026560e-19
2.160035268211013651e-19
2.149179888365089837e-19
2.132306967677070039e-19
2.119684578164630552e-19
2.084669128502447250e-19
2.068337289508142289e-19
2.040622258126690507e-19
2.001626677424162022e-19
1.971136515624612421e-19
1.962242667144533940e-19
1.933119664923925598e-19
1.913827192565864864e-19
1.862285516360328883e-19
1.843146015422137115e-19
1.803926620161465199e-19
1.794234716443862357e-19
1.768969152677609226e-19
1.737169184307267929e-19
1.725311314897037873e-19
1.705765702770317582e-19
1.687565172263510587e-19
1.675055802447108972e-19
1.628891915697097186e-19
1.616802734119452570e-19
1.571627225528710629e-19
1.558576827943147006e-19
1.550514659719520061e-19
1.540750578774956914e-19
1.513218488172288058e-19
1.489415811689169222e-19
1.467184269697511643e-19
1.460983247955329453e-19
1.415710415623334523e-19
1.408857841041581131e-19
1.379269172075720519e-19
1.367792183414699120e-19
1.349389755147868671e-19
1.322438307891712122e-19
1.304226975723162635e-19
1.285779323651751075e-19
1.257494066780483650e-19
1.242728104682668969e-19
1.238730201532809127e-19
1.225804715738679896e-19
1.201631660225293341e-19
1.172261239075458222e-19
1.157985086127075563e-19
1.125469638132196619e-19
1.098934684254458245e-19
1.084620763944643542e-19
1.068015475441203494e-19
1.060909309592571260e-19
1.035797840184713650e-19
1.029336533140952615e-19
1.010069815433295692e-19
9.910546574306942944e-20
9.568047965801584008e-20
9.395599661815271871e-20
9.110203892370420591e-20
8.807109889273760935e-20
8.741654188121753539e-20
8.509333611089342262e-20
8.337477598407241410e-20
8.221275819330887109e-20
8.040258615031804977e-20
7.890917233195758123e-20
7.807708012690093583e-20
7.268389148485738586e-20
7.226564295786074065e-20
7.153380458730470037e-20
6.986372295501324806e-20
6.664568527642138305e-20
6.585833018455883430e-20
6.514412744393387557e-20
6.382507669433253263e-20
6.256092584957291716e-20
5.796042794375996881e-20
5.634120343776670392e-20
5.586108950550344689e-20
5.477574703945811395e-20
5.318142154496077258e-20
5.108820105692104692e-20
5.053800350881509598e-20
4.983268749285236999e-20
4.892477006627440720e-20
4.714078266393444973e-20
4.442027645396704418e-20
4.344803036797273542e-20
4.286231892504124210e-20
4.179393240304442961e-20
3.898202786925114947e-20
3.821035848153253131e-20
3.724521851711255058e-20
3.576326329061410340e-20
3.326252738757766705e-20
3.317708192525374985e-20
3.138737624879406048e-20
3.053147734272972998e-20
2.698380467148066002e-20
2.584093637370666337e-20
2.456860438155431149e-20
2.431795661332301526e-20
2.330134282069177618e-20
2.195138243489218980e-20
2.025896395969394673e-20
1.929408150200374705e-20
1.838941434484623895e-20
1.700300802871830661e-20
1.662648063869937635e-20
1.481751957167276310e-20
1.386980044667528498e-20
1.315622046922684752e-20
1.161623002654419769e-20
1.115741623402283135e-20
1.003884267438452426e-20
8.285926868541644339e-21
6.815399275703129416e-21
6.316975947333077581e-21
5.669413019894172279e-21
4.624913722974957210e-21
3.957159728476248740e-21
3.228400451735656336e-21
2.634871624871134270e-21
1.213264238893008826e-21
4.756259258401417330e-22
-6.065145462861771734e-22
-1.634415197169962230e-21
-2.655708527630158529e-21
-3.626111481994673563e-21
-4.296903603662586235e-21
-6.337829167805701599e-21
-6.584340256640908936e-21
-7.874359744929964439e-21
-8.647765089845165288e-21
-1.023913035933357396e-20
-1.060716721932340590e-20
-1.165607455448033959e-20
-1.236947961917919214e-20
-1.317641321562847322e-20
-1.427176950090287677e-20
-1.543589863152820081e-20
-1.606139642971696440e-20
-1.706395484896037191e-20
-1.783392451160507312e-20
-1.921172326214270372e-20
-2.081202971392504529e-20
-2.291239217212886319e-20
-2.389820472160921933e-20
-2.483389814751046916e-20
-2.505028489613221377e-20
-2.732206492930218909e-20
-2.990067832635910363e-20
-3.129230607177999758e-20
-3.212636834344648869e-20
-3.418869365476543373e-20
-3.475802026958644531e-20
-3.644512192189176795e-20
-3.861134261484828892e-20
-3.973584579251565335e-20
-4.035102814109230488e-20
-4.187210640129145268e-20
-4.226016098021020755e-20
-4.282034627301614613e-20
-4.604365909189098679e-20
-4.698139654023811929e-20
-4.817647621895543895e-20
-5.023838193876411743e-20
-5.169409702130686370e-20
-5.349930567315239985e-20
-5.498966915202485773e-20
-5.829587881585104246e-20
-5.861526549264662133e-20
-5.946022307469284914e-20
-6.071797056275696415e-20
-6.250823054478169462e-20
-6.718403156770200527e-20
-6.744298012602292083e-20
-6.827183885445219653e-20
-7.136738340748776658e-20
-7.354605144714819283e-20
-7.411657913418815753e-20
-7.554623248689185408e-20
-7.710153896097555653e-20
-7.869664731417700872e-20
-8.124188473023272063e-20
-8.326985965341290410e-20
-8.573552080600391872e-20
-8.664869579894804977e-20
-8.824019353922579961e-20
-8.901512759095919991e-20
-9.049375958378860032e-20
-9.260761936038172715e-20
-9.478795341768027599e-20
-9.626907694116475589e-20
-9.919224344638523029e-20
-1.005900652651674893e-19
-1.013360287906174219e-19
-1.021668233353543285e-19
-1.029604386834186090e-19
-1.056257369415196002e-19
-1.073047395099139111e-19
-1.088641013810962888e-19
-1.143805837376367327e-19
-1.147958502242518801e-19
-1.175468674539296608e-19
-1.199345896544795875e-19
-1.210365069943486140e-19
-1.246847709906864910e-19
-1.251773270173222744e-19
-1.270641922062431093e-19
-1.297602458841622842e-19
-1.313603099497175363e-19
-1.365092806656913443e-19
-1.373980224886733771e-19
-1.387605775032855430e-19
-1.434214626149686845e-19
-1.467251198046642920e-19
-1.475235446975070339e-19
-1.484670366666800471e-19
-1.494216051948622180e-19
-1.521032409657502164e-19
-1.543551133984534876e-19
-1.557747533171380516e-19
-1.610414436411019215e-19
-1.620611309523095847e-19
-1.656167082616021737e-19
-1.690595726693123898e-19
-1.708028323663701002e-19
-1.719474525289799988e-19
-1.742174563976487428e-19
-1.783461654974359939e-19
-1.801775151586883877e-19
-1.836203912413655359e-19
-1.875800382995980780e-19
-1.890989906573320408e-19
-1.910610629288264328e-19
-1.927002804608613281e-19
-1.976540638262413454e-19
-1.986636837601282038e-19
-2.024336220149788681e-19
-2.037568408252240982e-19
-2.047029898707641574e-19
-2.075815772471299998e-19
-2.103095908501885622e-19
-2.111459876727340841e-19
-2.135700957119427882e-19
-2.173366185422248005e-19
-2.185493078447414518e-19
-2.189389642655329748e-19
-2.220271477905829507e-19
-2.259459786387260907e-19
-2.308330763505792687e-19
-2.327039539482709592e-19
-2.355021069945286566e-19
-2.397456424406057922e-19
-2.413001722251351776e-19
-2.453380865368788517e-19
-2.468978356122922327e-19
-2.502464398684271626e-19
-2.527628815050666114e-19
-2.569682509144046767e-19
-2.578950366193373201e-19
-2.604493401951925236e-19
-2.621995514733425775e-19
-2.665176396410504507e-19
-2.690550881556488243e-19
-2.713601271802036587e-19
-2.716385100232269347e-19
-2.773407811215475842e-19
-2.806907895257609346e-19
-2.822309175516951168e-19
-2.853501225502820376e-19
-2.893197161062181650e-19
-2.956049536585209250e-19
-2.961413551103169459e-19
-2.984141457266934198e-19
-3.020837712731157374e-19
-3.062248717174423501e-19
-3.072225931679334501e-19
-3.082120538422909598e-19
-3.118997968518541070e-19
-3.161759081499843607e-19
-3.190706257749375804e-19
-3.268928662188905347e-19
-3.303120227866894921e-19
-3.334438016731796890e-19
-3.375454115663410780e-19
-3.403710410083079293e-19
-3.432519485912293392e-19
-3.467290663201701739e-19
-3.521224811197419442e-19
-3.532738086930992663e-19
-3.604077853850158193e-19
-3.661450513235145829e-19
-3.687150858598786678e-19
-3.737313010518256513e-19
-3.750266148029506415e-19
-3.784637648793643709e-19
-3.817479029904810721e-19
-3.830952427447365876e-19
-3.878805297017777958e-19
-3.903560759616762720e-19
-3.932732741473389843e-19
-3.997399133567253080e-19
-4.037334204087981023e-19
-4.053178708989952755e-19
-4.120313413346237175e-19
-4.161308792851040815e-19
-4.211180451826500584e-19
-4.263804858755428340e-19
-4.323048378851854793e-19
-4.329443219016561216e-19
-4.353797952992338052e-19
-4.402931011959240688e-19
-4.420722846527485714e-19
-4.471315192417620645e-19
-4.494488644727642862e-19
-4.544402778335179471e-19
-4.590600913602895699e-19
-4.653293673139516396e-19
-4.701258107982792319e-19
-4.736202991246234093e-19
-4.798936054124890409e-19
-4.898488263635891124e-19
-4.934104345282067205e-19
-4.953616938682565557e-19
-5.030750158299818616e-19
-5.064626915101552269e-19
-5.079527834473578008e-19
-5.136978476129888293e-19
-5.203363447665173436e-19
-5.279229246386259362e-19
-5.334382363760672894e-19
-5.373918656616465520e-19
-5.413880064700151311e-19
-5.487983294158568487e-19
-5.525442949716744691e-19
-5.576422405809469654e-19
-5.601336774040943199e-19
-5.676213104512734007e-19
-5.694314942700766136e-19
-5.725568111710357641e-19
-5.752806327085550707e-19
-5.825354324535845820e-19
-5.883330184231564302e-19
-5.914818174139036644e-19
-5.996610027146488565e-19
-6.045241626251701065e-19
-6.123343666491363508e-19
-6.190207035485552982e-19
-6.287352243202688299e-19
-6.293852798220637414e-19
-6.365894294240588247e-19
-6.457034631064636151e-19
-6.524573855397936617e-19
-6.610559639053209747e-19
-6.638557487391055298e-19
-6.679466821016620425e-19
-6.744261446700557205e-19
-6.860910799974334855e-19
-6.904370069369419157e-19
-6.981592898740037954e-19
-7.056560342267984703e-19
-7.091685237994801645e-19
-7.217052799891361829e-19
-7.249326697154891330e-19
-7.320315597600697308e-19
-7.331242258982038174e-19
-7.408400380361246054e-19
-7.473856923892103633e-19
-7.538979684490972988e-19
-7.598872193909471038e-19
-7.692306084001970825e-19
-7.756089619498551402e-19
-7.855811738939795194e-19
-7.957500823670451761e-19
-8.052317371223692503e-19
-8.126706137520598216e-19
-8.194224626373190752e-19
-8.323880789402048009e-19
-8.357458097396711000e-19
-8.521233934992631860e-19
-8.569634903143562230e-19
-8.591498395951559880e-19
-8.722211697281386488e-19
-8.747320809277762053e-19
-8.839657159391189248e-19
-9.033705048483319008e-19
-9.131085835676482236e-19
-9.169361422301082573e-19
-9.368142993648880909e-19
-9.416689407968650535e-19
-9.532081734544952963e-19
-9.619183432764776820e-19
-9.801828218054654505e-19
-9.834324390282032216e-19
-9.936731281939872393e-19
-1.008793227416516390e-18
-1.011058590117699301e-18
-1.019840950950764549e-18
-1.034150687797892399e-18
-1.038760475972808332e-18
-1.046769710695684695e-18
-1.069170821805512204e-18
-1.082687045947331514e-18
-1.087406634427099794e-18
-1.098570982002132646e-18
-1.103461627141841518e-18
-1.126319880803031699e-18
-1.131036979475458792e-18
-1.159181652208582105e-18
-1.166239158577614030e-18
-1.189041637285268384e-18
-1.195699972219466582e-18
-1.200706048368708319e-18
-1.230247361521417218e-18
-1.256912997018618114e-18
-1.281323291356393957e-18
-1.297439060595839635e-18
-1.301633668097168213e-18
-1.317573773401840065e-18
-1.331527266814417072e-18
-1.371431284076525668e-18
-1.379297305000998981e-18
-1.391986580855697122e-18
-1.421640401999015565e-18
-1.434592926127180047e-18
-1.449936856877224933e-18
-1.475818371181094662e-18
-1.506093714539891292e-18
-1.518524470789627791e-18
-1.560341775388570456e-18
-1.579411761516354725e-18
-1.602923181543187760e-18
-1.647750040887381165e-18
-1.676028896210984984e-18
-1.689630326977050706e-18
-1.713803740860836661e-18
-1.760387929549756860e-18
-1.809138265142403164e-18
-1.853503782834200380e-18
-1.938878175722753020e-18
-1.957336932573911422e-18
-2.045631277437590583e-18
-2.175433713974722812e-18
-2.277156886687444784e-18
-2.413090034128813438e-18
-2.901816513340985936e-18
-5.372490701250991443e-18
