-7.524248433769659128e-02
-2.243720920946914305e-02
-1.674345845768561436e-02
-1.517917575222152253e-02
-6.542140846243153784e-03
-6.237803506945668701e-03
-5.386384968711576370e-03
-4.036264596103632946e-03
-3.722567179205535804e-03
-3.593339976791438180e-03
-3.307639726457345473e-03
-3.020360969719352705e-03
-2.534622573004549021e-03
-2.309585946423695340e-03
-2.001261194307674823e-03
-1.855865070604519355e-03
-1.673207663701633706e-03
-1.545552605589540053e-03
-1.343699447665522339e-03
-1.296070147854936922e-03
-1.190335938748488497e-03
-1.139792842958977943e-03
-1.104144680244576642e-03
-1.005294237912107876e-03
-9.096970247685775982e-04
-8.999162554037912773e-04
-8.769238664544568409e-04
-8.266195077737170703e-04
-7.974748599007341161e-04
-7.672352608657370069e-04
-7.598132255181291525e-04
-6.664840266473989793e-04
-6.605118134465064617e-04
-6.331780379051676943e-04
-6.202597970408145998e-04
-5.752103928976516319e-04
-5.491532634165918487e-04
-5.423108231504336152e-04
-5.269093335332486472e-04
-4.987952852044607536e-04
-4.857435560986085284e-04
-4.486060132074537335e-04
-4.415122052644536790e-04
-4.296502004684481647e-04
-4.174020081860939325e-04
-4.054318123162504398e-04
-4.009415225634446463e-04
-3.946172126749029094e-04
-3.694394742894736329e-04
-3.537135697310046355e-04
-3.505083198476084401e-04
-3.407946581923358698e-04
-3.292763495702526102e-04
-3.095458026474014971e-04
-3.054454069299221051e-04
-3.028654692827019261e-04
-2.972284035899033804e-04
-2.917424065791859541e-04
-2.901297627049187261e-04
-2.822704668922787377e-04
-2.643961411731071882e-04
-2.599215968129320081e-04
-2.528231185301475586e-04
-2.453525058775592486e-04
-2.420831517778699552e-04
-2.374616487346424304e-04
-2.331800632630194299e-04
-2.314159818714233384e-04
-2.234530067802260693e-04
-2.218188932796037250e-04
-2.157490420826670737e-04
-2.065999474128175418e-04
-2.029835795798926555e-04
-2.006977238513074863e-04
-1.928461834297798727e-04
-1.906995302891720690e-04
-1.881442634709438533e-04
-1.852782448011091362e-04
-1.809392109017231927e-04
-1.801800963782525461e-04
-1.769967362314057665e-04
-1.717715104403688524e-04
-1.704833929262744986e-04
-1.658075544750634044e-04
-1.640608243560125407e-04
-1.610910977019888398e-04
-1.593806011112078021e-04
-1.552448391629328468e-04
-1.519256218034414929e-04
-1.456797376945920025e-04
-1.452923866029735562e-04
-1.425247297885405182e-04
-1.410858916024186269e-04
-1.398495454219798742e-04
-1.371345157225870503e-04
-1.361126724598891514e-04
-1.321340534661272291e-04
-1.315554984313903688e-04
-1.295855493117354350e-04
-1.236078384960808611e-04
-1.217808139578011874e-04
-1.205280004143592431e-04
-1.187251335854227249e-04
-1.178642054931848142e-04
-1.119220767938721816e-04
-1.113653777267488746e-04
-1.104386705700214960e-04
-1.091244560918498284e-04
-1.084764032326182445e-04
-1.066368468258533503e-04
-1.052188290683900252e-04
-1.043737162997795666e-04
-1.031531719198956033e-04
-1.030533577387787356e-04
-1.016076811290763906e-04
-1.002145156812953405e-04
-9.617770501574636900e-05
-9.509708142179572549e-05
-9.269951420774471759e-05
-9.075909137839962811e-05
-8.970449120281036727e-05
-8.728904236447600597e-05
-8.667382684523835677e-05
-8.530145789301464456e-05
-8.512186549578639524e-05
-8.383608445766944320e-05
-8.338628507563064062e-05
-8.093935783163069191e-05
-8.049945147407539924e-05
-7.960936369928637527e-05
-7.848555619837565070e-05
-7.664709437036736897e-05
-7.447243627278825545e-05
-7.427747787772982649e-05
-7.296551688683025670e-05
-7.228973743265291790e-05
-7.159566614001018560e-05
-7.036990900355602377e-05
-6.886728961218789948e-05
-6.803353082493810008e-05
-6.678838589862193416e-05
-6.663079161446259710e-05
-6.624899256334955172e-05
-6.564107194661605426e-05
-6.536809278312696761e-05
-6.511850958830183562e-05
-6.442602546698673763e-05
-6.319317619770559874e-05
-6.308573337911428322e-05
-6.192610381776894634e-05
-5.927803540615836266e-05
-5.842008925462140721e-05
-5.699354458179061350e-05
-5.624529372449625766e-05
-5.590521237714388716e-05
-5.456497964786518375e-05
-5.343822542206407754e-05
-5.334798340893910266e-05
-5.286337938482875399e-05
-5.282667023393918860e-05
-5.182896004069955216e-05
-5.130840248873135326e-05
-5.117341986052211531e-05
-5.000253253450444275e-05
-4.901702796684695939e-05
-4.861579237944333115e-05
-4.811493402846607573e-05
-4.755477496145600196e-05
-4.663180169454987184e-05
-4.560334493143724404e-05
-4.528851574907992222e-05
-4.466808428366090167e-05
-4.422446124659729468e-05
-4.399673921410562780e-05
-4.333776328084056598e-05
-4.276195664345845937e-05
-4.221646832969498160e-05
-4.160887303993388345e-05
-4.141053899784472741e-05
-4.099717282330577682e-05
-4.076274639874136408e-05
-4.046468831368184641e-05
-3.970068086778649063e-05
-3.918300368145407491e-05
-3.861559664298100175e-05
-3.845027923369834444e-05
-3.765891931750351540e-05
-3.728106732540865985e-05
-3.654861356239382040e-05
-3.560493827281209977e-05
-3.512601095910530916e-05
-3.475073239953064869e-05
-3.429750635948319984e-05
-3.391305475571803160e-05
-3.366618727940902096e-05
-3.334104934837533942e-05
-3.272724796451065982e-05
-3.251974212887019596e-05
-3.249006891026584901e-05
-3.213114727896344017e-05
-3.160361343435645468e-05
-3.132476404084206883e-05
-3.065316350019871056e-05
-3.026820281896228703e-05
-3.007383981550457166e-05
-2.958759289467850569e-05
-2.932373736414700229e-05
-2.910656051297691617e-05
-2.872463523337367243e-05
-2.837125431772097913e-05
-2.803887576996187859e-05
-2.775523778352544522e-05
-2.736398666157719353e-05
-2.714442412866526641e-05
-2.676739097279642825e-05
-2.646412856133085125e-05
-2.623044987868911247e-05
-2.613636665453431148e-05
-2.578369041987994888e-05
-2.555948411487784505e-05
-2.542094058566718090e-05
-2.515816515996874511e-05
-2.485805205187480195e-05
-2.440649781332592094e-05
-2.424294237294211449e-05
-2.401304790329369270e-05
-2.394723918171669212e-05
-2.356030624617650089e-05
-2.351793476536977940e-05
-2.313648402348482267e-05
-2.275868600256314661e-05
-2.249623611909668300e-05
-2.182583775062349612e-05
-2.155212350729084371e-05
-2.140684475270839175e-05
-2.113279977063087621e-05
-2.074224138056990238e-05
-2.053404473066472910e-05
-2.047040285418265260e-05
-2.037105042797284480e-05
-2.005327256951415561e-05
-1.989660457546260660e-05
-1.985414336282906796e-05
-1.964887726317424594e-05
-1.934397563374431306e-05
-1.889747142636664183e-05
-1.861831574330937046e-05
-1.841402631466438613e-05
-1.820475789202763688e-05
-1.796250697411050780e-05
-1.793848581408501571e-05
-1.769884399597150559e-05
-1.764179789904247734e-05
-1.725394805535449984e-05
-1.713615676062585252e-05
-1.689281859502625387e-05
-1.671777543486626725e-05
-1.660910566292089034e-05
-1.652400241740114155e-05
-1.648256246464483915e-05
-1.611570554937135898e-05
-1.599695892145300917e-05
-1.589115979518084529e-05
-1.566489653321810819e-05
-1.545443804000467110e-05
-1.524433176559996934e-05
-1.517453019202964571e-05
-1.502194677932016456e-05
-1.488588050233082212e-05
-1.487293803968296347e-05
-1.481518317118023431e-05
-1.451736590182511172e-05
-1.436242603122410544e-05
-1.407353898808235828e-05
-1.391095796193965320e-05
-1.363252668265694725e-05
-1.344130729412591647e-05
-1.330233048561696868e-05
-1.323119000442700308e-05
-1.303205526923154362e-05
-1.283226732929056567e-05
-1.274646562517823520e-05
-1.259446709261874224e-05
-1.229018615154277102e-05
-1.217594264590144822e-05
-1.208325896579848283e-05
-1.197296644468405810e-05
-1.181272507616826173e-05
-1.169106376939764040e-05
-1.160233406670978945e-05
-1.149901670489311066e-05
-1.135885957826490564e-05
-1.120881053880619161e-05
-1.111155982688722573e-05
-1.103994166844239929e-05
-1.098533704193899584e-05
-1.087190853755591788e-05
-1.063954909020259624e-05
-1.059550166666117564e-05
-1.034210496422210840e-05
-1.030292504663373023e-05
-1.027536122786545928e-05
-1.003393567944412237e-05
-9.932313825610107068e-06
-9.786774998589001497e-06
-9.740558586396358775e-06
-9.621147628402954393e-06
-9.556975961390479308e-06
-9.533530008766091199e-06
-9.400586538836847714e-06
-9.272535799673500991e-06
-9.226503927903242097e-06
-9.051294954306681161e-06
-8.927715874017562244e-06
-8.842893562075212937e-06
-8.727367462080603226e-06
-8.657944414650462124e-06
-8.546837250832141556e-06
-8.462597315263493933e-06
-8.298822431671050640e-06
-8.252781618028346824e-06
-7.994403664751681404e-06
-7.959239143919310448e-06
-7.880609693149376690e-06
-7.839204710955247955e-06
-7.781216085391759452e-06
-7.645107163208935623e-06
-7.595126324266624495e-06
-7.543330445066675531e-06
-7.466665702126141321e-06
-7.233191498772394860e-06
-7.191075693436418779e-06
-7.108425594559285563e-06
-7.084442557019290744e-06
-7.004640801915555281e-06
-6.904984714169385614e-06
-6.834517877890583893e-06
-6.796661803239303017e-06
-6.635499912609515523e-06
-6.589151352117105778e-06
-6.539617436874383820e-06
-6.458143220713312411e-06
-6.380629364871663557e-06
-6.356128053077482363e-06
-6.294142667894956687e-06
-6.207686117931468810e-06
-6.161185245741353866e-06
-6.072218081459694853e-06
-5.981601583564322108e-06
-5.918945566343693466e-06
-5.863823580712050694e-06
-5.807802951296895970e-06
-5.791151353152665576e-06
-5.691408824465388783e-06
-5.658874035520419671e-06
-5.593975138781584782e-06
-5.532580123027708330e-06
-5.484568862575260617e-06
-5.421821760439660569e-06
-5.334202970891642865e-06
-5.311103815633058694e-06
-5.259889885846605909e-06
-5.230933491358027923e-06
-5.208997412336320308e-06
-5.154186738821153223e-06
-5.074658338125106925e-06
-5.056370118947191004e-06
-4.994518449889961110e-06
-4.848420076500385996e-06
-4.793409955799646889e-06
-4.774986116412003658e-06
-4.693324259438248533e-06
-4.665768886070281154e-06
-4.606898366480117010e-06
-4.521011534865304416e-06
-4.467656598858340750e-06
-4.461213887375186290e-06
-4.377226253394004616e-06
-4.296743502351424147e-06
-4.276161107995466447e-06
-4.234964223394855874e-06
-4.184245417440167025e-06
-4.143561141374298761e-06
-4.069236755700822741e-06
-4.036661137954428028e-06
-3.991814628194601334e-06
-3.968863775638627916e-06
-3.947294188535970238e-06
-3.902975302740405188e-06
-3.846942216668336313e-06
-3.797411399984911495e-06
-3.750670457142687595e-06
-3.656899600236947634e-06
-3.626548607713586461e-06
-3.570695571337571951e-06
-3.536352852200193485e-06
-3.508462749494625979e-06
-3.468610420931213011e-06
-3.424366383122668065e-06
-3.399135671790143782e-06
-3.381187105074858698e-06
-3.343261199763744406e-06
-3.302402720103803092e-06
-3.271640800141344735e-06
-3.250975953234212440e-06
-3.244727224050106770e-06
-3.214266307918843705e-06
-3.138678505890057531e-06
-3.113430732315998144e-06
-3.080779613404910397e-06
-3.061989203790032691e-06
-3.044473159892136997e-06
-2.986277025345063949e-06
-2.963497137715863726e-06
-2.925421019213991535e-06
-2.900901907277905447e-06
-2.888571002238667010e-06
-2.823371825402059976e-06
-2.780241175454053752e-06
-2.750769472148490591e-06
-2.738810633054895641e-06
-2.715438774226562806e-06
-2.647405594615369878e-06
-2.603401253784591079e-06
-2.571073532057907362e-06
-2.570526880677107856e-06
-2.548255518174914868e-06
-2.492455592794996024e-06
-2.451498623439633747e-06
-2.429013232378406134e-06
-2.418440142752081965e-06
-2.369789663462767175e-06
-2.353284606028243724e-06
-2.331149880430485544e-06
-2.313170619813373528e-06
-2.267740049470752770e-06
-2.258653335096638723e-06
-2.221809919575053353e-06
-2.163774218083738319e-06
-2.121732944534374048e-06
-2.097021342392703656e-06
-2.087467790382569386e-06
-2.071471800313706035e-06
-2.061162151036792447e-06
-2.025224875145758516e-06
-2.000413806494194431e-06
-1.990102837536936125e-06
-1.980807940897216002e-06
-1.932988214789389582e-06
-1.917555874406989473e-06
-1.878416185448280368e-06
-1.859443640740427976e-06
-1.825879495026157023e-06
-1.799795523056765893e-06
-1.767529196784987407e-06
-1.758730623289811697e-06
-1.736593488647653794e-06
-1.707470996381479276e-06
-1.682963385799299968e-06
-1.654138874144464175e-06
-1.625197018748029728e-06
-1.620402134986802161e-06
-1.586703210575758137e-06
-1.572927093618706885e-06
-1.558009179386279316e-06
-1.550399831202235186e-06
-1.538854338593627535e-06
-1.493513077098600858e-06
-1.480595063567035031e-06
-1.468070204904747961e-06
-1.463625807454230915e-06
-1.450679347051072994e-06
-1.419830553853530031e-06
-1.397226901122112723e-06
-1.365271452839718892e-06
-1.349946676785719303e-06
-1.343383187419208699e-06
-1.327606676316472341e-06
-1.322687658619829457e-06
-1.310764499369363626e-06
-1.289532067405172560e-06
-1.276062844306858913e-06
-1.248654702486563476e-06
-1.230209600494261493e-06
-1.209063441636816565e-06
-1.204450232598884438e-06
-1.181529135985592031e-06
-1.163155162054376889e-06
-1.157740564530307341e-06
-1.135571436741146753e-06
-1.098131492013038603e-06
-1.086713217445980520e-06
-1.080296602099100751e-06
-1.041699450070888221e-06
-1.033052242048597757e-06
-1.020200291990035707e-06
-1.013948896944979035e-06
-1.000271173095150298e-06
-9.882935359412125051e-07
-9.708173213310887978e-07
-9.658081527928510658e-07
-9.422363171839484305e-07
-9.391023178847199568e-07
-9.174980743585039470e-07
-9.015815813404715321e-07
-8.835410564887493942e-07
-8.671173001165674016e-07
-8.364651771653772004e-07
-8.139623192214739815e-07
-8.002060972931734224e-07
-7.853285469790573505e-07
-7.791531383907234209e-07
-7.585722630950217434e-07
-7.535235803292157165e-07
-7.486153670600927175e-07
-7.250975389463891879e-07
-7.244343495839524374e-07
-7.065375146778012245e-07
-6.926306811941693439e-07
-6.882321699060961799e-07
-6.790953945203937564e-07
-6.672105840583825974e-07
-6.667647710372389748e-07
-6.457561334139797643e-07
-6.309670431451778060e-07
-6.241466886446576553e-07
-6.111668484836059311e-07
-5.971570982275962604e-07
-5.939184497560295793e-07
-5.747034770111233336e-07
-5.698278393192396343e-07
-5.542715273416609895e-07
-5.489827805855668557e-07
-5.427051135627245661e-07
-5.310170591115124419e-07
-5.082447900299130894e-07
-5.041814511231105494e-07
-4.828729088147491824e-07
-4.804265578422691006e-07
-4.727191093599232096e-07
-4.616916970839987373e-07
-4.543491931494307199e-07
-4.476700099031553559e-07
-4.412327880578573693e-07
-4.216647862777004156e-07
-4.194232691247740737e-07
-4.066037589909840541e-07
-3.974375597074161129e-07
-3.800332087629875184e-07
-3.761035510106120025e-07
-3.686341129775386751e-07
-3.673893779163312798e-07
-3.541608875859026731e-07
-3.438198052757837086e-07
-3.364507086098709739e-07
-3.330704690392126074e-07
-3.201600294697370785e-07
-3.062471469009612085e-07
-3.003109945679164002e-07
-2.938876656166655488e-07
-2.917780669565641624e-07
-2.875150982572817335e-07
-2.745644132744251343e-07
-2.691398077981571622e-07
-2.630547773653607602e-07
-2.555569536104501384e-07
-2.521260492321187215e-07
-2.426368163942701184e-07
-2.366644676514978075e-07
-2.350244997057154635e-07
-2.231433669536855450e-07
-2.150334422178888289e-07
-2.093644676625655507e-07
-2.032392489221448485e-07
-1.967993115846518169e-07
-1.940389864743342518e-07
-1.849581786945379709e-07
-1.805232620428529109e-07
-1.725754262643172717e-07
-1.639775554146711614e-07
-1.554359881159067965e-07
-1.496101152769411490e-07
-1.441238159439329784e-07
-1.389266570683107558e-07
-1.362762661995153095e-07
-1.309859245522567413e-07
-1.255345912876820524e-07
-1.236265759538764319e-07
-1.118362823393115124e-07
-1.018812316747190513e-07
-9.893936456491089633e-08
-8.878412300818293943e-08
-8.536453952116425063e-08
-7.520393213763451044e-08
-7.233781770586137412e-08
-6.145296274288001142e-08
-6.052978139663797388e-08
-4.717951705731637482e-08
-4.428381242278827111e-08
-3.488639995832178416e-08
-2.784319070477090925e-08
-2.640119125148206766e-08
-2.313719409845492719e-08
-1.921086497101756904e-08
-1.510319628420339572e-08
-1.119350091086342476e-08
-6.226948465022350395e-09
-4.586189424437351833e-09
-3.271675199918415318e-09
-1.200603980041691472e-09
-4.769784956328966251e-10
-7.628971051678938742e-20
2.851582960687892577e-20
6.457791459744150741e-10
3.236654321582352462e-09
4.859782251087491288e-09
6.838574829889604993e-09
7.924799973497047740e-09
8.835302940724912291e-09
9.528135555114578877e-09
1.341287390605176278e-08
1.532504194522412968e-08
1.726229262343561820e-08
2.130256000677709169e-08
2.260815030669208268e-08
2.600578526663074739e-08
2.887474535042260281e-08
3.117935887964660004e-08
3.217900578020146349e-08
3.607459234176148163e-08
3.889582445913681947e-08
3.965017030125369549e-08
4.567469132674407888e-08
4.679600599501487978e-08
5.090580335771491046e-08
5.963390888033253908e-08
6.348772447565373099e-08
7.748424871582502297e-08
8.406089871172074554e-08
8.554385215977232491e-08
8.947435755514802307e-08
1.081569872095593387e-07
1.174988257740971365e-07
1.278984387022844916e-07
1.552238500992871103e-07
1.663648998414459431e-07
1.810006414653882391e-07
2.439149531333601352e-07
2.881390196978860356e-07
3.041130319178616551e-07
3.245370367881362197e-07
4.060018635565252012e-07
4.500616664903293238e-07
5.862305025452572339e-07
6.066640261935750867e-07
7.030852797321510914e-07
7.256777396369847915e-07
1.075856356458064423e-06
1.382100463585779564e-06
1.415073162503478568e-06
1.721941350135586098e-06
2.024087762910160721e-06
2.579874773120820285e-06
3.018557193634769277e-06
3.846405279021629321e-06
5.571815330283384276e-06
9.075674850111318151e-06
1.334175750310929224e-05
1.912409114978781642e-05
1.928456411396968896e-05
2.205437346216857544e-05
2.835898736594395097e-05
3.287322775172426756e-05
3.735145667464004766e-05
4.271190914449076776e-05
7.391217721859143859e-05
