-1.351767584823121648e+00
-1.924692352882674262e-01
-1.755784414803606419e-01
-6.982369203658472800e-02
-5.413853258231931392e-02
-3.941734028889609665e-02
-3.173774502978694845e-02
-2.296071478832852758e-02
-1.960803405136817695e-02
-1.806913148899480168e-02
-1.551567304931985095e-02
-1.341524403759174720e-02
-1.309480001334237254e-02
-1.092709883372536793e-02
-1.086729541544749315e-02
-9.753843021441660835e-03
-8.907217158907925272e-03
-8.125906176292723923e-03
-7.723924225219939120e-03
-7.260702201043041544e-03
-6.333231079174552261e-03
-5.702826236901496933e-03
-5.449963391761454383e-03
-5.076940012200745894e-03
-4.911061771329818144e-03
-4.627852370271674440e-03
-4.439702532724450722e-03
-4.278558467630648628e-03
-3.947865536535780269e-03
-3.554514124526313244e-03
-3.512732689495305649e-03
-3.352400127088407678e-03
-3.229610400099216724e-03
-3.076370637676822950e-03
-2.998648273512905926e-03
-2.961242348172739118e-03
-2.751466615706944785e-03
-2.677082901644359768e-03
-2.586287886248918051e-03
-2.484943743903355456e-03
-2.387617593117619119e-03
-2.324163578189714606e-03
-2.151818688355155648e-03
-2.068974208623909714e-03
-2.009285413112643030e-03
-1.929473273586235606e-03
-1.895457657304927416e-03
-1.840689926823271295e-03
-1.834507586051585927e-03
-1.718667724705994111e-03
-1.650463010781061390e-03
-1.546060974817209735e-03
-1.502523307717268733e-03
-1.458297788446743333e-03
-1.425202394399974898e-03
-1.387542631678623326e-03
-1.356270467581690078e-03
-1.344443015614423887e-03
-1.304646723058848707e-03
-1.285070239919675408e-03
-1.233239077370500971e-03
-1.217954840896083276e-03
-1.175466992008911875e-03
-1.140581560378450777e-03
-1.108597908197576400e-03
-1.091879745631465452e-03
-1.036383972420977170e-03
-1.009883328540108361e-03
-9.733613274257661404e-04
-9.483394905337839227e-04
-9.269236852788337484e-04
-9.131988839128307809e-04
-8.996563413359106882e-04
-8.322277976219763333e-04
-8.216776614498713703e-04
-8.193323687487921161e-04
-7.759795972208385299e-04
-7.542447796166579579e-04
-7.497530057795320476e-04
-7.342412318476698122e-04
-7.117711347812238735e-04
-6.875611807916911329e-04
-6.760634004424807917e-04
-6.634696853019360482e-04
-6.521156428795754070e-04
-6.344940624970307579e-04
-6.289133356261008461e-04
-6.253173806367621438e-04
-6.018110501017151504e-04
-5.966606305296322460e-04
-5.825378320394857543e-04
-5.733891331709921324e-04
-5.637675014135995087e-04
-5.476786681267373225e-04
-5.358566080504376106e-04
-5.300379339564296848e-04
-5.151520182681947405e-04
-4.967512282967393973e-04
-4.903712725432090008e-04
-4.822569308794241879e-04
-4.676696757201817783e-04
-4.605025730526377350e-04
-4.509587711048725555e-04
-4.419794656317952244e-04
-4.407699373040493518e-04
-4.162928215044954159e-04
-4.136431407042873024e-04
-4.094806701865833561e-04
-4.020339357347986107e-04
-3.971451366284599631e-04
-3.898509509290224448e-04
-3.788045729026432947e-04
-3.693683305629190698e-04
-3.603226601504407110e-04
-3.574162281656625734e-04
-3.527350739642823611e-04
-3.394411351750042244e-04
-3.323787894210366049e-04
-3.242711115800059221e-04
-3.205013453427320584e-04
-3.153429428471635470e-04
-3.119453395699548328e-04
-3.097187569494705027e-04
-2.977115206196932805e-04
-2.964170848661830827e-04
-2.915326242917002579e-04
-2.810754291144829217e-04
-2.743000362858109983e-04
-2.722509419438948761e-04
-2.704955142201203601e-04
-2.621210422192035900e-04
-2.602157914140057287e-04
-2.541043766606485314e-04
-2.508638106586247416e-04
-2.469498244559753292e-04
-2.399713036111010870e-04
-2.329143212939481522e-04
-2.285373845757897359e-04
-2.259736553202867774e-04
-2.229883670105552477e-04
-2.181495990488543598e-04
-2.133831449669333006e-04
-2.108829901920670309e-04
-2.073078943332360205e-04
-2.032545198759514674e-04
-1.940645020724028624e-04
-1.913011898032161435e-04
-1.866985029537254141e-04
-1.838902471551781895e-04
-1.826767058078369507e-04
-1.805441649451098554e-04
-1.750112173077753258e-04
-1.729009466614486409e-04
-1.697049283107412521e-04
-1.682636543867071870e-04
-1.649190914060445149e-04
-1.613276547098562981e-04
-1.583510752652470129e-04
-1.546216059176396527e-04
-1.518712386853018936e-04
-1.486555352328371962e-04
-1.479469253596373142e-04
-1.431652163401839423e-04
-1.410095815223885295e-04
-1.395846735318920944e-04
-1.369693667866709371e-04
-1.364593230268774796e-04
-1.343819398551522137e-04
-1.319235946722718106e-04
-1.309302741599774843e-04
-1.271959979862365966e-04
-1.262133770036356591e-04
-1.247311943755680726e-04
-1.213090965427697233e-04
-1.197041801644964311e-04
-1.170077579089382863e-04
-1.158299731024094344e-04
-1.126579448304382958e-04
-1.106027153145916128e-04
-1.074412420583382614e-04
-1.056801949642461545e-04
-1.039065293012213193e-04
-1.013281447062626682e-04
-9.898733748658133046e-05
-9.843074610030568754e-05
-9.592894705295044620e-05
-9.533700919194661400e-05
-9.423205192628254367e-05
-9.296363138741871811e-05
-9.217318516968458499e-05
-8.972722928189678958e-05
-8.621306858923519895e-05
-8.521995103549404819e-05
-8.339202508263340256e-05
-8.280107716588355532e-05
-8.067767829354912214e-05
-7.874467711171313799e-05
-7.792011789208233975e-05
-7.624660244543093196e-05
-7.520056810659225789e-05
-7.423156748551620789e-05
-7.277377669048647830e-05
-7.177023411932138125e-05
-7.126022186391686513e-05
-6.842378820265302656e-05
-6.739678640497570161e-05
-6.693894615291380384e-05
-6.501629762427621939e-05
-6.382739789265005903e-05
-6.263830932126720065e-05
-6.193056064080713343e-05
-6.113550884398806669e-05
-5.985020788244228292e-05
-5.951204198596136773e-05
-5.879652639673393189e-05
-5.732759140452754521e-05
-5.556850904207262753e-05
-5.473186368083577481e-05
-5.394380072483639991e-05
-5.391787429281179171e-05
-5.313398284866618324e-05
-5.149094612477076301e-05
-5.122275906484521181e-05
-5.023439199895881978e-05
-4.904207924102507352e-05
-4.828143639604186229e-05
-4.751817886317508620e-05
-4.663690116384290103e-05
-4.619595963217307640e-05
-4.584138271036393929e-05
-4.511347811368955580e-05
-4.495151242133014368e-05
-4.297357112404554111e-05
-4.255720588292486394e-05
-4.200290242721835602e-05
-4.174696572040659319e-05
-4.070617956682214521e-05
-3.980504634128443654e-05
-3.883225231579556634e-05
-3.771091567119295903e-05
-3.719205247709988756e-05
-3.689078243034268504e-05
-3.677658789880369652e-05
-3.567711209681410114e-05
-3.492666349815815973e-05
-3.472238311941135570e-05
-3.337290135206234256e-05
-3.280005050448587888e-05
-3.255817001493633574e-05
-3.213291341322740264e-05
-3.176781682739055282e-05
-3.092499652596527319e-05
-3.039192382185625739e-05
-2.963906420184403843e-05
-2.884837543055591177e-05
-2.836638753265426782e-05
-2.808294691366236231e-05
-2.769501327333754277e-05
-2.726462095863306631e-05
-2.707818214545267232e-05
-2.632706139406571137e-05
-2.577705614837181764e-05
-2.562402018693061219e-05
-2.522466152615166513e-05
-2.448462518249369679e-05
-2.413922962108202650e-05
-2.393594073870941889e-05
-2.281715062995889995e-05
-2.265857148988126198e-05
-2.224652458875349954e-05
-2.161264188618751877e-05
-2.118143305431057058e-05
-2.097766796878095059e-05
-2.071930165872260451e-05
-2.023188206794924998e-05
-1.978932257663372564e-05
-1.957561527661176888e-05
-1.939928351413735660e-05
-1.899726030892993017e-05
-1.879329098676574091e-05
-1.869329673007869870e-05
-1.827795248797645902e-05
-1.796189293403816891e-05
-1.774663832363392268e-05
-1.682918041762766005e-05
-1.658005594133762906e-05
-1.635321694392765664e-05
-1.610556168686611548e-05
-1.567089221557342986e-05
-1.550579603992470712e-05
-1.515355645743908915e-05
-1.500545703150905604e-05
-1.480570195590284985e-05
-1.465003724817186800e-05
-1.419058252245293059e-05
-1.410341601770884324e-05
-1.353845941086739392e-05
-1.307102082145246628e-05
-1.296525625473982495e-05
-1.283163696641197453e-05
-1.238916069436177777e-05
-1.229073889699846674e-05
-1.193045824401331970e-05
-1.181421833990261105e-05
-1.160404621377492929e-05
-1.143569858835717178e-05
-1.119040723580885943e-05
-1.081457160528767440e-05
-1.048468283666806480e-05
-1.023527774240701798e-05
-1.004949370095029442e-05
-9.903925161690305866e-06
-9.841370634294561117e-06
-9.601521006813152121e-06
-9.241847239659016321e-06
-9.160793863842845957e-06
-8.917294591631134959e-06
-8.463024493863937953e-06
-8.395919065541363710e-06
-8.286743082107737512e-06
-8.057818753533933898e-06
-7.845097833400935150e-06
-7.704736108990600175e-06
-7.398000674528024935e-06
-7.186992737965189158e-06
-6.975107308068071138e-06
-6.885433417981163747e-06
-6.682510446830329416e-06
-6.650443399594429386e-06
-6.341801303786617646e-06
-6.270885747844129778e-06
-6.169358519338566424e-06
-6.119718508489491708e-06
-5.951596524621753100e-06
-5.875869798620411679e-06
-5.512909608231017540e-06
-5.408917864069793402e-06
-5.350886531474401384e-06
-5.124559217155136416e-06
-4.936650257493002791e-06
-4.841877916212798506e-06
-4.640401727648209419e-06
-4.603134061213582554e-06
-4.415345262178070856e-06
-4.201703135550876328e-06
-4.146138203384641666e-06
-4.093361679829547716e-06
-3.879760178226108528e-06
-3.783994540081621996e-06
-3.643155125212201094e-06
-3.586899442749863662e-06
-3.410301117706502042e-06
-3.385432469135390339e-06
-3.283240614392734358e-06
-3.133133911362393303e-06
-3.080185531765569861e-06
-2.912127944673853432e-06
-2.785524218073601895e-06
-2.717876651473413448e-06
-2.607708587110570786e-06
-2.525308170147136801e-06
-2.492935855634550530e-06
-2.291184159825149433e-06
-2.229170454374709113e-06
-2.114503873475899329e-06
-2.054036695670357932e-06
-1.917514217904041302e-06
-1.858108015614079623e-06
-1.845817293988226479e-06
-1.839446236485705343e-06
-1.760583639831969285e-06
-1.722114235121203708e-06
-1.593584047212763793e-06
-1.569087269791044092e-06
-1.468076491593980085e-06
-1.421699324915099206e-06
-1.317257937824608450e-06
-1.270138515698943613e-06
-1.096660145763438390e-06
-1.042495491756683357e-06
-9.632563394973435132e-07
-8.041298247076165502e-07
-7.662663872611686481e-07
-7.553717519933908364e-07
-6.824298009685772181e-07
-6.290448088330075084e-07
-5.701577188542419374e-07
-4.716016234544264782e-07
-4.553770372647777782e-07
-3.876259825708652337e-07
-3.564248849213303295e-07
-3.077873271341301258e-07
-2.485359983447959469e-07
-1.871731210685151651e-07
-1.266792154494309219e-07
-1.218638431776936403e-07
-9.005541508548912094e-08
-4.653346421306220386e-08
-2.041843061673413796e-08
-8.393567940523869533e-09
-2.926754110660463905e-19
1.983649310949515734e-18
8.340553707745990623e-09
4.037932271545741402e-08
5.971962238265177938e-08
1.601578088935808642e-07
1.661671713662199025e-07
2.138241523296130693e-07
2.369246072994625059e-07
2.710308343684531581e-07
2.916610868315688532e-07
3.448846352568491163e-07
3.766794629960048297e-07
4.790362769067329651e-07
5.178514103335421733e-07
5.478871762561215255e-07
5.736041752950191455e-07
6.161181718923317101e-07
6.878911827365187591e-07
7.508436926575579943e-07
8.239542410543612989e-07
9.054282689017646089e-07
9.313381921206492882e-07
1.070114871236019146e-06
1.077983540313862234e-06
1.230462903639843729e-06
1.281882249919261823e-06
1.361511078980098607e-06
1.426311341267670629e-06
1.537287325105465721e-06
1.660213279640387823e-06
1.698195853241520213e-06
1.800180597922253667e-06
1.877586566100883534e-06
2.078728280620037634e-06
2.124652882800863016e-06
2.203074201112079862e-06
2.255115142324667192e-06
2.374767652846799677e-06
2.517275215701005320e-06
2.792996623982548810e-06
2.840668305319066595e-06
2.894761752524081696e-06
2.986755592141008317e-06
3.040256917511205799e-06
3.165336596639499479e-06
3.302949573006544076e-06
3.471887084760734589e-06
3.647071790446223880e-06
3.656785312271834424e-06
3.923565491183117806e-06
4.023212408799362765e-06
4.067668250007092053e-06
4.152569894560732541e-06
4.479413438162251369e-06
4.618242317109977250e-06
4.727219626207741680e-06
4.857321355625171010e-06
5.010562540200246210e-06
5.136419034706051806e-06
5.390072982351762514e-06
5.517998398417183053e-06
5.851204922456162657e-06
6.194444755880125859e-06
6.473855727166579181e-06
6.692378401324087908e-06
6.805087420801249092e-06
6.919105508518827618e-06
7.317502431805502772e-06
7.402804886205672117e-06
7.529255427336800044e-06
7.947682469152419327e-06
8.103044084356538616e-06
8.269011059976307470e-06
8.511833017085464981e-06
8.862549863483386872e-06
9.311864341899276962e-06
9.462372853454045996e-06
9.664338756235738939e-06
1.005751098160507859e-05
1.048591090321041834e-05
1.065122141157622766e-05
1.100953296010457588e-05
1.118583474951212318e-05
1.152056444793118796e-05
1.178151731636910340e-05
1.198492051445585608e-05
1.213068310256763539e-05
1.290961458136071521e-05
1.323403016840333761e-05
1.362405807832055824e-05
1.420386298885010563e-05
1.477697748937884661e-05
1.512647952402167873e-05
1.548770349939867814e-05
1.617077529888625079e-05
1.646461525225335321e-05
1.700093506574355408e-05
1.760043450124490071e-05
1.794681050453396178e-05
1.813531021575839701e-05
1.925164881703051012e-05
1.970736998428493166e-05
1.997447928216362131e-05
2.030267305975962192e-05
2.087009182323025825e-05
2.179136947587823571e-05
2.249373711795966054e-05
2.292377128808949818e-05
2.309355211032238962e-05
2.490998586132351047e-05
2.517424710529230639e-05
2.561205089542175912e-05
2.637753414085133253e-05
2.677890815297953123e-05
2.761059628648528450e-05
2.916129484321429408e-05
2.978349852423245009e-05
3.022867729857925403e-05
3.062106246278726565e-05
3.152929868958307254e-05
3.293617403168293576e-05
3.418497243390469803e-05
3.484705673190457477e-05
3.552080289270800558e-05
3.731092346829630534e-05
3.836027521155631527e-05
3.876556513862923183e-05
3.960638657874191804e-05
4.031075072500024334e-05
4.152772037802970683e-05
4.356968760661477643e-05
4.466768764561653248e-05
4.507136069048234679e-05
4.775819549936761597e-05
4.913981637857452205e-05
4.936136121882160870e-05
5.132192441363968288e-05
5.266493410798393180e-05
5.315531960457849504e-05
5.484756133294332170e-05
5.662441087890507607e-05
5.695275349286928098e-05
5.899978562546537379e-05
6.181032083261517405e-05
6.289618060597670945e-05
6.493589621793813347e-05
6.681343044067382571e-05
6.830390246280508776e-05
7.023334648238194623e-05
7.200436704530030561e-05
7.402182658892504836e-05
7.576929556824653974e-05
7.747733688349465564e-05
7.956476626256567307e-05
8.166681356635801365e-05
8.304952587043905614e-05
8.511697450769867431e-05
8.715525237790966938e-05
9.143440633925471652e-05
9.435504363131756700e-05
9.502662430532294105e-05
9.819039385366687726e-05
1.007289181288067618e-04
1.026949531826031221e-04
1.051418640923496359e-04
1.079777977748166799e-04
1.107618519222056510e-04
1.130904930024786065e-04
1.163100347660577790e-04
1.193563684683908633e-04
1.223163447918556288e-04
1.255110099597408753e-04
1.283126280759995486e-04
1.324115352849532473e-04
1.343890665199589784e-04
1.401663510717061564e-04
1.492113514723128747e-04
1.516792509956781218e-04
1.578201516503313748e-04
1.603030727879461753e-04
1.672700070030019002e-04
1.687913263014650727e-04
1.703861713126993962e-04
1.809816875629916835e-04
1.866120723054419969e-04
1.885297576051739050e-04
1.928604922958769899e-04
1.986542356764416182e-04
2.024126791111427134e-04
2.107649864949542775e-04
2.178187967101436525e-04
2.357464247468624944e-04
2.386448225429235444e-04
2.413538739276802005e-04
2.526914696245310867e-04
2.564292925591024532e-04
2.622177237115718177e-04
2.680536524809425157e-04
2.691432899914188528e-04
2.738705246686813362e-04
2.850211665938004891e-04
3.060185996534566335e-04
3.205789679137628851e-04
3.258256745035301421e-04
3.318251800603257010e-04
3.441068724936499211e-04
3.630078100081654026e-04
3.657400325679180126e-04
3.818155118442716949e-04
3.902621247105338359e-04
4.039242523265340742e-04
4.244918211733392731e-04
4.297095009967983161e-04
4.461812935848745399e-04
4.550378411747566269e-04
4.761032686524255199e-04
4.857026043010941561e-04
5.044298408110142696e-04
5.302857465305363047e-04
5.496701611361403880e-04
5.720789376134354128e-04
5.953029570013499382e-04
6.130977754485541662e-04
6.305219248727752515e-04
6.491125513324272778e-04
6.727589023648530581e-04
6.850526648547615362e-04
7.554223077609566444e-04
7.753276547440800508e-04
7.832000592463987578e-04
8.474508120783634567e-04
8.966748053060446958e-04
9.251116304469746273e-04
9.279036704388605658e-04
9.437004989885485135e-04
9.972198971960007964e-04
1.053248782798386777e-03
1.129012922129554774e-03
1.158454990240417827e-03
1.234851060838197678e-03
1.257490767735553079e-03
1.292978373423403493e-03
1.324363479850291722e-03
1.546632512523045747e-03
1.580945203683798827e-03
1.612571768417712633e-03
1.719528628596328750e-03
1.781320502484774141e-03
1.914790252579782592e-03
1.989191364718906081e-03
2.165562464695828474e-03
2.377062366589932554e-03
2.504758686880657979e-03
2.601980549264969276e-03
2.847299210530419237e-03
3.083233673187921100e-03
3.236288812909959758e-03
3.478398531668664990e-03
3.746926670314408830e-03
4.002654599472456505e-03
4.823531971972699200e-03
5.396388632561892849e-03
5.883809408512367424e-03
6.023116247081788423e-03
7.591455458962260983e-03
8.527527633979709032e-03
9.386198612654567813e-03
1.119942726554143224e-02
1.208435869684497226e-02
1.454732962409774691e-02
1.819594466569769003e-02
2.919773454458909900e-02
3.565959093696382393e-02
6.472435089283487542e-02
1.926631343113643646e-01
