1.081349782919970720e-02
9.550639124175410929e-03
7.302754153155432623e-03
3.344643346142109341e-03
2.321353386470445881e-03
2.274570943434799531e-03
2.077076963978322695e-03
1.337598354887329765e-03
1.204572761549594761e-03
1.143457315634524877e-03
1.111534422780890334e-03
1.001348529112670773e-03
9.724412047330757572e-04
9.383649333618374879e-04
9.064071113727616234e-04
8.867644517469908984e-04
8.198953391691562575e-04
8.053142797152915188e-04
7.818311886472575131e-04
7.584960500382788556e-04
7.015494933194257703e-04
6.841758985485945537e-04
6.586511243019263972e-04
6.422150455228979680e-04
6.103270844611164044e-04
6.073974518040545353e-04
5.867456140340108735e-04
5.719325904340107503e-04
5.488160824908663903e-04
5.319026499037991839e-04
5.260338161959860924e-04
5.076223340087938213e-04
4.995372895522432778e-04
4.908447328977280123e-04
4.711558718501256343e-04
4.612996568271953107e-04
4.477720506095690884e-04
4.353883184091873488e-04
4.185210012603964502e-04
4.127400449179073746e-04
4.112817335456132439e-04
4.011421078411978340e-04
3.858710373087042276e-04
3.762226484587962122e-04
3.668543931871954839e-04
3.605627177675927385e-04
3.574203754409918297e-04
3.498022763921245968e-04
3.383553369786050495e-04
3.370003208324413488e-04
3.257337198506942777e-04
3.181963259517817610e-04
3.148882038826334166e-04
3.086278003573467610e-04
3.048964369552135240e-04
2.952526402006972763e-04
2.851925915553179982e-04
2.819386363372791715e-04
2.745720242776743258e-04
2.733942049482287356e-04
2.669325017270214183e-04
2.622696015692810756e-04
2.562354288012351359e-04
2.527194916545694235e-04
2.439244905662453044e-04
2.410317024060235395e-04
2.375010119290141882e-04
2.315664308707929275e-04
2.300279273310585390e-04
2.235495171799589849e-04
2.218427328218255013e-04
2.180147758235345830e-04
2.160236507103193966e-04
2.106520473712474972e-04
2.068641541687116681e-04
2.023895222446850275e-04
2.004929039686368199e-04
1.977586996310881976e-04
1.950609187033187344e-04
1.921967316802805734e-04
1.891612207034765181e-04
1.878178548162240521e-04
1.864834250303875772e-04
1.796153449276387997e-04
1.754426508545004946e-04
1.732197462599112706e-04
1.682873174443720956e-04
1.673827814877137520e-04
1.643311421406957345e-04
1.595332494342621232e-04
1.580688329655181260e-04
1.562386580348243609e-04
1.540952174537217579e-04
1.504484633102446550e-04
1.487138921823515677e-04
1.434909502375282813e-04
1.428512114290051002e-04
1.404464781645848486e-04
1.387672925331116477e-04
1.362272307294021051e-04
1.352781746481635948e-04
1.332069228739072024e-04
1.319256365452419128e-04
1.295285408464520532e-04
1.279859392075353682e-04
1.262741062882423448e-04
1.259929974901570244e-04
1.230360979491872326e-04
1.225758843268203878e-04
1.192301309355335695e-04
1.173005391311624754e-04
1.164389318692309625e-04
1.144418253321104320e-04
1.132438390800294566e-04
1.125064222925267223e-04
1.095440172351779863e-04
1.074438724703770533e-04
1.060581829995225518e-04
1.045891258069305853e-04
1.032487338360967591e-04
1.016279340111735872e-04
1.005194222941691609e-04
9.979893162471160212e-05
9.832704482555813721e-05
9.593312951145939568e-05
9.496304883513979488e-05
9.400205596138126621e-05
9.293567047162413326e-05
9.096718755812281253e-05
8.828144777361675961e-05
8.759055836115933074e-05
8.655840162450830226e-05
8.369185956932473055e-05
8.252930441140219524e-05
8.210571544637385759e-05
8.095041627584369974e-05
7.952929550190480977e-05
7.897494526980261098e-05
7.705442572237706719e-05
7.629522101435177225e-05
7.496386496964300994e-05
7.367795554683831643e-05
7.312642515528782426e-05
7.220092290487545371e-05
7.157251317418718425e-05
7.015912209025633841e-05
6.939264068735449028e-05
6.842969412833749569e-05
6.721878321942008458e-05
6.629071338961557334e-05
6.538799874518746677e-05
6.472485817674960553e-05
6.438665168663579731e-05
6.331942284486976311e-05
6.192806349016788316e-05
6.084996715443791626e-05
5.970152574829256081e-05
5.907418912897368946e-05
5.878914835152199408e-05
5.773571579886608451e-05
5.730909982817851612e-05
5.625935270194700556e-05
5.479256475461976488e-05
5.398663979466091617e-05
5.375974017476611492e-05
5.262480316048717623e-05
5.178366380854845493e-05
5.154794612465537980e-05
5.069188431715516090e-05
4.999510583350217068e-05
4.924139093879018855e-05
4.842827351047893189e-05
4.775516841191647149e-05
4.686171742510350041e-05
4.629667031729868911e-05
4.592753557995742748e-05
4.563699111550475915e-05
4.555671558650757939e-05
4.489052833276749462e-05
4.416736021131127844e-05
4.362413443310753032e-05
4.258816522337871319e-05
4.199464785838934292e-05
4.093830033886180608e-05
4.020741091309622961e-05
3.962926582933634303e-05
3.920132514795660690e-05
3.871089371732721539e-05
3.849100715646381124e-05
3.747940022401451794e-05
3.679780317066138083e-05
3.598289873873639533e-05
3.587898284066939604e-05
3.534188676788252567e-05
3.521933825545410583e-05
3.380109633162925502e-05
3.372272078680449631e-05
3.316140584718234796e-05
3.246243878580624135e-05
3.210637999181308782e-05
3.196898389438561795e-05
3.148515007535459675e-05
3.075427055868501817e-05
3.059330969730567952e-05
3.031266865805094980e-05
2.929935633353486838e-05
2.903791443309480035e-05
2.866231950164222240e-05
2.819286248846202870e-05
2.808350483658724614e-05
2.736107657326601250e-05
2.714895913204126067e-05
2.656521633606968811e-05
2.637692958480568291e-05
2.560038622664431037e-05
2.518650763038398217e-05
2.496033390889562838e-05
2.442449934149094849e-05
2.427454046912289474e-05
2.416043959142692843e-05
2.370136345386506974e-05
2.309626424079485078e-05
2.306798083375400700e-05
2.297694367297505372e-05
2.248227533982227448e-05
2.212939348310964885e-05
2.189200416284864766e-05
2.146180042678608017e-05
2.115841595609165279e-05
2.090793916104217317e-05
2.061163215312430399e-05
2.047490293832800981e-05
1.996293425002686816e-05
1.988712604776770394e-05
1.946615304637693919e-05
1.918499072636906808e-05
1.887667823803965817e-05
1.864095467159863494e-05
1.836670602257277202e-05
1.784796944285884138e-05
1.739475283875916356e-05
1.720888071330343210e-05
1.703602068568210081e-05
1.666721854351801093e-05
1.648202775640966093e-05
1.639406731038855824e-05
1.617155279533417087e-05
1.563928162049456406e-05
1.546686636189189895e-05
1.533682136895045807e-05
1.518791211756836981e-05
1.472876496829207167e-05
1.440186446789813199e-05
1.417850797675491895e-05
1.404275469794838375e-05
1.390142267175881381e-05
1.375984135062961253e-05
1.353666539314925786e-05
1.331236746651815901e-05
1.296486200162255383e-05
1.291396297943408152e-05
1.278019477181081618e-05
1.265195141165476598e-05
1.258076631529340013e-05
1.242600491622044684e-05
1.208169490120948640e-05
1.200612415435874669e-05
1.170097768099725996e-05
1.159616335321901856e-05
1.152560190496307344e-05
1.145742716889472944e-05
1.112665576344548286e-05
1.103174716175644707e-05
1.088735685481608545e-05
1.065414005990338259e-05
1.043382013945883971e-05
1.016696991280454190e-05
1.000059720269361943e-05
9.867345170418127345e-06
9.761231776243205918e-06
9.665345356117028842e-06
9.563355123276127384e-06
9.398010127473328419e-06
9.223239329962243719e-06
9.018032669208325762e-06
8.850697803065130475e-06
8.830308162713996828e-06
8.618685898088008888e-06
8.409743998263494871e-06
8.315561322259687319e-06
8.247537570213182880e-06
8.125792452422984881e-06
8.044365365654853079e-06
7.865933273257257711e-06
7.746688621656818146e-06
7.673784828993029803e-06
7.329858293327471533e-06
7.200300521563071926e-06
7.086459830454032544e-06
6.906181069275864958e-06
6.830018943498073625e-06
6.723932783409300854e-06
6.619502447602166718e-06
6.530762403645148889e-06
6.411633951751600888e-06
6.248383646348270661e-06
6.092795760272135806e-06
5.949991900561585856e-06
5.730350557319410532e-06
5.698756594910359946e-06
5.577969941801605634e-06
5.522081640629070544e-06
5.445104599351022339e-06
5.364975235458505223e-06
5.196053277827872135e-06
5.058445171262228895e-06
4.982660597378703202e-06
4.874827971753926485e-06
4.748476710682464554e-06
4.660523674991333274e-06
4.563729381339908169e-06
4.477821625590158899e-06
4.374958400843367321e-06
4.227085679253960784e-06
4.164278728714507028e-06
4.111189657970782538e-06
4.047842132957801529e-06
3.999608300434248209e-06
3.927468460037031038e-06
3.790076442662612089e-06
3.683795493481856981e-06
3.611381615826467164e-06
3.553153200724447994e-06
3.496457154007196930e-06
3.417412577594766502e-06
3.356924189175139276e-06
3.298525219219993467e-06
3.245290877106857782e-06
3.124986961262853137e-06
3.036245395533436645e-06
2.957127399657141288e-06
2.927011069672021451e-06
2.888842614945709723e-06
2.820849759771898090e-06
2.783813396232453186e-06
2.708116201384745409e-06
2.653409612791027562e-06
2.542669719033552011e-06
2.480139997488237323e-06
2.414908749448089566e-06
2.353483485583847652e-06
2.303403331160177483e-06
2.243945133559529583e-06
2.190002378167064695e-06
2.115736675328099563e-06
2.050367882593711706e-06
2.002766338764331387e-06
1.952955949015841165e-06
1.852863086018061926e-06
1.828207226179182706e-06
1.792112186069995110e-06
1.720328174443405648e-06
1.673983934400334388e-06
1.621829145279809109e-06
1.586835808214472846e-06
1.520459970099774917e-06
1.486629769091173118e-06
1.472101156748402755e-06
1.403800757800304155e-06
1.344975911587474319e-06
1.243344586232660867e-06
1.223741155433494872e-06
1.186820865528377244e-06
1.168211141449073535e-06
1.154228754155717915e-06
1.071314524368610926e-06
1.051767523102683966e-06
9.953193080136499088e-07
9.664120266118961511e-07
9.469099694294334688e-07
9.273874312238776303e-07
8.373403640821904682e-07
8.073247154207245039e-07
7.746870625606495663e-07
7.424272128758606643e-07
7.166098922348191733e-07
6.601444941748636823e-07
6.300812454111228508e-07
5.931302943658129620e-07
5.755221435709906266e-07
4.772197831585634441e-07
4.636160388932990442e-07
4.246625287441651938e-07
3.717249217522206912e-07
3.569960101878914548e-07
3.383851846498293848e-07
2.788842641957975710e-07
2.257855343632611286e-07
1.784333780958754625e-07
1.730800032849841256e-07
1.602537667574940192e-07
1.137277461557704338e-07
8.983511411811945920e-08
8.376761539145711610e-08
4.725423514072839605e-08
2.827815146986128112e-08
1.491902670915960223e-08
2.556150274901828750e-09
1.468174570048217556e-20
-7.826480590006079097e-20
-2.206122873480605942e-08
-4.132866649493347931e-08
-6.810437492809986900e-08
-8.896514290379855610e-08
-1.041684239355297809e-07
-1.224020536691619776e-07
-1.552322334012981590e-07
-1.924069721455298040e-07
-2.315553881523388118e-07
-2.632048534988242700e-07
-2.844090523464528264e-07
-3.245663667250077930e-07
-3.541401950908550694e-07
-3.658039490026468040e-07
-3.937755842881345539e-07
-4.302696732281136812e-07
-4.610884632177684563e-07
-5.137338024432737911e-07
-5.813361536443172215e-07
-6.047898986416073456e-07
-6.362798645358868955e-07
-6.764245548459862467e-07
-7.670614178652116965e-07
-7.909401307653725213e-07
-8.595771106707234333e-07
-9.667854608407943234e-07
-1.035241891919544131e-06
-1.080468118475443235e-06
-1.131119650007842236e-06
-1.175892797546042607e-06
-1.187805297631536257e-06
-1.201475971067651495e-06
-1.277287122795933475e-06
-1.413786633247636883e-06
-1.482097143293872869e-06
-1.509675824977850934e-06
-1.544802672304682801e-06
-1.613254124847310669e-06
-1.723754788343497712e-06
-1.797576387825084580e-06
-1.880748391123709522e-06
-1.992761004751315048e-06
-2.029413199841060646e-06
-2.075829892384161317e-06
-2.162949688705300097e-06
-2.299834890561009957e-06
-2.317473443506159527e-06
-2.466635729585662014e-06
-2.638569132572304875e-06
-2.675135571840982153e-06
-2.769920432550253298e-06
-2.830087926591593062e-06
-2.929663824733754723e-06
-3.099950959399005934e-06
-3.160294333251803552e-06
-3.371117990202358754e-06
-3.492688809920294935e-06
-3.623027231760555620e-06
-3.884573827731158914e-06
-3.893452161587287406e-06
-4.070085226090996523e-06
-4.132132512044368423e-06
-4.237972833076342170e-06
-4.276706160293316040e-06
-4.426948214413866762e-06
-4.492842612200766702e-06
-4.578721271942809999e-06
-4.719227835009649321e-06
-4.866299605545591334e-06
-4.907114170849385520e-06
-5.027669346090036774e-06
-5.303313886939259040e-06
-5.490693970347897338e-06
-5.513941666934074902e-06
-5.658960131549227866e-06
-5.751596193732159371e-06
-5.924336758284493705e-06
-6.118464938224456560e-06
-6.163030721158487553e-06
-6.374118588102946449e-06
-6.711623210586386040e-06
-6.752714433493934453e-06
-7.024052367629469059e-06
-7.367658851021940390e-06
-7.561595537710730904e-06
-7.716813144199459102e-06
-7.874337750976673111e-06
-7.978352865311889535e-06
-8.124945080436002552e-06
-8.421780220774002847e-06
-8.772125192447202219e-06
-8.905805649738644054e-06
-9.120405661883993287e-06
-9.313124716744912231e-06
-9.782918268522820663e-06
-9.846333903338614889e-06
-1.019883495615692793e-05
-1.038528109955211604e-05
-1.068190865644490852e-05
-1.111255015124571773e-05
-1.135331370274519179e-05
-1.143344492663721040e-05
-1.177481156935941921e-05
-1.210909453535015834e-05
-1.242575512767909941e-05
-1.274841944593324810e-05
-1.291925089765430605e-05
-1.312256571301427248e-05
-1.359168325979384031e-05
-1.393514576098581906e-05
-1.413609401010835768e-05
-1.450016215581725353e-05
-1.478337782192854431e-05
-1.506413912124948873e-05
-1.554787681088028850e-05
-1.573151502000988733e-05
-1.622975564410950321e-05
-1.655217913923727799e-05
-1.734381349933355969e-05
-1.753867176127907348e-05
-1.809952860297157589e-05
-1.876536436418233385e-05
-1.896329441425426536e-05
-1.929028631175624180e-05
-1.961563580217718736e-05
-2.073776469016198946e-05
-2.078423947331191430e-05
-2.146021096116382910e-05
-2.213926936814877435e-05
-2.249000819513694829e-05
-2.294919501937281927e-05
-2.347484981069174233e-05
-2.351848980401059392e-05
-2.456523797045827295e-05
-2.500654211836684054e-05
-2.576217652310779180e-05
-2.674162864344146144e-05
-2.707905529325447833e-05
-2.783862380810948718e-05
-2.858974520617934390e-05
-2.907069753960553861e-05
-2.928573700785514405e-05
-2.959064518901553500e-05
-3.038342963784625554e-05
-3.139867597742808554e-05
-3.163308212610900060e-05
-3.241137202617933147e-05
-3.321405834286801656e-05
-3.421762351557222311e-05
-3.524216308837895516e-05
-3.646017281783457339e-05
-3.651098411057300856e-05
-3.697345253885561819e-05
-3.843665733492688315e-05
-3.856574070957656102e-05
-3.888734825390287016e-05
-4.032863481135267887e-05
-4.058880522105837440e-05
-4.095431079444377092e-05
-4.149993413948993315e-05
-4.221627123803545364e-05
-4.339623096546456376e-05
-4.422550727484869085e-05
-4.552214890219526361e-05
-4.696328590767851786e-05
-4.794571197338380928e-05
-4.854531937139727890e-05
-5.042659196538471866e-05
-5.148750892171155265e-05
-5.286075376652340607e-05
-5.395295278627677691e-05
-5.485508299901243701e-05
-5.612037572324708192e-05
-5.740389500469238708e-05
-5.896481424163576543e-05
-6.012950808060789321e-05
-6.142153246986589515e-05
-6.304039545288152031e-05
-6.371842132251798662e-05
-6.525371134523109853e-05
-6.762472498396035871e-05
-7.039367281838720101e-05
-7.190354218342117157e-05
-7.305688851592173963e-05
-7.486372496382068297e-05
-7.564816648419636104e-05
-7.679134587171981829e-05
-8.005366098894482643e-05
-8.315189053286108013e-05
-8.509740583984960283e-05
-8.780629079524537915e-05
-8.827405946792277582e-05
-8.916453561979295964e-05
-9.107620677572458780e-05
-9.233887074244802990e-05
-9.480515723697079654e-05
-9.708625166079654339e-05
-9.852778671036349395e-05
-1.012367551608560795e-04
-1.030491748176049269e-04
-1.054594781005696808e-04
-1.066392243853840188e-04
-1.079095468981488919e-04
-1.128630238925724976e-04
-1.170528033860448948e-04
-1.213138523511820074e-04
-1.230469945832790709e-04
-1.245355729018520700e-04
-1.265339708796902175e-04
-1.280613332993526957e-04
-1.335431643776355455e-04
-1.399997480295507080e-04
-1.412836362908846146e-04
-1.446120461597430646e-04
-1.474930828285024446e-04
-1.487982930024581867e-04
-1.550167652651050906e-04
-1.575657576156276770e-04
-1.619528209512582375e-04
-1.632605498969056854e-04
-1.675882122860371194e-04
-1.752803787001414927e-04
-1.780175252952263842e-04
-1.807671933671459164e-04
-1.854380971344940065e-04
-1.909533900696082321e-04
-1.960536217799348463e-04
-1.999687529335581870e-04
-2.038860443963627178e-04
-2.126896666330681468e-04
-2.176221672067972881e-04
-2.218964258493046765e-04
-2.308316354140607500e-04
-2.397020019447365299e-04
-2.470736092812178693e-04
-2.481514993759299879e-04
-2.596148731087429364e-04
-2.669329660381373408e-04
-2.741847211991755911e-04
-2.945198906037994522e-04
-3.004807158415094374e-04
-3.058450430886085918e-04
-3.069530872545059752e-04
-3.194200315140349267e-04
-3.246238911192281165e-04
-3.441123437338842799e-04
-3.471178357310498791e-04
-3.647391808574645760e-04
-3.879752005464760572e-04
-4.137203232157768049e-04
-4.310474403667774890e-04
-4.335077266464753805e-04
-4.507418038964406803e-04
-4.849577284082407869e-04
-5.176402946317996273e-04
-5.273907668794760228e-04
-5.684681475691952864e-04
-5.838766803611819892e-04
-6.106284463857665620e-04
-6.464416834661513905e-04
-7.210604451586249530e-04
-7.654243670821832355e-04
-8.117635797633547968e-04
-9.164959244131701700e-04
-9.916099965974923148e-04
-1.213251510129429410e-03
