2.032209634298655582e-04
1.849386294081981920e-04
1.760461737699209122e-04
1.733061179731279272e-04
1.717969527380378697e-04
1.692279960445319939e-04
1.626905215816396434e-04
1.606976141279649361e-04
1.544811170831170057e-04
1.533260431114923919e-04
1.493872715809669281e-04
1.455488951177479182e-04
1.450233500876795326e-04
1.398561652361383272e-04
1.377503270477691162e-04
1.317845450253156208e-04
1.297494634411065567e-04
1.256126470051178198e-04
1.244835708264441579e-04
1.220279483916499920e-04
1.189085791735472231e-04
1.173352057012091320e-04
1.150528088774499877e-04
1.108996809535116193e-04
1.077796195731295760e-04
1.059078539193935567e-04
1.040746318841668779e-04
1.016756999559491364e-04
1.013892752413310980e-04
9.924580527646367800e-05
9.843958977560266063e-05
9.787798012918892199e-05
9.582390694665314838e-05
9.402128269956765323e-05
9.320137625100629393e-05
9.071216670842360396e-05
8.980995108292502867e-05
8.817497512379773470e-05
8.623835515856093678e-05
8.575471201879851415e-05
8.478724781347553698e-05
8.418249529655343337e-05
8.282029000182163905e-05
8.252528132497611863e-05
8.138253237053616506e-05
8.063623318051835642e-05
7.967332691909943820e-05
7.799009988474587748e-05
7.730987577828984188e-05
7.704777373215006915e-05
7.627491797024535858e-05
7.537497797324169623e-05
7.403309616752727076e-05
7.398026107510220382e-05
7.226193195524494169e-05
7.224492953720047491e-05
7.064455893985031919e-05
6.984861923223062267e-05
6.902285303798095487e-05
6.833136754306781929e-05
6.683902595110933218e-05
6.635702872507262887e-05
6.603862757604909148e-05
6.527808315221850319e-05
6.457966663890596240e-05
6.331078347479352116e-05
6.315651261843412709e-05
6.186792956464651173e-05
6.141083563450299636e-05
6.089003590919835936e-05
5.977192156369480231e-05
5.911307794953392749e-05
5.852893431132395887e-05
5.760325630210570258e-05
5.713568428940331311e-05
5.672168159996835525e-05
5.623870897988102820e-05
5.575417292742132638e-05
5.436953193571762878e-05
5.426643549219912452e-05
5.347445221814676233e-05
5.332542276515500504e-05
5.289406991029531817e-05
5.207223976803838960e-05
5.167143067798505597e-05
5.062690293577041617e-05
5.044892090809479903e-05
4.973663834224073982e-05
4.951559213242268695e-05
4.876187580191862714e-05
4.855745820875291883e-05
4.818353481734528616e-05
4.752959385713441886e-05
4.681771426736132396e-05
4.630194468948308265e-05
4.607579189844851014e-05
4.572452383555781444e-05
4.550167628451020100e-05
4.433352821178396111e-05
4.418830772080533026e-05
4.371931082132276717e-05
4.362832112712417633e-05
4.349009551177334114e-05
4.297270591251271040e-05
4.248713591812837740e-05
4.154873761201887067e-05
4.129875127023838524e-05
4.081315181506011330e-05
3.982726122670223986e-05
3.955128517655615152e-05
3.901325733431755869e-05
3.889117923616637937e-05
3.866918241378606045e-05
3.823551523348725885e-05
3.809996553476389919e-05
3.779967606657732936e-05
3.729769389211361403e-05
3.690987867438262507e-05
3.674403426744753489e-05
3.626724527884298238e-05
3.608032013633792395e-05
3.553557988491851680e-05
3.511417404544982848e-05
3.475834900803467293e-05
3.468383083279438805e-05
3.428337260627273042e-05
3.412524218104741547e-05
3.393649760149715193e-05
3.366376110175037603e-05
3.338100565444430414e-05
3.266667318481219730e-05
3.207939406983886273e-05
3.191254366612658529e-05
3.170634643252027545e-05
3.158886058160923280e-05
3.146635326246126200e-05
3.102431289688417681e-05
3.080229759280103609e-05
3.037975335138060827e-05
3.007168226895289264e-05
3.001279345147700670e-05
2.962241690619553549e-05
2.917762321362092956e-05
2.903928119213419745e-05
2.869502941094531024e-05
2.853947791514157618e-05
2.827085054049708083e-05
2.799793293842806578e-05
2.787179857113753582e-05
2.763721798110941311e-05
2.750044806121522675e-05
2.717110070881878801e-05
2.707557110866739783e-05
2.686789390315089075e-05
2.669520835973983940e-05
2.627582915606688717e-05
2.621194244389095376e-05
2.579427413928692139e-05
2.548470655587145659e-05
2.525193965107080216e-05
2.505808961510060462e-05
2.447238921569579103e-05
2.432677094145430877e-05
2.408412730512343874e-05
2.385411468763469326e-05
2.367706306438572495e-05
2.347021088262347434e-05
2.332372278549170257e-05
2.301211239461877466e-05
2.290287794223448451e-05
2.255466043326182822e-05
2.227655319254501310e-05
2.219505187372714953e-05
2.187379773659991781e-05
2.168817700418672180e-05
2.146171360069814156e-05
2.123312752733418378e-05
2.113503793184903082e-05
2.091516881152692028e-05
2.071961571109931941e-05
2.055982952277097978e-05
2.036490084371007982e-05
2.032405498315333902e-05
2.007103236837517321e-05
2.000727832242078796e-05
1.986297917879214001e-05
1.982481071807602421e-05
1.947338983269978658e-05
1.925753502643741169e-05
1.908918581424622879e-05
1.891350520126850433e-05
1.880136958746430280e-05
1.856157158171575599e-05
1.847656142640167307e-05
1.830498503990844253e-05
1.814787080025386624e-05
1.779296621708459773e-05
1.775686807736367816e-05
1.768404923690060343e-05
1.742370621225402923e-05
1.725701051528269665e-05
1.721232931498263929e-05
1.685862950300564782e-05
1.655261579429092198e-05
1.639160452979269633e-05
1.628768292949646395e-05
1.619231763600183466e-05
1.613095473187431801e-05
1.595958731780962469e-05
1.567982108722625959e-05
1.554564713688520424e-05
1.552099977248458135e-05
1.531068895126491808e-05
1.514729646104925283e-05
1.508396122515811836e-05
1.489672751829620584e-05
1.460475067517615683e-05
1.457253603801391029e-05
1.445168768627748340e-05
1.442796050309855668e-05
1.431937196222785208e-05
1.421307511665594683e-05
1.417107487602161423e-05
1.405711129268029148e-05
1.386565757721908997e-05
1.382611284376232008e-05
1.376757940343013524e-05
1.365637059738727213e-05
1.349913074115993558e-05
1.343741834401331105e-05
1.324873727194352449e-05
1.313434882550015025e-05
1.300018293339205120e-05
1.279419402988954011e-05
1.273930205137142064e-05
1.251927363647515606e-05
1.243657655298451077e-05
1.233587418782675284e-05
1.231319224899211693e-05
1.222175610906308485e-05
1.202485368050493027e-05
1.191424674988617885e-05
1.189274287678835958e-05
1.175250322357439005e-05
1.142558476210948570e-05
1.127368930060932659e-05
1.126809739270917370e-05
1.119293644981626659e-05
1.104904380608022364e-05
1.095451001754161078e-05
1.087925783573464926e-05
1.076502112710857643e-05
1.071182985689672453e-05
1.057602844188297190e-05
1.049417974419180515e-05
1.039707582446545596e-05
1.029230778829099943e-05
1.011258644630627158e-05
1.002339187441113920e-05
9.973016079555145017e-06
9.938605856192512885e-06
9.820493234013103658e-06
9.741382170988239201e-06
9.706809971460672240e-06
9.640420600648945222e-06
9.581010576668269688e-06
9.454570195866083204e-06
9.424254718464118133e-06
9.328805316326773198e-06
9.270885216588650827e-06
9.189914728732551309e-06
9.089321991485431400e-06
8.978740097376996767e-06
8.952600920165076985e-06
8.710300846533426789e-06
8.687764019755371371e-06
8.593098843307474737e-06
8.521217255441949031e-06
8.448490868096037438e-06
8.362705504307035945e-06
8.315345754439279320e-06
8.185281895556362027e-06
8.129296731509548269e-06
8.046211153925592974e-06
7.931735224985287880e-06
7.850897893876645600e-06
7.706001418563636322e-06
7.679090654017692896e-06
7.638817966798906845e-06
7.590709198622624833e-06
7.526765127125566603e-06
7.455536072279342580e-06
7.408358805991497426e-06
7.351136690906323259e-06
7.113340178255978431e-06
7.013663447228150378e-06
6.917464945462353406e-06
6.841503692272287109e-06
6.789396369456330972e-06
6.758863581701760570e-06
6.668341582225113858e-06
6.630235788041638735e-06
6.606935213692309621e-06
6.534622755758399142e-06
6.531417258994615285e-06
6.467188445020584602e-06
6.402077283338531059e-06
6.295013471353100220e-06
6.287957102156929167e-06
6.240322687950549714e-06
6.213881494326199078e-06
6.195698183076609582e-06
6.161619005573684216e-06
6.050128019724676490e-06
6.021012043058110901e-06
5.972799941674354599e-06
5.906492654461257658e-06
5.825642473054470131e-06
5.809810324896507738e-06
5.682336588854621466e-06
5.626678545814808689e-06
5.546156496866586804e-06
5.467306678825867313e-06
5.455772591671973814e-06
5.431216672898995986e-06
5.406859773404659337e-06
5.321998671109727169e-06
5.319550582371069416e-06
5.249060405091289512e-06
5.200405504404451311e-06
5.164836205794435612e-06
5.074276970569091745e-06
4.913137918453101778e-06
4.871604601907526493e-06
4.807203061285996750e-06
4.777630530042228196e-06
4.768118732346139070e-06
4.665642068679824817e-06
4.601507544069422139e-06
4.567315979655769444e-06
4.546410181855489492e-06
4.515381357987296551e-06
4.473081175363026890e-06
4.437215828423029302e-06
4.400440033877072226e-06
4.315127064701919592e-06
4.282772955167750786e-06
4.238060533223437135e-06
4.201626155885253449e-06
4.139146466644964444e-06
4.100417509021044153e-06
4.085468278869976120e-06
4.053823413079985492e-06
4.031301726946554621e-06
3.958402756926404508e-06
3.941809366141727658e-06
3.878956709324259485e-06
3.833728146025646950e-06
3.822776746537359592e-06
3.790138094649076951e-06
3.777919155854540619e-06
3.737285064181661692e-06
3.723799988384685719e-06
3.691317128146838674e-06
3.636262366131606352e-06
3.580250669789555766e-06
3.518866706195311847e-06
3.508659433313003749e-06
3.429050837612221633e-06
3.385132220798158707e-06
3.381433554332327758e-06
3.368658451043320001e-06
3.337077383108061080e-06
3.235084180707840397e-06
3.221718474524819810e-06
3.187291706420495262e-06
3.166418232298093704e-06
3.161070466772883596e-06
3.110501160344900897e-06
3.079363441330330093e-06
3.032928955855813194e-06
3.009567187283622241e-06
2.978649189745743666e-06
2.965486958018688237e-06
2.946560482743751140e-06
2.879240501947606844e-06
2.832488608437117024e-06
2.822494436295373321e-06
2.800010030813787798e-06
2.793789378028146533e-06
2.718657021572158646e-06
2.713248015605395966e-06
2.685675614355372484e-06
2.633527394343417989e-06
2.606945196763670530e-06
2.585734545922439555e-06
2.567957799587683883e-06
2.547977956367356151e-06
2.536727290243972906e-06
2.514457610780073289e-06
2.510042912174857588e-06
2.481844611692472137e-06
2.463202618493913754e-06
2.436795230866088612e-06
2.403526879355440155e-06
2.393380967378845143e-06
2.349461418127913547e-06
2.331604910797812356e-06
2.322615710569997723e-06
2.299601182314790714e-06
2.266702653121435332e-06
2.246404923794389389e-06
2.228545541315864785e-06
2.224556667734936914e-06
2.203894040087650295e-06
2.184355475187642100e-06
2.130254147056767264e-06
2.108992927949906281e-06
2.095792351879521114e-06
2.064788100573168711e-06
2.055136374624745291e-06
2.044209546080361781e-06
2.040667050837297906e-06
1.994832735866904126e-06
1.986580814340919995e-06
1.972103064784266358e-06
1.953554882354732575e-06
1.926487643906934972e-06
1.909394215133455299e-06
1.885354098696788275e-06
1.870862760560248309e-06
1.844268549267136630e-06
1.815906052849639041e-06
1.795705819111445665e-06
1.773451140699085350e-06
1.756814361809863405e-06
1.751648905621020142e-06
1.748082610518441403e-06
1.689113834000812358e-06
1.680480677426474463e-06
1.669739064890936691e-06
1.658217454281090276e-06
1.635538340719798229e-06
1.610108697677853304e-06
1.594268966380513037e-06
1.581065526924547558e-06
1.547992206896097478e-06
1.540645553810348463e-06
1.532229941443786820e-06
1.505562490037776316e-06
1.479078710126201569e-06
1.462644946328866440e-06
1.439994613396789008e-06
1.411971672147697493e-06
1.401421824897286576e-06
1.388276017310806927e-06
1.369009031276095240e-06
1.362002582154383497e-06
1.332370363064931539e-06
1.323935866519160490e-06
1.316280637281626980e-06
1.287845255390661893e-06
1.264467547852496139e-06
1.253877284337753061e-06
1.244705560417417804e-06
1.238004952285569123e-06
1.221553321559181353e-06
1.208805213637154841e-06
1.196949169632098427e-06
1.190642156810782172e-06
1.173389260073570810e-06
1.127035533426392582e-06
1.118129900841702544e-06
1.109934642580867922e-06
1.105102599314610292e-06
1.094476824577554561e-06
1.085965755862878005e-06
1.075433321295078504e-06
1.059474322552868574e-06
1.049076916077118913e-06
1.034973740381842317e-06
1.028837068866210619e-06
1.005401809002817907e-06
9.882838026335899953e-07
9.676432932430468749e-07
9.547828557726661121e-07
9.458057059024433620e-07
9.352109586562835650e-07
9.232032266991678459e-07
9.147871389634993905e-07
9.067170712910840618e-07
8.930210510144960023e-07
8.698288412698852692e-07
8.621358882974193427e-07
8.385300767779184894e-07
8.339436530041061294e-07
8.172782958529858212e-07
8.069050270910766653e-07
8.001922576007876072e-07
7.916913697825311834e-07
7.856456462583090823e-07
7.783553642562283210e-07
7.650155592272599864e-07
7.479075383958821239e-07
7.401038587939316400e-07
7.243706214851633694e-07
7.140570106663052159e-07
6.989690144910053472e-07
6.846476960476558600e-07
6.815341156608193583e-07
6.584876360247284550e-07
6.548511295836728644e-07
6.516826023367366099e-07
6.267968041360371191e-07
6.186462055209125526e-07
6.116927082501077823e-07
6.073334499333374423e-07
5.991793849594382276e-07
5.840863721233718900e-07
5.764480170630697656e-07
5.665188111185109685e-07
5.585874803356482851e-07
5.554252388837398367e-07
5.476417170123776730e-07
5.360219345958355653e-07
5.257236545344254246e-07
5.186370649462914257e-07
5.124376454596736980e-07
5.032991115277191730e-07
4.928594153258847326e-07
4.826849484073352664e-07
4.771477414432040792e-07
4.660063846837022714e-07
4.624278616014839874e-07
4.504961789336487596e-07
4.486206297783900937e-07
4.433929685320611733e-07
4.367819457516024423e-07
4.247125271780681937e-07
4.213891277767861753e-07
4.163522206011578104e-07
4.054738238264765047e-07
3.993179175839247337e-07
3.915616736141927760e-07
3.859262213959220115e-07
3.746022713947575993e-07
3.705845648489347606e-07
3.658584781461415124e-07
3.580319774696689782e-07
3.515985392725741893e-07
3.395319864830386713e-07
3.360829497992398340e-07
3.332886640360954748e-07
3.158902182547038677e-07
3.128542294496307512e-07
3.111710711139225105e-07
3.013524655838654520e-07
2.920319253163564792e-07
2.837976838917336282e-07
2.751783121322869829e-07
2.714819445376806900e-07
2.683049544526512419e-07
2.640143708942284747e-07
2.606282635136779666e-07
2.547585441659308943e-07
2.457518829751464006e-07
2.416747260692646474e-07
2.362237757998102939e-07
2.304912725211027190e-07
2.189004382052142277e-07
2.157359575682657717e-07
2.022374678480506967e-07
1.998194044512105936e-07
1.929899432806408500e-07
1.916895349593818306e-07
1.856107195969324339e-07
1.794913823528937368e-07
1.757375854671962539e-07
1.706374327947121986e-07
1.626466325359190451e-07
1.555030691942309000e-07
1.510947432411933843e-07
1.449721735815018842e-07
1.437733545905358993e-07
1.356616077961707276e-07
1.316152454836826463e-07
1.291400803103201843e-07
1.246056885251872452e-07
1.156975333372449981e-07
1.085778607832876990e-07
1.060239051750524841e-07
1.002789290314484950e-07
9.391485100914024621e-08
8.515391462091963455e-08
7.976247569666522226e-08
7.213042496403592521e-08
6.524886211914470637e-08
6.155532176118614221e-08
5.972047999149074892e-08
4.756557842434348388e-08
4.498463005616927928e-08
3.391905528555118653e-08
3.299850839000533417e-08
2.663213695405305232e-08
2.288266503787161690e-08
1.779252857676032217e-08
1.588972245323464384e-08
1.174246850149691300e-08
8.576659858837838775e-09
6.857254113166295577e-09
5.514889260992284395e-09
2.322556377984767889e-09
8.895505659777198619e-10
1.992534648588297245e-21
-3.754558462236287080e-22
-7.038088721942403016e-10
-3.293543503664073928e-09
-4.401193934221289722e-09
-4.731694264998795314e-09
-5.314298747557782904e-09
-8.310969392712959951e-09
-8.637325619706619636e-09
-1.106014497586296337e-08
-1.134015648744474286e-08
-1.310839513840433572e-08
-1.462222295964473828e-08
-1.527071916145997580e-08
-1.744828944579666741e-08
-2.083028016449556372e-08
-2.404263913682877225e-08
-2.653644943635582655e-08
-2.934684935878415067e-08
-3.228655401319435792e-08
-3.385247848274986928e-08
-3.654036405303288357e-08
-3.919322238215044531e-08
-4.257031108827739647e-08
-4.555247075394574106e-08
-4.588230098227131603e-08
-4.702944606209607174e-08
-5.409470002617612319e-08
-5.647875467407545014e-08
-5.868218564135219671e-08
-6.365970597806984835e-08
-7.631721276394715043e-08
-7.949203468297791093e-08
-8.720027091791989054e-08
-1.038872874036431530e-07
-1.120591068224513879e-07
-1.314088912295749766e-07
-1.414990800154546598e-07
-1.541097445299814669e-07
-1.967896813082298746e-07
-2.045499937070574602e-07
-2.383378908134555003e-07
-2.394739810479249667e-07
-2.861535160765794022e-07
-3.539079171904313088e-07
-3.803109931824634412e-07
-4.444406961056789124e-07
-6.050498193753343942e-07
-6.092832871687340181e-07
-7.775147697354565464e-07
-1.133587941707629559e-06
-1.200482354200442435e-06
-1.471069746957463526e-06
-1.722087281826838961e-06
-3.081787410118085437e-06
-4.453118110413710824e-06
-4.894107793952305666e-06
-6.432719803071802341e-06
-6.549781473837601639e-06
-7.617473956692259157e-06
-8.088664730118249097e-06
-1.150375625981804379e-05
-1.779744050520987690e-05
