1.632169768752806359e-03
1.195184002673380357e-03
1.047875833935682207e-03
9.779414047718295189e-04
8.866452550004799661e-04
8.572162637907103583e-04
7.736406979731020846e-04
7.166728883499217393e-04
7.013932400659563969e-04
6.771935633969061469e-04
6.632128441051384805e-04
6.021758300587808652e-04
5.781043875324167131e-04
5.423012898026589998e-04
5.173785134916392700e-04
4.956477958632420555e-04
4.818561748704423614e-04
4.660618594557311748e-04
4.463764085480196979e-04
4.416515249050323531e-04
4.197314662967593533e-04
3.995631496091742478e-04
3.908965139335370638e-04
3.712741818976771470e-04
3.578220397918436386e-04
3.505465007368479017e-04
3.390996207531325854e-04
3.356941689514093287e-04
3.202242965823290919e-04
3.152828803671355365e-04
3.114793440802133542e-04
2.927699193791385361e-04
2.871285208485333494e-04
2.673251770886493606e-04
2.621106642145054145e-04
2.571515626866606170e-04
2.502928792816246106e-04
2.436604607516097796e-04
2.364255036737824916e-04
2.343561206178132537e-04
2.252086955891084100e-04
2.183178450882023152e-04
2.110987392994612805e-04
2.069436354628933659e-04
2.046597638487122482e-04
2.021219143682392307e-04
1.931716357255947904e-04
1.849691663603083658e-04
1.839916928636094976e-04
1.779098093117213383e-04
1.756807357217702074e-04
1.695550520383357974e-04
1.688225087878441623e-04
1.643319954943476093e-04
1.562215668145614672e-04
1.537401422327785625e-04
1.502379587767753444e-04
1.442567347964510301e-04
1.422421036556654832e-04
1.389303706697559565e-04
1.366518076481261154e-04
1.341787340458108042e-04
1.329503407087889602e-04
1.301501837046184311e-04
1.285080846908365887e-04
1.249693519027865896e-04
1.194442678243722483e-04
1.163966010940263482e-04
1.145493097800517391e-04
1.106786853589115092e-04
1.080289869730393374e-04
1.062540386031951063e-04
1.019564027010336633e-04
1.005027219981215344e-04
9.936300423799660853e-05
9.810944089297876105e-05
9.668482781741795156e-05
9.278699837696862405e-05
9.147177470586429784e-05
8.805584932286421816e-05
8.800735941734649749e-05
8.658855536993323367e-05
8.545447249812261712e-05
8.027329625208045260e-05
7.972124526605553030e-05
7.655729571658398413e-05
7.521318504154100881e-05
7.413340796897261321e-05
7.301217975293047477e-05
7.085383858884739103e-05
6.928238375513932478e-05
6.870178683785338198e-05
6.763878230003642837e-05
6.716013196236378011e-05
6.477689421692014711e-05
6.470249243059944858e-05
6.247461422850728821e-05
6.155375968345669694e-05
5.931798420010964303e-05
5.854201035189588424e-05
5.835281866427209462e-05
5.634825348364019560e-05
5.498433268260189262e-05
5.420955420950374445e-05
5.393296834500951555e-05
5.318617318195459847e-05
5.212153094696246662e-05
4.933426231964087511e-05
4.855074883802337678e-05
4.636118509821291953e-05
4.517148228727567287e-05
4.398116493890762255e-05
4.310183582306682457e-05
4.296560313758013516e-05
4.188633486711615140e-05
4.121837852160938542e-05
3.998937636413426124e-05
3.901596964480398934e-05
3.879314739407585966e-05
3.791457852838453046e-05
3.627134012637684367e-05
3.578693519126187951e-05
3.512116166990558990e-05
3.412503365718795389e-05
3.341585789078384093e-05
3.233026087764760638e-05
3.191012938710538406e-05
3.159523858527353828e-05
3.111751973433385171e-05
3.022853703556334056e-05
2.967959477178340740e-05
2.957043320061173480e-05
2.865551439197742744e-05
2.791533068917606092e-05
2.734927874477870196e-05
2.646561866590612766e-05
2.594116135857961250e-05
2.547238646061067080e-05
2.458868287638639428e-05
2.424573954204343784e-05
2.400010021399913445e-05
2.321754860102161677e-05
2.259418517272207316e-05
2.206225122664889963e-05
2.168161567751211366e-05
2.100225957346147314e-05
2.042446514644747168e-05
2.019751717287585091e-05
1.983504301438312762e-05
1.920530893100081998e-05
1.895812487611703268e-05
1.844104653150450176e-05
1.815253205063211640e-05
1.788669659587686526e-05
1.726920451909677410e-05
1.668967424526399658e-05
1.656474886510886967e-05
1.611181637124002694e-05
1.576654672621949084e-05
1.549375462154953573e-05
1.499027702104330185e-05
1.448350650568252951e-05
1.427920571656934547e-05
1.398581173306984389e-05
1.354871833582698336e-05
1.330001414852709484e-05
1.289866132351481418e-05
1.269407119108483071e-05
1.255380194640426347e-05
1.216167079064560013e-05
1.172961790285189686e-05
1.152275892793932291e-05
1.142590140506416027e-05
1.120296096619440274e-05
1.044801140676371608e-05
1.035119136183857913e-05
1.008050317079277005e-05
9.936153493815056193e-06
9.544689643211375465e-06
9.301881266921284124e-06
9.240537336778900789e-06
8.778597309017899909e-06
8.585585173929283142e-06
8.466568500144705463e-06
8.196195244551238545e-06
7.988239330569868698e-06
7.812769338880976442e-06
7.656860436885182849e-06
7.625132655985424191e-06
7.369740050617776860e-06
7.075629306023161131e-06
7.047620408862413793e-06
6.897193861170547833e-06
6.585394585218210754e-06
6.344742656386952756e-06
6.064383006922025317e-06
6.043630263551941301e-06
5.891657555580426086e-06
5.780415693506572953e-06
5.581781260190371359e-06
5.476134069081950217e-06
5.272530806602491217e-06
5.087226943381388636e-06
4.858783660309419849e-06
4.756469330954925919e-06
4.674687827734044150e-06
4.638512279465847691e-06
4.492975969874303574e-06
4.468554822199244698e-06
4.271342708130892425e-06
4.240609680095187091e-06
4.171767336029640764e-06
4.089433736584369464e-06
3.835059577443734447e-06
3.688205660957626118e-06
3.575559310185499483e-06
3.541587470026105739e-06
3.407980851894770365e-06
3.329914563061221079e-06
3.102341022022765996e-06
2.984850508890857201e-06
2.899777473698614651e-06
2.823498229409837718e-06
2.713202976705162464e-06
2.701053161519629396e-06
2.542497330759429053e-06
2.411280757046445433e-06
2.351552013652711261e-06
2.276530721976867520e-06
2.222667812067935471e-06
2.106518579147277244e-06
2.010686596200476765e-06
1.934865123998840843e-06
1.899234300708410792e-06
1.766429802000043456e-06
1.740764103014657309e-06
1.627327051378307199e-06
1.600292820212292454e-06
1.555793458893852039e-06
1.477597165452417273e-06
1.406800095420525016e-06
1.355286786659411016e-06
1.278529058078396789e-06
1.223463822526769226e-06
1.137614648359708323e-06
1.086415060188214622e-06
1.003866416218906531e-06
9.937091121870228933e-07
9.751406974918893133e-07
9.200012621406976829e-07
8.221898629832194419e-07
8.001185757337446328e-07
7.242354201116622768e-07
6.709968748414426382e-07
6.464606716061723841e-07
6.310157171311818153e-07
5.474618508484067759e-07
5.186626617817211796e-07
4.392650467005370814e-07
3.872143700939511023e-07
3.794911261305450623e-07
3.358302752745648317e-07
3.273431670631966703e-07
2.987076097093435212e-07
2.907161030189869818e-07
2.178547803163484725e-07
2.111700726061149403e-07
1.651765762358827620e-07
1.358101654934291829e-07
1.097058254067500556e-07
8.579438997220058289e-08
3.350722679056561770e-08
2.370581523234432166e-08
5.513458536156338415e-09
1.475860622803002860e-20
-4.983812927648249032e-21
-1.057650982931427201e-08
-2.106191166802375540e-08
-3.701815715483950353e-08
-7.598513336838461566e-08
-8.078359252819389673e-08
-1.162436559271839935e-07
-1.379614871915291247e-07
-1.539808563259588596e-07
-1.919449452948190833e-07
-2.298637024345787012e-07
-2.557054510265175515e-07
-3.307821117718692379e-07
-3.469154678864415322e-07
-3.583993496850311735e-07
-3.784453568455166451e-07
-4.283548182322745409e-07
-4.536434730312278049e-07
-5.221701638456407747e-07
-5.492294312344904861e-07
-6.072964626266144030e-07
-6.320168069325712296e-07
-7.148178421558762421e-07
-7.304273354710549048e-07
-7.587038442955443061e-07
-7.976388669590211353e-07
-8.211994201276700817e-07
-8.781140443358562116e-07
-8.999719420302021592e-07
-9.449990044857297119e-07
-9.913032076977154672e-07
-1.007150425815225294e-06
-1.056683141004333336e-06
-1.107593677600746502e-06
-1.143973387882917813e-06
-1.196289295730992515e-06
-1.221931600975728557e-06
-1.243499893441587888e-06
-1.308338516461996960e-06
-1.364830529371110055e-06
-1.410398785059936491e-06
-1.466077313256586612e-06
-1.495152104253846457e-06
-1.544914490301263007e-06
-1.564148346177265383e-06
-1.579106367452728271e-06
-1.645478316727992069e-06
-1.707069384509779409e-06
-1.819428996122356707e-06
-1.827989322240832353e-06
-1.915294102879257148e-06
-1.939015216462149347e-06
-2.019381317665656492e-06
-2.038672685879513672e-06
-2.070774588167963113e-06
-2.148229722256910662e-06
-2.187825539794341610e-06
-2.307260072701223768e-06
-2.376275716549739647e-06
-2.395677282428190570e-06
-2.504089219188360908e-06
-2.577743375220374057e-06
-2.692860384548297507e-06
-2.754839829832670477e-06
-2.761905707749490994e-06
-2.794562613096154870e-06
-2.883254421649219556e-06
-2.920522918132582414e-06
-2.975347734967739652e-06
-3.081469013914575133e-06
-3.132605126797557375e-06
-3.187241487737511579e-06
-3.246339732878729633e-06
-3.328449045915320855e-06
-3.377411289533806757e-06
-3.454334570004745446e-06
-3.590534390344872635e-06
-3.640678747772343085e-06
-3.707537276983997946e-06
-3.807726803318201387e-06
-3.889451580125087176e-06
-3.961460908967951311e-06
-4.040333638829604752e-06
-4.114635422010010573e-06
-4.136348609502168712e-06
-4.353661311444676495e-06
-4.415035787095180653e-06
-4.490729982647079563e-06
-4.556971956631538524e-06
-4.653659350477669984e-06
-4.806311105110792744e-06
-4.931233737745764430e-06
-4.994242578395320917e-06
-5.048406662283629454e-06
-5.202762977988211563e-06
-5.231817418595854548e-06
-5.337704723421046557e-06
-5.513588548496705620e-06
-5.633491903174842314e-06
-5.682257464637120045e-06
-5.802637504341943631e-06
-5.913526336082296911e-06
-6.027697963496094735e-06
-6.232796467191749474e-06
-6.453864399957062823e-06
-6.494979122652095872e-06
-6.611058351952332180e-06
-6.824860963269992210e-06
-6.848790759346810453e-06
-6.897929739831681369e-06
-6.965095464755809282e-06
-7.350280347104818342e-06
-7.398948169861881579e-06
-7.478116819859675495e-06
-7.561243501819416136e-06
-7.759880588847322118e-06
-7.930310383188701349e-06
-8.110279744288055880e-06
-8.129894741294348351e-06
-8.282408139050713219e-06
-8.467569385561913450e-06
-8.576774595333166060e-06
-8.639690776691367823e-06
-8.819851137089415474e-06
-9.003548953956810408e-06
-9.297709283627939239e-06
-9.337468392042026040e-06
-9.402493886738757815e-06
-9.596717193536290398e-06
-9.781576929733855086e-06
-9.908185306192429068e-06
-1.000079316847993546e-05
-1.016046725940050120e-05
-1.042227287441301983e-05
-1.071419109740525704e-05
-1.082023194434675497e-05
-1.090764889923783754e-05
-1.114694555192805389e-05
-1.117204377548520759e-05
-1.141279604617932077e-05
-1.154406958274846809e-05
-1.173532348594408478e-05
-1.211407175407340262e-05
-1.225026688158183612e-05
-1.235327139179536737e-05
-1.241464532999254316e-05
-1.256531414351017806e-05
-1.275244783402405463e-05
-1.302841445521009391e-05
-1.308101992836075903e-05
-1.347449402808098339e-05
-1.360864835904004286e-05
-1.375951265057798064e-05
-1.393397985171519628e-05
-1.402984394108761620e-05
-1.411679381021433860e-05
-1.453439859331536011e-05
-1.493544492303232255e-05
-1.523005930216836649e-05
-1.533362814889981842e-05
-1.556509748169155320e-05
-1.569544138396488105e-05
-1.621070476567911702e-05
-1.639311287423670814e-05
-1.658187468623622084e-05
-1.683491215718654663e-05
-1.714046468871877719e-05
-1.738097936704974150e-05
-1.760990218447509658e-05
-1.787954164356508877e-05
-1.821800909091758787e-05
-1.851224865204182592e-05
-1.894662352485031032e-05
-1.938395453650133813e-05
-1.973007796777653821e-05
-2.004266984510364566e-05
-2.022204745565057507e-05
-2.051399065385655984e-05
-2.070531957083040256e-05
-2.099132667303015836e-05
-2.167553980126810212e-05
-2.213320851093542916e-05
-2.222269915067458164e-05
-2.248603773950808016e-05
-2.290438364085003778e-05
-2.309851478728462972e-05
-2.331028302947624808e-05
-2.337829783733336077e-05
-2.371237566534593704e-05
-2.422188545175746850e-05
-2.452329296751103521e-05
-2.478300232300804066e-05
-2.510644247905725638e-05
-2.532706579438456857e-05
-2.625174115369268517e-05
-2.636392512116228821e-05
-2.680064744539274350e-05
-2.721718412916390213e-05
-2.769244972711691071e-05
-2.773544647802206930e-05
-2.843063992262310447e-05
-2.886271037716017443e-05
-2.957676934073331078e-05
-2.964010791325249585e-05
-2.982380932392805404e-05
-3.015792562947021025e-05
-3.044690148953715656e-05
-3.147234771166544279e-05
-3.168206243652062708e-05
-3.238857560819945322e-05
-3.254799738910563059e-05
-3.324089660046863372e-05
-3.372744348306758167e-05
-3.469855845415177685e-05
-3.485132418888487967e-05
-3.518959637595819780e-05
-3.557703933486745047e-05
-3.639763009428536580e-05
-3.696637937263095734e-05
-3.758173219669152024e-05
-3.789413188877471572e-05
-3.848309104590016613e-05
-3.939137184192919867e-05
-4.010227471847422975e-05
-4.020016942991732234e-05
-4.093573656029168823e-05
-4.172143659050530089e-05
-4.273474437806083304e-05
-4.297798399911425128e-05
-4.321268297600279831e-05
-4.423497773245407838e-05
-4.468699888511792916e-05
-4.506503908342822861e-05
-4.565438889969066302e-05
-4.674764158295399176e-05
-4.712544223929932609e-05
-4.789263030425463266e-05
-4.854610658093821334e-05
-4.896154452436881309e-05
-4.931506003627361890e-05
-4.963468659805729164e-05
-5.073960371225101087e-05
-5.111275279618326055e-05
-5.195604850000432116e-05
-5.303129944288255946e-05
-5.424202261980743507e-05
-5.517046785035762557e-05
-5.536049620774473925e-05
-5.660524624956642375e-05
-5.662045868667564736e-05
-5.782177920712353524e-05
-5.876818240168285259e-05
-5.967773171152882206e-05
-5.990588177227092572e-05
-6.012094493318818791e-05
-6.206752485564015107e-05
-6.309390474192389030e-05
-6.368924593087376231e-05
-6.462843001411061497e-05
-6.527608078607606058e-05
-6.733651263684992843e-05
-6.811189740414265426e-05
-6.872543164892946682e-05
-7.076882947420251027e-05
-7.108412416130894596e-05
-7.214252512931102206e-05
-7.296381585751987445e-05
-7.403357184928565792e-05
-7.498876874711760674e-05
-7.607702716457891915e-05
-7.649924413469093873e-05
-7.792611662206337794e-05
-7.862651552755775194e-05
-7.966934182365935618e-05
-8.026217663674391255e-05
-8.110541869612706201e-05
-8.234638748197326593e-05
-8.325002948311509092e-05
-8.518380950252451580e-05
-8.685980521631250773e-05
-8.758101538075450476e-05
-8.933499544469593345e-05
-8.988341535215758167e-05
-9.159963330754585203e-05
-9.295115236728106255e-05
-9.364855321995660224e-05
-9.724698959504673296e-05
-9.902965678808197270e-05
-9.941895761773778136e-05
-1.008782811601756455e-04
-1.012082758182593291e-04
-1.045393495001159512e-04
-1.051680153971914225e-04
-1.069962358089482585e-04
-1.073263138624407933e-04
-1.083730883797164556e-04
-1.116171358305322996e-04
-1.131762333100490167e-04
-1.147023089516113244e-04
-1.159896864153498158e-04
-1.169534908392396718e-04
-1.181307404491705604e-04
-1.210942033005328377e-04
-1.220981067807768838e-04
-1.275021014670414611e-04
-1.282781389841171642e-04
-1.299818477905635152e-04
-1.328524489859033418e-04
-1.345678398852279492e-04
-1.359043169442049630e-04
-1.373751263177964651e-04
-1.381210671696213202e-04
-1.391548836982178761e-04
-1.418868772028447081e-04
-1.442186066965345031e-04
-1.459670236985408716e-04
-1.496940224246993522e-04
-1.504822444448899077e-04
-1.539527485338561610e-04
-1.552724315174875411e-04
-1.587986962739500424e-04
-1.613129267142774899e-04
-1.646748224607601306e-04
-1.680146182666593802e-04
-1.688996227869624057e-04
-1.705474869754512073e-04
-1.726351080841964354e-04
-1.784939989034360413e-04
-1.819416184933098698e-04
-1.861500784301407438e-04
-1.875969180048520102e-04
-1.908484623372173113e-04
-1.940749090124755879e-04
-1.965281693246998093e-04
-1.986325421285980541e-04
-2.070477828207408996e-04
-2.097189184786086668e-04
-2.147034526051895000e-04
-2.159322305146007398e-04
-2.184141555391767256e-04
-2.213506435394530230e-04
-2.242399773576914611e-04
-2.292400986793690320e-04
-2.298686077098373564e-04
-2.343817432502434738e-04
-2.379952092311559612e-04
-2.495168708943844684e-04
-2.528965363189465145e-04
-2.594042435744610821e-04
-2.630496436294702044e-04
-2.643652006292359562e-04
-2.658514329552025051e-04
-2.716581115878614894e-04
-2.784118735588911320e-04
-2.847338087525224846e-04
-2.904556368501527014e-04
-2.956234859686490148e-04
-3.041723188967076119e-04
-3.061949134181695818e-04
-3.125290883146264746e-04
-3.214183306375727862e-04
-3.265062162999547344e-04
-3.337953446260668992e-04
-3.410830969153174057e-04
-3.503504226302096695e-04
-3.551828546174894629e-04
-3.577394902010017368e-04
-3.642084612204443033e-04
-3.661827654623900320e-04
-3.795075372732104697e-04
-3.941239574445230993e-04
-4.104146736792604932e-04
-4.120740258708043176e-04
-4.175899423158906847e-04
-4.342536705626363468e-04
-4.439969678103192945e-04
-4.597196450668130426e-04
-4.720307248921172712e-04
-4.741525482321397897e-04
-5.070993396230853018e-04
-5.102245833252743541e-04
-5.223862522681578698e-04
-5.473716344369695952e-04
-5.638477214395835532e-04
-5.727766593420513270e-04
-5.837184778597928570e-04
-5.991134797909134554e-04
-6.329109027543455444e-04
-6.392539287835151580e-04
-6.621685966051670501e-04
-6.819644547970457995e-04
-7.039118657459895361e-04
-7.562828387696787606e-04
-7.599956703780315868e-04
-7.967546352241498602e-04
-8.535761181522367883e-04
-9.052494497456289825e-04
-9.219275915955662745e-04
-9.460042134822885598e-04
-1.029576471321843678e-03
-1.096054251286467064e-03
