6.504140284675667856e-03
5.989967843069639829e-03
5.029415817195049231e-03
2.103318673285533950e-03
1.566272397546247721e-03
1.373593597009421926e-03
1.121297635998745688e-03
6.785049878906718483e-04
6.423422223611022523e-04
5.946398814896998062e-04
5.716236583914217299e-04
4.809284938053318983e-04
3.895216063726843095e-04
3.642004391336707949e-04
3.450715958694972074e-04
3.164691395511204917e-04
2.997489272730430353e-04
2.801889420545061889e-04
2.646012763158868343e-04
2.411538683511273585e-04
2.352218928704861002e-04
2.148935971763537948e-04
1.864580935853133500e-04
1.322081663690600540e-04
4.839566224071495008e-05
5.542903496412543920e-18
2.925272123576547566e-18
2.315239811487337302e-18
2.048630937281639064e-18
2.004429778901287461e-18
1.950583825585316693e-18
1.901132439072323905e-18
1.863778432153134377e-18
1.771912633609897150e-18
1.714254551533176862e-18
1.707589886063329692e-18
1.679680155420614752e-18
1.625467612906340690e-18
1.592977485583283002e-18
1.560351020134370015e-18
1.548100093973906470e-18
1.537685579495430935e-18
1.500331006039644378e-18
1.482908322292367024e-18
1.453167873636985274e-18
1.446208798302574552e-18
1.427513695235452818e-18
1.381775204345934268e-18
1.346965979131976545e-18
1.341487201740082709e-18
1.332229758615503589e-18
1.313910797913074985e-18
1.277933463634867326e-18
1.272573242676514100e-18
1.245214765277812962e-18
1.238266473505487093e-18
1.234797179218945065e-18
1.225909098582523100e-18
1.195030331658033787e-18
1.177559586289927917e-18
1.153063857904069704e-18
1.146315603328031971e-18
1.128253028757883687e-18
1.110888750114996989e-18
1.083716992566262900e-18
1.069890662613837961e-18
1.064925275538293489e-18
1.060842298117871062e-18
1.039366374810299444e-18
1.037819080088582000e-18
1.016387738386540409e-18
9.982168899710313959e-19
9.905686099766369597e-19
9.843379037516781544e-19
9.806704847606941911e-19
9.560575354039863365e-19
9.447491311798663848e-19
9.427932823607619518e-19
9.354498296103336136e-19
9.142312958998824339e-19
9.005914275005664213e-19
8.907742866259503263e-19
8.823915119392880137e-19
8.753981768214505021e-19
8.698145409796444562e-19
8.671668498803485034e-19
8.556597281653189207e-19
8.485181629779118348e-19
8.434044476554062810e-19
8.326777377834730381e-19
8.188729333888221672e-19
8.046773821843434754e-19
7.930077639981379197e-19
7.836755758647821808e-19
7.788180595436067196e-19
7.706766196031438176e-19
7.591318931888395680e-19
7.541493616435580320e-19
7.420005365959258127e-19
7.400151745648571773e-19
7.303018137651076137e-19
7.279183389839936538e-19
7.237493731537800759e-19
7.174387095475031979e-19
7.061223529928586291e-19
7.024731932334077513e-19
6.917531358601261836e-19
6.884083100939109896e-19
6.850965810518091376e-19
6.749745223850350154e-19
6.714697162335093022e-19
6.657825273444045078e-19
6.616256996185525678e-19
6.547785636182351216e-19
6.438008216896602242e-19
6.358897331167735984e-19
6.329213581322538032e-19
6.278262141515308358e-19
6.223300044732526577e-19
6.165328092271536335e-19
6.102556485916825480e-19
6.030441445946232203e-19
5.958981396754854441e-19
5.904297620633461575e-19
5.865836443291897315e-19
5.853110753828352211e-19
5.790675137327994036e-19
5.712294916814592856e-19
5.656327649503759305e-19
5.618034553670456741e-19
5.556113241393730445e-19
5.465180423288628447e-19
5.422175695110646471e-19
5.375048058938354290e-19
5.338323973371881668e-19
5.300144188501871372e-19
5.204195521522419944e-19
5.157377562333929635e-19
5.132599644416512270e-19
5.103342961623133603e-19
5.080308539503785751e-19
5.024409478029646200e-19
4.966782995888224931e-19
4.918120225962841785e-19
4.867728382574680281e-19
4.825711513430514676e-19
4.808644560151391874e-19
4.746423955244208484e-19
4.691914325735565366e-19
4.645801617238357433e-19
4.608967464905387130e-19
4.558715242602443117e-19
4.533937119026548571e-19
4.498923139809961267e-19
4.441995368837842004e-19
4.412135900154113034e-19
4.355398173355860295e-19
4.326639673189552650e-19
4.294533523418386438e-19
4.258483273912270501e-19
4.217514717164424809e-19
4.144120583071206753e-19
4.097991737355326073e-19
4.083258775263999051e-19
4.056212606950964692e-19
4.008406520400316439e-19
3.943253091934252963e-19
3.901959010316033825e-19
3.853133721270560226e-19
3.806620131401417435e-19
3.788513451081504176e-19
3.757411593924639481e-19
3.708278780317495679e-19
3.682199536219077914e-19
3.650702782433528628e-19
3.602276049473509945e-19
3.587450146559920563e-19
3.559973231846556906e-19
3.525673032965911009e-19
3.436059522880399596e-19
3.420285958449388136e-19
3.392122943090696536e-19
3.374295651504126877e-19
3.322296485286623620e-19
3.298548503545106844e-19
3.294221842543593574e-19
3.234927906136998972e-19
3.180491280827343326e-19
3.165540267878378229e-19
3.106502805650621945e-19
3.090368021298316010e-19
3.073884907509630765e-19
3.016411166725927493e-19
2.974240956626244050e-19
2.951644986655599018e-19
2.927665319411580088e-19
2.909917590137829842e-19
2.894002659822130767e-19
2.875236578835285372e-19
2.806399788271577067e-19
2.795973228087713811e-19
2.765121582193661833e-19
2.721371721621717168e-19
2.685326553770902127e-19
2.661029725510538747e-19
2.650143769036031663e-19
2.599307955152953581e-19
2.568549718230022981e-19
2.521950602329469822e-19
2.507543224066021632e-19
2.475606841572445407e-19
2.442084424719917618e-19
2.436572171915319423e-19
2.401971722530337009e-19
2.387232314632078708e-19
2.374436682518215364e-19
2.325422581023019535e-19
2.304139620154230109e-19
2.282716669989153586e-19
2.263382918584083734e-19
2.236230837571498876e-19
2.197431371067217011e-19
2.188671511452500239e-19
2.157816523889409687e-19
2.141189690015263924e-19
2.109415004516108375e-19
2.104315670688111221e-19
2.049124548235067240e-19
2.015817707421329028e-19
1.987753135040517931e-19
1.975162473334874671e-19
1.943823134676122111e-19
1.922920605587648381e-19
1.897107735537991965e-19
1.889127009697047724e-19
1.854509579438027345e-19
1.839764928131377150e-19
1.828488544336830040e-19
1.784945533380763139e-19
1.779345590265235094e-19
1.745232410851717714e-19
1.741272839614337335e-19
1.694611578189757637e-19
1.668516545842405974e-19
1.665187863954715891e-19
1.654343958814915546e-19
1.636518069459239482e-19
1.603663422393277479e-19
1.583474198810896311e-19
1.549677917115929119e-19
1.534148545141827814e-19
1.508813808443609445e-19
1.482181264929696458e-19
1.453151024645888936e-19
1.447240555104640507e-19
1.414428321244457659e-19
1.397915468219538996e-19
1.373282088361691819e-19
1.356626115568446351e-19
1.340762979257635103e-19
1.297913063397629024e-19
1.268759987950714134e-19
1.258889650558477570e-19
1.253771768829869640e-19
1.190177169931587310e-19
1.178347591289437289e-19
1.168804332655045087e-19
1.153690692845144495e-19
1.133254120784451619e-19
1.122900598293536886e-19
1.115727126445626139e-19
1.093921559164106354e-19
1.090200534534774838e-19
1.051355999499977600e-19
1.016423877669647158e-19
1.006566482304370117e-19
9.831035715285142501e-20
9.660519384288956534e-20
9.559114156767455359e-20
9.158655524220280287e-20
9.087104471398850625e-20
8.983867359063429829e-20
8.731822346226921019e-20
8.572544282333736073e-20
8.346553961098744171e-20
8.189993663531531003e-20
8.077826854081750726e-20
7.825235461915675705e-20
7.613742008285036342e-20
7.417656313857416627e-20
7.281340462201229741e-20
7.199082037921087750e-20
6.929469727102841842e-20
6.568445255004207957e-20
6.545576961037480967e-20
6.420094059386073544e-20
6.387557716439888673e-20
6.310371853386150333e-20
6.179104752823663633e-20
5.929885987536705743e-20
5.745623953931024270e-20
5.704250677269332640e-20
5.606940170697643832e-20
5.333594101503557131e-20
5.179002514385603142e-20
5.047802495832281728e-20
4.899050217363568033e-20
4.802590480197234261e-20
4.647763855586547721e-20
4.439946751062565245e-20
4.338906991321250822e-20
4.228222766207059336e-20
4.204461339522570887e-20
4.060026203518456733e-20
3.926826504327944994e-20
3.677309320125671251e-20
3.590672078164788044e-20
3.498526978301628264e-20
3.425901398915914657e-20
3.249652224954661737e-20
2.992608500500948061e-20
2.970002581176362473e-20
2.901696054306034014e-20
2.681514644700169885e-20
2.624332695229047453e-20
2.474178957569814397e-20
2.297435774507740934e-20
2.181665253937076696e-20
2.044901276912875228e-20
2.008458248831392722e-20
1.831664254545297967e-20
1.766839611357512783e-20
1.671806232058383296e-20
1.581916629995407317e-20
1.513796461943724206e-20
1.333311550207325569e-20
1.261157032373714358e-20
1.207187342736274745e-20
9.489543500635286183e-21
8.663948271856285632e-21
7.525299798009703174e-21
6.230584069419581903e-21
5.277899479970631316e-21
4.429716670223034291e-21
3.101766050842359134e-21
2.875926948833390910e-21
2.509373524229143541e-21
1.451084668612020251e-21
7.973162236912805469e-22
-1.407242026016567814e-22
-3.899130598583955590e-22
-1.682060925870747012e-21
-1.779808008482283315e-21
-2.529292293595686970e-21
-3.111050176390703263e-21
-3.768255529618140056e-21
-4.633297821640840476e-21
-6.420089427358893312e-21
-7.194421643105891895e-21
-7.439395129861364888e-21
-7.878593231728980487e-21
-9.070119965415036921e-21
-9.554395066924441097e-21
-1.088715821673647996e-20
-1.313639082106955499e-20
-1.328868690786233306e-20
-1.409171816276798379e-20
-1.538667128257886374e-20
-1.690122442330025157e-20
-1.705227919619346822e-20
-1.781967819938930472e-20
-1.946344432377371469e-20
-2.167965005294205119e-20
-2.220754859769724802e-20
-2.310027852251760370e-20
-2.399805661006801805e-20
-2.584698567491906208e-20
-2.765761628811486021e-20
-2.771076914528364372e-20
-2.947244272856246297e-20
-3.007330520214086327e-20
-3.279038667045662473e-20
-3.355950691203977715e-20
-3.431439728184965658e-20
-3.567893728747053345e-20
-3.693128383792213548e-20
-3.842746932098570898e-20
-4.058533376368752098e-20
-4.218482171672439373e-20
-4.299335533180379110e-20
-4.459336611921732442e-20
-4.519150773734846914e-20
-4.663229145889590615e-20
-4.789839752502503342e-20
-5.108758580085320502e-20
-5.207147955535672356e-20
-5.414702037281242804e-20
-5.548192750210097286e-20
-5.712880834556094008e-20
-5.811991337476462754e-20
-6.095234500510084797e-20
-6.215327344882062397e-20
-6.267634993973721271e-20
-6.497252790661544827e-20
-6.601112624153244021e-20
-6.745291901304787460e-20
-6.889481838084278649e-20
-7.073877835613471716e-20
-7.124718651550513605e-20
-7.342842209692951432e-20
-7.520396093465060774e-20
-7.686970843831706215e-20
-7.826591286436847780e-20
-7.929440248131184813e-20
-8.306303376456881977e-20
-8.529220056526768979e-20
-8.571413720817821714e-20
-8.833519594125118812e-20
-8.926865065238963399e-20
-9.235425771791150185e-20
-9.317342872826189074e-20
-9.465708474802672787e-20
-9.708462044737096919e-20
-9.772872216303231767e-20
-9.996059821951670811e-20
-1.014426036506187625e-19
-1.046387778870876657e-19
-1.070911979713812053e-19
-1.087729679939907216e-19
-1.094744109768971072e-19
-1.123388871284749855e-19
-1.139556460250569223e-19
-1.152649311971354846e-19
-1.174036666635682274e-19
-1.205780836836841705e-19
-1.224675278752150427e-19
-1.246171086535993860e-19
-1.252405642716515952e-19
-1.268223828034020625e-19
-1.285554115559779381e-19
-1.329320525793548081e-19
-1.336000539801026001e-19
-1.381006192646223403e-19
-1.398331302942381773e-19
-1.424459206994311430e-19
-1.431674293729661601e-19
-1.457519051204520863e-19
-1.473927503052331084e-19
-1.489026937195501064e-19
-1.516085884046938121e-19
-1.524411052923879329e-19
-1.545254009896008909e-19
-1.586712874706163106e-19
-1.613634567347489890e-19
-1.616880780798761051e-19
-1.629513431177766011e-19
-1.649951717931558842e-19
-1.670117777552919841e-19
-1.701891538172098217e-19
-1.732134792563748905e-19
-1.740905926666393168e-19
-1.754887682164423510e-19
-1.793226773995683834e-19
-1.802717428693366931e-19
-1.828108131469306250e-19
-1.868160843810810184e-19
-1.899509990116128647e-19
-1.920883864499772595e-19
-1.944992007914434288e-19
-1.969027926374412425e-19
-2.008675445226475267e-19
-2.042727396361975631e-19
-2.047729174651851948e-19
-2.092764211542339772e-19
-2.132547029086435745e-19
-2.140370657199852052e-19
-2.183715732131276862e-19
-2.203135531544746521e-19
-2.224414489898026680e-19
-2.257689428802685345e-19
-2.263895150983691854e-19
-2.292933183742110298e-19
-2.322150472063275040e-19
-2.362530531834001680e-19
-2.394245525104464538e-19
-2.401343273331129765e-19
-2.440419878774951878e-19
-2.464459881492395743e-19
-2.499560744632262772e-19
-2.539966676115459334e-19
-2.547453912160207571e-19
-2.594973590700260657e-19
-2.638794225175226863e-19
-2.680999152059174807e-19
-2.695353815826059672e-19
-2.712279614638777058e-19
-2.725680165293426862e-19
-2.756849211807906780e-19
-2.792055541874893424e-19
-2.835908942035413674e-19
-2.895450964678179968e-19
-2.916256378607893343e-19
-2.926488114472795096e-19
-2.956291010471939948e-19
-2.987675375560646761e-19
-3.002180696256525712e-19
-3.055702743601351741e-19
-3.088301822037080523e-19
-3.126192360185930447e-19
-3.134952652242151176e-19
-3.173603397239110480e-19
-3.198649598311285791e-19
-3.219558714677318831e-19
-3.250032156865817630e-19
-3.276682906910100623e-19
-3.345863107754600954e-19
-3.355222673835165611e-19
-3.385959020615994038e-19
-3.422808786072736193e-19
-3.467145694617296704e-19
-3.530715239127723703e-19
-3.564805662821595156e-19
-3.611280210133028293e-19
-3.632164717014294979e-19
-3.679567195587574262e-19
-3.709059459406124257e-19
-3.774719873437696755e-19
-3.807948684809044933e-19
-3.855429991502686733e-19
-3.868498153752415961e-19
-3.906127824661524277e-19
-3.937524587579874475e-19
-3.999646806817361844e-19
-4.030879928920768391e-19
-4.055909253295650103e-19
-4.085451249233900755e-19
-4.134154193426226501e-19
-4.156601898306236435e-19
-4.218862008155409580e-19
-4.256946936428195871e-19
-4.307180152442757069e-19
-4.390165213706702197e-19
-4.429500814383587115e-19
-4.463503269094288971e-19
-4.504575394755090026e-19
-4.561650977087453158e-19
-4.583066200710051847e-19
-4.623071467795272897e-19
-4.657691463283077934e-19
-4.686075818504194465e-19
-4.765619557817346004e-19
-4.829878861463624032e-19
-4.880305140216023445e-19
-4.913545952174293011e-19
-4.937593856858666032e-19
-4.962706901564530546e-19
-5.021296748138457797e-19
-5.043342996137502588e-19
-5.097398606055279090e-19
-5.151080505214300447e-19
-5.173922716611130670e-19
-5.237610539051586941e-19
-5.257288713328484298e-19
-5.306790728420465959e-19
-5.400901352499649152e-19
-5.423507150461307182e-19
-5.445874479126155900e-19
-5.525629665557505300e-19
-5.554135444471407939e-19
-5.601896735182546809e-19
-5.710452499958515899e-19
-5.726784544444690416e-19
-5.761297628682976364e-19
-5.874012155703713042e-19
-5.916784542817457329e-19
-5.983552269120647017e-19
-6.017779712960653905e-19
-6.085875962988489899e-19
-6.106117841866493388e-19
-6.202133284268054029e-19
-6.260185774036616088e-19
-6.378555424549445576e-19
-6.430205152410972498e-19
-6.441981189557630158e-19
-6.500674372680513203e-19
-6.589536973039103645e-19
-6.616533773371734273e-19
-6.673638908173902319e-19
-6.731956908819369251e-19
-6.855353012052545437e-19
-6.911012353917587709e-19
-7.007231208395229653e-19
-7.015462123354750999e-19
-7.035558714636242167e-19
-7.139610565699740277e-19
-7.173714770425587470e-19
-7.273194181736135974e-19
-7.359590003474952112e-19
-7.440317018887805258e-19
-7.519687612407005853e-19
-7.641894898206811748e-19
-7.730352493090369817e-19
-7.796470431454398405e-19
-7.942861200828296975e-19
-7.990352490237588940e-19
-8.134753494899135268e-19
-8.182819505659502308e-19
-8.264345194167958310e-19
-8.333639989092933732e-19
-8.353883752026676238e-19
-8.507882880335305007e-19
-8.523641779384493713e-19
-8.559745489444599591e-19
-8.687250875364878496e-19
-8.751663701180495651e-19
-8.853162358175314130e-19
-8.979835090735231243e-19
-9.022891202270370747e-19
-9.219553020537333908e-19
-9.326665996925677192e-19
-9.520907529828111689e-19
-9.576090634925259921e-19
-9.582382589437471459e-19
-9.749413845767121991e-19
-9.814338143590160038e-19
-9.880423249777202293e-19
-9.956601721743320692e-19
-1.005251764446521286e-18
-1.017305391969287317e-18
-1.020385387771841589e-18
-1.031709307458858770e-18
-1.048474187896637022e-18
-1.062887121424135184e-18
-1.072856263084917752e-18
-1.088154349616471792e-18
-1.098918552661996314e-18
-1.106924443591194266e-18
-1.116324237354554961e-18
-1.135745714402915561e-18
-1.171233400773165889e-18
-1.174627975752342569e-18
-1.194228265980887938e-18
-1.199794177468729567e-18
-1.210677878876778201e-18
-1.222964130733202388e-18
-1.249071102189484110e-18
-1.281432955604111041e-18
-1.295198311909598863e-18
-1.314316577772010389e-18
-1.328970480191967651e-18
-1.344669463907343801e-18
-1.368916169367539234e-18
-1.385250824047320406e-18
-1.414068530594696996e-18
-1.427900864909791174e-18
-1.449595186977896294e-18
-1.459362863894593682e-18
-1.478858741958207291e-18
-1.505898491178614904e-18
-1.553260993658945589e-18
-1.590085346871781734e-18
-1.623212685548778962e-18
-1.654508376237072077e-18
-1.672724188612083375e-18
-1.728974111178534599e-18
-1.751490757272628258e-18
-1.773477080527337495e-18
-1.809799287891117211e-18
-1.844018430772902468e-18
-1.889743894073906349e-18
-2.019238941631308251e-18
-2.081356667758747578e-18
-2.135501514056306445e-18
-2.489045937391600784e-18
-2.676713075350275724e-18
-5.374762118855472559e-18
