-2.273638299464784920e-17
-1.970469154679756150e-17
-1.502032849662896245e-17
-1.265280550292398440e-17
-1.115330578540393152e-17
-1.063372889687383972e-17
-9.672524310395241034e-18
-8.752360828751840909e-18
-7.970942235086465441e-18
-7.796497298191891986e-18
-7.448120055345112091e-18
-7.383163936615114070e-18
-6.958900095694954575e-18
-6.682364941965265925e-18
-6.446284944103124835e-18
-6.083525564958875941e-18
-5.887772851563403505e-18
-5.649172741628463790e-18
-5.599000570719317644e-18
-5.437932779496440592e-18
-5.200222795687834144e-18
-4.884018863260982636e-18
-4.784501810363813417e-18
-4.725383075183018085e-18
-4.676698982245498602e-18
-4.578708471254496252e-18
-4.498191921197172560e-18
-4.462023348088454505e-18
-4.232553960378818773e-18
-4.179002214674857128e-18
-4.139677734400281082e-18
-4.100149324628647197e-18
-4.056861688430609043e-18
-3.919760000861354460e-18
-3.878412829399511515e-18
-3.817351508584989103e-18
-3.798975992161273819e-18
-3.687700828794292276e-18
-3.641929441569544311e-18
-3.514351278876918913e-18
-3.453421530720413743e-18
-3.422703953613486820e-18
-3.375577248147731007e-18
-3.312933416812734492e-18
-3.255374470604779083e-18
-3.199142055767957873e-18
-3.187244896292243422e-18
-3.147746664641221505e-18
-3.117661006321912952e-18
-3.050342448787309799e-18
-3.012356423980544018e-18
-2.939416646401192103e-18
-2.904138195518340037e-18
-2.880084711600509788e-18
-2.801062089874423471e-18
-2.783018371911366722e-18
-2.726472216080979577e-18
-2.720331838912535723e-18
-2.687965852308780223e-18
-2.662760917369121635e-18
-2.636809778778698111e-18
-2.587977046512513629e-18
-2.572650748093253435e-18
-2.518966405687335062e-18
-2.466867436905321706e-18
-2.425295073639329885e-18
-2.399032603026940622e-18
-2.366224769839016323e-18
-2.313595616443100362e-18
-2.305861525108502097e-18
-2.277353603760746758e-18
-2.245876543374027783e-18
-2.238255870459375595e-18
-2.208693734732860986e-18
-2.193031309705543855e-18
-2.179582191527930013e-18
-2.141403469295364826e-18
-2.129508474618837757e-18
-2.103659289898364839e-18
-2.075961060749986624e-18
-2.066906368223038793e-18
-2.038211924763704246e-18
-2.019363426401235753e-18
-1.993177008997891520e-18
-1.989206203036101824e-18
-1.964038839807200362e-18
-1.941297868317160895e-18
-1.929939980886640742e-18
-1.901872396774594450e-18
-1.884292354529786862e-18
-1.853658411055636193e-18
-1.841249064080497365e-18
-1.799854266388157696e-18
-1.792866628795791281e-18
-1.785811388092349848e-18
-1.765511514143427210e-18
-1.741059154920750770e-18
-1.735015420566969404e-18
-1.717701394104487436e-18
-1.696597939334585432e-18
-1.682255675259292963e-18
-1.664764643568599651e-18
-1.646868562082802661e-18
-1.629632205995829384e-18
-1.626847304466602806e-18
-1.602972099898601605e-18
-1.597733659455949369e-18
-1.570972736772314642e-18
-1.567167294937757704e-18
-1.547524764646419028e-18
-1.541955766078324533e-18
-1.522910789653103311e-18
-1.508326982326207755e-18
-1.491324766749161535e-18
-1.475733183019966522e-18
-1.452958694825002925e-18
-1.435171249446635889e-18
-1.414990564779715249e-18
-1.410551498839345462e-18
-1.394762068422455308e-18
-1.385645598477020370e-18
-1.382873071483524618e-18
-1.347221251615824669e-18
-1.336043785633201342e-18
-1.328085799697247014e-18
-1.315564522029302999e-18
-1.311824174338685738e-18
-1.291510401689373816e-18
-1.281164355544963702e-18
-1.262366688314480115e-18
-1.249543326545915050e-18
-1.234506104667154997e-18
-1.230949872067951204e-18
-1.218409588486970113e-18
-1.206234757556813660e-18
-1.197711339612903328e-18
-1.192135672308322766e-18
-1.188471155020213945e-18
-1.169929522705200144e-18
-1.157365756012721185e-18
-1.143795072943399646e-18
-1.141201316951460214e-18
-1.127777941482704647e-18
-1.119562657569647371e-18
-1.116863967068310156e-18
-1.105947884575360794e-18
-1.091786823866514614e-18
-1.078562309064233222e-18
-1.069137831003539195e-18
-1.057512813727011086e-18
-1.048569262826198407e-18
-1.032142349456287916e-18
-1.023420432046460714e-18
-1.015171054477389527e-18
-1.012832926571858571e-18
-1.006431585871984360e-18
-9.928712540328972119e-19
-9.777802731104424260e-19
-9.734196156253337808e-19
-9.618958553630142849e-19
-9.545076219175604293e-19
-9.477868302112098571e-19
-9.263102501793491803e-19
-9.238391398193208436e-19
-9.141583860528528429e-19
-9.112354593939975572e-19
-9.063826029720632629e-19
-8.916267998158548956e-19
-8.773147917341874390e-19
-8.677949547820278504e-19
-8.573653633641495110e-19
-8.447914322090030819e-19
-8.304013952644841038e-19
-8.249120668350179557e-19
-8.186568714657082280e-19
-8.155241843137277793e-19
-8.100565729704480938e-19
-7.978950775080962576e-19
-7.884888368534520884e-19
-7.769737269609064567e-19
-7.676495929664761068e-19
-7.525112414872011344e-19
-7.509215947983416291e-19
-7.408599893728677500e-19
-7.364310794858116936e-19
-7.302137368501861799e-19
-7.224305866284153167e-19
-7.166311484215462710e-19
-7.067169079525260595e-19
-7.016518591098944636e-19
-6.915702322056660291e-19
-6.847106662030214988e-19
-6.811828909531194162e-19
-6.736958492978621883e-19
-6.643980451790212472e-19
-6.555825101338773186e-19
-6.500638367608076387e-19
-6.411090475962415916e-19
-6.391282007702937812e-19
-6.265018785702472803e-19
-6.232045676428288066e-19
-6.211266118956481527e-19
-6.130821342807269700e-19
-6.065639351988106896e-19
-5.986097527827845481e-19
-5.892034807955468404e-19
-5.840235228232993654e-19
-5.803677110817297791e-19
-5.733587128688290841e-19
-5.597002949480530873e-19
-5.537334365946804576e-19
-5.492236210367630589e-19
-5.443869964923155967e-19
-5.377539890525346980e-19
-5.269903196180851948e-19
-5.174080625014770434e-19
-5.138819819898370915e-19
-5.087881390372089250e-19
-5.019792786704396309e-19
-4.962389699617342619e-19
-4.853117418019014914e-19
-4.788798292041992366e-19
-4.725936840088413606e-19
-4.662022675102993210e-19
-4.536917174243254014e-19
-4.441475514626699755e-19
-4.401091981366926000e-19
-4.360127381865526305e-19
-4.315479411612327613e-19
-4.260806238859079907e-19
-4.194577610166036274e-19
-4.111643947594277114e-19
-4.090023422049349431e-19
-4.022328601109683516e-19
-4.007906416193857847e-19
-3.901357985647871245e-19
-3.838474517508541357e-19
-3.776619970524559287e-19
-3.713431164613895313e-19
-3.673644078766059671e-19
-3.560479906741582046e-19
-3.516969214599497326e-19
-3.497649609297646085e-19
-3.404521136252645386e-19
-3.323275396242629084e-19
-3.301982158744546056e-19
-3.272322576359543728e-19
-3.171694155954754800e-19
-3.140858081329807380e-19
-3.066257943027392009e-19
-3.036751561122296268e-19
-2.918396924915434158e-19
-2.914061365135923623e-19
-2.894590914490234315e-19
-2.805776990458059427e-19
-2.776097757227592190e-19
-2.721548214100108724e-19
-2.645431478340868229e-19
-2.583426513608861272e-19
-2.576086503781368112e-19
-2.513418032313446281e-19
-2.478999431890201859e-19
-2.427432261055519018e-19
-2.375793728322602558e-19
-2.290257207353277001e-19
-2.268719501613877318e-19
-2.224516026474157897e-19
-2.166068340255459409e-19
-2.066163854639230160e-19
-2.048874119305237972e-19
-1.986898745880761650e-19
-1.958869181244691440e-19
-1.878296951280648425e-19
-1.856110027597591200e-19
-1.844478431842300103e-19
-1.796805890924247511e-19
-1.740066428958138577e-19
-1.677850475834548616e-19
-1.651949727146400071e-19
-1.636161896260932480e-19
-1.590836739491493807e-19
-1.556765962078517498e-19
-1.544896719484771762e-19
-1.515950176599663028e-19
-1.416431986772127569e-19
-1.377508419799893920e-19
-1.316992599865904272e-19
-1.254354062183272379e-19
-1.218816451162274732e-19
-1.157215170178104415e-19
-1.130258302192579324e-19
-1.090323910874149002e-19
-1.046832897756103310e-19
-1.036086303762905305e-19
-9.905503132517159904e-20
-9.113307523053621716e-20
-8.899349367931698597e-20
-8.418003290881194839e-20
-8.143884408751213414e-20
-7.710754221323230120e-20
-7.110846931878706462e-20
-7.046800083725733719e-20
-6.943236011869024053e-20
-6.431667508452354318e-20
-6.158385623195542592e-20
-5.765074777812339785e-20
-5.474864448461632041e-20
-4.833155869628502702e-20
-4.554311902057718772e-20
-4.127484377275811436e-20
-4.004052256692016352e-20
-3.825077899118378741e-20
-3.360893844900534670e-20
-3.166270684234408321e-20
-2.905507348566837522e-20
-2.503337670154999502e-20
-2.278152176771396840e-20
-2.117284158893910488e-20
-1.809855511657920567e-20
-1.423618750175944832e-20
-1.183881836765396259e-20
-1.040462093718144559e-20
-8.051047842993930288e-21
-3.376717197865095802e-21
-2.339411149343140005e-21
-8.463414717314540873e-22
1.195651399607046711e-21
3.964088536036726330e-21
6.651212596406938946e-21
7.369725343111340052e-21
8.698840124627646223e-21
1.378191151072270254e-20
1.580928701485120292e-20
1.737641316875044111e-20
1.966296860476484310e-20
2.599751963781453924e-20
2.851819856589434326e-20
2.995131386612323820e-20
3.131468144250278259e-20
3.723325043528075162e-20
4.136088703875145757e-20
4.265335705005722440e-20
4.516988795706655423e-20
5.210191011638887409e-20
5.583645795174722743e-20
5.726668575913840677e-20
5.988831849311984150e-20
6.192915997245774179e-20
6.624619315908762475e-20
6.748301602634019574e-20
7.303149224743815489e-20
7.843394925199819333e-20
7.953483288990282756e-20
8.656143911664793402e-20
9.143554354895929086e-20
9.499843507843952414e-20
9.657292166516139385e-20
1.018321752231843577e-19
1.083440262933618503e-19
1.171989789740314619e-19
1.187358236674465582e-19
1.210306847122411430e-19
1.258639472423905291e-19
1.319204772189404899e-19
1.347506429300550035e-19
1.359528849316176542e-19
1.422247668450044667e-19
1.456160226980839840e-19
1.491678567038596426e-19
1.551011503555352227e-19
1.590978997568854282e-19
1.658289398686266767e-19
1.703868539774799174e-19
1.716214208529849619e-19
1.754323481539257329e-19
1.823932376902626014e-19
1.853354063671741203e-19
1.898891283532246709e-19
1.916759669878614098e-19
1.922106697772666474e-19
2.005358081683527626e-19
2.015341173938683652e-19
2.071201955942656345e-19
2.129557805502397018e-19
2.204009557667990580e-19
2.235072841986806100e-19
2.244869998849058777e-19
2.335190379633792534e-19
2.394484318793703808e-19
2.432276870233739846e-19
2.468099638583164792e-19
2.555332430496698811e-19
2.580711002031285815e-19
2.659105824432055082e-19
2.765826227685466865e-19
2.811639100119713384e-19
2.830705128022754451e-19
2.897204374352367789e-19
2.949335855514344168e-19
2.965429288985231011e-19
3.060613871814356236e-19
3.102585025959631738e-19
3.134093824817328084e-19
3.208688315109846968e-19
3.283399269778647805e-19
3.340252054313060795e-19
3.365840483348250620e-19
3.384307570908549506e-19
3.449039809931393317e-19
3.535192272270106402e-19
3.564993413626815889e-19
3.650537075937541072e-19
3.656343226876148907e-19
3.792198311179613812e-19
3.829608267401763355e-19
3.881154279978189175e-19
3.916114848280876371e-19
3.977023083545083908e-19
4.055216457115917601e-19
4.135225448001865224e-19
4.207225207406610056e-19
4.265241243619291276e-19
4.295427024209272291e-19
4.336783539215253560e-19
4.400848800869488821e-19
4.442995881294122465e-19
4.553324256470169331e-19
4.604109958071959065e-19
4.617855490537043231e-19
4.737329869261757664e-19
4.758184461428682722e-19
4.837341792309605069e-19
4.927552322770649235e-19
4.981726616166338224e-19
5.103386725994515119e-19
5.173965154435428562e-19
5.240215597270308831e-19
5.306982311198812862e-19
5.400170841538781186e-19
5.512428143693400538e-19
5.525330903202718109e-19
5.627739515543817241e-19
5.677783020193729026e-19
5.697218451059240297e-19
5.777752582559201643e-19
5.824954117376450783e-19
5.844594948426465555e-19
5.905874575050110724e-19
6.005966295201526840e-19
6.074021125715916393e-19
6.154164299859590752e-19
6.235933388324206353e-19
6.388234871949197496e-19
6.417730262341837879e-19
6.565250421370993901e-19
6.624280159920277030e-19
6.643638707943222430e-19
6.722446624286258175e-19
6.772000225496597017e-19
6.897364978261980306e-19
6.972703993217188326e-19
7.064428936307025037e-19
7.201383646211575306e-19
7.267671170952640987e-19
7.295513302182733736e-19
7.443228108665574676e-19
7.492856257523348920e-19
7.564559608010216646e-19
7.629392457852598597e-19
7.648891306410157607e-19
7.717628044804957547e-19
7.868987215197582647e-19
7.966987023073114365e-19
8.029816816385299231e-19
8.156024268295189774e-19
8.202683941717734506e-19
8.346114021768473321e-19
8.461512944099471228e-19
8.522366769306008311e-19
8.627372199540221856e-19
8.754384406011626261e-19
8.823048401762819615e-19
8.860001165491635414e-19
8.905731462766822945e-19
8.940387514651933591e-19
9.041937946740099846e-19
9.196322107644744155e-19
9.245485620092014556e-19
9.329466779867907431e-19
9.465125583649040532e-19
9.486469223761694282e-19
9.575006255554967368e-19
9.689976152096200705e-19
9.798294082890892293e-19
9.866176011893784229e-19
1.001969261495786602e-18
1.015304192992431032e-18
1.027395087713896023e-18
1.041329151243811145e-18
1.049591124224479129e-18
1.054588407123912364e-18
1.055879545910726595e-18
1.070015283809619628e-18
1.097016382026426373e-18
1.099332085800954377e-18
1.103659465005126528e-18
1.119469332274202546e-18
1.123752746798024464e-18
1.131443364885918629e-18
1.145187060980575645e-18
1.155679789425317084e-18
1.173013213957348454e-18
1.175558831314539924e-18
1.193579191590823498e-18
1.204558590061227155e-18
1.216585549316934959e-18
1.228419561891543967e-18
1.234256147574869594e-18
1.251992577198679070e-18
1.261477206243417783e-18
1.272192086409007188e-18
1.298862493463138862e-18
1.302061287939206393e-18
1.321124033592435898e-18
1.329923435212728779e-18
1.332995403885346617e-18
1.346672445401444412e-18
1.352613033859954079e-18
1.369489118889189749e-18
1.387148148780991914e-18
1.407781711710134938e-18
1.426893800128571110e-18
1.436932013917087184e-18
1.454432850362622338e-18
1.455551201941832040e-18
1.471782668864645059e-18
1.489303521495185152e-18
1.495919494462951973e-18
1.511655717453230937e-18
1.527924041066157009e-18
1.543991009550441800e-18
1.549927924096268173e-18
1.570875471024729765e-18
1.582994703533972267e-18
1.600654501958244497e-18
1.615382206554670562e-18
1.634785959599315210e-18
1.652980969245839701e-18
1.659202760900220378e-18
1.677282248825400867e-18
1.692691804386505410e-18
1.710036709488741085e-18
1.740028463447350279e-18
1.750192573315784530e-18
1.759256250434434069e-18
1.781261481684332877e-18
1.790691349707841144e-18
1.827227618179317548e-18
1.842775624566891950e-18
1.853938226145351225e-18
1.865216992525762559e-18
1.877746942182775532e-18
1.906058215620430808e-18
1.934032372789797076e-18
1.940057234921094681e-18
1.952949084146848846e-18
1.962596720484611215e-18
1.990453260564374034e-18
2.018256324241704355e-18
2.059412840293922793e-18
2.082436535934644630e-18
2.102741281334512994e-18
2.110907173508474411e-18
2.129026783828383268e-18
2.180527321267573362e-18
2.188779394427191341e-18
2.210839582166186676e-18
2.235907215769339790e-18
2.249563459928120179e-18
2.277572508737152658e-18
2.308378812754617974e-18
2.338034482188266009e-18
2.373046462897020898e-18
2.393614643166111277e-18
2.433916563086122796e-18
2.438499149996325053e-18
2.476841982853849085e-18
2.489247990351551545e-18
2.521189094110081488e-18
2.551968249893569331e-18
2.595356701544302098e-18
2.654923856174045696e-18
2.661610486230284635e-18
2.698719443064153148e-18
2.713581543150723610e-18
2.769202051886155511e-18
2.803489124621977952e-18
2.850718826323041257e-18
2.892318925788912189e-18
2.928714112804108239e-18
2.937461397599589343e-18
2.976352538323856450e-18
2.987731326310883040e-18
3.071565934552158396e-18
3.116099737588569857e-18
3.165992440146032146e-18
3.197754445637895108e-18
3.327973996083957255e-18
3.392605788086856857e-18
3.412908063771121245e-18
3.481745153096576378e-18
3.484777328214658255e-18
3.560196734865858554e-18
3.607103286274913811e-18
3.659887312958886903e-18
3.782428692867917035e-18
3.858051530281165494e-18
3.914195761018830400e-18
3.943274554802913355e-18
3.962497898171895827e-18
4.048986799712783678e-18
4.110004747871678008e-18
4.223855637764466453e-18
4.318398103948460603e-18
4.454435678432165007e-18
4.578773780737341901e-18
4.650338816271824634e-18
4.824311036023059599e-18
4.991435351079829663e-18
5.073842239480367744e-18
5.302737192235528696e-18
5.562004201338194459e-18
5.715708931110763726e-18
5.804384149317836055e-18
5.935319422669164188e-18
5.987056013486473317e-18
6.268615570433083123e-18
6.553720134156620173e-18
6.726016844179133096e-18
6.797816053800732085e-18
7.620752692180003802e-18
7.886738652892961050e-18
8.379522801876585557e-18
8.860640492798756819e-18
1.111712078337997227e-17
1.399422696540126612e-17
1.450122286981765967e-17
2.165800026480343568e-17
2.563539546106832134e-17
2.669394269320891397e-17
6.595496699004881539e-17
5.076772535135610397e-05
8.808610541361918214e-05
1.391780166904213716e-04
1.531822192970473434e-04
2.040254620469436869e-04
3.147838207771762710e-04
3.631639088667700985e-04
3.703952956701605354e-04
3.895578173063038094e-04
4.827369191412684613e-04
6.892492733741430525e-04
8.117647127047325538e-04
9.392099117862604115e-04
1.207941906640794694e-03
1.837284400158023046e-03
2.796204214843380116e-03
3.215758626765785090e-03
3.894381398770718414e-03
4.308963669843447059e-03
8.750964956620055704e-03
8.937337340006243705e-03
2.607069800471871479e-02
1.174341553630887519e-01
1.543252176951076526e-01
4.547458957900375465e-01
