-3.307920791420961318e-16
-1.903620632218563905e-16
-1.799030181307959568e-16
-1.079941862354155556e-16
-9.607594558819255435e-17
-8.610148778496813779e-17
-7.725866999738690071e-17
-7.381876754270354001e-17
-6.728494779327633716e-17
-6.428253127068957240e-17
-5.798682322624961842e-17
-5.609575743289755778e-17
-5.469216475898736975e-17
-5.133033913397450906e-17
-4.980027605651682800e-17
-4.780507473989392870e-17
-4.657388443062091344e-17
-4.475193165342986761e-17
-4.306206150021958158e-17
-4.238377161624766639e-17
-4.216340056911843242e-17
-4.057983050794551344e-17
-3.920875033024293948e-17
-3.828247029196264286e-17
-3.714025384076454400e-17
-3.598115605167223581e-17
-3.495140411206514098e-17
-3.462507517647856974e-17
-3.376682361502555712e-17
-3.207187603681226706e-17
-3.141447321415024684e-17
-3.110763577141581548e-17
-3.057273800308025590e-17
-2.994572917751137500e-17
-2.942338212535037039e-17
-2.895859917064341260e-17
-2.847220967261635171e-17
-2.823706668485276590e-17
-2.711997020995594906e-17
-2.693519616842825917e-17
-2.667982532752344960e-17
-2.642804653043767217e-17
-2.594792497671260937e-17
-2.561197467199650477e-17
-2.532229291111427939e-17
-2.511498463694502506e-17
-2.477576691120561569e-17
-2.437553526615035813e-17
-2.410532862431513546e-17
-2.372537659356019299e-17
-2.317738255432625410e-17
-2.276605897169771156e-17
-2.250239484042725539e-17
-2.221298613326410724e-17
-2.201750543121085890e-17
-2.174147500168926175e-17
-2.131790678267806283e-17
-2.115830025789970047e-17
-2.080084044915503709e-17
-2.045883858588959589e-17
-2.029515701491648213e-17
-2.001898260452870567e-17
-1.988605755165021711e-17
-1.979261465225425962e-17
-1.953437927793092801e-17
-1.911986606768128961e-17
-1.901463816325319629e-17
-1.866739287786234401e-17
-1.858736932315615328e-17
-1.840519776047274524e-17
-1.826746866675645629e-17
-1.792764678861833581e-17
-1.771794026801143041e-17
-1.763849336974219328e-17
-1.725814355470774587e-17
-1.701108141041126961e-17
-1.696676077137495816e-17
-1.691804038011553703e-17
-1.657549605147069786e-17
-1.653852565506088241e-17
-1.644463410505610874e-17
-1.618324014051323952e-17
-1.591245945593857743e-17
-1.577080582317437470e-17
-1.560951176341944081e-17
-1.551913465933912556e-17
-1.545325884289469688e-17
-1.529513571158275767e-17
-1.499956278739578557e-17
-1.495330605585025716e-17
-1.477061983849100648e-17
-1.445765090507031885e-17
-1.436466633920206948e-17
-1.422783236762305823e-17
-1.413795207171116190e-17
-1.407092923869666126e-17
-1.392300670929250774e-17
-1.373820387755941920e-17
-1.366990341091817250e-17
-1.352274896273677044e-17
-1.337043171504002703e-17
-1.329832399051881500e-17
-1.317864454458944358e-17
-1.295604783809359840e-17
-1.292394030190966706e-17
-1.266434554504682947e-17
-1.247892091852721267e-17
-1.242609824051501243e-17
-1.227380689108619779e-17
-1.223814039146593964e-17
-1.216599026801501038e-17
-1.207207666428196349e-17
-1.185430566467355049e-17
-1.180102556042863863e-17
-1.168626096228708208e-17
-1.158263245967061773e-17
-1.148451067958107383e-17
-1.136266573096409127e-17
-1.131260440330413223e-17
-1.127947647393192717e-17
-1.114752583169095899e-17
-1.092499630572568047e-17
-1.085441522628894013e-17
-1.068918426304151367e-17
-1.065235574986124837e-17
-1.052144010684454189e-17
-1.046696589004314927e-17
-1.033296158115446154e-17
-1.028661803487574794e-17
-1.024146288604135405e-17
-1.008940862916104893e-17
-9.983791833621834934e-18
-9.907069491476671174e-18
-9.855411126356682944e-18
-9.717183062251611737e-18
-9.668094494802809279e-18
-9.544415397229000066e-18
-9.461035246395459648e-18
-9.269209769457738990e-18
-9.239642372951411859e-18
-9.115242705336423652e-18
-9.002146750969145609e-18
-8.925033231352094939e-18
-8.901128048572503016e-18
-8.854196432459388307e-18
-8.802287428218166314e-18
-8.665037727057645521e-18
-8.615390728900684709e-18
-8.570519375882883591e-18
-8.507127006307729379e-18
-8.317770127773153360e-18
-8.287822808740680709e-18
-8.188396099491812903e-18
-8.061183499787010126e-18
-8.055352398433363800e-18
-7.925230337483063811e-18
-7.877794859613169224e-18
-7.807400889513645427e-18
-7.765136462096242973e-18
-7.658161917200632334e-18
-7.535081978870462721e-18
-7.515709234937102869e-18
-7.489586648856892869e-18
-7.424325881805678799e-18
-7.241130233693504180e-18
-7.214328097967024599e-18
-7.188444376766797978e-18
-7.110062695806762370e-18
-7.034733402783156166e-18
-6.968457980478163975e-18
-6.797176296768647183e-18
-6.768894847234543850e-18
-6.720614351400569664e-18
-6.639152323218315093e-18
-6.560524509242434042e-18
-6.495407976062653765e-18
-6.466886641216963014e-18
-6.417717490075376460e-18
-6.399355273611544341e-18
-6.294826009570089402e-18
-6.244186318439699782e-18
-6.195448612711284797e-18
-6.083512862873182287e-18
-6.017367182229804200e-18
-5.900756936463129351e-18
-5.822893650454009461e-18
-5.799630085022127522e-18
-5.753670425268366289e-18
-5.677271206080848951e-18
-5.616393855078348718e-18
-5.576232525289641824e-18
-5.555567739142102202e-18
-5.485255898608208891e-18
-5.391579601000018606e-18
-5.353285307789377383e-18
-5.321468378405919658e-18
-5.291440725854298084e-18
-5.170869318769164301e-18
-5.141580616124509850e-18
-5.045831378172279758e-18
-5.017133867503362650e-18
-4.966826525814636299e-18
-4.948906105267378047e-18
-4.903286511978066664e-18
-4.864393556845109785e-18
-4.814985261921796855e-18
-4.750619648275041165e-18
-4.685213312776273177e-18
-4.622017163932204725e-18
-4.595446785058514097e-18
-4.497354475520988513e-18
-4.394392693929166208e-18
-4.374691891832125657e-18
-4.313077030990707512e-18
-4.214868755803883149e-18
-4.198482574647589135e-18
-4.157626575876859165e-18
-4.138770899000781087e-18
-4.108167097976770328e-18
-4.062818867913283748e-18
-3.985500279117684518e-18
-3.946675837857159884e-18
-3.889441550257698151e-18
-3.857517182281511462e-18
-3.827617922375001500e-18
-3.735278113270389223e-18
-3.689164192560182210e-18
-3.614001498900660920e-18
-3.538275978587007871e-18
-3.523467657382634987e-18
-3.508505772965418954e-18
-3.458819419927408128e-18
-3.418876663132961090e-18
-3.364078276369477562e-18
-3.322342700661720011e-18
-3.305499948367279447e-18
-3.223983371221007838e-18
-3.198348523626892144e-18
-3.090364069414705239e-18
-3.045272926526019885e-18
-3.030715065878179773e-18
-2.994587582453841245e-18
-2.967265782052090497e-18
-2.916590540245797479e-18
-2.881370335261749307e-18
-2.841882548985195310e-18
-2.760878500504222884e-18
-2.696033391237583368e-18
-2.665022832877504586e-18
-2.615538021617814827e-18
-2.576649532006004315e-18
-2.511499995364643385e-18
-2.461970543464855594e-18
-2.434279330798840115e-18
-2.404487802795841511e-18
-2.351643983859727118e-18
-2.307014192685621495e-18
-2.275068614547742495e-18
-2.246154881912269953e-18
-2.195520605232062970e-18
-2.172121869715791048e-18
-2.138837358089761725e-18
-2.073862933708475727e-18
-2.045679857853706694e-18
-1.980423524914825427e-18
-1.956215592544309772e-18
-1.854708519515179585e-18
-1.843333064309604339e-18
-1.803290273567446428e-18
-1.796548058889778228e-18
-1.738872181978090420e-18
-1.710270377100406371e-18
-1.694865926133561964e-18
-1.665895033907872012e-18
-1.615054020949159777e-18
-1.582296424437755858e-18
-1.543847454451948195e-18
-1.521617949530873044e-18
-1.450672595468138046e-18
-1.420611905216025787e-18
-1.362180902715100312e-18
-1.352246698396015536e-18
-1.302338723458538100e-18
-1.291615553506182315e-18
-1.235843021684185648e-18
-1.208851132321679366e-18
-1.140904766604330120e-18
-1.123142551163119251e-18
-1.055063707117003744e-18
-1.044860442066757649e-18
-1.025857109176307668e-18
-9.884750030328432077e-19
-9.229199623325190289e-19
-8.945901556693104369e-19
-8.684911298420898085e-19
-8.541990766815947975e-19
-8.307252520270692280e-19
-7.883496678490795406e-19
-7.382384722793777460e-19
-7.341783734032698139e-19
-6.851616695629772694e-19
-6.404476856405246549e-19
-6.218701817062093035e-19
-5.954211615407826731e-19
-5.203641666134205200e-19
-5.143956249560900025e-19
-4.704163880730069804e-19
-4.333120966557221580e-19
-4.123296710799862264e-19
-4.048663397769686121e-19
-3.560605034429622851e-19
-3.244352269183089005e-19
-3.059118554594248197e-19
-2.740442917501622056e-19
-2.512775217980832826e-19
-2.247838874905349964e-19
-1.985404648899075570e-19
-1.621663314416520338e-19
-1.282731920897625809e-19
-9.289536724511344928e-20
-7.202700068246850901e-20
-3.591812837538743149e-20
-8.017216524976396915e-21
1.310373653237706990e-20
5.366158584804822253e-20
6.426929625223058986e-20
1.129915047194113832e-19
1.436865417769341103e-19
1.807983203982588890e-19
1.950577639901166247e-19
2.412804650862312640e-19
2.701438302486534883e-19
2.924300216737147206e-19
3.264374676331570357e-19
3.319268496471344474e-19
4.047391020156621110e-19
4.574622897239575604e-19
4.793850446311502349e-19
5.056856102095949084e-19
5.244114968841951453e-19
5.472907164515271449e-19
5.772477562363041515e-19
5.916629555293197769e-19
6.125118061702826783e-19
6.724035064339020747e-19
6.966699157616929885e-19
7.298285809091483981e-19
7.609924792915491460e-19
7.768718507664528395e-19
8.226266264528386971e-19
8.524373790041770062e-19
8.750911871064183395e-19
9.218969476275688014e-19
9.293113280730858063e-19
9.745991867873027972e-19
1.014891039127393096e-18
1.034154074350425715e-18
1.048973614448990530e-18
1.082673983286939031e-18
1.103901371407797510e-18
1.175111214455033005e-18
1.179730596781236941e-18
1.224576073804283222e-18
1.262796682682211050e-18
1.282348218663992216e-18
1.336967293047574622e-18
1.424880980329165009e-18
1.436912664766042429e-18
1.453851189947800981e-18
1.456488472923563864e-18
1.498098139663811519e-18
1.555326392155211106e-18
1.592399803105464042e-18
1.610431027970861829e-18
1.660747726838399352e-18
1.694644003397367687e-18
1.754906189975579721e-18
1.788511741883978103e-18
1.818029343701223656e-18
1.862293435099117751e-18
1.890186296416750859e-18
1.898871725057330098e-18
1.910853891727817028e-18
2.015806637628377086e-18
2.042394165352603800e-18
2.068891983171438579e-18
2.129068001258942581e-18
2.172736915499591851e-18
2.226357265121140079e-18
2.288117377936782367e-18
2.328131360761585913e-18
2.342502888460604025e-18
2.430364279813721320e-18
2.483433403692988773e-18
2.514724887536684377e-18
2.551225281973880591e-18
2.615370805133369251e-18
2.651244514944297352e-18
2.680224187277818786e-18
2.728807967819677406e-18
2.780637129685898332e-18
2.809373302246821100e-18
2.830638652877865991e-18
2.863500479873690386e-18
2.901277466484640785e-18
2.964328492746709441e-18
2.991877638068089669e-18
3.004458098368374299e-18
3.051043786685211804e-18
3.152716519548795047e-18
3.166635449082173004e-18
3.222622951198697856e-18
3.227363447901842376e-18
3.244756515458626839e-18
3.303095495184838923e-18
3.346662315251127833e-18
3.371539980166292578e-18
3.427486426512746117e-18
3.466206788694067546e-18
3.568632264014188395e-18
3.585888872500742437e-18
3.651712602032145830e-18
3.716521299293252722e-18
3.745968910204324903e-18
3.778182750787671447e-18
3.809974164625165303e-18
3.881972234294790006e-18
3.940159815170163691e-18
3.957153415014533636e-18
4.042301550381544354e-18
4.098027483202621941e-18
4.151111796467610736e-18
4.217451965468930083e-18
4.244892343733813976e-18
4.337794134178073963e-18
4.409242411810934123e-18
4.422569451673045245e-18
4.452368460644844420e-18
4.500912449404079829e-18
4.536037473617651511e-18
4.570279523685045868e-18
4.675087232956759843e-18
4.694243765648062016e-18
4.743748280307839894e-18
4.783324999360774536e-18
4.825001320439594940e-18
4.858055345496258947e-18
5.010503463266545057e-18
5.082070795434346895e-18
5.133341981695299842e-18
5.159483240945375434e-18
5.246330775447958286e-18
5.276382882325804157e-18
5.370666335884999444e-18
5.420823074903748127e-18
5.449701757068908508e-18
5.522098837561460738e-18
5.608685977785876391e-18
5.644849615740185876e-18
5.729212512239946135e-18
5.769467143845327029e-18
5.802446512693157594e-18
5.838735635625844809e-18
5.904875257383258338e-18
6.028795923984449768e-18
6.046141756101161723e-18
6.167154411690129030e-18
6.211999262017894272e-18
6.245414969078157342e-18
6.328649896205625457e-18
6.387305087532089785e-18
6.430735038112259881e-18
6.477966451923791867e-18
6.529862059950926897e-18
6.566072917054727227e-18
6.661389610263085769e-18
6.741227900677907863e-18
6.767763870829026644e-18
6.897616426692337660e-18
6.960282752147630863e-18
7.027300938033263218e-18
7.067651742384133265e-18
7.202474363512283934e-18
7.230069048533347805e-18
7.265722246303581243e-18
7.383189593268273456e-18
7.430285400805890147e-18
7.457373744534945942e-18
7.567450025145484209e-18
7.663639976400200192e-18
7.681654247803240505e-18
7.767031244217773709e-18
7.794601293895437724e-18
7.874858015828541898e-18
7.945983883950606794e-18
8.041839763520673862e-18
8.146458197005883341e-18
8.185499620737225701e-18
8.270391832817251827e-18
8.308945009175868397e-18
8.388495288552098605e-18
8.480574986776054281e-18
8.523209670139218374e-18
8.599802881454540252e-18
8.765550974924256374e-18
8.929941014680267502e-18
8.957808170679376187e-18
9.032317821764344676e-18
9.123811584241789414e-18
9.223896495893450573e-18
9.249585689266827744e-18
9.286332503601137670e-18
9.426039065540138630e-18
9.538478595250083468e-18
9.650108746039045371e-18
9.726181767688804451e-18
9.741620531720371870e-18
9.823678250491973211e-18
9.945438085553211051e-18
1.017294893903268615e-17
1.028125044664340785e-17
1.032108193727901376e-17
1.038955328619752424e-17
1.041908603598025807e-17
1.052763459934729220e-17
1.071412192432009202e-17
1.078820214371701693e-17
1.087974715547619921e-17
1.103209692726609542e-17
1.123054905985793158e-17
1.129711448580660776e-17
1.142111342724688739e-17
1.151870034166798111e-17
1.157796587849724981e-17
1.160881864224168884e-17
1.168483139503566753e-17
1.176392458737367364e-17
1.187461990278558091e-17
1.192381328656256256e-17
1.216876689455752209e-17
1.228440602935964110e-17
1.245438851893352376e-17
1.250979917551368743e-17
1.258526591418042610e-17
1.267490221732304661e-17
1.281119183379940035e-17
1.295974575662209834e-17
1.313667700935130743e-17
1.318507610595275271e-17
1.339793534448903230e-17
1.354657547515690621e-17
1.363722936546161879e-17
1.375423928509543566e-17
1.387116490619643030e-17
1.401590538672771752e-17
1.406730448902476386e-17
1.413655205199902178e-17
1.426615100647359872e-17
1.447006813349451981e-17
1.464454141194856595e-17
1.484796758332514291e-17
1.486236001514557457e-17
1.495497252565614142e-17
1.541999981601989330e-17
1.547976788064820782e-17
1.554762586742039242e-17
1.592773307120273290e-17
1.602566994976183254e-17
1.609775406140698675e-17
1.639463585980654417e-17
1.674473082047905500e-17
1.676923339859776382e-17
1.701829766856547019e-17
1.737183132296225592e-17
1.746072037683183567e-17
1.772260801798143791e-17
1.780014642698207104e-17
1.810192088896602618e-17
1.837702147179248301e-17
1.865800970155004587e-17
1.879771729938622809e-17
1.892728255408122783e-17
1.932272397141026973e-17
1.940933288244169042e-17
1.976909682762795471e-17
1.981964224982762335e-17
2.002507422854820545e-17
2.028791467505589040e-17
2.049713662203154661e-17
2.066018904711910062e-17
2.079314501090028153e-17
2.089144801236560508e-17
2.133870689385671292e-17
2.150552552039258977e-17
2.182061215654418920e-17
2.219893202483880436e-17
2.260626814235030458e-17
2.297087818224212243e-17
2.322821802114348895e-17
2.344569495463885793e-17
2.368432622684341134e-17
2.404293368609988493e-17
2.429509865048954449e-17
2.510849473561366766e-17
2.530494851997423264e-17
2.559875917883971578e-17
2.585154114670540695e-17
2.615926935657076562e-17
2.623546406727781838e-17
2.643462151349048041e-17
2.726489816596722390e-17
2.730538465335044791e-17
2.804993618070525642e-17
2.858402765464069548e-17
2.906145562410852022e-17
2.984207079830925723e-17
3.030071279575368024e-17
3.137316254335252530e-17
3.166614766389731820e-17
3.261908509389921559e-17
3.292383907376958015e-17
3.325982130265560726e-17
3.403446225760710334e-17
3.515928076073919833e-17
3.561576919192587325e-17
3.664568731633007143e-17
3.779599765303118118e-17
3.871307203185947491e-17
3.944613276132016995e-17
4.129885506326363424e-17
4.182837908564244483e-17
4.267506501337247929e-17
4.368976661563807100e-17
4.517815118997368939e-17
4.569813943568005380e-17
4.739296692113335017e-17
4.944832794330852106e-17
5.080612930445234230e-17
5.134055404231447146e-17
5.545774684290689929e-17
6.149573972600695462e-17
6.448399049972611336e-17
6.653484308877465335e-17
6.889946752565259072e-17
7.139119242343203364e-17
7.586516915061851949e-17
9.097605102152459219e-17
9.290461573722609923e-17
1.187145994586777011e-16
1.566558575893896965e-16
3.086672234973862785e-16
6.784978576932401261e-04
1.372019933715194068e-03
3.268338923590522610e-03
3.645162312430557088e-03
3.760676369858120382e-03
3.926086769661852119e-03
4.266958870087315947e-03
5.189884738086449241e-03
5.245437400660694222e-03
8.600659292967861858e-03
9.586989143304221542e-03
9.954555413274413303e-03
1.430683396484801889e-02
1.954721814344655140e-02
3.120439433216906297e-02
3.332573539803948548e-02
3.879183108836685434e-02
4.972364427093700634e-02
5.364981934473535274e-02
8.503054177175971284e-02
9.743715195904821547e-02
2.601652012648206780e-01
8.017619476685818869e-01
1.411247664529544643e+00
2.591021494469235797e+00
