-2.591255639900266506e-16
-9.476683472868624310e-17
-7.054167237750463393e-17
-6.684969155947577641e-17
-6.079771680059669911e-17
-5.443497816585934766e-17
-4.257548423073901503e-17
-4.121787759683585107e-17
-3.877985677055021825e-17
-3.497066644206564843e-17
-3.269570780175821298e-17
-3.112161130938209666e-17
-3.043473945281549472e-17
-2.908902876713278702e-17
-2.867628124883306133e-17
-2.704886205533023036e-17
-2.581847429073232828e-17
-2.503812512957866919e-17
-2.435030591104875838e-17
-2.370423774183969177e-17
-2.236911592930677901e-17
-2.207688129142110502e-17
-2.201470929297382581e-17
-2.124855031672906099e-17
-2.082033909224500419e-17
-2.000098566960366507e-17
-1.960792646841441191e-17
-1.927331409131989717e-17
-1.900869874626583431e-17
-1.866839039233683450e-17
-1.863016243437107317e-17
-1.808545245285917055e-17
-1.767915325818233569e-17
-1.738065134346745847e-17
-1.723225164466044243e-17
-1.655631502613139869e-17
-1.629660962331588070e-17
-1.616591250869516894e-17
-1.601127383450323833e-17
-1.569577559882443716e-17
-1.551107475804274222e-17
-1.550974342229922801e-17
-1.520196233531795545e-17
-1.497995052736785501e-17
-1.487323126228946307e-17
-1.477317960710408353e-17
-1.447450492778003080e-17
-1.421723880027139771e-17
-1.415525261011382717e-17
-1.397416385920198538e-17
-1.388841764030584912e-17
-1.362314716051738899e-17
-1.347119842768717576e-17
-1.332694452005845577e-17
-1.310820977783094682e-17
-1.294365211894657068e-17
-1.266344872148321797e-17
-1.243913889858401868e-17
-1.231118435952821680e-17
-1.213332496786011509e-17
-1.203908947038026429e-17
-1.178627473860276550e-17
-1.168297696682347840e-17
-1.159554522262892505e-17
-1.155393606529261886e-17
-1.151479281709543015e-17
-1.132428928443429943e-17
-1.102247539772529616e-17
-1.099735499310889337e-17
-1.089782459401216738e-17
-1.072860652163261749e-17
-1.069860087005223165e-17
-1.061955181579747694e-17
-1.037261544504257747e-17
-1.027861854030645773e-17
-1.018280150466535217e-17
-1.010531787663551744e-17
-9.993642885435214012e-18
-9.941656327830827488e-18
-9.754762900027100741e-18
-9.657476076168876663e-18
-9.494384818753317259e-18
-9.443634598772500943e-18
-9.250358761262785365e-18
-9.226168700397999870e-18
-9.090297730154024568e-18
-8.995898634625402781e-18
-8.856532191306122330e-18
-8.835755810874981693e-18
-8.751463035280692685e-18
-8.704635090873188410e-18
-8.526754254600725728e-18
-8.420251857750506273e-18
-8.342667251436884439e-18
-8.320725092914397140e-18
-8.156504510248646503e-18
-8.099809742949896253e-18
-8.023173306891718025e-18
-7.996826137795739344e-18
-7.907883882733450064e-18
-7.858398442366714041e-18
-7.729249465063840508e-18
-7.699007931908382779e-18
-7.637684757503353668e-18
-7.562785762221268826e-18
-7.395867260458805965e-18
-7.298752491785402751e-18
-7.279827195436156490e-18
-7.173111975638723685e-18
-7.109573797863190569e-18
-7.081213861584935440e-18
-7.020321605616840108e-18
-6.996828596255866608e-18
-6.881768948459215356e-18
-6.798914975789759906e-18
-6.728762262509872858e-18
-6.721993161776918637e-18
-6.635097242230695023e-18
-6.544577578181831123e-18
-6.496082865977722456e-18
-6.485930847043442482e-18
-6.387686056536117453e-18
-6.329674738462426154e-18
-6.273217782934096217e-18
-6.208866159399090898e-18
-6.118848703597705326e-18
-6.082162232168201581e-18
-6.045706788954950960e-18
-6.003028905767389443e-18
-5.990698482463729145e-18
-5.860980999245672450e-18
-5.836635385413011403e-18
-5.730352091807495299e-18
-5.717207473488371085e-18
-5.630025923920870432e-18
-5.547856221729425859e-18
-5.500482841037103470e-18
-5.451914758812609739e-18
-5.412915430407107759e-18
-5.367453951974882506e-18
-5.322117206543352201e-18
-5.249084745621058721e-18
-5.233497273856411132e-18
-5.196413945584517705e-18
-5.160401336145407808e-18
-5.115663041793480997e-18
-5.023792547659397510e-18
-5.008508866499916727e-18
-4.942163709546826204e-18
-4.920752211270744290e-18
-4.808673650195552913e-18
-4.775612689828144335e-18
-4.736060923308782005e-18
-4.686451511343349362e-18
-4.677151038151704692e-18
-4.572447799834926269e-18
-4.557089024626277807e-18
-4.500425370044947490e-18
-4.479512282466712744e-18
-4.433206609545707647e-18
-4.420250941258606226e-18
-4.363981896514587516e-18
-4.314203693168629818e-18
-4.270168919093462141e-18
-4.199574477843513843e-18
-4.147375200631040876e-18
-4.124912291907582404e-18
-4.062819589646309054e-18
-4.025935926199656868e-18
-3.995167596120713557e-18
-3.951480445361145236e-18
-3.927035436594426888e-18
-3.862745857089628829e-18
-3.833341686721601340e-18
-3.820797781717294058e-18
-3.736468949077657141e-18
-3.713778491624652147e-18
-3.678723407723348064e-18
-3.660397366106650745e-18
-3.628605046129367083e-18
-3.606872948639703661e-18
-3.556687560310834066e-18
-3.523012772713270670e-18
-3.500207778751650138e-18
-3.427020651804823805e-18
-3.395634204302055145e-18
-3.381780739358711802e-18
-3.350313767266092172e-18
-3.296695492356923358e-18
-3.269312490198907528e-18
-3.244792579023951731e-18
-3.203864669413665997e-18
-3.189449465228405534e-18
-3.150184049653094495e-18
-3.103783901499414735e-18
-3.076416604994163722e-18
-3.061518107274498890e-18
-3.020509744824653848e-18
-2.998713310186600905e-18
-2.909142416049189663e-18
-2.905493557844822626e-18
-2.858727641450394028e-18
-2.846441053630613252e-18
-2.804469461586516679e-18
-2.793338405738929237e-18
-2.706435285947238811e-18
-2.686611624773459337e-18
-2.667008078292609516e-18
-2.629791061458475471e-18
-2.624844288802572689e-18
-2.580306873609590254e-18
-2.561081430618611770e-18
-2.507314216669104994e-18
-2.480398463610436422e-18
-2.468877595052527340e-18
-2.404519857413860590e-18
-2.373161244925693307e-18
-2.359728271053231472e-18
-2.342067528452489258e-18
-2.301534636470657604e-18
-2.283832759577473515e-18
-2.231877559535205261e-18
-2.215951504720178677e-18
-2.199887075654020245e-18
-2.166758580465181416e-18
-2.143371371751519330e-18
-2.107379271095580210e-18
-2.086165014661200889e-18
-2.049849759947695139e-18
-2.013677095423399972e-18
-1.970515419470161949e-18
-1.942286700800244848e-18
-1.940374882130325974e-18
-1.913495058425960278e-18
-1.849946491917572773e-18
-1.839797601624657226e-18
-1.813951791310666711e-18
-1.800919823446269204e-18
-1.778447447059952975e-18
-1.744498793790050254e-18
-1.715500297441281244e-18
-1.683248755097160714e-18
-1.654435780870075406e-18
-1.633823708251986647e-18
-1.602998205490032918e-18
-1.586789619213768396e-18
-1.550768536825170896e-18
-1.534701679040490474e-18
-1.498575016526003814e-18
-1.473207903462305027e-18
-1.453770366743098386e-18
-1.447104595999061131e-18
-1.418166218350830380e-18
-1.383128888823481914e-18
-1.373737071647026284e-18
-1.362968360225608823e-18
-1.316428608540450406e-18
-1.292012617122641210e-18
-1.274612655737673144e-18
-1.247102112089897641e-18
-1.222288885317116268e-18
-1.174748110983660221e-18
-1.163242442183029128e-18
-1.134223614613664848e-18
-1.126526171720272562e-18
-1.093804854345146909e-18
-1.092339929584974131e-18
-1.053933850275011387e-18
-1.040087539254976752e-18
-1.020705879263653283e-18
-9.993957250301468712e-19
-9.728675248066969381e-19
-9.521978928799953177e-19
-9.260247658699941710e-19
-9.064800576891084259e-19
-8.790339132902850249e-19
-8.717180063738507314e-19
-8.550779273542880702e-19
-8.207543202648962282e-19
-8.112278824176893615e-19
-7.891810484564066832e-19
-7.848169177385744783e-19
-7.592312059169622645e-19
-7.223906688600269765e-19
-7.193019635087670746e-19
-6.885575762385458132e-19
-6.645016581610887461e-19
-6.338002476608261786e-19
-6.269342054947939122e-19
-6.216314818017845906e-19
-6.072961747838696527e-19
-5.877809063393978102e-19
-5.431315957744613447e-19
-5.261069835619719202e-19
-5.204273906479686206e-19
-4.807548825257148859e-19
-4.672427176728717743e-19
-4.574517662268380374e-19
-4.395754365206992007e-19
-4.367213378674593036e-19
-4.163616738418793665e-19
-3.922757760981745233e-19
-3.819529075077146296e-19
-3.584359226596070743e-19
-3.566849377101511519e-19
-3.407549939206573124e-19
-3.258012128702645453e-19
-3.111529447342489674e-19
-2.776272127308754206e-19
-2.614891789460732452e-19
-2.525141487575683421e-19
-2.405121483813137092e-19
-2.148440189845466378e-19
-1.997981648252951105e-19
-1.802943797470808697e-19
-1.608962901865955569e-19
-1.480610556095666337e-19
-1.312311697956290936e-19
-1.202307816627019077e-19
-8.506559688118451250e-20
-7.939721879001304566e-20
-7.780951088727274650e-20
-6.754484202945764572e-20
-2.793589921674422549e-20
-1.375936907997812731e-20
-7.745678617951766079e-23
2.230378046162034730e-21
1.313463924902178815e-20
3.993786981076266307e-20
4.605226281822311449e-20
7.230300804761812237e-20
8.586345460221317381e-20
9.459150557047362957e-20
1.083722861756149459e-19
1.292949560801871501e-19
1.495779314628226163e-19
1.677730457648651625e-19
1.759787730810917774e-19
1.876472945338565699e-19
2.008778244809421901e-19
2.191017588857624261e-19
2.395502577264523295e-19
2.671310234872804914e-19
2.787451733444744676e-19
2.947837417824081699e-19
3.208323872884745846e-19
3.403691923549515689e-19
3.554157018036118734e-19
3.728100304618463122e-19
4.063088780211682258e-19
4.235846332780274627e-19
4.349420147997179466e-19
4.651337516818408803e-19
4.764604592129703849e-19
4.925921786537736501e-19
5.166431375567593705e-19
5.396024636030219430e-19
5.502303081933155774e-19
5.756422977875530581e-19
5.967673850845783661e-19
6.184805143411837901e-19
6.204991386532865138e-19
6.547280009020579917e-19
6.631812949187419747e-19
6.848270375851217518e-19
7.199865724991934367e-19
7.406566030687881531e-19
7.591306175159364265e-19
7.747352850293497539e-19
7.951958036641858958e-19
8.241929678637213484e-19
8.419126675086128800e-19
8.632240103918422666e-19
8.898743089745312158e-19
9.180164928226810595e-19
9.265600236894820277e-19
9.289665203102680611e-19
9.772898683847398729e-19
9.872944685359119813e-19
1.000983322459399617e-18
1.034769485977170932e-18
1.061396456019842587e-18
1.066300514456918985e-18
1.089646536950508257e-18
1.098705735543259036e-18
1.144000111895644649e-18
1.170644239530145739e-18
1.196969317707155206e-18
1.224226583629660760e-18
1.240172072947992973e-18
1.252535259005448517e-18
1.299773030652105961e-18
1.302420250869340542e-18
1.322660482312142799e-18
1.338219726666296690e-18
1.362387390845982440e-18
1.403958025707097092e-18
1.410605818031857037e-18
1.430869673341137647e-18
1.462039224482172515e-18
1.467990251884140106e-18
1.500342635268163111e-18
1.550199926451851619e-18
1.564282944052352806e-18
1.584365530743747306e-18
1.640860754402846651e-18
1.648933195766925846e-18
1.686215241205947532e-18
1.718762937724040102e-18
1.769448818647923286e-18
1.780986322945335208e-18
1.791049121458244529e-18
1.810458169553476434e-18
1.836604448152070815e-18
1.844490387636022482e-18
1.865894125472369182e-18
1.899461270002445541e-18
1.920026617673423617e-18
1.928121546318477719e-18
1.975561204921549824e-18
1.995587680168359236e-18
2.020571504590391533e-18
2.038722625624547989e-18
2.088462312197877931e-18
2.101456944669393316e-18
2.154697959936448610e-18
2.182019384174287854e-18
2.194468005037245095e-18
2.223079358208614531e-18
2.270743057981742591e-18
2.294236748387151018e-18
2.309985903371232808e-18
2.349435415406763137e-18
2.363913274380961034e-18
2.400652362982149968e-18
2.420780718792575551e-18
2.469916546654615870e-18
2.488005240302528954e-18
2.502115205710259423e-18
2.556989336248678611e-18
2.597134189007193102e-18
2.608987040645273069e-18
2.654246643381720445e-18
2.665845338062526135e-18
2.695280643417135963e-18
2.716168140285406662e-18
2.730009009326852274e-18
2.827913065780045576e-18
2.872556162652447789e-18
2.894308510601766877e-18
2.974965400948268415e-18
2.991885409571099492e-18
3.002959128070741461e-18
3.039501174048829547e-18
3.072356634423011410e-18
3.083937714220140397e-18
3.113942539414683346e-18
3.141024337308817523e-18
3.178074272574985749e-18
3.229825693446433140e-18
3.255218334734398828e-18
3.312615185371042180e-18
3.336095948186807180e-18
3.402087844274639781e-18
3.433998973637422268e-18
3.472020294096281738e-18
3.500935572918208316e-18
3.536921016631997993e-18
3.598495567553644127e-18
3.624497727935851097e-18
3.668603178622673747e-18
3.703527458276912563e-18
3.722071094395256078e-18
3.756040501135230309e-18
3.801872190714775521e-18
3.855354493228670074e-18
3.898624657098539842e-18
3.938360527433502913e-18
3.968270757251371925e-18
4.015830327758906228e-18
4.040440687646294951e-18
4.074730282536260500e-18
4.122371651721670831e-18
4.137151639743699146e-18
4.162881664649851935e-18
4.222587801961168873e-18
4.262137217085588148e-18
4.280217264033852656e-18
4.354239925468293051e-18
4.377701893627589672e-18
4.462724552821958781e-18
4.490417081387435741e-18
4.545243045046265812e-18
4.570114982078281673e-18
4.610182728995237064e-18
4.627465918108149774e-18
4.671120488361722963e-18
4.730137729103044989e-18
4.785652676289215498e-18
4.817314420257071356e-18
4.854395305952994737e-18
4.885069206243849554e-18
4.915083654511881043e-18
5.005099883825823099e-18
5.037980199457750841e-18
5.081158752186073086e-18
5.153030529509171777e-18
5.234201497613420243e-18
5.253338022079064587e-18
5.322119077041811093e-18
5.338114082899744155e-18
5.394621633171115446e-18
5.414898241044354174e-18
5.494980758414754812e-18
5.553639813946793407e-18
5.665078160767871813e-18
5.753229549675750431e-18
5.771585215916856341e-18
5.816224214195545635e-18
5.849519971305130471e-18
5.913772299844173352e-18
6.014142295507191615e-18
6.027229673900278960e-18
6.070144260755262684e-18
6.116684259023979762e-18
6.170469609206559424e-18
6.236187393323697881e-18
6.291823784641736061e-18
6.311567791549931286e-18
6.428912104075831364e-18
6.537615464699457410e-18
6.551675342602988555e-18
6.658630082278073914e-18
6.687983912931871397e-18
6.778875350412350051e-18
6.872025737024417022e-18
6.892606991833429441e-18
6.939357375241862173e-18
6.986946317313354981e-18
7.036480266778139584e-18
7.173869406381601080e-18
7.205934202329483855e-18
7.274839149917536365e-18
7.322180634204462794e-18
7.399942800063375371e-18
7.461435779604211912e-18
7.598432954072369050e-18
7.612993088880070532e-18
7.634332222740977227e-18
7.722514534897542614e-18
7.839336294358992977e-18
7.908613757597428737e-18
7.962321689323311486e-18
8.094495681169318858e-18
8.176949512614446415e-18
8.224450988453534292e-18
8.276476136300494993e-18
8.390609607369016527e-18
8.471613828647541259e-18
8.567647968925829309e-18
8.636255731529460219e-18
8.680919699217894815e-18
8.858037395019861722e-18
8.898169916222286396e-18
8.988734348266034470e-18
9.094181944762816224e-18
9.193545440587344379e-18
9.296916397916732566e-18
9.359889143216516895e-18
9.519750951928005919e-18
9.611817698086111689e-18
9.707766720418887526e-18
9.732728712365278207e-18
9.814943731029261756e-18
9.960351076725755470e-18
1.013155489081416241e-17
1.024184570704950898e-17
1.036710367776512414e-17
1.051508852310074451e-17
1.057951275732493342e-17
1.074912349261039261e-17
1.088060748001634973e-17
1.092921176118366605e-17
1.098174802782089809e-17
1.107385978861224537e-17
1.125603866793618053e-17
1.134439847063026269e-17
1.148146731493547938e-17
1.167288008103471753e-17
1.169646479180091430e-17
1.187384272505267549e-17
1.205379022389135902e-17
1.224377327091183733e-17
1.238597509345085568e-17
1.250662409386188448e-17
1.278213820469489022e-17
1.280079613705463151e-17
1.287295085075585681e-17
1.320717646239517015e-17
1.339388758045207493e-17
1.346836582666105526e-17
1.390866618185063968e-17
1.409299075064874097e-17
1.414182378188689648e-17
1.447102291703369498e-17
1.482160572363684445e-17
1.506762872540960251e-17
1.537007369612597985e-17
1.551104636821848676e-17
1.595199336993784519e-17
1.616564424527203156e-17
1.635962679959678754e-17
1.640649707993100114e-17
1.675061708871850239e-17
1.708123702979529498e-17
1.722075194104999805e-17
1.762322528633727286e-17
1.783670224345472022e-17
1.796092535724679417e-17
1.828305794741464597e-17
1.866385064427084670e-17
1.897107986278593133e-17
1.930399897889071118e-17
1.968365752725182034e-17
2.026488587298163666e-17
2.038006407246344748e-17
2.067761234419444545e-17
2.116559970998352585e-17
2.209425586517700401e-17
2.246494008725793878e-17
2.329063507237389409e-17
2.396071779936197364e-17
2.448920210906075935e-17
2.452425622012298400e-17
2.550498186462860653e-17
2.692532188483614200e-17
2.759394395450099829e-17
2.851571798366254008e-17
3.075574475452813834e-17
3.189242392316509468e-17
3.386640549425019617e-17
3.473321253608224538e-17
3.886627264281890016e-17
4.111037006368246564e-17
4.542021975509816037e-17
5.077274022802197334e-17
5.550089187297600033e-17
6.077434577983350750e-17
6.823255168473575788e-17
7.382627171833639219e-17
9.128709920566176712e-17
4.139715584585294318e-04
7.921681799927880307e-04
1.389081982153912145e-03
1.629452242133672037e-03
2.029884011372890505e-03
2.809413643657035844e-03
2.943510468958017694e-03
3.089547869525084960e-03
3.622668132282100099e-03
3.955982855856924642e-03
5.746714445287950598e-03
6.707434642440884311e-03
7.838280587095869736e-03
9.513491761373454522e-03
1.680743866638373038e-02
2.280511433176708735e-02
2.413188291525407425e-02
3.077007221125618863e-02
3.184662988669600958e-02
5.561603237982735287e-02
6.127019121873242269e-02
1.545894416919237901e-01
4.795510863332723694e-01
7.302261411984622974e-01
1.295607454568472594e+00
