-1.342158727839375193e-15
-9.243515800317747588e-16
-6.015883174991344092e-16
-4.189674808791070289e-16
-3.325691531290455775e-16
-2.873892154119957375e-16
-2.362908750588496941e-16
-2.111858595234042529e-16
-2.035061556546189704e-16
-1.931917777878391135e-16
-1.880482844854940530e-16
-1.722846725441593565e-16
-1.665372455903497465e-16
-1.522234758554847219e-16
-1.505487852155597407e-16
-1.420078909943275914e-16
-1.332151598858616700e-16
-1.309021090234189502e-16
-1.298658052151653805e-16
-1.256445773422875462e-16
-1.217806202428994832e-16
-1.188489161742657750e-16
-1.175673657805674740e-16
-1.144070328468108751e-16
-1.122214507323025735e-16
-1.089348779425771471e-16
-1.084891779292599326e-16
-1.067268396638447118e-16
-1.040867517251858101e-16
-1.013036358424870908e-16
-9.989802633542089505e-17
-9.830617866879224177e-17
-9.710477345420411097e-17
-9.595626115483717522e-17
-9.464675284639684783e-17
-9.367411691561775765e-17
-9.325153577931383334e-17
-9.097049991556199102e-17
-9.030314248733271492e-17
-8.945686315807047988e-17
-8.703771960797019569e-17
-8.690531598303600613e-17
-8.539528461981305046e-17
-8.342708954481717569e-17
-8.209997301462783084e-17
-8.084032600623009913e-17
-7.936973356514439445e-17
-7.860729251588948656e-17
-7.752635703102419078e-17
-7.572155007649516925e-17
-7.529916496895927328e-17
-7.435092859564258396e-17
-7.357974154323797819e-17
-7.228952162246876189e-17
-7.148359087230096593e-17
-7.033246337527217543e-17
-6.929350282449828916e-17
-6.774486092022888124e-17
-6.671914086752744292e-17
-6.579620872196625891e-17
-6.523876561856125710e-17
-6.487170320588806766e-17
-6.469229486909794042e-17
-6.331093878481040129e-17
-6.272442341780514225e-17
-6.257201971952399858e-17
-6.147564735059553510e-17
-6.062028688149018997e-17
-6.015349153313016734e-17
-5.879891138879915207e-17
-5.852739039553567193e-17
-5.749613783066216915e-17
-5.692410849184865425e-17
-5.616865627592515335e-17
-5.519611755903625943e-17
-5.494764363537909913e-17
-5.411495471796196964e-17
-5.387731595536725818e-17
-5.326608606072900031e-17
-5.253645918290360781e-17
-5.198292439336784927e-17
-5.172092547440101625e-17
-5.090154893807185115e-17
-5.053720724949710364e-17
-5.003186248792069693e-17
-4.933322159363482181e-17
-4.914184879061604639e-17
-4.881076869812805844e-17
-4.820471679029085313e-17
-4.782645575858531972e-17
-4.734449453380100408e-17
-4.652221566799175212e-17
-4.619050797517975197e-17
-4.602960487213035838e-17
-4.547187410303904188e-17
-4.515068307680750545e-17
-4.470885811180920339e-17
-4.445711336473397367e-17
-4.408708185707182356e-17
-4.343907001640474255e-17
-4.299440575892333695e-17
-4.272435799901464743e-17
-4.203689985244201932e-17
-4.196214483971234250e-17
-4.126474386979140069e-17
-4.074207530395185361e-17
-4.029587307359272057e-17
-4.016918565014065798e-17
-3.978107317767208274e-17
-3.932397705491878766e-17
-3.924562337273754780e-17
-3.882883858050870487e-17
-3.872230151032922843e-17
-3.766903614072603064e-17
-3.761073174936772568e-17
-3.726169537296553236e-17
-3.683406557169904789e-17
-3.654432756222873341e-17
-3.633277919938151923e-17
-3.587348757160683198e-17
-3.552825021405561519e-17
-3.539786712204615992e-17
-3.516321397520850563e-17
-3.480282672927325272e-17
-3.424615820194719083e-17
-3.386742948220483795e-17
-3.366138605347514218e-17
-3.326409334164854329e-17
-3.297154261796518955e-17
-3.264139021870886464e-17
-3.212684390927912625e-17
-3.195510983345432835e-17
-3.141997614115505425e-17
-3.109616389417616623e-17
-3.075372241929418812e-17
-3.046754236204465576e-17
-2.988381968339844170e-17
-2.984798017989444847e-17
-2.953814076008896374e-17
-2.941244945252781643e-17
-2.920458655701948624e-17
-2.875439689828324413e-17
-2.828442567581682205e-17
-2.825691558046008410e-17
-2.808275646699030049e-17
-2.781686305988309367e-17
-2.766760091983767747e-17
-2.724501958453845606e-17
-2.689476721622130016e-17
-2.685292565496355475e-17
-2.667870443498804201e-17
-2.655187599192246861e-17
-2.603740741249209583e-17
-2.583958102399665650e-17
-2.558675360151311157e-17
-2.540498928509101931e-17
-2.513196660402730346e-17
-2.508224399915521682e-17
-2.478014332572944247e-17
-2.424974606140863101e-17
-2.407381107442107439e-17
-2.389976671211119271e-17
-2.369150021386136608e-17
-2.325548888506811681e-17
-2.314780668455943846e-17
-2.285138058493082298e-17
-2.252031085637921428e-17
-2.233013188781365715e-17
-2.213067927031274938e-17
-2.183988481024675385e-17
-2.166633778214755608e-17
-2.136221812718854519e-17
-2.125432755281137248e-17
-2.103159381512563174e-17
-2.093322279189267073e-17
-2.073745697310977805e-17
-2.028522817977931637e-17
-2.017638915743732880e-17
-1.993991276213083111e-17
-1.968401616478362846e-17
-1.957750309337464820e-17
-1.947169900383066222e-17
-1.925518949433312864e-17
-1.907955914007309877e-17
-1.879886567166434829e-17
-1.868233360325360885e-17
-1.818015658516595816e-17
-1.804489050619654960e-17
-1.776116445772283048e-17
-1.763359580168512040e-17
-1.751139816511781508e-17
-1.741925510417940228e-17
-1.716780290290458287e-17
-1.713580966819491806e-17
-1.666241589618602497e-17
-1.663421155594684761e-17
-1.651665061216949528e-17
-1.620310941758911917e-17
-1.605165607219381886e-17
-1.583727425045818060e-17
-1.549690507207714105e-17
-1.522434441431607684e-17
-1.505249522356473049e-17
-1.481190799411477378e-17
-1.467451070210577437e-17
-1.461122958886132445e-17
-1.447466238915074117e-17
-1.421517696623493992e-17
-1.404267507887199106e-17
-1.389352794404024374e-17
-1.373018332571701635e-17
-1.357241943589392652e-17
-1.338871175746699093e-17
-1.315053212229251090e-17
-1.302435606387691451e-17
-1.269607320145385210e-17
-1.251823195955676687e-17
-1.238059344247121022e-17
-1.216564133484514088e-17
-1.201659335289611399e-17
-1.192813860689594453e-17
-1.176386190287258064e-17
-1.161382285631884853e-17
-1.153049250161384321e-17
-1.133947608640140638e-17
-1.118970321787405584e-17
-1.102833027388454150e-17
-1.071114173686528488e-17
-1.062387502203224185e-17
-1.058294110455415234e-17
-1.035308155687952423e-17
-1.019796702920060459e-17
-1.017271413208341938e-17
-9.895484304117182970e-18
-9.777040414186617498e-18
-9.676098887173616794e-18
-9.570722344963449943e-18
-9.372470578413530259e-18
-9.274479411133676782e-18
-9.004081618235648340e-18
-8.890947264938566376e-18
-8.710331448524100177e-18
-8.425487676506141785e-18
-8.316562128656278150e-18
-8.167274897077075352e-18
-8.065563819376315334e-18
-7.944184283512290421e-18
-7.804966141889495269e-18
-7.606000518108907551e-18
-7.521932385039534799e-18
-7.314959109618103766e-18
-7.122544525480548786e-18
-7.040676328873670069e-18
-6.837660869419036991e-18
-6.668485981506430551e-18
-6.592971104740664444e-18
-6.508263516852681626e-18
-6.413988235907006741e-18
-6.384852662610589202e-18
-6.136730512840978818e-18
-5.917161117796741111e-18
-5.712773497239552265e-18
-5.642908724690409546e-18
-5.535930064073388859e-18
-5.453342594320726666e-18
-5.365049620807652064e-18
-5.180033772814921520e-18
-5.107746697976788897e-18
-5.001313948496172659e-18
-4.922156235298573303e-18
-4.802291831346843545e-18
-4.670769867346886434e-18
-4.540165862075794638e-18
-4.396838539224849781e-18
-4.326261524114468844e-18
-4.219013999112230795e-18
-4.061540365642196492e-18
-3.935023805861666423e-18
-3.811323777167408394e-18
-3.713697435949491316e-18
-3.532174548763495884e-18
-3.458280634501948573e-18
-3.376665863899299381e-18
-3.316570276997493001e-18
-3.240926772319347389e-18
-3.155902125196668474e-18
-3.053883606298523133e-18
-2.980520342064862227e-18
-2.888392279243084065e-18
-2.735487756635703815e-18
-2.668703965009671138e-18
-2.499991376264047871e-18
-2.403797312502765762e-18
-2.317451551082688671e-18
-2.221411983062081212e-18
-2.131241943129720594e-18
-2.017663239981816146e-18
-1.992411747627267722e-18
-1.889542259061751164e-18
-1.825345737428022970e-18
-1.671861732153305583e-18
-1.632739535230335782e-18
-1.603299798780008616e-18
-1.520685150099156670e-18
-1.418081547092369812e-18
-1.365198443032600420e-18
-1.272588959945933096e-18
-1.167425704255002070e-18
-1.132794973146878759e-18
-1.113882115860721088e-18
-1.028701139364010764e-18
-9.472393709342082871e-19
-8.582999863060534691e-19
-7.832563210001680299e-19
-7.160942137957823655e-19
-6.433844240020893340e-19
-5.584001036709486992e-19
-5.197877395639261726e-19
-4.464249796539178513e-19
-3.849796165100325654e-19
-3.556846109710138983e-19
-3.022420944338980873e-19
-2.577991187900468284e-19
-1.488729967232616206e-19
-9.181139602157221339e-20
1.877141586573915465e-20
1.335806832920793557e-19
2.249649645830762363e-19
2.765656976989705803e-19
4.067005278411116553e-19
4.632249354968496307e-19
5.331102711033522148e-19
5.850885976243858576e-19
6.484807446047207652e-19
7.544784680712860871e-19
8.345275014501320594e-19
8.621131511779254028e-19
9.059715895216500665e-19
9.865001567596146215e-19
1.061710307578584135e-18
1.160062327826205467e-18
1.303012522463607743e-18
1.387968203337105742e-18
1.401610075219800387e-18
1.421944889466343873e-18
1.512528858665298366e-18
1.646860865620755944e-18
1.675818910854913555e-18
1.954027984875323137e-18
1.986063639741083982e-18
2.077568708122546420e-18
2.111519974367372117e-18
2.219944076357235231e-18
2.398680920000745684e-18
2.464292086242721238e-18
2.655777031553033570e-18
2.684391887756110083e-18
2.767304446007292429e-18
2.812627642311258820e-18
2.916063740076025242e-18
2.977639305547110579e-18
3.026612244567986554e-18
3.111954494159828864e-18
3.232549945106745855e-18
3.294008084487519390e-18
3.460677829605754002e-18
3.543282132228193726e-18
3.637515112090013020e-18
3.758238006945017102e-18
3.843116522135405052e-18
3.960144732196223975e-18
4.006570895884207395e-18
4.096766380864906271e-18
4.345337515578739940e-18
4.479309567688099525e-18
4.604922840314726866e-18
4.725075607492213809e-18
4.901467396219651934e-18
4.919810843717775205e-18
5.009285459639286236e-18
5.100965643698084306e-18
5.187129399859244312e-18
5.375978270067458899e-18
5.468871272542722662e-18
5.619439468094005598e-18
5.879601053375343608e-18
5.948386392061848212e-18
6.075269136347493908e-18
6.095789989783210330e-18
6.216761349819766463e-18
6.357900942246548823e-18
6.653995051265646184e-18
6.740496835603267440e-18
6.825277482269143601e-18
6.915032983677561779e-18
7.175391012406467196e-18
7.327780210529318062e-18
7.394577468442522488e-18
7.434647626707862827e-18
7.652746916103243247e-18
7.730179707856285731e-18
7.975437726298068213e-18
8.026932779890095910e-18
8.162574792923714895e-18
8.231228571946840629e-18
8.557824801915936767e-18
8.669000276757065792e-18
8.778547877577107140e-18
8.839995515768394874e-18
9.048351278259390258e-18
9.139056275163730287e-18
9.301072447221596335e-18
9.585730014658314967e-18
9.703499089391979559e-18
9.769863171459478839e-18
9.959909955647596176e-18
1.015733801179795468e-17
1.028539873345117984e-17
1.052238949114086254e-17
1.052520198219840673e-17
1.070308293796614037e-17
1.089847631074477710e-17
1.096726836058128360e-17
1.124297331737533163e-17
1.138778339732496142e-17
1.164648402041694099e-17
1.166881901324382120e-17
1.180829507036001090e-17
1.183267390944523362e-17
1.226286688515413692e-17
1.240087168341431052e-17
1.248725577635128939e-17
1.261147745890149669e-17
1.272925047999977145e-17
1.305242006406614688e-17
1.312381361219044342e-17
1.339176598913142527e-17
1.345099030643000550e-17
1.357068578639900529e-17
1.365684882098669481e-17
1.403611532169840389e-17
1.429577279820469959e-17
1.452839757010942836e-17
1.466094119435786304e-17
1.489409361406270875e-17
1.516783147776601348e-17
1.519655465461213634e-17
1.552640379211989390e-17
1.563840261870342357e-17
1.579786074105260867e-17
1.611981319971241262e-17
1.634831746939439805e-17
1.649323816303461757e-17
1.658287834448976078e-17
1.672299604603156064e-17
1.683069852560070197e-17
1.715243874291844541e-17
1.725288211952808534e-17
1.738841977786950037e-17
1.755854931947822362e-17
1.772622278318049247e-17
1.792340253409146915e-17
1.820214205960417672e-17
1.831592023631441063e-17
1.851733920438189233e-17
1.888576156035756708e-17
1.893220609758037011e-17
1.908340447524565554e-17
1.926285504840853707e-17
1.971060084803714936e-17
1.975456320331276286e-17
1.999967044277429788e-17
2.026649924602358633e-17
2.034102136182744808e-17
2.056123317557080794e-17
2.094090657618434046e-17
2.095219567194952452e-17
2.140263869793109381e-17
2.155957589603516447e-17
2.186223665087749877e-17
2.195899577697035487e-17
2.231691682408558165e-17
2.242191947738999363e-17
2.279676858176078235e-17
2.294833338908818554e-17
2.336345940967032136e-17
2.366627297557913846e-17
2.409610498770969642e-17
2.417703540935043154e-17
2.437438126280822819e-17
2.462151508327738789e-17
2.476817568247399451e-17
2.512152645505020961e-17
2.518298924311291016e-17
2.551380485876947990e-17
2.567210762737945588e-17
2.598949118056010927e-17
2.628062539913304692e-17
2.632740924103449059e-17
2.655498702222075671e-17
2.691922471040590701e-17
2.721720755031746096e-17
2.751874534417848393e-17
2.761520533497761449e-17
2.775049524858775100e-17
2.813653244062441337e-17
2.843679015328883011e-17
2.904622927092341107e-17
2.939791372458526244e-17
2.951002842561225329e-17
3.000407396036301133e-17
3.012215913860675126e-17
3.016214401777163798e-17
3.078513060683705570e-17
3.082382114591702354e-17
3.125601904850044640e-17
3.154951083405808496e-17
3.187268226298254246e-17
3.213058549396584966e-17
3.235550616100455121e-17
3.258005712026397958e-17
3.281871127918009469e-17
3.323180834406467111e-17
3.372331444847897634e-17
3.394997604764600438e-17
3.414112025113724066e-17
3.438160447507488025e-17
3.454430523310664514e-17
3.499786073511094791e-17
3.537852377069817144e-17
3.578723688159496619e-17
3.622337376320205206e-17
3.666447832382473845e-17
3.678223721911472329e-17
3.733595361417802288e-17
3.764122068238041932e-17
3.795345744679248968e-17
3.844278022202114913e-17
3.896853961054897843e-17
3.926643804530188363e-17
3.956891242399333178e-17
3.992495930064823052e-17
4.074906949455501101e-17
4.095672112572512971e-17
4.120359941125727535e-17
4.159542447445890348e-17
4.199658020219961711e-17
4.212442495397006395e-17
4.262973397302917777e-17
4.279573038815728147e-17
4.334974665447957363e-17
4.394483322951331321e-17
4.433694209228436422e-17
4.478614282216849579e-17
4.511716908190836793e-17
4.556181665156963829e-17
4.584731786707291452e-17
4.622861610551846512e-17
4.709716308791978087e-17
4.739342648315780371e-17
4.767612314612716239e-17
4.806985775366097760e-17
4.830047248540838896e-17
4.876655247673321308e-17
4.895625995604285220e-17
4.970453075065805717e-17
4.987003362968338206e-17
5.121179389980185869e-17
5.154580823070255156e-17
5.264512605638493023e-17
5.304079022810483228e-17
5.349576162038715481e-17
5.380048249137836016e-17
5.468386815706468925e-17
5.489262665825687170e-17
5.541277008133354759e-17
5.676458398469552146e-17
5.735612704605835281e-17
5.750930403472806433e-17
5.785698632089354187e-17
5.869555701216989132e-17
5.914612805053101696e-17
5.969708588140345598e-17
6.107244322449091874e-17
6.167122190282645327e-17
6.221804907894814137e-17
6.333401844459903512e-17
6.391751306855843489e-17
6.459465694007148942e-17
6.483952215159522686e-17
6.636364057333634592e-17
6.772280952156358283e-17
6.777396667530226834e-17
6.948902985735580278e-17
6.994304170367378653e-17
7.085881748898887990e-17
7.095535400754778576e-17
7.199550102186365264e-17
7.272754133998554779e-17
7.398329286249253874e-17
7.409561779738502934e-17
7.551992100652868868e-17
7.642797635010461081e-17
7.828304690559813282e-17
7.897437797308062942e-17
8.069648870485660978e-17
8.091871559434983354e-17
8.291203724956940352e-17
8.398079306057677791e-17
8.432588919909813844e-17
8.680146586800572523e-17
8.725705254323725678e-17
8.843265278598226057e-17
8.916574997959582021e-17
9.109422433921023936e-17
9.231355357820023646e-17
9.397193217121095782e-17
9.442173481120505986e-17
9.526027956965103912e-17
9.580769874100467383e-17
1.007972473534034597e-16
1.040333179278115264e-16
1.047608345135651047e-16
1.054017505152324478e-16
1.081506816617841035e-16
1.090083701834732131e-16
1.122176602867207942e-16
1.132164729496679849e-16
1.180294764223844613e-16
1.216166835930605826e-16
1.255047682804360410e-16
1.317537722003938894e-16
1.331538365796259766e-16
1.350844280989476807e-16
1.409607257870902029e-16
1.429591585552869551e-16
1.484722942453467962e-16
1.553238879258455984e-16
1.570209305194478131e-16
1.644710648575851104e-16
1.744883152228374621e-16
1.889472407510385970e-16
2.086002984189418727e-16
2.258921689302095668e-16
2.393997167870332889e-16
2.557583751501032060e-16
3.079640044192348799e-16
3.574037145768184972e-16
4.174729173334114352e-16
6.399315618102583256e-16
1.374478199154443001e-15
1.124097227498135898e-03
2.120678928421808589e-03
3.631074315683906727e-03
4.437637397089901244e-03
4.828252376563476472e-03
5.433631771686202316e-03
6.149781143160862502e-03
7.730234337145409571e-03
8.585211150331163027e-03
9.776026025145342566e-03
1.322316932783258042e-02
1.554616483483186457e-02
1.871616960880099351e-02
2.511051021254978588e-02
4.455990560204389078e-02
5.457583192373850062e-02
6.903973216512769573e-02
8.220874101069686191e-02
1.017346751936579474e-01
1.330739785955202537e-01
1.781220635605561264e-01
4.792210680894558594e-01
2.324005800176006442e+00
4.491714445044442172e+00
1.278266281298793672e+01
