-1.350966279428369887e+00
-1.926941977569104347e-01
-1.756697372655120215e-01
-6.985389789413694317e-02
-5.414323538230391558e-02
-3.943032533343990981e-02
-3.174568145572082001e-02
-2.296432825468224664e-02
-1.961402707800142392e-02
-1.806769704995030146e-02
-1.551877830452938131e-02
-1.341809314702884122e-02
-1.309460478967206486e-02
-1.092698196236833834e-02
-1.086863835291151416e-02
-9.754090599363579583e-03
-8.907893661288029605e-03
-8.127580786285016831e-03
-7.723581977375026594e-03
-7.262113114447390529e-03
-6.335132720823236432e-03
-5.704507078250022067e-03
-5.450753961047466456e-03
-5.075932627629016480e-03
-4.914714741836564982e-03
-4.628525114271267449e-03
-4.440789521941613735e-03
-4.278182193101251300e-03
-3.947199526917395326e-03
-3.554499053772662565e-03
-3.514231666129651911e-03
-3.352639757992233356e-03
-3.230044217960563718e-03
-3.076733409935115699e-03
-2.998557677374624492e-03
-2.961669258287069357e-03
-2.753387125999831597e-03
-2.677071333157328599e-03
-2.585984033730971948e-03
-2.486286885829413606e-03
-2.388885750731984704e-03
-2.324766067746461030e-03
-2.151743889544684672e-03
-2.069032164548299628e-03
-2.010201782183377618e-03
-1.929522378414730678e-03
-1.895340230375961062e-03
-1.840797343312238583e-03
-1.834387063176396229e-03
-1.719380060802832774e-03
-1.651571624882679137e-03
-1.546499499920683200e-03
-1.502021771996290764e-03
-1.458685876813021857e-03
-1.425955875711068348e-03
-1.387462038425830123e-03
-1.356452683491876556e-03
-1.344641296319821046e-03
-1.304209073666196157e-03
-1.284926572156822175e-03
-1.233332593553197439e-03
-1.218073446095800346e-03
-1.175623209815147884e-03
-1.141001148331174378e-03
-1.109314189955560963e-03
-1.092055821336312526e-03
-1.036672791685211512e-03
-1.010033495523297766e-03
-9.737167473263172706e-04
-9.485711717962084935e-04
-9.269391462319266292e-04
-9.132696295744239254e-04
-8.996692702970554307e-04
-8.325073034356622473e-04
-8.216935671577949799e-04
-8.194981122927191700e-04
-7.754997602706210046e-04
-7.538470485067890609e-04
-7.494034937128411658e-04
-7.341410171170446560e-04
-7.118938757778806720e-04
-6.873681713850154961e-04
-6.764389895252834531e-04
-6.614034334235696817e-04
-6.521826734493300047e-04
-6.335087807653607501e-04
-6.288108254647779578e-04
-6.252042179265014698e-04
-6.018191281721719512e-04
-5.969538989977271745e-04
-5.816891833051821567e-04
-5.737103737406291102e-04
-5.640168156008239404e-04
-5.478439752098958077e-04
-5.359001234162050599e-04
-5.299029556893328566e-04
-5.152048510986407918e-04
-4.969673746829807821e-04
-4.905707848173520170e-04
-4.824853527890351265e-04
-4.676363842391731461e-04
-4.606689233580971371e-04
-4.511285353815112811e-04
-4.412331256427314843e-04
-4.368937946358474587e-04
-4.165782684417985971e-04
-4.103830526842607669e-04
-4.079709819769607496e-04
-3.971790228813719273e-04
-3.907669864606119997e-04
-3.807850580508274040e-04
-3.715975517673670799e-04
-3.635071208404233351e-04
-3.577847925642105927e-04
-3.533339784925341770e-04
-3.396411677589514884e-04
-3.349027459892000322e-04
-3.300612003864504171e-04
-3.207419973447354824e-04
-3.163855892017539292e-04
-3.145681562171570903e-04
-3.110677275376218850e-04
-3.031198083182633663e-04
-2.976218643403279640e-04
-2.926512795982789375e-04
-2.819574356061284770e-04
-2.802571390959901075e-04
-2.738175302711108594e-04
-2.716713409890732624e-04
-2.701619832014861460e-04
-2.619047982416549910e-04
-2.593647119592721825e-04
-2.540925928847967375e-04
-2.508490264349610283e-04
-2.469757032988831335e-04
-2.399995697167082076e-04
-2.329297509683238136e-04
-2.283755327765798603e-04
-2.260811892970582997e-04
-2.222748704296054613e-04
-2.181938458961496107e-04
-2.127347544127899828e-04
-2.110560832822668995e-04
-2.072631501821247768e-04
-2.035099312036929781e-04
-1.930947582728057563e-04
-1.913599235999560320e-04
-1.867100410013033246e-04
-1.838290023922225331e-04
-1.821652114962962808e-04
-1.789350128195345171e-04
-1.751492552996066366e-04
-1.729824699363723866e-04
-1.693031603177017834e-04
-1.682821296496404557e-04
-1.647156893268684921e-04
-1.614077961128097848e-04
-1.579275811890180350e-04
-1.542791923292840682e-04
-1.517382497881790762e-04
-1.483683376901988695e-04
-1.479114829740366599e-04
-1.428047235320888532e-04
-1.409639242459130104e-04
-1.387033454908304466e-04
-1.366574875782151238e-04
-1.358682402646557534e-04
-1.344059747222242781e-04
-1.313608640767848033e-04
-1.309116731060429837e-04
-1.269487872169974450e-04
-1.261500285025440784e-04
-1.244454460562885228e-04
-1.211886287873388800e-04
-1.196289263668459581e-04
-1.170328668445841369e-04
-1.156501952801827635e-04
-1.125546757685511772e-04
-1.106023581721541087e-04
-1.074912695683944667e-04
-1.040363069905706237e-04
-1.036363790093236900e-04
-1.013463341615019648e-04
-9.891009801549743819e-05
-9.832607341639701924e-05
-9.555125232186454070e-05
-9.525171701421040202e-05
-9.361067558549766702e-05
-9.295725924318254223e-05
-9.219642293077690324e-05
-8.928447056344154603e-05
-8.540734495909341228e-05
-8.402444504506318735e-05
-8.308943991330953256e-05
-8.259921444329494894e-05
-8.036216217798383872e-05
-7.878476436184010819e-05
-7.789890027454571329e-05
-7.609254267272965886e-05
-7.502792536041756274e-05
-7.367246284900392432e-05
-7.278580554319282088e-05
-7.172760698178384494e-05
-6.977103510270511895e-05
-6.815941557669136838e-05
-6.736532523305296222e-05
-6.623719341929781336e-05
-6.490561964836221928e-05
-6.351325207216899189e-05
-6.240558384970367378e-05
-6.185416955760987664e-05
-6.108230896166367597e-05
-5.992468761495864908e-05
-5.943708559289231864e-05
-5.861946011560602532e-05
-5.697648582577386162e-05
-5.545014833690411322e-05
-5.468908147078240211e-05
-5.396408678152973690e-05
-5.309818762682781706e-05
-5.299393907527321013e-05
-5.145917965075870253e-05
-5.118412323397509753e-05
-5.002144086821081528e-05
-4.852046997191842035e-05
-4.796878863659505970e-05
-4.725165342543444593e-05
-4.646106693756979353e-05
-4.620773630547812940e-05
-4.573460849430904389e-05
-4.484046033110455155e-05
-4.413887462105275694e-05
-4.290048454438843761e-05
-4.230981392586988991e-05
-4.179984474059235394e-05
-4.170785967221381940e-05
-4.007189138249292009e-05
-3.917212094376030016e-05
-3.883986946786111070e-05
-3.721843695965767454e-05
-3.686912030846771244e-05
-3.684737564971017176e-05
-3.597215811344360310e-05
-3.549821737430077439e-05
-3.485505246392094786e-05
-3.375746387166713401e-05
-3.290812457424317772e-05
-3.273372099573291106e-05
-3.242105876086046924e-05
-3.172776544230134925e-05
-3.107063284240842637e-05
-3.075891460455373297e-05
-2.969493607934424031e-05
-2.937779971416402771e-05
-2.854732176992793891e-05
-2.828171791892708495e-05
-2.801568071980572755e-05
-2.739443647642074710e-05
-2.721173119954983964e-05
-2.642782126599789206e-05
-2.603559352623604334e-05
-2.570737527041538919e-05
-2.525777664595065103e-05
-2.493567383363901375e-05
-2.418823426941676862e-05
-2.403790715081277445e-05
-2.310253710216276713e-05
-2.255624441618526421e-05
-2.237207875182915988e-05
-2.199264899090040383e-05
-2.134890499193522502e-05
-2.122037276191763306e-05
-2.068144100254586294e-05
-2.009412287899948088e-05
-1.970375892458737648e-05
-1.963376197528485356e-05
-1.937626326208811623e-05
-1.905597879321430167e-05
-1.886297002083890795e-05
-1.873881114092996618e-05
-1.839901091731288216e-05
-1.804545066519684573e-05
-1.790716872535425818e-05
-1.745510927432807909e-05
-1.665575179647880898e-05
-1.647546450255964678e-05
-1.637591573890754277e-05
-1.604829910460934902e-05
-1.547769668626302586e-05
-1.527787350777520245e-05
-1.500732149842232992e-05
-1.478050288569723725e-05
-1.464660687216960991e-05
-1.421193253558943520e-05
-1.403319581314900465e-05
-1.370596009126950715e-05
-1.309176821648097544e-05
-1.297081922392556511e-05
-1.276245974280641355e-05
-1.266163016187353371e-05
-1.220325296155222615e-05
-1.212753721091592343e-05
-1.181195089707464882e-05
-1.170800064176116547e-05
-1.147865575699301729e-05
-1.116913206518033764e-05
-1.082817736692568016e-05
-1.065145574529880303e-05
-1.041886905080753629e-05
-1.018821833264868423e-05
-9.942754772795147689e-06
-9.826816379568886702e-06
-9.789393937901953035e-06
-9.312903520472977562e-06
-9.146686559797620513e-06
-8.810207801136668527e-06
-8.746869475526503372e-06
-8.416531228574940555e-06
-8.303421123738918144e-06
-8.143636866532046755e-06
-8.003677394082813639e-06
-7.637114110705674848e-06
-7.600495213551773154e-06
-7.334480243775153993e-06
-6.974924308422397967e-06
-6.802305044680608076e-06
-6.725420572452669333e-06
-6.617091273481619262e-06
-6.375081458342063703e-06
-6.255608659712846884e-06
-6.105833339993876244e-06
-6.088271161715117417e-06
-6.011593127967361939e-06
-5.744416292272542829e-06
-5.606958857160049415e-06
-5.377278640885993686e-06
-5.266940533956736307e-06
-5.077990657605055763e-06
-5.044410969348611463e-06
-4.799156758280018703e-06
-4.660098072001751095e-06
-4.618544171359331863e-06
-4.554063163654883989e-06
-4.313049984393193634e-06
-4.190201358697037153e-06
-4.043431859464148390e-06
-3.983733085653825710e-06
-3.774807408132698331e-06
-3.773009311062711907e-06
-3.556990735469421374e-06
-3.449733756558983545e-06
-3.350691281043993604e-06
-3.234481192673967677e-06
-3.111877141327561400e-06
-3.004476214246185572e-06
-2.916153961710083700e-06
-2.765673135580006345e-06
-2.673453272420882848e-06
-2.597081901611167279e-06
-2.522830172441268148e-06
-2.458868483446033571e-06
-2.346925259554782619e-06
-2.225993978007210706e-06
-2.129095293827455314e-06
-2.052631658056571541e-06
-1.982305852398184374e-06
-1.880100725311375654e-06
-1.784330724015704702e-06
-1.760873400400159344e-06
-1.753140554288624715e-06
-1.663527187148667922e-06
-1.567832987199138042e-06
-1.465831115284188777e-06
-1.434585711348312378e-06
-1.383818170779722460e-06
-1.254191580630359534e-06
-1.096583769211336524e-06
-1.089017356712632255e-06
-1.038571376198690031e-06
-9.426195078130911900e-07
-8.380459910695473666e-07
-7.544928573339356083e-07
-7.245040793394265191e-07
-7.056410940128194820e-07
-6.292105048433600364e-07
-5.926486090788372603e-07
-4.810797927876785995e-07
-4.577988798136790594e-07
-4.001886835130825572e-07
-3.762255172581207092e-07
-3.220282198588394521e-07
-2.672676101897873101e-07
-2.364404688312088848e-07
-2.020513495123790799e-07
-1.285902914836156438e-07
-9.745345404434352309e-08
-8.609214662099438458e-08
-4.683022517934084204e-08
-2.687708092833453657e-08
-1.606499941341320188e-08
1.632094752178992350e-19
4.669374823340393327e-18
4.684775400458507671e-09
2.341751631246486868e-08
3.992737280184268428e-08
1.003535720683304083e-07
1.421620824244261133e-07
1.541608845381973786e-07
1.701432167925183365e-07
2.108464376983308651e-07
2.341376349748384906e-07
2.895546057698606995e-07
3.494361076319468743e-07
3.629451325506856337e-07
3.969419837240325927e-07
4.121047259132004926e-07
4.542496602220732108e-07
4.970767498698107361e-07
5.485359093614344080e-07
5.831514681715182513e-07
6.518734020022457283e-07
7.182827720002103228e-07
7.726602314327026277e-07
7.921645569462385881e-07
8.701639273779970907e-07
9.156345755474105268e-07
9.271888955195279177e-07
1.075215892774724434e-06
1.132570185754938356e-06
1.163455196114892456e-06
1.307547186453516305e-06
1.350528999778939207e-06
1.463172282002976326e-06
1.515810745896685034e-06
1.542526125879630013e-06
1.606485535540984416e-06
1.764508745533909923e-06
1.853459729601573861e-06
1.906445072860031613e-06
1.971845589140563852e-06
2.133677778583560032e-06
2.202906569045864418e-06
2.353336209324336897e-06
2.398851126878004255e-06
2.501153631918655846e-06
2.510373879546270118e-06
2.690091145165961542e-06
2.821968836210985183e-06
2.937622758639502903e-06
2.973441708076592826e-06
3.160083910114708067e-06
3.355995821680444558e-06
3.492014596017860738e-06
3.619610354958852001e-06
3.700544370385047829e-06
3.874393325518268065e-06
4.064903837000923351e-06
4.098789549377144526e-06
4.207735827132610645e-06
4.357817497733090354e-06
4.569952777760813025e-06
4.636231861314458472e-06
4.762654430919271540e-06
4.985351910260475327e-06
5.247415443895153048e-06
5.308450527716608380e-06
5.706852553681924721e-06
5.824443541798274298e-06
6.127738011871571209e-06
6.161998652745850013e-06
6.290137693102826800e-06
6.504680779801167387e-06
6.663611671318518816e-06
7.012791611867692258e-06
7.283576287409227962e-06
7.328444558832306498e-06
7.594671860833834786e-06
7.700527143076574426e-06
8.239424730201440499e-06
8.400917445534277861e-06
8.512099544258797611e-06
8.942000687311725651e-06
9.305106979714561309e-06
9.560409381912023265e-06
9.740179715488843614e-06
1.015482754913680306e-05
1.030050103207641109e-05
1.065734195575954911e-05
1.076685280994293360e-05
1.108690103625957287e-05
1.151778086433223693e-05
1.159421139596962554e-05
1.222400325452754772e-05
1.251441122906557471e-05
1.262335229930005972e-05
1.349836822140123446e-05
1.415495676508483435e-05
1.427859958927423630e-05
1.451623764848316730e-05
1.545842743414129725e-05
1.564263584134469820e-05
1.582520942541802209e-05
1.620189751312209008e-05
1.706251078832230056e-05
1.719810362421570811e-05
1.815898446341330399e-05
1.915654764728775238e-05
1.931392156210502524e-05
1.980885387013336951e-05
2.030692136458731519e-05
2.083750137829127821e-05
2.171476404884297148e-05
2.224742854030875748e-05
2.249594343944415250e-05
2.329453730208984850e-05
2.361100718330355128e-05
2.445691584777664958e-05
2.489804073489777282e-05
2.594821048536886997e-05
2.638519733199243375e-05
2.694839891860706076e-05
2.795914991694058765e-05
2.847600869535015121e-05
2.927395375834507675e-05
3.001862111922688550e-05
3.132726632777497864e-05
3.373021348606790516e-05
3.380888007922071417e-05
3.445978713300108906e-05
3.563602364746614907e-05
3.653709937854722017e-05
3.709564435908342076e-05
3.793008886405168072e-05
3.815454954559051239e-05
3.911947871621220197e-05
4.176920943666894147e-05
4.183903203565481982e-05
4.335787068013950284e-05
4.451524755013703573e-05
4.599775455118313897e-05
4.714970763542784658e-05
4.790550638508272676e-05
5.012046698875436914e-05
5.054033600943667859e-05
5.361563549656527043e-05
5.444249119582740510e-05
5.500518606631481407e-05
5.709053286731887052e-05
5.863477259166919664e-05
6.050849236238742371e-05
6.286171547283620289e-05
6.465958502390676535e-05
6.549071880009576390e-05
6.785406312630605334e-05
6.862039637802510575e-05
7.146263369225664232e-05
7.280252261553263554e-05
7.534986677801938139e-05
7.652953613333726842e-05
7.692958265385465622e-05
7.960990676009615673e-05
8.096744412069334558e-05
8.339444466472182714e-05
9.072273310288871421e-05
9.175927134696823745e-05
9.424495590768803470e-05
9.545049814196074822e-05
9.809938462922298619e-05
1.021305604816348446e-04
1.024530095197723840e-04
1.043141833438367263e-04
1.072750472201494676e-04
1.097768119205624128e-04
1.152618012714682905e-04
1.164530121593502593e-04
1.192960009507501709e-04
1.233429059875018976e-04
1.268183522629138030e-04
1.327425066386135871e-04
1.364479113804968038e-04
1.384753729608317516e-04
1.507318096916727360e-04
1.516127671775331144e-04
1.616715548424165632e-04
1.645424854329227519e-04
1.659879553756916796e-04
1.728772127258148465e-04
1.765430465127822666e-04
1.831239427645052042e-04
1.885311507353805590e-04
1.902702253257579769e-04
2.020097643094809225e-04
2.078628863371710666e-04
2.221197108326052939e-04
2.279087274642794354e-04
2.329378574384226275e-04
2.418148711793541327e-04
2.457444363331809010e-04
2.486745734762741160e-04
2.617752273556485289e-04
2.647818629273232505e-04
2.683813180859713986e-04
2.870639743294216674e-04
3.039838387207423461e-04
3.093039916259375348e-04
3.147170880600937246e-04
3.324281567576063082e-04
3.464290800991721270e-04
3.476440440934326073e-04
3.658386395986810416e-04
3.780112051278070842e-04
3.942921683827775277e-04
4.060332712581173477e-04
4.206568382160635541e-04
4.350375319153346838e-04
4.464629333746952507e-04
4.648777229050002260e-04
4.725186352713360832e-04
4.864524907827351007e-04
5.015684332326811540e-04
5.356900162520804266e-04
5.636597672315220124e-04
5.742927918953043319e-04
5.892118530412114195e-04
6.049068599422455575e-04
6.289336215314452654e-04
6.474411022048979841e-04
6.515329275110036790e-04
7.349898791904223077e-04
7.594934877220289697e-04
7.698950279120867456e-04
8.317676335800664161e-04
8.585954436091013586e-04
8.774863782474029298e-04
9.189917225440693595e-04
9.245581560736135804e-04
9.677147076827232386e-04
1.024735526013951289e-03
1.106607103258685576e-03
1.121131220973687519e-03
1.199616461883062533e-03
1.228925449768067477e-03
1.247533912686412012e-03
1.312341612311004272e-03
1.516354200056561734e-03
1.557820733257152170e-03
1.571906247373000207e-03
1.673555418679158364e-03
1.744531890160339223e-03
1.885060880487681063e-03
1.951909091846906752e-03
2.111305940013093359e-03
2.326761528552523037e-03
2.446567328335839172e-03
2.556527090559037544e-03
2.804479696390551040e-03
2.997931733774267596e-03
3.146218354116150570e-03
3.419656722373272395e-03
3.710656861705648353e-03
3.930462458829394636e-03
4.696896958816088041e-03
5.294924926632691917e-03
5.764956985158820740e-03
5.918359505078287126e-03
7.517113842738211427e-03
8.318475243966717142e-03
9.268215577294590390e-03
1.113516689354695013e-02
1.181359322871466597e-02
1.445661351790858244e-02
1.786000598582036109e-02
2.890270051884150787e-02
3.499506973977141444e-02
6.424022526877758155e-02
1.897696872599084483e-01
