-1.352394507035155957e+00
-1.928442942950052141e-01
-1.757323573320501708e-01
-6.987430720838501419e-02
-5.415377607365694929e-02
-3.944140249157231798e-02
-3.175311712145838239e-02
-2.296941640802610540e-02
-1.961947111217667711e-02
-1.806979547292232244e-02
-1.552256473851469989e-02
-1.342128410286673630e-02
-1.309607368257626782e-02
-1.092812275860635327e-02
-1.087065524495074709e-02
-9.755305055388173788e-03
-8.909438159937405760e-03
-8.129180374359092076e-03
-7.724547988307599831e-03
-7.263306687151362476e-03
-6.336495928575030384e-03
-5.705806071764654014e-03
-5.451840316282621085e-03
-5.076187766649009267e-03
-4.916346489197209041e-03
-4.629158380623462840e-03
-4.441663694286133134e-03
-4.278544201119579768e-03
-3.947393977879901615e-03
-3.554838567933817431e-03
-3.515075180074099612e-03
-3.353104640309120376e-03
-3.230474493252249047e-03
-3.076995798321108342e-03
-2.998871816913010937e-03
-2.962241215083179138e-03
-2.754493277440616707e-03
-2.677384902429480636e-03
-2.586141496426840308e-03
-2.487104353306055383e-03
-2.389606552257853879e-03
-2.325348307786621362e-03
-2.151973308202931659e-03
-2.069269320904758378e-03
-2.010557637596587996e-03
-1.929836017889380610e-03
-1.895523927491346182e-03
-1.841090131852200036e-03
-1.834603903874762552e-03
-1.719959955771098404e-03
-1.652013802233240260e-03
-1.546809058174440860e-03
-1.501978979061949736e-03
-1.458925387576932809e-03
-1.426428413693727696e-03
-1.387624983552819546e-03
-1.356705211776779206e-03
-1.344640282298251426e-03
-1.304210798278686951e-03
-1.285008619518921216e-03
-1.233501587496120674e-03
-1.218119145738571531e-03
-1.175870341180615527e-03
-1.141212736425411276e-03
-1.109692722852419862e-03
-1.092307469665157937e-03
-1.036986019853195200e-03
-1.010217785175079137e-03
-9.739536638542297840e-04
-9.487632885620783489e-04
-9.269358060259012301e-04
-9.134013508451053467e-04
-8.997853635340789845e-04
-8.326997930000047503e-04
-8.218576462052489809e-04
-8.196652681019707658e-04
-7.755509813592440438e-04
-7.537638585618611047e-04
-7.494343116373303020e-04
-7.342162477866974023e-04
-7.120596576860785789e-04
-6.874658905804739012e-04
-6.765147878469415701e-04
-6.612004895731682722e-04
-6.520583408041834414e-04
-6.330175524638486902e-04
-6.288366553866137076e-04
-6.252876756401242299e-04
-6.017915839812357226e-04
-5.969590220962924486e-04
-5.815498630151183512e-04
-5.738933395007489273e-04
-5.641111236991472322e-04
-5.479901211898723090e-04
-5.357608460578213837e-04
-5.296387194252290525e-04
-5.151215362647167725e-04
-4.968417551646167477e-04
-4.906441908344806374e-04
-4.826638666181786233e-04
-4.676234951540991108e-04
-4.607520838528182802e-04
-4.512891036219015412e-04
-4.412242995222078606e-04
-4.364806977407856628e-04
-4.167423293147123290e-04
-4.103838344692055449e-04
-4.079799776252176959e-04
-3.971796700254735259e-04
-3.907515831189925450e-04
-3.803312893378373548e-04
-3.715668092119928643e-04
-3.626546006042722227e-04
-3.576980229214396924e-04
-3.530097487955320299e-04
-3.395200737919504708e-04
-3.338841510632378773e-04
-3.286681718146360369e-04
-3.206705902862170459e-04
-3.151400182673507345e-04
-3.140251742980602542e-04
-3.106966345225524017e-04
-3.011464687886732106e-04
-2.976117432031506402e-04
-2.923334331322185488e-04
-2.810714547039501986e-04
-2.756474672421286806e-04
-2.720977553261285276e-04
-2.706622004129518775e-04
-2.678973425807183099e-04
-2.616379509300851116e-04
-2.574407101984730033e-04
-2.540878384293964484e-04
-2.505901353641769237e-04
-2.468592179611418000e-04
-2.399495145476186135e-04
-2.328993921081438402e-04
-2.281381618284388229e-04
-2.261156351486051912e-04
-2.219322522827738703e-04
-2.181934663665348708e-04
-2.124721120334489865e-04
-2.111225174660728962e-04
-2.072029407651913336e-04
-2.035591016805578745e-04
-1.925845809369763244e-04
-1.913447673792870705e-04
-1.867155812939089805e-04
-1.838344506465409598e-04
-1.816943627033262073e-04
-1.779335049041532281e-04
-1.752134456451306791e-04
-1.730131790297909024e-04
-1.689537167718382872e-04
-1.682136515712955721e-04
-1.646362776572657372e-04
-1.614107087774401287e-04
-1.575874129447084782e-04
-1.542205521686112329e-04
-1.515331347937541758e-04
-1.482844401246277612e-04
-1.477756209252479593e-04
-1.425915696465674288e-04
-1.409438975544885053e-04
-1.383647952454187841e-04
-1.365704080883836712e-04
-1.354567939046103452e-04
-1.343824280816433502e-04
-1.312347468273337644e-04
-1.307913165046442996e-04
-1.267870737070768232e-04
-1.259367199749212023e-04
-1.241197749901117530e-04
-1.209808107714232893e-04
-1.195391452188014023e-04
-1.170210898186914959e-04
-1.154175697353420574e-04
-1.124124062993587614e-04
-1.106146585978508382e-04
-1.074919463539486335e-04
-1.039487437149306517e-04
-1.029951439567092773e-04
-1.013138465604264795e-04
-9.887840505401964699e-05
-9.816631554369739437e-05
-9.546572444596962512e-05
-9.503333511440985087e-05
-9.335036462051655190e-05
-9.289007509632046529e-05
-9.207027073616764709e-05
-8.922604420045601487e-05
-8.544121318804101615e-05
-8.386676192365495955e-05
-8.307831429901061152e-05
-8.219814738125424264e-05
-8.011540621752916559e-05
-7.879673384683684987e-05
-7.789745887101616603e-05
-7.604529260155617869e-05
-7.492529384321834445e-05
-7.348536932932942672e-05
-7.274173396643806926e-05
-7.159600276756102532e-05
-6.939666645834945624e-05
-6.805182180245165371e-05
-6.733313313056760575e-05
-6.581912948934801055e-05
-6.473297078728018335e-05
-6.328675725991413439e-05
-6.219159634948907887e-05
-6.172065927664163276e-05
-6.096769065723227951e-05
-5.993100257461385447e-05
-5.936699151701034879e-05
-5.837528042031155361e-05
-5.688056603731950510e-05
-5.532389616031134250e-05
-5.462473006602441004e-05
-5.394596728373981284e-05
-5.295894435074615785e-05
-5.265436349475683764e-05
-5.141167910360384252e-05
-5.110187729323672449e-05
-4.990440433082466928e-05
-4.833750076132884170e-05
-4.783794007362273591e-05
-4.705700611925770903e-05
-4.644067372135455250e-05
-4.613344673145737545e-05
-4.566621370902822273e-05
-4.470597234920602783e-05
-4.384072182540469888e-05
-4.283555161929340738e-05
-4.221778043002680903e-05
-4.175900572924843332e-05
-4.163306082774039305e-05
-3.989293362436995656e-05
-3.903220949948122087e-05
-3.878784325828027376e-05
-3.719122282162144803e-05
-3.686525490572209332e-05
-3.664833033423035272e-05
-3.579722791105901299e-05
-3.538292330555422617e-05
-3.475404561759260906e-05
-3.359289843547694075e-05
-3.286005838107930216e-05
-3.269261355938003142e-05
-3.224109133290898731e-05
-3.169223967674690171e-05
-3.095389299388802309e-05
-3.057339721805671232e-05
-2.962231545868945949e-05
-2.913346814239601044e-05
-2.840346522741969403e-05
-2.817922478408440136e-05
-2.791696785617834193e-05
-2.731571955980549652e-05
-2.719213444242546410e-05
-2.634900037441551999e-05
-2.589020747189819670e-05
-2.567112134599591294e-05
-2.524014086264405099e-05
-2.460025374206746605e-05
-2.389367650169504201e-05
-2.380730770262228386e-05
-2.293965499721988896e-05
-2.247488714919519581e-05
-2.216443125829423597e-05
-2.173439894648435377e-05
-2.124440865074825544e-05
-2.120427538607043235e-05
-2.065070702315145127e-05
-1.991200788138031716e-05
-1.959527178618283817e-05
-1.946017768248089086e-05
-1.926498814289892363e-05
-1.889202571105561397e-05
-1.878587646202467190e-05
-1.836535412729905990e-05
-1.819364851197326888e-05
-1.801242657178399214e-05
-1.753213348416625663e-05
-1.693827952305126713e-05
-1.646473550765446619e-05
-1.639047920618825411e-05
-1.607566073869612193e-05
-1.563681741682570509e-05
-1.542758366148667148e-05
-1.524964057805248311e-05
-1.480035023240799680e-05
-1.470204440116958577e-05
-1.453091821190459833e-05
-1.413456541769938110e-05
-1.394670188993577171e-05
-1.351084163895980347e-05
-1.304297435630792532e-05
-1.293190130104205537e-05
-1.261084107100188300e-05
-1.229181953797766049e-05
-1.200286700083351391e-05
-1.173201544350250894e-05
-1.167842841390755548e-05
-1.160786145955642560e-05
-1.112051037095166249e-05
-1.084053888109580083e-05
-1.082006896422455736e-05
-1.038298901878847346e-05
-1.026362232285254009e-05
-9.872602204494280236e-06
-9.805843558376210558e-06
-9.731129181785362774e-06
-9.258210829855477799e-06
-9.117324018895679347e-06
-8.734088826052463384e-06
-8.619667938559212193e-06
-8.399167845671088236e-06
-8.194127344728779645e-06
-8.084892482378123899e-06
-7.913160290041502549e-06
-7.719254894702701078e-06
-7.499567449176055088e-06
-7.266687449586231423e-06
-6.948108783676008323e-06
-6.826510980362841183e-06
-6.738973759042868737e-06
-6.602910394306597270e-06
-6.328100480369982794e-06
-6.184820769500283824e-06
-6.101060641932300970e-06
-6.015389600834916570e-06
-5.894985439422372668e-06
-5.597408502744048675e-06
-5.552865000315181707e-06
-5.388031851397397727e-06
-5.270865834106275692e-06
-5.051108482624283476e-06
-4.923684535635666345e-06
-4.705538421360468871e-06
-4.650713194758231288e-06
-4.557118820010364335e-06
-4.235530331788996320e-06
-4.206971477552784179e-06
-4.128581033237711191e-06
-3.955961283173235347e-06
-3.878711747951735715e-06
-3.761103265305139557e-06
-3.691511847211525755e-06
-3.627611539004627169e-06
-3.404075846928805923e-06
-3.284433639445296657e-06
-3.125652198445070517e-06
-3.058258853582494114e-06
-2.897048148993342348e-06
-2.890209294786011341e-06
-2.708687960104104534e-06
-2.597564228410902630e-06
-2.451053621893489238e-06
-2.421963037441604778e-06
-2.268852853598171667e-06
-2.184760067552604204e-06
-2.094694172226159985e-06
-1.998534772047967835e-06
-1.949070606353926784e-06
-1.844615430667376785e-06
-1.810532120211329335e-06
-1.734732642889870499e-06
-1.678055726565981049e-06
-1.666390605307363433e-06
-1.480731522795659619e-06
-1.467396049685273463e-06
-1.391852583043947470e-06
-1.302085019708321739e-06
-1.215931316815918640e-06
-1.164664958543186758e-06
-1.023075105296853712e-06
-8.392932639710913758e-07
-7.745229478339261441e-07
-7.489477672229848041e-07
-6.883873177681359513e-07
-6.723848734435843628e-07
-5.483749786469686205e-07
-4.667885150508857949e-07
-4.192885610734083344e-07
-3.871460975039658092e-07
-3.591138615941625047e-07
-2.678242156258428023e-07
-2.280057839842301732e-07
-1.942432205876250622e-07
-1.586638983603054201e-07
-1.400351555324799858e-07
-1.297411893037671850e-07
-8.299905339378228989e-08
-7.488074409337849211e-08
-3.839337315705354188e-08
-2.274009939118552937e-08
-1.822004496954646048e-08
-1.268481065995607402e-08
-6.350123402944254509e-09
-1.399095837218184502e-09
6.279147892134230254e-21
2.052128425828502008e-18
3.299880330935776094e-10
3.104954127260688530e-09
5.082658583579025000e-09
1.676946733312145113e-08
4.046840747025459642e-08
5.504627695823138361e-08
6.557481120641670728e-08
8.138760087529848185e-08
9.743395832261306896e-08
1.046356535956021191e-07
1.095065886264563465e-07
1.199209272560763825e-07
1.331186576641951836e-07
1.443290609486809781e-07
1.714801945934995880e-07
1.984494631369638688e-07
2.078999196129652120e-07
2.360050645526893639e-07
2.405249897958104607e-07
2.600981294286513417e-07
3.083624898095446114e-07
3.233889935280726714e-07
3.626828027826663467e-07
4.154515846914974817e-07
4.222617748551159183e-07
5.133938043797278365e-07
5.304528222558901438e-07
5.448453676147969352e-07
6.141248013581034488e-07
6.689502251319923371e-07
6.856250253744115233e-07
7.385431560512070141e-07
7.960834188807756460e-07
8.466370361927929154e-07
8.954902460234901552e-07
9.507335721726019991e-07
1.033637463143898608e-06
1.090595559838768945e-06
1.112666361061353566e-06
1.174022339121169057e-06
1.279960793694955592e-06
1.377621733083105907e-06
1.428059969615256024e-06
1.520837928015123197e-06
1.668185110820292071e-06
1.751671138075625444e-06
1.874101744423276293e-06
1.921673118755510888e-06
1.987775846870316714e-06
2.059728233349551205e-06
2.080534278190088450e-06
2.202871076155159301e-06
2.356546057982211259e-06
2.412156346234655868e-06
2.655546504152389224e-06
2.798514031602283778e-06
2.866420553185383439e-06
2.918626087460131349e-06
3.053298985241713214e-06
3.112929574743071305e-06
3.392093888816687520e-06
3.564151389463012202e-06
3.679589440534898040e-06
3.803748924378599288e-06
3.914231545280423933e-06
3.970261854420859999e-06
4.002132770365258660e-06
4.234583087368249512e-06
4.424235685527965471e-06
4.496822184383901467e-06
4.580305734990192369e-06
4.810518043152942235e-06
4.997784604827717507e-06
5.095245531061718245e-06
5.358462841731921821e-06
5.597240980143147258e-06
5.729977995435959488e-06
5.763966264863303408e-06
6.140763834016170311e-06
6.358848017801463435e-06
6.545758441817805639e-06
6.761566413890649864e-06
7.028482822871138097e-06
7.463820705907699615e-06
7.515419973033105013e-06
8.020184104666070108e-06
8.156854950073824900e-06
8.480318246895465710e-06
8.587266809423082069e-06
8.726952467449168964e-06
8.988670037172063370e-06
9.345515425611977152e-06
9.643285158622930277e-06
9.803523420707120964e-06
1.023441423362463774e-05
1.049921049505110642e-05
1.082906754923289269e-05
1.120922867572570322e-05
1.128708935159548102e-05
1.135129097183358421e-05
1.198865085710989069e-05
1.207991157980517335e-05
1.310848358515539497e-05
1.364059268609073866e-05
1.419468306762501662e-05
1.472968351213831295e-05
1.484139058446954641e-05
1.543603394037075307e-05
1.581360092141034844e-05
1.658363507519650253e-05
1.743558416765530729e-05
1.793525821848517528e-05
1.927953212912708098e-05
1.951484011008383163e-05
2.002768786343499401e-05
2.019431546061725715e-05
2.109227631901270530e-05
2.169274265600701894e-05
2.269110433498245673e-05
2.341879279680328185e-05
2.408650227900813916e-05
2.456047400568234283e-05
2.518514049678463034e-05
2.579635102623795533e-05
2.606680551267564569e-05
2.760759596540932807e-05
2.805344315247127943e-05
2.940398190630924774e-05
2.973683967678683259e-05
3.196696018399176968e-05
3.317871006852389005e-05
3.385763158714609917e-05
3.443653574316205294e-05
3.630717870833329107e-05
3.659073388470387577e-05
3.747805489762708276e-05
4.056077771876744948e-05
4.097931944230553578e-05
4.202900850053055453e-05
4.348084982905409650e-05
4.454929161248513236e-05
4.569685136564886197e-05
4.776432524946189027e-05
4.938814127364434214e-05
5.003822918921855195e-05
5.130071636362041449e-05
5.369787764841582698e-05
5.507006933606861090e-05
5.638975890759626226e-05
5.774159375415442637e-05
6.032033627812985910e-05
6.220837514796157583e-05
6.276081606815131649e-05
6.634790753527473385e-05
6.721408487805191753e-05
6.847311521691210815e-05
7.160256863181505211e-05
7.364355286921449328e-05
7.530887514251946471e-05
7.823710417534463705e-05
7.956330274290126104e-05
8.215221110761047343e-05
8.943960627438164561e-05
9.174575981364988756e-05
9.274178755465180865e-05
9.561114095119224948e-05
9.902856023106547845e-05
1.009344686026399877e-04
1.017772966924629136e-04
1.055788716784936116e-04
1.079219279511565879e-04
1.087720120120486177e-04
1.141650880231085660e-04
1.179087774603816062e-04
1.215424135143362264e-04
1.233208317507695280e-04
1.292219759042184137e-04
1.329137005459823007e-04
1.356265144233808110e-04
1.425956183658738587e-04
1.489386269421591198e-04
1.603844764466845019e-04
1.618309723216126701e-04
1.648306866981265361e-04
1.672472528612335588e-04
1.733544723360548926e-04
1.785268865274650227e-04
1.844921567420822531e-04
1.878859644810407898e-04
1.949889651757539329e-04
2.029477251518425516e-04
2.107737570148368123e-04
2.254027360678297423e-04
2.283049482717211033e-04
2.352322383920196259e-04
2.423589103543576518e-04
2.457879155417882935e-04
2.594859986359936686e-04
2.606144056603016236e-04
2.666578031735306184e-04
2.809364668211809628e-04
2.981491798684215836e-04
3.055356590107627434e-04
3.122508725581811724e-04
3.298841245022756372e-04
3.413578629861860705e-04
3.438029487041141139e-04
3.609504618241746784e-04
3.732068970827482593e-04
3.909059946195126041e-04
3.973529844658152507e-04
4.191915011527401480e-04
4.295801347613555478e-04
4.452302868224381057e-04
4.603751318872626765e-04
4.710226256475663923e-04
4.791102622578262806e-04
4.921763021077490670e-04
5.305266284121038433e-04
5.543500182505046265e-04
5.696107191316586438e-04
5.809110676929841750e-04
5.967813486689744476e-04
6.229031770836715746e-04
6.418842920439532659e-04
6.462973526924446896e-04
7.261075757993822738e-04
7.554556391743407710e-04
7.674333242022366537e-04
8.269795374745375714e-04
8.470608138673851178e-04
8.647085872879592058e-04
9.136820001068047268e-04
9.241296530418444382e-04
9.622721557538151376e-04
1.014550536909910542e-03
1.099123266828531736e-03
1.110357180567710924e-03
1.188571380213090858e-03
1.224498963126482726e-03
1.238601928961214575e-03
1.309512924930570591e-03
1.503644195629879428e-03
1.551984450956939501e-03
1.558903304773842820e-03
1.665547675570263220e-03
1.739390821216083797e-03
1.877043232435696022e-03
1.943231744299547250e-03
2.097130164773016413e-03
2.309164838733232875e-03
2.433330850325060839e-03
2.549700724552872357e-03
2.794701291271429848e-03
2.975131409322556968e-03
3.123381402529977827e-03
3.409798962579037220e-03
3.701748779531949338e-03
3.914240994207235022e-03
4.673815620721810324e-03
5.274653143244748335e-03
5.744683218804908648e-03
5.894587335187391475e-03
7.506610710468560217e-03
8.264543839887663820e-03
9.249792524316203038e-03
1.113143167570701010e-02
1.176360974349251534e-02
1.445397886051196304e-02
1.780247912442865788e-02
2.890182463312519073e-02
3.490817995691495451e-02
6.424857473003299513e-02
1.897720737155964288e-01
