-1.102782752056399307e+00
-1.629753313837997986e-01
-1.532016429671132773e-01
-6.393856609428116844e-02
-5.046182623705844361e-02
-3.605822449302727856e-02
-2.909650297890509218e-02
-2.131678296601598882e-02
-1.776556274957889758e-02
-1.721118667824725681e-02
-1.393400231508714650e-02
-1.263550080525823599e-02
-1.184781186883273295e-02
-1.040406032598218018e-02
-9.833222773066861364e-03
-9.271479156508517089e-03
-8.138900746843865525e-03
-7.572877803407867571e-03
-7.240387770683302804e-03
-6.839998254790894891e-03
-5.841251850809555182e-03
-5.318947418395145871e-03
-5.084576194047524082e-03
-4.899444737546900484e-03
-4.506155831708570474e-03
-4.302467067220894573e-03
-4.096707937417515787e-03
-4.050228894912491669e-03
-3.802235676817707945e-03
-3.385863693411735389e-03
-3.242481681722126415e-03
-3.168890895527658267e-03
-3.062391663086374248e-03
-2.875222333884055580e-03
-2.848161612570980147e-03
-2.714259854238404955e-03
-2.542122106581282386e-03
-2.492519125808000200e-03
-2.472855101372527491e-03
-2.297351933982822066e-03
-2.125534404220305769e-03
-2.093762856510016004e-03
-1.964234680928789514e-03
-1.925606501572694898e-03
-1.876981712742845218e-03
-1.828130633146754285e-03
-1.821885402235744579e-03
-1.768070859548577338e-03
-1.725608220013335678e-03
-1.698775268777983185e-03
-1.556972916805139185e-03
-1.468895496570666540e-03
-1.437848322300030665e-03
-1.374386338450163956e-03
-1.359238740957225940e-03
-1.326876168670901085e-03
-1.258922366643191928e-03
-1.240184019321183837e-03
-1.238155495140819086e-03
-1.209206096864614199e-03
-1.190735581525613528e-03
-1.154253436956397113e-03
-1.110863577228031777e-03
-1.079819319292497264e-03
-1.022974058330812248e-03
-1.009238214073591077e-03
-9.949226080921147203e-04
-9.187014765235146157e-04
-9.040622674081223026e-04
-8.880377060653441533e-04
-8.769516126931181915e-04
-8.658878920551365448e-04
-8.227671226761308285e-04
-8.135400629055297098e-04
-7.578911432745990108e-04
-7.540712267281837917e-04
-7.383194270875135514e-04
-7.163540333778553766e-04
-7.077613324538042884e-04
-6.827816942550552805e-04
-6.712408448435424864e-04
-6.342761636514825802e-04
-6.249259901284368382e-04
-6.100934365033482522e-04
-5.955329159541531987e-04
-5.884422488729305119e-04
-5.721039677221380132e-04
-5.689293254016747087e-04
-5.529574665869185952e-04
-5.396900661515185126e-04
-5.272567645642705454e-04
-5.183324775109327421e-04
-5.127901249777811095e-04
-5.080595934925243810e-04
-4.952724353210011948e-04
-4.810868216048112930e-04
-4.747354167970933131e-04
-4.478307833652082318e-04
-4.445789153577379017e-04
-4.331180388400257281e-04
-4.176518450656688123e-04
-4.071001138939466576e-04
-4.062086965049833249e-04
-4.040911587049519351e-04
-3.826568177518888721e-04
-3.815222168064985055e-04
-3.691849113476066953e-04
-3.623655508528240391e-04
-3.557957395585533453e-04
-3.478336655919364129e-04
-3.406667226646185160e-04
-3.340307832088761433e-04
-3.234007135148246441e-04
-3.161699437423041818e-04
-3.063737946935406577e-04
-3.047785874394880732e-04
-3.020914340850507735e-04
-2.960536174801952367e-04
-2.932457887683415781e-04
-2.807401755871634873e-04
-2.786509070222848859e-04
-2.721829301318582435e-04
-2.687818092914925992e-04
-2.652609714481331087e-04
-2.606100710609282329e-04
-2.549706878967200889e-04
-2.492537319431524707e-04
-2.417335495038795440e-04
-2.402336719949901324e-04
-2.356525457174524685e-04
-2.282771209430548703e-04
-2.238663779904069063e-04
-2.205594287971679934e-04
-2.180761509073441740e-04
-2.145984439270929829e-04
-2.091574505710235422e-04
-2.062325045546007231e-04
-2.018053208094484473e-04
-1.944933489697740672e-04
-1.889074330765065266e-04
-1.873894201154687985e-04
-1.847130771819634621e-04
-1.818688336748964108e-04
-1.785320558993127302e-04
-1.758108018970395601e-04
-1.704559241339950433e-04
-1.655939367687293850e-04
-1.651703616214895271e-04
-1.611695482025308026e-04
-1.582814968956495160e-04
-1.560733970109263395e-04
-1.534451398259827342e-04
-1.504841930415933623e-04
-1.492128143840736802e-04
-1.459558961516620678e-04
-1.430884616609403616e-04
-1.411962074857186101e-04
-1.377937619531996590e-04
-1.364461774245213108e-04
-1.340311808502853543e-04
-1.296009776512476971e-04
-1.274398860557412539e-04
-1.253652747440513790e-04
-1.229112907018896871e-04
-1.201089934169018229e-04
-1.179328326565941276e-04
-1.171116142876530634e-04
-1.148928699966939596e-04
-1.122216843966351575e-04
-1.108730701396969955e-04
-1.105943253518023895e-04
-1.088900880504348998e-04
-1.051144489424299676e-04
-1.038774498336164637e-04
-1.031529061144826584e-04
-1.007165822101067882e-04
-9.905455261531391888e-05
-9.520142983799688679e-05
-9.368858823905845765e-05
-9.175144374532033791e-05
-8.962433489200955796e-05
-8.845312720762796429e-05
-8.596510749296486806e-05
-8.505876843147117550e-05
-8.371483630728016024e-05
-8.309769517613876185e-05
-8.215865366181504591e-05
-8.078558653149464424e-05
-7.948805315788490874e-05
-7.823963247937950575e-05
-7.511259775111639480e-05
-7.291260248340077055e-05
-7.177913793923387928e-05
-7.125843095213948086e-05
-6.914762234972506591e-05
-6.790813208473304465e-05
-6.653939426059622415e-05
-6.581166891174878306e-05
-6.461155864523550785e-05
-6.343338918054973962e-05
-6.167927421600110586e-05
-6.104458526168481233e-05
-6.041121290449760859e-05
-5.994370167200600564e-05
-5.846321395365360079e-05
-5.748164354992808367e-05
-5.523730492304153495e-05
-5.415700029526494846e-05
-5.380002586519731295e-05
-5.239664563946689555e-05
-5.219366670986302404e-05
-5.050897569041236623e-05
-5.027282936793921674e-05
-4.868846497169777377e-05
-4.742817015607492676e-05
-4.675748851322486028e-05
-4.597309671782744719e-05
-4.487508169769891230e-05
-4.461859361390162383e-05
-4.394141748023791869e-05
-4.246556265307468585e-05
-4.205579143752593793e-05
-4.144883826706426979e-05
-4.060420798870206636e-05
-4.037791560704163133e-05
-3.995584931750363437e-05
-3.913565244932745886e-05
-3.822822034053890592e-05
-3.770584371713713630e-05
-3.709945635889817231e-05
-3.659906998398450897e-05
-3.520340258964007305e-05
-3.462548307985120803e-05
-3.442870183333632348e-05
-3.373994590958761966e-05
-3.281596425659199606e-05
-3.220105658481302622e-05
-3.212735347321636712e-05
-3.158394121832463927e-05
-3.064134587316750234e-05
-3.033268020536453101e-05
-2.922159902666338980e-05
-2.875627319239137117e-05
-2.831729860806017401e-05
-2.774160209859182050e-05
-2.721506566435227811e-05
-2.668200076975495646e-05
-2.624797927679667841e-05
-2.590273112093073463e-05
-2.522365356578901163e-05
-2.454417432485148413e-05
-2.414897372313716176e-05
-2.375357116599620074e-05
-2.333562189273530256e-05
-2.296724109123435387e-05
-2.228392129309579800e-05
-2.200594888792504857e-05
-2.159392053703681661e-05
-2.130790881727910737e-05
-2.106515099440913749e-05
-2.058354978757312602e-05
-2.016979147432188923e-05
-1.977958373353100630e-05
-1.942157073905896234e-05
-1.923398813039790974e-05
-1.877419882603137701e-05
-1.839048879072831930e-05
-1.773566292960391752e-05
-1.772071976113356059e-05
-1.728078165086682210e-05
-1.682069496474783321e-05
-1.647448583090690551e-05
-1.621136428818609098e-05
-1.604780698946304385e-05
-1.555124889859429822e-05
-1.537259946884813173e-05
-1.516395147515620669e-05
-1.499573176803714440e-05
-1.443805604997025423e-05
-1.440714545183425832e-05
-1.410063504422908832e-05
-1.381155300855415843e-05
-1.360415159326546115e-05
-1.325879462556844073e-05
-1.316835762699279484e-05
-1.253617772650269396e-05
-1.234537217512339826e-05
-1.221670150192599728e-05
-1.195169272851331991e-05
-1.152040444471583123e-05
-1.128045511621561060e-05
-1.121306614910544732e-05
-1.099023858304798285e-05
-1.070693780310666426e-05
-1.043710278845890714e-05
-1.027340676339765300e-05
-9.816891323981831414e-06
-9.356181329122693381e-06
-9.255435447929347484e-06
-9.150699390075627356e-06
-8.909006332145180020e-06
-8.819955126507232447e-06
-8.358638334838358735e-06
-8.230891299023392649e-06
-8.064698980504694581e-06
-7.688056174873087443e-06
-7.514502495953115413e-06
-7.474153457298332192e-06
-7.218632174464149324e-06
-7.056581860169588032e-06
-6.993772985604223759e-06
-6.761033064637738540e-06
-6.571937140656195755e-06
-6.415553171663431456e-06
-6.283958067733376298e-06
-6.070694932262210904e-06
-5.778825523807738233e-06
-5.760487738079543529e-06
-5.658899199527918680e-06
-5.538645139733973693e-06
-5.324504282368081219e-06
-5.086084697941085968e-06
-5.021969597751723195e-06
-4.885091857275996829e-06
-4.730650536635676639e-06
-4.507015294784038263e-06
-4.350947466989057661e-06
-4.201598897308016178e-06
-4.166465248129662936e-06
-3.957464733077072043e-06
-3.878981076092469749e-06
-3.822619676898753046e-06
-3.631864360229941710e-06
-3.512547740224409731e-06
-3.347157566147575931e-06
-3.330459448958862037e-06
-3.051691078097752656e-06
-3.005640119723632973e-06
-2.918158607531421856e-06
-2.914994172215163387e-06
-2.800627556605934264e-06
-2.622383489446818149e-06
-2.494559849552681533e-06
-2.294055293117794028e-06
-2.258135277123296646e-06
-2.217514716507971551e-06
-2.123426792354329194e-06
-2.022256339247043312e-06
-1.987033386543231002e-06
-1.977645749814513832e-06
-1.851030831621510712e-06
-1.710431995431661206e-06
-1.678327054180508625e-06
-1.584695171782091356e-06
-1.502027809297774595e-06
-1.484677360670212685e-06
-1.321171294594694844e-06
-1.282199817879958234e-06
-1.220322836070693822e-06
-1.090082903447869597e-06
-1.072096190255719903e-06
-9.537890468148229840e-07
-9.029732007503083023e-07
-7.811268634472759164e-07
-7.722033747945044667e-07
-7.508370272743897925e-07
-7.086352603159829766e-07
-6.929546118853210255e-07
-5.646954942069623698e-07
-4.515131235220475786e-07
-3.865823376107313669e-07
-3.201691243714296512e-07
-2.525582517894968460e-07
-1.981968268688885830e-07
-1.851106042611815920e-07
-1.428246060082469612e-07
-8.942141963333888450e-08
-5.087457671807635113e-08
-1.829111715104790707e-08
-1.633778846543609917e-19
2.613600846039811320e-19
2.219798690485115831e-08
4.803547414514516227e-08
7.416289407533145722e-08
1.344157925218888326e-07
1.494651273948071450e-07
2.291768353125255362e-07
2.621238226579437619e-07
3.413265792189871646e-07
3.622090607487952211e-07
4.608852295779422242e-07
5.202058049911647055e-07
5.862592887675254797e-07
6.403751172954735630e-07
6.706174270210095830e-07
7.437575818367564762e-07
9.542877853153039542e-07
1.028377462281664878e-06
1.103677555823803616e-06
1.187128471441314623e-06
1.252840425192303896e-06
1.440503931403681907e-06
1.579409575347012007e-06
1.621965045168367316e-06
1.687309832311786911e-06
1.936947844820625799e-06
1.941101043183792606e-06
2.111141941887389399e-06
2.248642503221412372e-06
2.308823858898257440e-06
2.485699142375833430e-06
2.552649276574864690e-06
2.569630572152211687e-06
2.811340049721345532e-06
2.828802491473764753e-06
3.178690701124407321e-06
3.210160710278778635e-06
3.420671788303414261e-06
3.494936562037424936e-06
3.667414814583058922e-06
3.834820030587397159e-06
3.904991394874088665e-06
4.344427888281019923e-06
4.542985561551016097e-06
4.793330062245837246e-06
4.871225366734771386e-06
4.999302466888272425e-06
5.256674401168047734e-06
5.370125987582082715e-06
5.603105811148123817e-06
5.864427090450445275e-06
5.998789986845727616e-06
6.069771215536409212e-06
6.367722037780940909e-06
6.693094950251600149e-06
6.966458571064516684e-06
7.110098992113845950e-06
7.569121988774793547e-06
7.642834562757377606e-06
7.956981435793341966e-06
7.998323530814220323e-06
8.644960154449190371e-06
9.042270958331830787e-06
9.169345065910877976e-06
9.366157778200599578e-06
9.525695369345805173e-06
9.660461411677133357e-06
1.003502753208995319e-05
1.032411165504231650e-05
1.096234487686259866e-05
1.140140204231511935e-05
1.156252840149578686e-05
1.198864921987130278e-05
1.235947943439748264e-05
1.253040367207035128e-05
1.271082665038697233e-05
1.340098536677664002e-05
1.380362786171095077e-05
1.387725571875862196e-05
1.460605139725152515e-05
1.528256496075638005e-05
1.600276083578331556e-05
1.632362745191179415e-05
1.664355314079774583e-05
1.730212346521750938e-05
1.754398121816182430e-05
1.786477129689135616e-05
1.837180070310970572e-05
1.866973474980418145e-05
1.910825385612505592e-05
1.987384859824676409e-05
2.042813366098174236e-05
2.059717347257993491e-05
2.152861608092108555e-05
2.173591901437569243e-05
2.260274412433990670e-05
2.308608280760472215e-05
2.357618234578621886e-05
2.389546052313200268e-05
2.548260505330077397e-05
2.558634016863301329e-05
2.658385441943739898e-05
2.699191653891390655e-05
2.830260082557095759e-05
2.917180127995574288e-05
2.967707806278338037e-05
3.031058425818652536e-05
3.146763086039170592e-05
3.217983615057776355e-05
3.259526448330557252e-05
3.301800749573774902e-05
3.431199154538007429e-05
3.489513891930263312e-05
3.560607116812743942e-05
3.632411232294040443e-05
3.659446882043014538e-05
3.851039720753201835e-05
3.906614368398571128e-05
4.070325345379512848e-05
4.137328274719316346e-05
4.267853592603899383e-05
4.303497241175048180e-05
4.478593364596273262e-05
4.576181297376279709e-05
4.636911544565075640e-05
4.830091945013494033e-05
4.980864844669802467e-05
5.044382190583489994e-05
5.273750436880534715e-05
5.391445845730100480e-05
5.486753059419311596e-05
5.576197869915003986e-05
5.744982228031797830e-05
5.878996504616220683e-05
5.912558406691074909e-05
6.071472862213407834e-05
6.453569791354835539e-05
6.542027931493476817e-05
6.766985415026143056e-05
7.046812847395654740e-05
7.183718836872057508e-05
7.239126176998878794e-05
7.762869304589364622e-05
7.856961591570224210e-05
7.985657159286726505e-05
8.091136228507490348e-05
8.328238160179005003e-05
8.477570296742717557e-05
8.729632795410813739e-05
8.798099148558727041e-05
9.031974734468585194e-05
9.502439360778344160e-05
9.605716831475950141e-05
9.769560971397180788e-05
9.998682329672876619e-05
1.057067193872196422e-04
1.068715883342728204e-04
1.101720361166481395e-04
1.140322015455687087e-04
1.169809086129220516e-04
1.190715731702329545e-04
1.211261575201702935e-04
1.250910285501681692e-04
1.271860001542777390e-04
1.289625446834994651e-04
1.326573138582572012e-04
1.370189081318741789e-04
1.378968009454693811e-04
1.450213276903919988e-04
1.491585499350793920e-04
1.512947803621807771e-04
1.535221298401435856e-04
1.562098570764929289e-04
1.585050025193043735e-04
1.637544515793568122e-04
1.706083448031380173e-04
1.742623111260105406e-04
1.776298907075830511e-04
1.804518175590470838e-04
1.874333165976786893e-04
1.904729599212796865e-04
1.981635427620547895e-04
2.040661458448719129e-04
2.084837366411477957e-04
2.124386248223698295e-04
2.178102848508022644e-04
2.252069527434217655e-04
2.296799489365335936e-04
2.360232414027229253e-04
2.407033494387012982e-04
2.472589552547696371e-04
2.602225958177149388e-04
2.722647042400733013e-04
2.790421165204433752e-04
2.805967317269476781e-04
2.840780299350585550e-04
3.004431800118450126e-04
3.095825614480952415e-04
3.152109146212955966e-04
3.162123324808672879e-04
3.293654799510351071e-04
3.451851845636643963e-04
3.522505039517985015e-04
3.598279079405820478e-04
3.697430807250241184e-04
3.768764007945182891e-04
4.017328013945835829e-04
4.072103137037532132e-04
4.082096127982392706e-04
4.153316211107240625e-04
4.213426750586573622e-04
4.442855618711526243e-04
4.623764715178965787e-04
4.798739029476826253e-04
4.918000756601480965e-04
5.024489974255521565e-04
5.169727959224907667e-04
5.413049657483276012e-04
5.503948583345762147e-04
5.602881465043655371e-04
5.749000447846975854e-04
5.925881242397512032e-04
5.966523930027561309e-04
5.980319130173197958e-04
6.300386235274096913e-04
6.356945701830083546e-04
6.548770600418247004e-04
6.787537459551367834e-04
7.131745663422385268e-04
7.310016077848565177e-04
7.518238741420238359e-04
7.855646945767066859e-04
8.132528689821474010e-04
8.477965369138634657e-04
8.634299303536489140e-04
9.090847630606310650e-04
9.249015883269490071e-04
9.332316669071082831e-04
9.651473604924740548e-04
1.017976901389229831e-03
1.030065397475173365e-03
1.083234007362561275e-03
1.136295950216262719e-03
1.157278632205119501e-03
1.206645542626657479e-03
1.249084718369887579e-03
1.272495476003961514e-03
1.386529503113775093e-03
1.423121487639595652e-03
1.462726930507741736e-03
1.520497816782373935e-03
1.583586283772142177e-03
1.684683604137921084e-03
1.735291643483601173e-03
1.781793816322477329e-03
1.811353479864117330e-03
1.886023481683312287e-03
2.037487570480531456e-03
2.093023707499282095e-03
2.275134439463182261e-03
2.356580169878172339e-03
2.394349419743813968e-03
2.490722228521145918e-03
2.573518548950039838e-03
2.690106788562843330e-03
2.953862669928913366e-03
3.000603715242839472e-03
3.227189141301542614e-03
3.412864585787977849e-03
3.706197717815672837e-03
3.899271291437554805e-03
4.025255498440846041e-03
4.337988775540818284e-03
4.425202934929738270e-03
5.077958058379233343e-03
5.205669081385585345e-03
5.857961545921219759e-03
6.109162660773798104e-03
7.132299558262293962e-03
7.188265324497300664e-03
7.710418018186302423e-03
8.677108805983152831e-03
9.820984946031813267e-03
1.097597945159829898e-02
1.304376950625871223e-02
1.331942211495323186e-02
1.446152944195025318e-02
1.669105811924533403e-02
1.959428076718314551e-02
2.233550930967142384e-02
2.747998556033708767e-02
3.610125548827625153e-02
4.256658698224516368e-02
5.879221453309418227e-02
8.585995214672390019e-02
2.214799293534951696e-01
