-1.216113303709390864e-04
-7.383578050645474213e-05
-6.620177038155009572e-05
-5.573900093822175248e-05
-4.718164736562591632e-05
-3.916018137066412452e-05
-3.398009241288153613e-05
-3.189479178554796438e-05
-1.363192125237503347e-05
-9.262888086638828916e-06
-6.266026038641845596e-06
-5.585168123137819881e-06
-4.644512533609290916e-06
-3.755774441018808403e-06
-2.365329921451731614e-06
-2.103022075102736365e-06
-1.466417988434521422e-06
-1.260387262764679315e-06
-1.122042863342042879e-06
-1.095531099564123923e-06
-9.458488519367128553e-07
-7.152274895676848989e-07
-5.814054915753537650e-07
-5.491099253223539167e-07
-4.489516991850333702e-07
-4.143722877935638421e-07
-3.383524662198763669e-07
-2.901336957851097843e-07
-2.580597463296624713e-07
-2.235537878355444933e-07
-1.940094302909944882e-07
-1.875460576194836065e-07
-1.518218066761263474e-07
-1.398980030449126886e-07
-1.355401111837882431e-07
-1.297421283488130769e-07
-1.093063721661278298e-07
-1.066618227033512467e-07
-9.719553357235462056e-08
-8.885098011297112633e-08
-8.693884952582124865e-08
-7.819329298251427027e-08
-7.201254399464559828e-08
-6.553149600438316281e-08
-6.322684502441712218e-08
-5.616851844746362710e-08
-5.184076437782662807e-08
-4.409705728314604395e-08
-3.790607577852448855e-08
-3.482583975616762872e-08
-3.147529277355657401e-08
-2.665258681969756703e-08
-2.360808315470452479e-08
-2.207665205305093543e-08
-1.762408113958073184e-08
-1.716137927149717664e-08
-1.095441547163505047e-08
-9.021854045896795669e-09
-8.068337408561218294e-09
-6.607084366796197268e-09
-1.392917214503604453e-09
5.854071760674128560e-20
1.514621128855695094e-19
1.745970205719721893e-09
4.524285059987577623e-09
1.056863348062226598e-08
1.377882375292145938e-08
1.713451590206486824e-08
2.314906728307255044e-08
3.366665071554984322e-08
3.767603747515391280e-08
4.850579175114670725e-08
5.447543212196033189e-08
6.775915759262217303e-08
7.200526583380648510e-08
9.403817997975285781e-08
1.043500871964460278e-07
1.287318500069036653e-07
1.383883340610486047e-07
1.395834014555973026e-07
1.541796597094289794e-07
1.606306247225447699e-07
1.714995416504641252e-07
2.002772914383516576e-07
2.124861812383221785e-07
2.362045894970263681e-07
2.409842600223739776e-07
2.476728173793939930e-07
2.538337403363776464e-07
2.593928383456928533e-07
2.708116501201958588e-07
2.843691886936936899e-07
2.921337977267154826e-07
3.044579698399957502e-07
3.150879776561810897e-07
3.225977682056663693e-07
3.444711950762759594e-07
3.548860743083136096e-07
3.673977833771344043e-07
3.809855903903539850e-07
3.857260627798336503e-07
3.930831136707024852e-07
4.036862444616686020e-07
4.251923509334940064e-07
4.312223245500191824e-07
4.428146206495863475e-07
4.518318355919982381e-07
4.585556615924199069e-07
4.931692834917323329e-07
4.979958017879483235e-07
5.055733306705360596e-07
5.193999343092197843e-07
5.282176902192487470e-07
5.456952411547134442e-07
5.498217485918654604e-07
5.812338271271342816e-07
5.857134416957365675e-07
5.958803327794007540e-07
6.115397233962257965e-07
6.420368897158894183e-07
6.586310543118665469e-07
6.747482526290935824e-07
6.847179801677208723e-07
7.026884528905115692e-07
7.159532115153350600e-07
7.236438177044769474e-07
7.466485218684514597e-07
7.596314805696881572e-07
7.666673194174412733e-07
8.083928982914991148e-07
8.294950139573288906e-07
8.448685773715217737e-07
8.531083683960875383e-07
8.921004169555156609e-07
9.021577779870926600e-07
9.167452760076778934e-07
9.201269596691277070e-07
9.395103971135831850e-07
9.551395193103484950e-07
9.705650169570417890e-07
9.841463962446637569e-07
1.037629527450905376e-06
1.044771178017746388e-06
1.051941416347985841e-06
1.085321703780591329e-06
1.110397325541247834e-06
1.119535615455445758e-06
1.147289831978331175e-06
1.163885643667625968e-06
1.213998413678634120e-06
1.222103535004316404e-06
1.244298872161044286e-06
1.251573492808091022e-06
1.269024921398936558e-06
1.310072220054530483e-06
1.324231852323330781e-06
1.331823748888976180e-06
1.350207711067748580e-06
1.360643466401942822e-06
1.379744259550283037e-06
1.392900849735168107e-06
1.432015213441038654e-06
1.455250143974163011e-06
1.472221863666316845e-06
1.491217994326312942e-06
1.532388159101412149e-06
1.574346373024968504e-06
1.586389777968656758e-06
1.658886144206074687e-06
1.681480570551313148e-06
1.704985667147997171e-06
1.736032237629184044e-06
1.760393634482964955e-06
1.775197081274070705e-06
1.817442632319188080e-06
1.851266093234389999e-06
1.857959038825730810e-06
1.873148185148696947e-06
1.886312806788955626e-06
1.950141264411325496e-06
1.976463691329666229e-06
2.014341364105445062e-06
2.017956414060541747e-06
2.054982291465769913e-06
2.094655912486444018e-06
2.110468902032271120e-06
2.169125936050965731e-06
2.198738374301551655e-06
2.234305923477405909e-06
2.257876624281053077e-06
2.297789340122880048e-06
2.327545504914710089e-06
2.358342068143757232e-06
2.385940540265217016e-06
2.413726440657546653e-06
2.482826257517483377e-06
2.510031535445371029e-06
2.536194686169031307e-06
2.552919693111448695e-06
2.568796197219561894e-06
2.623138295995940947e-06
2.646154065598210127e-06
2.650814773861785092e-06
2.686990184860335845e-06
2.760757082985579436e-06
2.795683357879738854e-06
2.821749905259809673e-06
2.855177345594857771e-06
2.866462365944372024e-06
2.919621461184388266e-06
2.967946702906635054e-06
2.998127422035261438e-06
3.022425190314777522e-06
3.044668945060022181e-06
3.082561662429184801e-06
3.097149128342562864e-06
3.161318136688420789e-06
3.221718259505714096e-06
3.247316698490032307e-06
3.324336210902434346e-06
3.341357825621099722e-06
3.359564024411167931e-06
3.366383699113054676e-06
3.459823658543297469e-06
3.512271999737571292e-06
3.565622922350617999e-06
3.621253744234441230e-06
3.695890381613008539e-06
3.753320145500414193e-06
3.790646411886725417e-06
3.805538212087775848e-06
3.852189944663357335e-06
3.883921643115400660e-06
3.908282968294623861e-06
3.925769855726974693e-06
4.022205444539891236e-06
4.089751942460454470e-06
4.104848166365403751e-06
4.177118929651188498e-06
4.246753085127440879e-06
4.337634556839947702e-06
4.345764254048380931e-06
4.392955559255385047e-06
4.481094412601736252e-06
4.491181730059563239e-06
4.540761364361362713e-06
4.575920948091861425e-06
4.664913346603798895e-06
4.720519320655881058e-06
4.793198170657638966e-06
4.851301919895719882e-06
4.914049311548931271e-06
4.951376089707393337e-06
5.044314941853355221e-06
5.059263896383582575e-06
5.147075754065327581e-06
5.185913712773875088e-06
5.302859746708181342e-06
5.381478090971963521e-06
5.427051297993951587e-06
5.455706537731789475e-06
5.472615118887987748e-06
5.627284798313334020e-06
5.705196770140748033e-06
5.735545137771588695e-06
5.821936311258649356e-06
5.871152700465715392e-06
5.915336617182365437e-06
5.973216373115321669e-06
6.039230927050702316e-06
6.080246901743107532e-06
6.112852036559256496e-06
6.243763912226848767e-06
6.269490446656173696e-06
6.305451594959410056e-06
6.380733931328781881e-06
6.415462672022510682e-06
6.482932280920731169e-06
6.535294241946446342e-06
6.613076942554885195e-06
6.771968942848543118e-06
6.820414943000985579e-06
6.847687625308381822e-06
6.888218885317000566e-06
7.053921303473293435e-06
7.071699255362142940e-06
7.236407590948177659e-06
7.356561298886579230e-06
7.474151007411967386e-06
7.520599745189755569e-06
7.586046746493147491e-06
7.681451140180774894e-06
7.750851309709033560e-06
7.818520491326319107e-06
7.903794631304743965e-06
7.992556476098840716e-06
8.050492132078597971e-06
8.204875831691594876e-06
8.222649736085340107e-06
8.375861580352073163e-06
8.409580461824338478e-06
8.546050659515635608e-06
8.621179412427772815e-06
8.745131782316826550e-06
8.955890715857516224e-06
9.029064072963075390e-06
9.059561969167661752e-06
9.282897563320487028e-06
9.395155608776570148e-06
9.438234797454999445e-06
9.575002826469714178e-06
9.628373522090580316e-06
9.726734006607826912e-06
9.842426596175453038e-06
9.936810121289731075e-06
9.955806689502291865e-06
1.009577769072385502e-05
1.025222696191735165e-05
1.034002845161345353e-05
1.049631657432711224e-05
1.053852020908616350e-05
1.064784960456890956e-05
1.070338743722852858e-05
1.081541890764493672e-05
1.098274373174122099e-05
1.114906682962358435e-05
1.118319217280753486e-05
1.143199885708531185e-05
1.147795405016915843e-05
1.154685362621221103e-05
1.164407804332951541e-05
1.180222448339978794e-05
1.194458506374300341e-05
1.210511167372796535e-05
1.219063314603169721e-05
1.234313304654001596e-05
1.242034723388632769e-05
1.275784478849243055e-05
1.283315580845716910e-05
1.296212535906298636e-05
1.307583568929973743e-05
1.322471785549192525e-05
1.332648689145380489e-05
1.339521719518360953e-05
1.353049691760513985e-05
1.363395093130106539e-05
1.394176097554120288e-05
1.411050277229510219e-05
1.419113464813871675e-05
1.445847291993672130e-05
1.455829189979519830e-05
1.479599811606943619e-05
1.496501419245887724e-05
1.510721178926493269e-05
1.525291431429891639e-05
1.571879566647598796e-05
1.576148409655563128e-05
1.593286764870233507e-05
1.617910226090472941e-05
1.625697641809457309e-05
1.646509815279926218e-05
1.654159938278993173e-05
1.709305089825197986e-05
1.725617547925255700e-05
1.742115320660405143e-05
1.753531111009619533e-05
1.758027684067193250e-05
1.784853636842413489e-05
1.809662248288057006e-05
1.836745491544623045e-05
1.843405287954754252e-05
1.858919008593070389e-05
1.877069899956810160e-05
1.899660711045331605e-05
1.922611386764670462e-05
1.926566014199151240e-05
1.978205900315489557e-05
1.999634483274648027e-05
2.013282221331875435e-05
2.015609583238195526e-05
2.036868234441561854e-05
2.057321602929161082e-05
2.083156818047667450e-05
2.110254181351691279e-05
2.123775486929281998e-05
2.161428746311165402e-05
2.175489710365531725e-05
2.208980284186405944e-05
2.229639183019361807e-05
2.262612693415303150e-05
2.272433873037243694e-05
2.292438664016735431e-05
2.305636408819031579e-05
2.351504188762889504e-05
2.397979899005551907e-05
2.439797517191496652e-05
2.465031818739169697e-05
2.488592493243562084e-05
2.518873784768111326e-05
2.529526771483142750e-05
2.557497447320199361e-05
2.628923998432653120e-05
2.653453067087557319e-05
2.676752659355423331e-05
2.715254531651423468e-05
2.740671599210833985e-05
2.778987434431343670e-05
2.815812718489284658e-05
2.821715713692836861e-05
2.838552131213505154e-05
2.888470762436632597e-05
2.918520680718442059e-05
2.939370450826678249e-05
2.992569539317183351e-05
3.028445037448282496e-05
3.037860231274958170e-05
3.089247392268251914e-05
3.096573056709506618e-05
3.108025842534428229e-05
3.135165847298019431e-05
3.151864273330448461e-05
3.219186913548266352e-05
3.255657952019765637e-05
3.309289645974113726e-05
3.324125966038501322e-05
3.362555606117573323e-05
3.409362223247271401e-05
3.421819454117652000e-05
3.454506294858684950e-05
3.544408233536713626e-05
3.595728131842501130e-05
3.631895641963148793e-05
3.676310895314336899e-05
3.722558349069705376e-05
3.756666598058103885e-05
3.777295901658111739e-05
3.807271270831341794e-05
3.876364619249790208e-05
3.894414138750800956e-05
3.926916762960055507e-05
3.937207695210849197e-05
3.966332285332519966e-05
4.078624283262840064e-05
4.119589705875525509e-05
4.238638959647193582e-05
4.253451385731035680e-05
4.281993786996252316e-05
4.417081550563827115e-05
4.470801282780302832e-05
4.499949523037936308e-05
4.508900277035517477e-05
4.529066317428175401e-05
4.589397466265045640e-05
4.677749726624340999e-05
4.723815512000440386e-05
4.750866596773497852e-05
4.814340409788967477e-05
4.850537725006820401e-05
4.879384646346340745e-05
4.955169874904573286e-05
4.987190337117042115e-05
5.048898068771974051e-05
5.095125307126294114e-05
5.120628750990980483e-05
5.225041251775240235e-05
5.299335013311236243e-05
5.364312355499219350e-05
5.431097317569422519e-05
5.446519148697513539e-05
5.535133765054414727e-05
5.592033871503140511e-05
5.648384976353324253e-05
5.659683245813423668e-05
5.756992452517016969e-05
5.891522943388970731e-05
5.932527878160078285e-05
5.948088351039291117e-05
6.017061616907587386e-05
6.110196466470405735e-05
6.145153923571314790e-05
6.208398057463076570e-05
6.257902754017302129e-05
6.432441278132603650e-05
6.549361530958090663e-05
6.593702311243898064e-05
6.633101462743507220e-05
6.696730315855583301e-05
6.812037037009896132e-05
7.013642614070619873e-05
7.041718863805382670e-05
7.099293491050566159e-05
7.294708549230960687e-05
7.418944439734097892e-05
7.450357743722763287e-05
7.629176589214383276e-05
7.680299236290438953e-05
7.709438266187414277e-05
7.760418966750279757e-05
7.814635710215106566e-05
7.943347606834014153e-05
8.072308358831754827e-05
8.179127347214629890e-05
8.230862130689297685e-05
8.248933145830718771e-05
8.347634528392037742e-05
8.517233723108926229e-05
8.674265725383548055e-05
8.725530335886693409e-05
8.882695347013844765e-05
8.979301348117148685e-05
9.197518019304215466e-05
9.321976521112997798e-05
9.387675409237996411e-05
9.554289162790620654e-05
9.677262724915601836e-05
9.724206071355813831e-05
9.782804023849759169e-05
9.814557285345308537e-05
9.912414072033273369e-05
1.001913047963846952e-04
1.031243215978608878e-04
1.036695606559251550e-04
1.060368948782207052e-04
1.073977372340458264e-04
1.100187405123395878e-04
1.126160539158541698e-04
1.163207034125719345e-04
1.179507960053439764e-04
1.195981033079614175e-04
1.201556661162900199e-04
1.215835790056354882e-04
1.226333478594743829e-04
1.230010792964805115e-04
1.234646420897046162e-04
1.243039580122109620e-04
1.268304051130626742e-04
1.282451443520825633e-04
1.293226447747789442e-04
1.325235428532291703e-04
1.334519418224017044e-04
1.342943037099653516e-04
1.359904692832221494e-04
1.371754405127095485e-04
1.415056597043325517e-04
1.443800363299144966e-04
1.486728942885915598e-04
1.496012069936484244e-04
1.512608028960727455e-04
1.535290249972759912e-04
1.558815274468428145e-04
1.570938831051458357e-04
1.573479650180843324e-04
1.592187126099920986e-04
1.607274905826430798e-04
1.686414125499039612e-04
1.689316665533836272e-04
1.727338568549375902e-04
1.751755057415349298e-04
1.794361668977773852e-04
1.818293119557102026e-04
1.895277616925254217e-04
1.904229895900031637e-04
1.906646612119395603e-04
1.943967985974599712e-04
1.965703816130430015e-04
1.973698315777829796e-04
1.987310322435009518e-04
2.010566614813093917e-04
2.054890756944883806e-04
2.074188922235122338e-04
2.111509217741625694e-04
2.142562235934609830e-04
2.219836058275363635e-04
2.243914229229525996e-04
2.259091571235747253e-04
2.335221498967501278e-04
2.387578022335739550e-04
2.411673534421770863e-04
2.429839819944383213e-04
2.505523048383557529e-04
2.567313849927263980e-04
2.580546473922524565e-04
2.621614836525696670e-04
2.668277942982366928e-04
2.682007218326062340e-04
2.753799982378162675e-04
2.871713849220046085e-04
2.891559144450701001e-04
2.953834457768794134e-04
2.984254584990657030e-04
2.986492679893418246e-04
3.095470415257677650e-04
3.163914882202973743e-04
3.240453716834305799e-04
3.281959233966981731e-04
3.361319958547570944e-04
3.382782457267464755e-04
3.453305129509428185e-04
3.481920726751636737e-04
3.507851356150530923e-04
3.576543973230211651e-04
3.719984724703996213e-04
3.739787866693049636e-04
3.802974288897123002e-04
4.015028623770968493e-04
4.163446204099164444e-04
4.244255426151930422e-04
4.282918704432735267e-04
4.331218335552327746e-04
4.386023532928928379e-04
4.406579601417914371e-04
4.639720189156332697e-04
4.659262195226320305e-04
4.727339021432244107e-04
4.771006812605201606e-04
5.273987885368846542e-04
5.338582481185467693e-04
5.512498682772923710e-04
5.565908861685028722e-04
5.586542717074395419e-04
5.657039843473782130e-04
5.776644100926233566e-04
5.948784485835862572e-04
6.202229858404122598e-04
6.317201630911947405e-04
6.614289714347058261e-04
6.733191097809188615e-04
6.884675718609276508e-04
7.425578864639566278e-04
7.594866263932275154e-04
7.749808274299554815e-04
8.056330024500679698e-04
8.167314778542227819e-04
8.273061924454561469e-04
8.515988589232423864e-04
9.051664906814457789e-04
9.334600974923262752e-04
1.027752252731494202e-03
1.040185187468318324e-03
1.051108052104708169e-03
1.091816008527740590e-03
1.155002053174858856e-03
1.188656891727390670e-03
1.240087008916615236e-03
1.265013249527339491e-03
1.466267892351496996e-03
1.484355045851516080e-03
1.537518174964072832e-03
1.614661558733042563e-03
1.670252926184202357e-03
1.688043564903691715e-03
1.770957376963588036e-03
1.911576914531996040e-03
2.137713592279731623e-03
2.320945976441779468e-03
2.366897877192684560e-03
2.380435047749051430e-03
2.477881948787800850e-03
2.986083446565234063e-03
3.294896279980209872e-03
3.485042336244051093e-03
3.691931077621939550e-03
4.565750546998764356e-03
5.025985332016856891e-03
5.791220388466360343e-03
6.343021176233508591e-03
7.668420533223203016e-03
8.048940060219176088e-03
8.440034187964882278e-03
1.091967541856914484e-02
1.403989361911179429e-02
1.497152012695895582e-02
3.347186952619790601e-02
6.645257110975358317e-02
7.186438793297481031e-02
3.089062186750365369e-01
