2.658395071112525185e-03
2.575300615125228083e-03
1.852167845262376201e-03
8.031729281247565206e-04
5.736775541414834353e-04
5.055901629107680895e-04
4.532489142048958214e-04
2.968777290299644592e-04
2.655139456219112772e-04
2.495974130983793452e-04
2.295643241667553959e-04
2.090628717849971497e-04
1.502482956834310973e-04
1.465840393468123798e-04
1.282016782007317543e-04
1.214245829650870601e-04
1.128351913800960558e-04
1.121030871143981813e-04
1.066635137583496701e-04
9.326429747187789355e-05
8.545086999498572417e-05
7.327852455277087448e-05
6.000842698637976456e-05
4.494094283738434432e-05
1.947079844226398042e-05
2.878508288285220043e-18
1.400223213017366531e-18
1.125798091649473844e-18
1.076066205576351903e-18
1.025300771882552255e-18
9.782301027905085380e-19
9.392418113264803107e-19
9.047244211608795083e-19
8.750284346145739222e-19
8.653266152559566190e-19
8.546723955128858677e-19
8.157957054275978605e-19
8.046769768549358278e-19
7.898967801311599003e-19
7.779359229959224098e-19
7.543945703998056039e-19
7.443819685718545172e-19
7.304280286804335311e-19
7.186351387276337953e-19
7.032283087999883136e-19
6.898720326203934422e-19
6.865965208965664287e-19
6.731681897560759715e-19
6.542139297428314172e-19
6.502439282819911684e-19
6.441547090263417032e-19
6.398613625179436851e-19
6.279546681273236812e-19
6.170805136336496599e-19
6.091484702962913813e-19
5.990892811579992294e-19
5.901517452133064349e-19
5.783930593356289783e-19
5.720081941120026027e-19
5.669325255309539202e-19
5.610471862969558402e-19
5.586368055708194260e-19
5.449200518239002045e-19
5.416153672649884606e-19
5.287880844387706468e-19
5.174932270933453098e-19
5.158776312298089891e-19
5.124572878292119183e-19
5.059088876427060114e-19
4.986585166370033360e-19
4.883946266073181173e-19
4.850773482649432777e-19
4.805142358697759786e-19
4.771916624246325430e-19
4.730825460250043323e-19
4.655491116451368876e-19
4.606833905571236110e-19
4.551289757957212409e-19
4.520120840146661254e-19
4.449472402486780972e-19
4.388633327540186965e-19
4.343214161242764034e-19
4.322748327905362949e-19
4.225313161956382171e-19
4.214420660047528121e-19
4.173140864037197152e-19
4.134595089449919181e-19
4.088689966105771844e-19
4.020845968754210429e-19
3.988704122105940525e-19
3.926194398139417352e-19
3.878806556243573042e-19
3.855297838183939733e-19
3.824759009676877610e-19
3.801482157189620246e-19
3.779827756149680008e-19
3.734775304080914894e-19
3.651302258442413516e-19
3.634701659954485817e-19
3.619967629944785468e-19
3.529520405040069450e-19
3.506102998640444211e-19
3.462817768654412495e-19
3.415963154457442719e-19
3.413792808351346827e-19
3.392942722694322400e-19
3.344772453222680470e-19
3.291026424626800612e-19
3.260754078140287954e-19
3.239527753296938623e-19
3.186147103370321782e-19
3.173250661316248720e-19
3.132861226243142175e-19
3.108735316466374593e-19
3.083010207091970157e-19
3.066817995877189598e-19
3.007550049547391294e-19
2.989334550035685535e-19
2.953301760316345076e-19
2.941278270519431002e-19
2.909087848028909241e-19
2.905855625566396617e-19
2.854350395493462375e-19
2.817169435110693733e-19
2.779718134145157238e-19
2.769723132212848730e-19
2.715791002121364541e-19
2.698713386504258501e-19
2.674493446617226717e-19
2.643275851586773440e-19
2.608435072756942099e-19
2.605000080514217584e-19
2.560099127700603295e-19
2.523339161486628063e-19
2.512392979964052225e-19
2.484863975535428851e-19
2.471607776850345365e-19
2.467267715039563433e-19
2.452487735109206039e-19
2.407247458857394272e-19
2.392311467722896850e-19
2.369339089908209269e-19
2.351807999865601695e-19
2.340183322412090369e-19
2.305212360400918691e-19
2.277041590891136168e-19
2.263996404327215698e-19
2.261360810197518422e-19
2.211391032277016042e-19
2.203484580550039030e-19
2.174056180333357721e-19
2.168090064724408527e-19
2.159619491836047691e-19
2.123763256385225583e-19
2.105470217242973044e-19
2.069437489589750678e-19
2.049827853956898930e-19
2.038941609196399243e-19
2.019849745698171482e-19
2.004883886415467870e-19
1.980316347819605609e-19
1.980068808368566269e-19
1.965706013950274338e-19
1.940297512086715571e-19
1.919868590371668323e-19
1.883666295758895046e-19
1.863709322904477174e-19
1.829197923698189034e-19
1.824088766167767941e-19
1.812339025880789888e-19
1.798323154645899984e-19
1.780662107334144589e-19
1.737503733289698206e-19
1.723626345393748288e-19
1.714744774988831805e-19
1.705653143260985151e-19
1.679990214739804283e-19
1.659006977467153128e-19
1.650432532351331006e-19
1.631599080021227377e-19
1.615872672995526106e-19
1.612036936384449758e-19
1.599333699449919269e-19
1.583023563213161003e-19
1.547758198297303980e-19
1.536415136550342676e-19
1.520573877189633151e-19
1.502980762441973202e-19
1.494847283220115748e-19
1.477360559532207270e-19
1.460427947237823894e-19
1.441495542908548076e-19
1.437475902652118388e-19
1.420560828810068311e-19
1.401253459824281234e-19
1.388428490487005699e-19
1.363016664297691101e-19
1.348779149542403368e-19
1.343705189256175776e-19
1.330212855348818572e-19
1.312923079058221908e-19
1.297326046426134528e-19
1.290433981290232550e-19
1.267158840664147547e-19
1.253507869244972031e-19
1.239661779157605443e-19
1.229175134373038033e-19
1.218388722906799621e-19
1.213747975915286698e-19
1.187419441676422255e-19
1.180966963207954016e-19
1.161413832845831394e-19
1.145455983584783269e-19
1.132174302221179098e-19
1.117796562468193438e-19
1.112897146412202615e-19
1.100496223180298461e-19
1.088221520585778797e-19
1.083230984414317219e-19
1.067476724180066050e-19
1.046829822523367314e-19
1.034225762632837072e-19
1.022713614880262833e-19
1.013501264729722797e-19
9.969158100937283951e-20
9.877049886551631623e-20
9.668864950061417287e-20
9.615009730262239206e-20
9.549184834814438324e-20
9.486821220475850902e-20
9.411966766490863962e-20
9.241107409087580127e-20
9.161544258278653010e-20
9.098625567255198511e-20
8.952521587310214681e-20
8.747168994744014711e-20
8.719775179701443809e-20
8.469130351790065900e-20
8.281009910434721981e-20
8.183200874672702137e-20
8.112963025428564003e-20
8.063020476983857118e-20
8.034938780147539861e-20
7.780285643071538155e-20
7.645317190643233469e-20
7.583809791352363533e-20
7.492375380311724204e-20
7.337956360243213188e-20
7.255600324662856456e-20
7.201816322916418304e-20
7.037148230733081614e-20
6.937916951975590959e-20
6.832589426348067328e-20
6.778102645736923443e-20
6.701878098527397252e-20
6.618405692246813323e-20
6.524310368463553487e-20
6.378229239619709506e-20
6.264573369500063325e-20
6.124972668256702291e-20
6.038799520102995125e-20
5.917803897423812074e-20
5.770210366845581140e-20
5.748623465853772809e-20
5.683618907974865895e-20
5.599669120783783390e-20
5.473857304144608026e-20
5.383587579351968626e-20
5.241181249979718072e-20
5.174815353092147062e-20
5.132050261613674401e-20
5.047736202399416763e-20
5.004186552280013441e-20
4.886023097784891685e-20
4.847680794594497837e-20
4.783878074092564809e-20
4.687677972263516728e-20
4.606987386635062312e-20
4.408110761382076890e-20
4.346415386770740991e-20
4.289536416466996529e-20
4.123282406191406005e-20
4.017345589436988107e-20
3.927768755706700534e-20
3.915904116322905991e-20
3.812181066468826644e-20
3.748752312435845144e-20
3.639026915054351389e-20
3.582074480123475945e-20
3.525743549763572294e-20
3.457702905706096948e-20
3.347593916447313765e-20
3.297508696317087937e-20
3.247939202728681745e-20
3.161770164706777193e-20
3.076910660050215376e-20
3.027889489470870103e-20
2.961821541399726583e-20
2.896675417614871921e-20
2.855770754751254397e-20
2.696104078393668434e-20
2.673552267012242688e-20
2.588191716403268831e-20
2.549344480217058814e-20
2.436839332961459428e-20
2.316634479737061530e-20
2.283307529484800896e-20
2.212855699214301936e-20
2.155208401531452184e-20
2.095008648404503140e-20
2.024251088517015465e-20
1.947487416747500427e-20
1.914791645451341885e-20
1.880907494528512283e-20
1.809192034003134320e-20
1.740256721579537660e-20
1.701495684614168113e-20
1.652082693989409447e-20
1.536817350212944671e-20
1.474700890213144408e-20
1.379031527324764376e-20
1.338979219486561564e-20
1.288578761106197795e-20
1.217296513271370458e-20
1.194462055367235907e-20
1.117261753723332403e-20
1.042797340198117642e-20
1.014241012623887394e-20
9.753806220789191756e-21
9.246021550608795990e-21
8.912599812520363701e-21
8.171330083540847569e-21
7.859540688256569378e-21
7.545876898758465772e-21
6.812872105326658084e-21
6.326495618683946067e-21
6.123919806998117835e-21
5.564828538442182562e-21
5.020355150991550215e-21
4.338914232185599091e-21
4.241655311413420403e-21
3.459755199835674712e-21
2.970279396642410886e-21
2.891281215850797275e-21
2.640999205292811564e-21
2.035649902179304898e-21
1.664438304283103784e-21
1.502723523784542849e-21
1.213039377110895026e-21
6.894078708511890349e-22
1.261819346472989640e-22
-3.155433857490671708e-23
-9.418049087706489570e-22
-1.032014595918945126e-21
-1.391863550236710111e-21
-1.597168580108217274e-21
-2.294116726733831593e-21
-2.648950406863566531e-21
-3.079304611959230841e-21
-3.445333277346058471e-21
-3.544589935547572557e-21
-3.984460360142881145e-21
-4.812044791479525423e-21
-5.241161398175367369e-21
-5.579562469975256467e-21
-5.805295021915251484e-21
-6.548390698906829899e-21
-6.660970851185096542e-21
-7.759825642053309058e-21
-8.409427164688747875e-21
-8.617171039434875634e-21
-9.372052212913149980e-21
-9.819661171864935089e-21
-1.039479456577740883e-20
-1.163038377301774265e-20
-1.178473501977706723e-20
-1.218322926658222389e-20
-1.271035301968445839e-20
-1.301409821894544716e-20
-1.394064229622922784e-20
-1.411301462456277774e-20
-1.484464240748582830e-20
-1.598650084874733753e-20
-1.629944634934771280e-20
-1.723478469522670257e-20
-1.806823486455485890e-20
-1.856377829496492342e-20
-1.934326505355208399e-20
-2.009076304240299211e-20
-2.028672975142062051e-20
-2.056067833353085918e-20
-2.110914796842239145e-20
-2.142972667018594608e-20
-2.231904899974672304e-20
-2.256457119093858229e-20
-2.344480387052213816e-20
-2.430527293589384978e-20
-2.589357741879308830e-20
-2.683143476351512816e-20
-2.703382093326412136e-20
-2.773948613392553550e-20
-2.855307794880974042e-20
-2.912459715534601677e-20
-2.957061089342822496e-20
-3.046095385122174004e-20
-3.087278196837306259e-20
-3.156404135494011389e-20
-3.226527295881904376e-20
-3.264691290337794598e-20
-3.397846216893247851e-20
-3.412377720559592158e-20
-3.478311053325748863e-20
-3.657663174175147370e-20
-3.732241960331470783e-20
-3.836158088363161976e-20
-3.952743434598341074e-20
-4.037187604734442993e-20
-4.138503925910473002e-20
-4.214167154681516401e-20
-4.239877957441053513e-20
-4.269905529672722981e-20
-4.419702250029565432e-20
-4.499519902747284079e-20
-4.649041326017394984e-20
-4.785084935068344901e-20
-4.835323706673829475e-20
-4.916940765130001906e-20
-4.959758544026417374e-20
-5.039251334929810924e-20
-5.209087015965380204e-20
-5.279626649544413515e-20
-5.303282003202630544e-20
-5.386501561792457903e-20
-5.426253832214910608e-20
-5.555398672521306476e-20
-5.741508345296333730e-20
-5.768330622652901419e-20
-5.828516494149692422e-20
-5.957011846585071394e-20
-6.040587508622984564e-20
-6.108426067913345311e-20
-6.185071454877945781e-20
-6.328369371549617438e-20
-6.441377417305875973e-20
-6.477219523080114171e-20
-6.695761910056121407e-20
-6.784341648739954016e-20
-6.816753477298378142e-20
-6.886798987978746386e-20
-7.066323975929971704e-20
-7.091331461051851662e-20
-7.287283150350205937e-20
-7.382009171942358788e-20
-7.436064497483066435e-20
-7.660385042980299092e-20
-7.679558063641801781e-20
-7.808789081362599425e-20
-7.897825464120118108e-20
-7.994099678967157077e-20
-8.128578951315091853e-20
-8.226985595092357064e-20
-8.254614033172345893e-20
-8.384987142888853238e-20
-8.548754831439215542e-20
-8.615803891501327857e-20
-8.646844815272054403e-20
-8.696544182434703861e-20
-8.812391856677531497e-20
-9.022634123782508554e-20
-9.056362646145631027e-20
-9.349285997817638365e-20
-9.503038997880746448e-20
-9.607968227833196992e-20
-9.689258466109352770e-20
-9.704353087376294106e-20
-1.003180534675974406e-19
-1.014963314082289024e-19
-1.022852803899978919e-19
-1.026207817532380813e-19
-1.045624173546503758e-19
-1.054170763849038671e-19
-1.066115620684384011e-19
-1.078626673299646720e-19
-1.092959227504243885e-19
-1.101469658881146707e-19
-1.110173665286929161e-19
-1.122873712783944578e-19
-1.135357647664559699e-19
-1.144699606296148577e-19
-1.158530333545846055e-19
-1.164864199740459002e-19
-1.183212659591135983e-19
-1.190734162009964420e-19
-1.216142069754605240e-19
-1.233424959606533393e-19
-1.244549555366365767e-19
-1.263937767783112019e-19
-1.276315766581935446e-19
-1.290925506565981646e-19
-1.297786448414461100e-19
-1.310485213190177261e-19
-1.326187078216981784e-19
-1.328317623877336057e-19
-1.348618629314161557e-19
-1.376723814724577438e-19
-1.391849976282137859e-19
-1.401782130473212427e-19
-1.403870173034993427e-19
-1.420330205545592558e-19
-1.445404787319999681e-19
-1.458733849552421688e-19
-1.482896524746099844e-19
-1.490798877390140897e-19
-1.500746409924234557e-19
-1.526613029293910592e-19
-1.529486313887303882e-19
-1.561119651020913870e-19
-1.586887704268073960e-19
-1.599462727939628985e-19
-1.609124840272008785e-19
-1.625042923767618854e-19
-1.630171717601325680e-19
-1.645887877303882033e-19
-1.666059120996800786e-19
-1.682375706284429470e-19
-1.701219395862835384e-19
-1.721602904474059195e-19
-1.738063107458737836e-19
-1.750697181671845057e-19
-1.765671310559378884e-19
-1.773044044466489999e-19
-1.780642326746539380e-19
-1.801475860469869717e-19
-1.817726037681700121e-19
-1.832133933639410261e-19
-1.858372299286696986e-19
-1.884132164439845730e-19
-1.915543528395394019e-19
-1.924122838040698837e-19
-1.943143872235918964e-19
-1.958762630318346222e-19
-1.981231154911420338e-19
-2.027089846017666551e-19
-2.047074130917485034e-19
-2.067957507293731508e-19
-2.093621175280516829e-19
-2.101663564698031709e-19
-2.118737742417008540e-19
-2.146303929729397294e-19
-2.179999052549104806e-19
-2.190278187414428782e-19
-2.209954874739220385e-19
-2.221266752818695959e-19
-2.236699367188676134e-19
-2.264090601858819855e-19
-2.277120956411710195e-19
-2.302734474974620949e-19
-2.322943463921458082e-19
-2.359830476337167366e-19
-2.382880067989543849e-19
-2.405689995222018761e-19
-2.426878732756425192e-19
-2.450033285106161299e-19
-2.458617236364860993e-19
-2.487997725116652041e-19
-2.512005239177381255e-19
-2.561133812685594888e-19
-2.593509523085817651e-19
-2.608372406137774292e-19
-2.639616628820618098e-19
-2.657285259760715693e-19
-2.680929034434119037e-19
-2.701016103392742392e-19
-2.717227535293354589e-19
-2.749230797478026807e-19
-2.784312616396564317e-19
-2.819209947436232686e-19
-2.852197219924215401e-19
-2.893159531959506436e-19
-2.906298422629227935e-19
-2.930984502266280768e-19
-2.955431137449268174e-19
-2.970557415528239106e-19
-3.010690305439943154e-19
-3.047306139637800633e-19
-3.067400208676254315e-19
-3.124289578603064554e-19
-3.147652693234517077e-19
-3.167821308720606695e-19
-3.202978082821686931e-19
-3.260813844803324545e-19
-3.276784720093531871e-19
-3.344833593279206838e-19
-3.351190157297823247e-19
-3.375056579577193541e-19
-3.394012846050999644e-19
-3.459277865320732712e-19
-3.478325126898209721e-19
-3.485600738886590433e-19
-3.491451635974275934e-19
-3.569246666614525311e-19
-3.600934243357059686e-19
-3.611503997420192935e-19
-3.680721391760809067e-19
-3.744848186393631122e-19
-3.755583322485751888e-19
-3.782809139560577328e-19
-3.823274452428784300e-19
-3.865267039169840527e-19
-3.921030528162998869e-19
-3.936919218379668640e-19
-4.015446003437561647e-19
-4.035281550511717186e-19
-4.100587663747052254e-19
-4.106354523187561390e-19
-4.190587655148281671e-19
-4.206785228023056060e-19
-4.265742279963726926e-19
-4.291038152374973808e-19
-4.349914522296581397e-19
-4.422816987782951850e-19
-4.493221762264927469e-19
-4.563819937411444129e-19
-4.617472504104379760e-19
-4.658207044226499843e-19
-4.716904970787433722e-19
-4.780915222583641894e-19
-4.870371237959102049e-19
-4.891203863564617483e-19
-4.915473499997478181e-19
-5.039400647928445023e-19
-5.063249110476625889e-19
-5.107118560591917700e-19
-5.143899365301158692e-19
-5.213462541683605948e-19
-5.277210952551946093e-19
-5.344428192268574091e-19
-5.395190178902270736e-19
-5.478238946748139002e-19
-5.645129212155271945e-19
-5.664146533226217734e-19
-5.732820968814654964e-19
-5.804948340277375806e-19
-5.841255087613275557e-19
-5.939261399371347136e-19
-6.052393951753077423e-19
-6.088120265000351040e-19
-6.209621993393671559e-19
-6.347783845559799620e-19
-6.407675722535157482e-19
-6.462095662480488264e-19
-6.620674079699996919e-19
-6.692158046477026754e-19
-6.734252443117501302e-19
-6.858413007766302339e-19
-6.982657152854832406e-19
-7.118398340737510447e-19
-7.294442215008676372e-19
-7.452215188810487196e-19
-7.539146362967087547e-19
-7.614938827857909299e-19
-7.751472474463274103e-19
-7.874068773638367822e-19
-8.047960504408925374e-19
-8.130717730106771665e-19
-8.382691424235902196e-19
-8.517284527742068463e-19
-8.785442837804404372e-19
-9.339396718284361738e-19
-9.645574593308114398e-19
-9.806428233414255846e-19
-1.015358895681358019e-18
-1.075176504339636295e-18
-1.208189028393184588e-18
-1.628893850201354871e-18
-2.254313517150598720e-18
