6.847754337386771249e-05
4.746404477436136111e-05
2.632385613329916746e-05
1.583074633505090578e-05
1.321863128186878753e-05
8.745108871429981898e-06
7.087504458780680815e-06
6.139735007474825804e-06
5.111107513614411135e-06
4.279517476559437877e-06
3.888703963173746584e-06
3.812335828057210151e-06
3.319402853223387586e-06
2.759684572932490910e-06
2.635315357597445910e-06
2.182302087718437994e-06
1.980992856761051576e-06
1.959723450715777353e-06
1.809633134259897791e-06
1.284145036845229839e-06
1.092358624660032379e-06
9.717037916009165526e-07
9.148292812955790614e-07
5.592912634578825620e-07
3.879832517804504382e-07
1.327766759131046856e-19
8.068218921690225537e-20
6.585428077511477459e-20
5.914731968786953057e-20
5.428638409497389757e-20
5.167634489951887647e-20
4.951642119008147360e-20
4.805099065259087530e-20
4.598271443876251309e-20
4.497844784121663820e-20
4.267967192335108775e-20
4.261429807798909699e-20
4.132386663415957407e-20
4.081098844241878564e-20
3.993767844065138747e-20
3.842546872074295703e-20
3.818346464593589343e-20
3.711910461637809968e-20
3.678223692904876442e-20
3.606929650425719528e-20
3.553456952065763281e-20
3.506984462162827250e-20
3.444152149557164201e-20
3.376308790058385762e-20
3.316904718184283531e-20
3.269147799764804383e-20
3.221779964636182799e-20
3.170473398558711747e-20
3.117688721065111660e-20
3.077316731020531095e-20
3.002646581009732524e-20
2.947963188913873651e-20
2.893696056781816451e-20
2.799647566529334335e-20
2.795006235213547124e-20
2.735073637562017559e-20
2.704531811522560095e-20
2.658248261303306319e-20
2.636679392009814308e-20
2.618978349022749798e-20
2.612777724097324998e-20
2.547133609848451920e-20
2.516216503337836882e-20
2.487644614790188688e-20
2.440926113854190641e-20
2.434872229441276053e-20
2.382746321261040392e-20
2.348734290858430178e-20
2.310723456278517277e-20
2.273322562252868468e-20
2.246417081944689839e-20
2.236277800564635609e-20
2.198125012985542775e-20
2.140622125603424201e-20
2.123006358355163751e-20
2.100218258084913531e-20
2.070768135781289215e-20
2.052468160566856826e-20
2.045090331290847164e-20
2.029415923865480450e-20
1.985002074342666522e-20
1.957686814696103466e-20
1.934590531501082314e-20
1.911376179852084215e-20
1.890463693572890962e-20
1.858504660007930538e-20
1.843475026200608415e-20
1.834259117220724879e-20
1.829933254216529454e-20
1.824368328860680925e-20
1.766005534039788731e-20
1.753354902503198863e-20
1.738425097317345432e-20
1.722663422187840496e-20
1.688701299599236582e-20
1.671758545101249528e-20
1.654470746652380617e-20
1.637882979187467423e-20
1.616376695544837870e-20
1.594565321169703147e-20
1.573856657721949144e-20
1.565761748305359120e-20
1.550347494926629530e-20
1.543461068315811772e-20
1.512732437030237765e-20
1.491237587714545500e-20
1.484416024576191611e-20
1.473740811010776406e-20
1.460133214562301077e-20
1.432529365728413328e-20
1.415468131577364044e-20
1.405300665020316249e-20
1.395227315575382787e-20
1.378816095795469731e-20
1.360219962315520567e-20
1.350030033626536731e-20
1.338977661526777112e-20
1.318761884193705132e-20
1.304299792878146378e-20
1.286735265077675607e-20
1.282572329525176770e-20
1.266971768649979681e-20
1.253095873346204959e-20
1.232668817966970127e-20
1.227717680689625639e-20
1.222180292242851151e-20
1.205373325895612772e-20
1.191592441198649581e-20
1.182050744233376012e-20
1.171580051561365453e-20
1.152388534751930460e-20
1.141374752597878921e-20
1.132455206662467813e-20
1.122941217805164729e-20
1.113148766913393563e-20
1.104829322840347888e-20
1.080176091674837198e-20
1.076611404008842005e-20
1.056685838935806729e-20
1.041538910840635715e-20
1.026122077307603572e-20
1.022909932813846850e-20
1.011048520394047951e-20
1.007374739327733597e-20
9.907796703430334464e-21
9.691097336325760935e-21
9.676286884821932172e-21
9.592803447338028950e-21
9.573346339312599643e-21
9.382336607338420578e-21
9.299834071266319231e-21
9.075619778204815781e-21
9.005277265427813183e-21
8.900597873510898671e-21
8.823232680534413977e-21
8.678820083632910815e-21
8.597652702653888902e-21
8.540179676456022441e-21
8.511683842806217941e-21
8.389848145612106988e-21
8.333373742052115503e-21
8.221782614448476405e-21
8.120909479768264471e-21
8.075359357211102269e-21
8.036430459012526419e-21
7.943023401465172161e-21
7.787710341282544639e-21
7.760216032885308933e-21
7.686682727142165492e-21
7.524028500109614831e-21
7.460506521563169463e-21
7.408718240625700526e-21
7.342768471061461865e-21
7.263881084907520653e-21
7.179895704646109184e-21
7.092187292285121952e-21
7.076243487120156664e-21
6.969234850184783344e-21
6.911893290603258205e-21
6.814233775582907241e-21
6.761468466751044524e-21
6.635475472587341179e-21
6.533607841888590751e-21
6.466841970688793001e-21
6.418238727994626344e-21
6.331992446957309699e-21
6.185150834375899474e-21
6.137977343041769261e-21
6.082932160449766929e-21
6.069940344535513244e-21
5.979827351346148555e-21
5.964098984783830888e-21
5.840845942123302413e-21
5.784267188903756778e-21
5.756688391677085394e-21
5.700524082610725607e-21
5.636517188779109479e-21
5.534109440468529748e-21
5.443452947642573070e-21
5.353260804807858130e-21
5.333004151117556316e-21
5.230960460928721339e-21
5.173325554397302365e-21
5.064562870184423263e-21
4.977623141326331746e-21
4.936087271736389174e-21
4.864925097767991315e-21
4.820760237287683495e-21
4.758926297216887319e-21
4.740122117280028330e-21
4.625821005952234453e-21
4.561545998853589553e-21
4.490735667729757899e-21
4.454537178714176165e-21
4.423408534369626656e-21
4.378348617506208687e-21
4.322527571003114856e-21
4.255362049455973715e-21
4.208915487131953933e-21
4.169435249729317574e-21
4.152699966136032879e-21
4.093089005305776358e-21
4.028405815919280524e-21
3.942775235283866508e-21
3.903233565135073023e-21
3.809941612880397808e-21
3.729311072185913858e-21
3.704421548877900158e-21
3.683439780715101211e-21
3.588344931258504758e-21
3.556836483257437402e-21
3.536435995559976341e-21
3.483867099030781709e-21
3.424934517604123688e-21
3.366693072159516674e-21
3.312504382514020276e-21
3.248569170017732356e-21
3.234715239265271165e-21
3.224420776330158809e-21
3.177326586073318016e-21
3.152759015912461206e-21
3.117410218016292410e-21
3.020525929298482578e-21
2.923029333024185124e-21
2.913321952052501992e-21
2.880532941541650627e-21
2.811381321954657730e-21
2.757843544631318743e-21
2.733911614464467684e-21
2.706728709809306771e-21
2.660008809616927579e-21
2.607283927051470926e-21
2.590118046974927903e-21
2.554528554606960403e-21
2.531055241495705607e-21
2.479565892220974005e-21
2.408611559465871809e-21
2.368218442256492088e-21
2.353584598513435681e-21
2.287115508212571715e-21
2.276448971171974202e-21
2.224470511097049071e-21
2.187053404007011279e-21
2.127607534805993215e-21
2.084265383709340636e-21
2.029106811841284877e-21
2.010787289185090207e-21
1.980947175611387585e-21
1.947243978868706638e-21
1.914085046684781691e-21
1.873809595651147947e-21
1.844836987310119184e-21
1.795995361366152037e-21
1.782775548271328482e-21
1.765999027829872656e-21
1.730045842850315575e-21
1.690644966243025660e-21
1.651206236143155235e-21
1.633350461294881392e-21
1.619189233193339356e-21
1.593900931345730579e-21
1.557862816741792853e-21
1.526683499712292689e-21
1.487176011897027073e-21
1.454676434718467073e-21
1.412766241970918881e-21
1.376499588929323877e-21
1.335504937632542848e-21
1.291924088889734658e-21
1.259926193109751975e-21
1.245629400328468828e-21
1.232010214078024762e-21
1.204144663018573229e-21
1.132279072438481431e-21
1.114357549841452385e-21
1.100527379228789559e-21
1.025304129289362254e-21
1.017694977098772328e-21
9.736086765132996208e-22
9.669216192892280103e-22
9.471108558743510784e-22
9.009823335544453871e-22
8.802831893799088260e-22
8.453060250181250008e-22
8.145450804561996997e-22
8.029984148633779326e-22
7.901861059293463293e-22
7.732927277503295351e-22
7.192356780145573333e-22
7.095686164488836093e-22
6.740746710251392698e-22
6.559551694441652206e-22
6.156225639842357916e-22
6.122665056255701275e-22
5.836094092892068799e-22
5.546234786266885713e-22
5.282489450402622751e-22
5.111930388881723370e-22
4.917242669149257331e-22
4.629632176594934505e-22
4.566635645981853509e-22
4.065930902381311414e-22
3.797216843647044803e-22
3.557972136074945852e-22
3.482634547287569439e-22
3.263542620526975393e-22
3.170438728195503581e-22
3.035258570765724709e-22
2.583427203831824657e-22
2.330171881086853053e-22
2.295220828536707121e-22
2.154603651874519479e-22
1.962090751674363866e-22
1.832698951610592491e-22
1.676804183060744476e-22
1.650547868174408140e-22
1.409463948037807981e-22
1.263668262090867008e-22
9.411127713623095309e-23
7.904807470019991440e-23
6.490985545216734932e-23
5.549992218338080717e-23
5.140055869992409906e-23
3.547114156267326351e-23
1.443081870808389757e-23
-1.473054035188651806e-24
-1.859070900796255193e-23
-3.300765012573564688e-23
-4.746008432168442977e-23
-5.692559723454456042e-23
-6.146526726227899571e-23
-7.044321792365617654e-23
-1.039560851733473684e-22
-1.135563863645199059e-22
-1.247522605143766894e-22
-1.402276302427037129e-22
-1.651849840890336191e-22
-1.754890083624945005e-22
-1.975729994011152300e-22
-2.256163503758071112e-22
-2.444051408404250755e-22
-2.547639956227259256e-22
-2.938266636870816980e-22
-3.167493209220417113e-22
-3.272596640032216182e-22
-3.399873677956767819e-22
-3.739762461537137734e-22
-3.831717023617559106e-22
-3.920981796661910623e-22
-4.110937233219846899e-22
-4.175985598871563504e-22
-4.668325087222545135e-22
-4.851865592728510757e-22
-4.980944529489593000e-22
-5.175774045241589873e-22
-5.548266946814374163e-22
-5.653049679022925316e-22
-6.040822185209223856e-22
-6.332725087854894156e-22
-6.455060272831764637e-22
-6.560357159938452871e-22
-6.806818640842041929e-22
-7.043923169736519991e-22
-7.084496533105197254e-22
-7.423555520005221857e-22
-7.577859028580483979e-22
-7.830031395986953368e-22
-8.152290699628286026e-22
-8.527351060531419065e-22
-8.757115813087653031e-22
-8.911096503495712494e-22
-9.046490502271287185e-22
-9.645659714323434096e-22
-9.934089181287515479e-22
-1.033463414919848766e-21
-1.062279041692750060e-21
-1.086826079783972432e-21
-1.131650109196419962e-21
-1.141902643496127607e-21
-1.191794649819442911e-21
-1.222731707855507681e-21
-1.245223790872341153e-21
-1.294212800272453508e-21
-1.323453236812720603e-21
-1.328676360454058775e-21
-1.362471947515273813e-21
-1.413128329389767249e-21
-1.433773917978061652e-21
-1.472767817068283995e-21
-1.499443078228776755e-21
-1.533880142865817672e-21
-1.569947045542874226e-21
-1.600036288299680011e-21
-1.637423741962330070e-21
-1.665365026223855454e-21
-1.692028029993978265e-21
-1.701735525904755169e-21
-1.784539736675529795e-21
-1.857518448740199596e-21
-1.869790081795420345e-21
-1.900580435131614685e-21
-1.922186041260238553e-21
-1.944405680636006028e-21
-1.981901197861593557e-21
-2.025052799568980199e-21
-2.068584018973739768e-21
-2.100574119714690881e-21
-2.131687655532060565e-21
-2.178463342962531829e-21
-2.207599220818013866e-21
-2.226333659141900538e-21
-2.255374182979939799e-21
-2.305933355041431254e-21
-2.331786882777619699e-21
-2.395002468988447348e-21
-2.427976380842146873e-21
-2.529049083907229347e-21
-2.535422910456950475e-21
-2.587611009302263489e-21
-2.631367070179250339e-21
-2.672586150535839947e-21
-2.723723589111403436e-21
-2.760571212451080928e-21
-2.815619205000950416e-21
-2.845198726761643218e-21
-2.854323312033338439e-21
-2.970002035666256608e-21
-2.991288362239639923e-21
-3.023658091804745859e-21
-3.061826911383076127e-21
-3.131412962033674487e-21
-3.189842238284751665e-21
-3.240029163243237802e-21
-3.286316607863167922e-21
-3.310782367336902100e-21
-3.343824884363483687e-21
-3.399965030324988363e-21
-3.515102872744910823e-21
-3.533737703657360290e-21
-3.578774117273788226e-21
-3.616995703219622350e-21
-3.626847251334734357e-21
-3.747832581064960732e-21
-3.803365500822718565e-21
-3.840948629061195370e-21
-3.864471765987053087e-21
-3.996900107415946851e-21
-4.032212403065430834e-21
-4.089626483365555552e-21
-4.104880635540531956e-21
-4.235309409350085512e-21
-4.242002032888010511e-21
-4.282710552642251947e-21
-4.380979307592251548e-21
-4.454419760964964649e-21
-4.477271051422132352e-21
-4.535304775625964975e-21
-4.546526943294315612e-21
-4.612331903605894546e-21
-4.633129126297073970e-21
-4.713533650571594845e-21
-4.774396509767115156e-21
-4.797345964393472622e-21
-4.844125270977351921e-21
-4.927017073878027293e-21
-4.991464006156223540e-21
-5.040167736495644106e-21
-5.060872986605336628e-21
-5.148534545681706405e-21
-5.235524048120146666e-21
-5.307314463735061971e-21
-5.363514714239664480e-21
-5.472948550280628728e-21
-5.504275336306199991e-21
-5.573351359765926426e-21
-5.689190084132863451e-21
-5.748717831404700535e-21
-5.807868954950655000e-21
-5.917476450300213401e-21
-6.006428440248007249e-21
-6.037550661452616827e-21
-6.114154548008917045e-21
-6.155157516781720479e-21
-6.200601509695471358e-21
-6.273628425929895095e-21
-6.297366447489154874e-21
-6.470925519655336365e-21
-6.558864900902446635e-21
-6.605333028498505450e-21
-6.639321147942477277e-21
-6.757645126993010011e-21
-6.898719037419153909e-21
-6.930712229780166464e-21
-6.995717707200095593e-21
-7.129532037622265951e-21
-7.173250560716899266e-21
-7.253191125056594340e-21
-7.316148061151639571e-21
-7.327055098915659049e-21
-7.432350266715928070e-21
-7.492354164371463069e-21
-7.538129669365939265e-21
-7.602567416666778945e-21
-7.773347495161750762e-21
-7.841100400338054748e-21
-7.922387336034825560e-21
-8.027029102253427521e-21
-8.113588841456305118e-21
-8.196367464644133587e-21
-8.323166800005859240e-21
-8.431086732576918227e-21
-8.494456441925370604e-21
-8.628679210057248851e-21
-8.661283856070129505e-21
-8.711408182918647784e-21
-8.834565063026990830e-21
-8.883757562388796723e-21
-9.043084955534179130e-21
-9.098937473422456432e-21
-9.114197143715064467e-21
-9.335726294108121193e-21
-9.434023378967664087e-21
-9.505601337368816573e-21
-9.587024502184509208e-21
-9.725291035461818345e-21
-9.747570970379323694e-21
-9.836659211590405940e-21
-9.960721388708273238e-21
-1.014091779366110677e-20
-1.022316963309976923e-20
-1.030583556061105235e-20
-1.044826489104135295e-20
-1.051669665781370777e-20
-1.053678942542514140e-20
-1.074518144449555212e-20
-1.090232912760447452e-20
-1.097861281454496641e-20
-1.107799283340370031e-20
-1.130515946214548610e-20
-1.136726105382758235e-20
-1.140597125103438415e-20
-1.148791886060733783e-20
-1.169945796237793031e-20
-1.172535287667649854e-20
-1.187648968739170343e-20
-1.211389470467842935e-20
-1.221346071380513531e-20
-1.233183379706899711e-20
-1.243543470722520549e-20
-1.253133409864209710e-20
-1.263357481565842780e-20
-1.293869208982545331e-20
-1.302346748147955434e-20
-1.313406822267302712e-20
-1.332712381793410315e-20
-1.350509468528265448e-20
-1.361981204729749116e-20
-1.365315916123440257e-20
-1.376071966036944679e-20
-1.398531616725417174e-20
-1.409752957444039483e-20
-1.415468139977701109e-20
-1.434738707427095090e-20
-1.462077288077403402e-20
-1.477488318225774328e-20
-1.492650699495317787e-20
-1.516867364135875222e-20
-1.524823749032039335e-20
-1.536108591383431090e-20
-1.545898816081875466e-20
-1.562868835970493567e-20
-1.583596867315998474e-20
-1.601305143121012416e-20
-1.621950584604344299e-20
-1.648013194854538919e-20
-1.651735104781347686e-20
-1.657543576331632209e-20
-1.677975362090676479e-20
-1.682942732156893473e-20
-1.718059861504357756e-20
-1.727482160163804730e-20
-1.749015346845473031e-20
-1.767867541117308100e-20
-1.788756526361763100e-20
-1.795813675240053714e-20
-1.845763080173012803e-20
-1.870904110462131568e-20
-1.877155446752490414e-20
-1.949373200615630754e-20
-1.957298544887331315e-20
-1.977346355090306580e-20
-2.003401296835136942e-20
-2.031085805464733469e-20
-2.065083051424013330e-20
-2.077906711717536794e-20
-2.091440467670678558e-20
-2.151580596244293996e-20
-2.173250059077547139e-20
-2.181716229093697279e-20
-2.210020318260599358e-20
-2.243985514726427765e-20
-2.278825720254769326e-20
-2.317658545784752765e-20
-2.353429381069965445e-20
-2.362657402854614947e-20
-2.424913775624643752e-20
-2.447088128652811955e-20
-2.498963537400161553e-20
-2.523408235577689305e-20
-2.563870180120985189e-20
-2.592939030559329889e-20
-2.642505267646607512e-20
-2.673076160776893728e-20
-2.695355594610883147e-20
-2.719657123914145936e-20
-2.760870458301804992e-20
-2.796457002183559120e-20
-2.831530857500883199e-20
-2.876626898695871273e-20
-2.909147863639113669e-20
-2.992406289062059670e-20
-3.006225649339444262e-20
-3.040870315295070672e-20
-3.063532909024207237e-20
-3.141732900199999157e-20
-3.202636230491608919e-20
-3.236913859463142990e-20
-3.280201983075049361e-20
-3.373435103887073068e-20
-3.450020969181612053e-20
-3.478908720263081523e-20
-3.575289286128138980e-20
-3.596675167005362215e-20
-3.692877038292353296e-20
-3.728954300654495454e-20
-3.817980636139930228e-20
-3.862418190691317372e-20
-3.900566356984371784e-20
-4.021137490444817600e-20
-4.144831948542674813e-20
-4.238758356478804740e-20
-4.450239375361913948e-20
-4.557643745526738685e-20
-4.655208205232738864e-20
-4.763554862685524899e-20
-5.010804567945671020e-20
-5.365461061866540997e-20
-5.700840734290886507e-20
-5.869476332116739432e-20
-8.621029975153668300e-20
-1.406294582936992160e-19
