1.074186097693581241e-02
9.542110197288108941e-03
7.301099096137387244e-03
3.331200349182116254e-03
2.305860447256582318e-03
2.264921422038097647e-03
2.074352361665817313e-03
1.336936659897977782e-03
1.202269912224617626e-03
1.141810982012301601e-03
1.109348684550491831e-03
1.001067465060986482e-03
9.713291728371258472e-04
9.379721191791971346e-04
9.061628387160632504e-04
8.857734708174010889e-04
8.196881954423794600e-04
8.046115785089069010e-04
7.816914896117002978e-04
7.573791080251670183e-04
7.015338015080379522e-04
6.839858662433318578e-04
6.574185548626466057e-04
6.421073490005468291e-04
6.097722232097930583e-04
6.051976183706829189e-04
5.863817386118531797e-04
5.717165682217570811e-04
5.488234913196110131e-04
5.317278199852125018e-04
5.260837744463018988e-04
5.065773358270013243e-04
4.983066378572102023e-04
4.901837131127380690e-04
4.708609331143628245e-04
4.611137330937527235e-04
4.465109146552322561e-04
4.353142556991648174e-04
4.181872952822533328e-04
4.117038442023071522e-04
4.111198628361467070e-04
4.007272261176226462e-04
3.858468558821572664e-04
3.760071405429716088e-04
3.667012538635486566e-04
3.605081167621771820e-04
3.573469903979543797e-04
3.496259218289898786e-04
3.382621476088969832e-04
3.368763295756937808e-04
3.254620242884879912e-04
3.181671984762369696e-04
3.147252414826787626e-04
3.083763441032628277e-04
3.047526102093875617e-04
2.949463677046006865e-04
2.850552980068403290e-04
2.817885822170287046e-04
2.745661892254140516e-04
2.731187601424578046e-04
2.667861333183975847e-04
2.621148633110243712e-04
2.561179941639013633e-04
2.518651878248640485e-04
2.438412705808462068e-04
2.403222591863775814e-04
2.373549838042041224e-04
2.314557339092961411e-04
2.298997631956286453e-04
2.232472523858036479e-04
2.214838669697104798e-04
2.175867147349596937e-04
2.159397235923709787e-04
2.099769978385562590e-04
2.060015469965006203e-04
2.020602125442443574e-04
2.000606945094825630e-04
1.974230239401117307e-04
1.948790641265069903e-04
1.920203746443088972e-04
1.889612972643117943e-04
1.877172727562429172e-04
1.863521374165727842e-04
1.794980493428507365e-04
1.752882531804177179e-04
1.728819873730080619e-04
1.680795379192491165e-04
1.670700797699779339e-04
1.642124294996368981e-04
1.589724393666110819e-04
1.575126971178444132e-04
1.561110183585800743e-04
1.538368235770079377e-04
1.502920778074931724e-04
1.486643441690400946e-04
1.430675120071313582e-04
1.420984117575437586e-04
1.402835945535000728e-04
1.385144902746156465e-04
1.359694023435791606e-04
1.351242673126662268e-04
1.330182845561114411e-04
1.316618609935089228e-04
1.287348862519803092e-04
1.269222434608444636e-04
1.260280940074778074e-04
1.255288698554741036e-04
1.225974760062774772e-04
1.219367925785984341e-04
1.187756941959699548e-04
1.167340044185117778e-04
1.162131273213146989e-04
1.142093036676769860e-04
1.130811771816834794e-04
1.123652872236740566e-04
1.091470664157700635e-04
1.071287269449228857e-04
1.053056230733725416e-04
1.043601742313277265e-04
1.030771719580255260e-04
1.011673527532369691e-04
1.003627521903377928e-04
9.967118740715458875e-05
9.809417808393864073e-05
9.536682445973367333e-05
9.464770303813430422e-05
9.371315717552530973e-05
9.230938523355188615e-05
9.080286747525700758e-05
8.802689383343951515e-05
8.750556452700131388e-05
8.620393070311288650e-05
8.350526314447686519e-05
8.227436414783450452e-05
8.199260962182019813e-05
8.074252853771619128e-05
7.923127034992799209e-05
7.860704327143825960e-05
7.681281692041244278e-05
7.604535908310513658e-05
7.468889701002738698e-05
7.349267821552804341e-05
7.273019239802140038e-05
7.186517749139804782e-05
7.095402476396588738e-05
6.966265460958353758e-05
6.921172466479689090e-05
6.811718063121819267e-05
6.674401757265823669e-05
6.608582676618310477e-05
6.502366542046782226e-05
6.458055111667003587e-05
6.410101660343374462e-05
6.317522329864730423e-05
6.154194946505884721e-05
6.065524400008814084e-05
5.947031575938416644e-05
5.888612446472818831e-05
5.854771759810132957e-05
5.711450343477118840e-05
5.682280279769069594e-05
5.604379212703868425e-05
5.420661254982026337e-05
5.368767756303883409e-05
5.336613775425855856e-05
5.232221786335034420e-05
5.154577683661589691e-05
5.123251480418203102e-05
5.020498074044216181e-05
4.978290109762811973e-05
4.915013620826981706e-05
4.813780303915617153e-05
4.747397859836554077e-05
4.667434838620256418e-05
4.593533725189483374e-05
4.555635916928147685e-05
4.539896594639144454e-05
4.510496249989493070e-05
4.436106279167426254e-05
4.400864274020076667e-05
4.339567065419567806e-05
4.223694493507715249e-05
4.174814768291491596e-05
4.067950957393917807e-05
4.003604010964167633e-05
3.949018691820646121e-05
3.899901311680185157e-05
3.834257363990500650e-05
3.822466197864910089e-05
3.723792886069068398e-05
3.647908230175033600e-05
3.579387472620719236e-05
3.568335950569270223e-05
3.518799780430027161e-05
3.507889280914475557e-05
3.361313373409573576e-05
3.348409467240746635e-05
3.295316427543812946e-05
3.225817661618794437e-05
3.198460407256250345e-05
3.183925656793128639e-05
3.128037280482321819e-05
3.061820631006130359e-05
3.038938110855254291e-05
3.019509287793247513e-05
2.901274027844045868e-05
2.886129259337976197e-05
2.836567735238860194e-05
2.795606841351328287e-05
2.784242355062172526e-05
2.723528386497170927e-05
2.696881562588891054e-05
2.640972986178543032e-05
2.617744515719745067e-05
2.535683728049291618e-05
2.499885237297047792e-05
2.478290814451589752e-05
2.426856686039274768e-05
2.410167108452253857e-05
2.398662507926411339e-05
2.346823090515723115e-05
2.295230358591149238e-05
2.288027449987755499e-05
2.274431323363982932e-05
2.224557922472892194e-05
2.193814406243504547e-05
2.169665124326116185e-05
2.135572974159333275e-05
2.091914007908638251e-05
2.077406210265256417e-05
2.047680063778817587e-05
2.040786439719900384e-05
1.985043807721367982e-05
1.963657747873549141e-05
1.932166478764435350e-05
1.894860079306217302e-05
1.876462760280618632e-05
1.843689160857763632e-05
1.816194632484207741e-05
1.764337609584734013e-05
1.721628125248950795e-05
1.708074675340737656e-05
1.692151244983583714e-05
1.653425516458619150e-05
1.635260178257121852e-05
1.626349361396088670e-05
1.593842372780555113e-05
1.552117636856582518e-05
1.533189993231504192e-05
1.508427302152359512e-05
1.500446246448786671e-05
1.457417184258463090e-05
1.428794704836741877e-05
1.406519747956308240e-05
1.389329918687323405e-05
1.372081507264199637e-05
1.355862526303276062e-05
1.344622995978781099e-05
1.315375468429891931e-05
1.282511393017250648e-05
1.280207398103510291e-05
1.265018398379598105e-05
1.251837538667945144e-05
1.235665698088686468e-05
1.230605173334530139e-05
1.193536188361162726e-05
1.181565631611620164e-05
1.158934625089724760e-05
1.146387710614295313e-05
1.141874725986144273e-05
1.127782815976190531e-05
1.102010065984734774e-05
1.091763764146539288e-05
1.072987516361669776e-05
1.053511463579917303e-05
1.021310632188876631e-05
1.006164297605179986e-05
9.869902002545385457e-06
9.771911338756943192e-06
9.648042367422495638e-06
9.527209785216178317e-06
9.463043778646741054e-06
9.321443038565985586e-06
9.117449413422050829e-06
8.920992195840315520e-06
8.746555918749218225e-06
8.702085482076829846e-06
8.456293799496277335e-06
8.315521836387190891e-06
8.226501196972964329e-06
8.105750607474238121e-06
8.046042356702982752e-06
7.959333714260902534e-06
7.733167726426455629e-06
7.611491482358832917e-06
7.572703408830180395e-06
7.197526230001344009e-06
7.056089013341067069e-06
7.024025221946334762e-06
6.852681867870597429e-06
6.715530547562153183e-06
6.610889897654117570e-06
6.541514826613285059e-06
6.442168050154120035e-06
6.353751065688974792e-06
6.146134647101338507e-06
5.990592912496208410e-06
5.859075972756727402e-06
5.679557935724752932e-06
5.619331981790674339e-06
5.488330794602395578e-06
5.422719508482025926e-06
5.329720717356524277e-06
5.264756728808207205e-06
5.097920076136818177e-06
4.985017943362478534e-06
4.925935392393081080e-06
4.811724209059426208e-06
4.662076850310564944e-06
4.581516863525586447e-06
4.463741772661199473e-06
4.406195414334928622e-06
4.301950419594964720e-06
4.143593844465994040e-06
4.109501485822860730e-06
4.067625570760831283e-06
3.966765809159310626e-06
3.936419964579972897e-06
3.819361046716183038e-06
3.731684604635521455e-06
3.624833219704898613e-06
3.534847694842489910e-06
3.513113618199072580e-06
3.417860810035055154e-06
3.312314894917874187e-06
3.303122628207120842e-06
3.207065412219380756e-06
3.199007303127306207e-06
3.061921587975242313e-06
2.964453199560813642e-06
2.894078358708440580e-06
2.870406483969206848e-06
2.818416795920751100e-06
2.771885129529661388e-06
2.701649147375364534e-06
2.621936717666198547e-06
2.585512323199178929e-06
2.484480163923469868e-06
2.415449834951974321e-06
2.361476857652460560e-06
2.286679094637635637e-06
2.227404918756939876e-06
2.158804690024274112e-06
2.118902349275667825e-06
2.072640876786469573e-06
1.996405005826106476e-06
1.938158723862738433e-06
1.910346486018953648e-06
1.798591096546320071e-06
1.752250349190859319e-06
1.740964349851822171e-06
1.672338356132165804e-06
1.623606297411599864e-06
1.566335990051756937e-06
1.526349622449676780e-06
1.483672073217934483e-06
1.432941395734431560e-06
1.412374321691783182e-06
1.371575794425141288e-06
1.298400161881847465e-06
1.200764708165763387e-06
1.173555064533347129e-06
1.140294205529610271e-06
1.125781472654083930e-06
1.098868383094643600e-06
1.011630956613685151e-06
9.983187620407381730e-07
9.622296340593287322e-07
9.284066639335834140e-07
9.040503578403948263e-07
8.891859082629477360e-07
8.092227033722501229e-07
7.740662204567155015e-07
7.355823574311794219e-07
7.139988733721858559e-07
6.753300413804214914e-07
6.297189769315755121e-07
5.900773878375888456e-07
5.467622237326890821e-07
5.251427595159286735e-07
4.506166815250611377e-07
4.275427370985097245e-07
3.967537451870364504e-07
3.368302020096847340e-07
3.166581055152945443e-07
2.995172425020661524e-07
2.474574743955631315e-07
1.954535333019150451e-07
1.643101036869714837e-07
1.361852155871608408e-07
1.273629684148427935e-07
9.591477767323017142e-08
7.123446245240059773e-08
6.093724344938634845e-08
2.160774274138399795e-08
1.265470775991504191e-08
2.141073975592284341e-20
-3.406211014427049370e-20
-1.568637668765506591e-09
-1.689302316200877758e-08
-3.956886575446521810e-08
-6.896788206445823585e-08
-8.675185678721552216e-08
-1.197557588827380324e-07
-1.293217859216197693e-07
-1.500634229790385924e-07
-1.841136925338479392e-07
-2.240596649518643468e-07
-2.721388075845990723e-07
-3.020228630907349733e-07
-3.114922772194497657e-07
-3.611662240538681834e-07
-3.836958729519730592e-07
-4.257989336753297423e-07
-4.499231491915259907e-07
-4.812880783436072860e-07
-4.934348826612654066e-07
-5.543139654991717377e-07
-6.177516238291109947e-07
-6.605445235676543828e-07
-6.759602037559601974e-07
-7.450491110974988083e-07
-8.101461387916951779e-07
-8.521681586406419102e-07
-9.104068823560378879e-07
-1.017234791512317792e-06
-1.104305059191981490e-06
-1.131815298879774287e-06
-1.193501382803618085e-06
-1.235045975796471270e-06
-1.259469126412980225e-06
-1.266570790516128726e-06
-1.345015536838882018e-06
-1.470373044743786389e-06
-1.566173887040315135e-06
-1.596052382020638288e-06
-1.633013578499099333e-06
-1.693816951453019862e-06
-1.792385600731876540e-06
-1.909801785440918691e-06
-1.970310293308059077e-06
-2.064646642586214665e-06
-2.100746776509739682e-06
-2.162754226616542197e-06
-2.244190918333277741e-06
-2.406631773574325102e-06
-2.433090051197664096e-06
-2.556947352485358203e-06
-2.730652528196247074e-06
-2.794880344765991350e-06
-2.917709262837169634e-06
-2.988599014240663326e-06
-3.076057170217421005e-06
-3.208713826669545081e-06
-3.346509904987700969e-06
-3.509227122455856324e-06
-3.601504170606430104e-06
-3.752462920813070980e-06
-4.000430660123523345e-06
-4.084375605490297122e-06
-4.222309976194681186e-06
-4.257707562692036953e-06
-4.389940195309588325e-06
-4.428902304357579995e-06
-4.576203492258631217e-06
-4.636122028342779235e-06
-4.827078240314924908e-06
-4.917016611788950953e-06
-5.006979412847829949e-06
-5.129763629777038048e-06
-5.220004207601507435e-06
-5.503637392277959185e-06
-5.664968525256498557e-06
-5.688101884783559969e-06
-5.852393989134172746e-06
-5.948946491425694300e-06
-6.151066851712263647e-06
-6.296318713029922053e-06
-6.409737516963735397e-06
-6.631631600986359305e-06
-6.946075350501734062e-06
-7.038635807716500741e-06
-7.262763316475880544e-06
-7.606476556499774019e-06
-7.811499367401820163e-06
-7.964470786703304426e-06
-8.113482810609183997e-06
-8.246686141163660086e-06
-8.418366726527337670e-06
-8.688799194762809891e-06
-9.014388958302864684e-06
-9.176083348728784035e-06
-9.353906825942628249e-06
-9.601530301224204549e-06
-1.003904215342427696e-05
-1.013182149843936105e-05
-1.045542694995915736e-05
-1.070770910204494460e-05
-1.096691590532059898e-05
-1.140370457565201880e-05
-1.166489605621301608e-05
-1.192582737929158657e-05
-1.211599962110514804e-05
-1.246626898010588261e-05
-1.270825914322566278e-05
-1.308956676662564896e-05
-1.322751826979188187e-05
-1.356459209992508019e-05
-1.401762485482878955e-05
-1.433542814286459683e-05
-1.457537463202688961e-05
-1.480331387941576554e-05
-1.526491904961721355e-05
-1.546269682003779302e-05
-1.602266394102363337e-05
-1.625749370213869064e-05
-1.658588484463966527e-05
-1.698848762516450096e-05
-1.779858811133117115e-05
-1.802310424082904916e-05
-1.866591752168786001e-05
-1.920339602080289764e-05
-1.942540918751422602e-05
-1.984324095437805889e-05
-2.022999761027342126e-05
-2.128600261460158519e-05
-2.137348460200652665e-05
-2.206207461769052561e-05
-2.272387885038510815e-05
-2.305008197457942540e-05
-2.349123612712428847e-05
-2.397913659310700542e-05
-2.412107460140191782e-05
-2.511199785019371634e-05
-2.558136352175251985e-05
-2.641541592651936495e-05
-2.739480669581584869e-05
-2.781494333500815908e-05
-2.852561386198474471e-05
-2.918546113928091772e-05
-2.964734356366611904e-05
-3.015988991907344731e-05
-3.030524785084588068e-05
-3.129470423197977421e-05
-3.222451820175938433e-05
-3.250080387444414007e-05
-3.321815809250600466e-05
-3.409256099883286261e-05
-3.491845203130316969e-05
-3.627634965994066662e-05
-3.692700972506843461e-05
-3.750774214546629580e-05
-3.797139766709735082e-05
-3.913916377549089625e-05
-3.932715077721216546e-05
-3.968325601748830944e-05
-4.098756852723660620e-05
-4.146140446921222749e-05
-4.174213504205969588e-05
-4.248232121625108483e-05
-4.333876868886585309e-05
-4.436457206828134061e-05
-4.524829315614949988e-05
-4.655270461807261981e-05
-4.797145201636938782e-05
-4.896377348279908970e-05
-4.952488158444386904e-05
-5.155335329306601856e-05
-5.284250422137941160e-05
-5.380434111110902643e-05
-5.521113646048184098e-05
-5.643703204092884488e-05
-5.741017913554628870e-05
-5.850302543864727438e-05
-6.009722102463501336e-05
-6.138437786924591034e-05
-6.289049012061161971e-05
-6.452149646630590612e-05
-6.495717748824259030e-05
-6.680880035549435075e-05
-6.930668040906274099e-05
-7.192954208916580100e-05
-7.340597847232934391e-05
-7.492246580481579240e-05
-7.652560657425907262e-05
-7.742850402064610624e-05
-7.859619150006982077e-05
-8.167003835154344000e-05
-8.464452543617599850e-05
-8.713993608943641398e-05
-8.989288980690652772e-05
-9.059212392878429740e-05
-9.140380599421354219e-05
-9.294186512228345260e-05
-9.457793455007342226e-05
-9.691776083257822114e-05
-9.903319378871462035e-05
-1.008569375905904100e-04
-1.036060459624487285e-04
-1.055695698135625368e-04
-1.069243742885540974e-04
-1.077749144169632935e-04
-1.106335375670670825e-04
-1.151664123161855359e-04
-1.197131466115334577e-04
-1.230862439674111945e-04
-1.255573815757543012e-04
-1.273867167204481034e-04
-1.288259242539925684e-04
-1.308974955564973848e-04
-1.362246928099070749e-04
-1.427281037552940491e-04
-1.444490489752405286e-04
-1.476809332929416771e-04
-1.502221322711476067e-04
-1.522815454836353539e-04
-1.582635676287084535e-04
-1.607409256844286960e-04
-1.651944163091251846e-04
-1.667765405994325596e-04
-1.704932989428803469e-04
-1.790143003247439868e-04
-1.810610258902444229e-04
-1.841900182308024031e-04
-1.892900789569604075e-04
-1.944965195411711820e-04
-1.994605527457901021e-04
-2.039973473030182454e-04
-2.077635777464478199e-04
-2.170463101086822857e-04
-2.222480175328722120e-04
-2.261294701459462249e-04
-2.355739884067426448e-04
-2.447574973289083221e-04
-2.523360795532524179e-04
-2.533283579940812493e-04
-2.647006814946951318e-04
-2.721484970564076408e-04
-2.801640423133382272e-04
-2.993526542010483305e-04
-3.060707834228519565e-04
-3.095674436563631247e-04
-3.140291288998789008e-04
-3.254734321087254345e-04
-3.309394424172355884e-04
-3.501347286690114605e-04
-3.536842161988748806e-04
-3.727466416202338028e-04
-3.954415515381459485e-04
-4.206085523866241759e-04
-4.395737959601715944e-04
-4.414407299039916602e-04
-4.595236126788866671e-04
-4.945109024337890260e-04
-5.264599035615071454e-04
-5.367677677591167588e-04
-5.777239645748252165e-04
-5.945472526252360088e-04
-6.234623974586249060e-04
-6.593104008234866803e-04
-7.353073090131731623e-04
-7.797899753333494824e-04
-8.244784100254978374e-04
-9.312693786960805475e-04
-1.009911948594235118e-03
-1.233177504781379904e-03
