3.110482429260710228e-03
2.645041669156526082e-03
2.513904889454671339e-03
2.426773578385117702e-03
2.315708933890675385e-03
2.137015001969796643e-03
2.023649906621581823e-03
1.913474631720305484e-03
1.764473234783613467e-03
1.711809424281213795e-03
1.625898609143712654e-03
1.505322691657219689e-03
1.451122176178507766e-03
1.403454026467952555e-03
1.356141249864255532e-03
1.328972182460826709e-03
1.263217547392330754e-03
1.248962261594772916e-03
1.233872078198248665e-03
1.159511490144561011e-03
1.120460718860131133e-03
1.114446136597081792e-03
1.080522493571334621e-03
1.049459885300421929e-03
1.006625423378715474e-03
1.002506547920325227e-03
9.666723378591038840e-04
9.047382804809600554e-04
9.005723332632391449e-04
8.791450113452091821e-04
8.612891186072550937e-04
8.300780020576701591e-04
7.999789238369743854e-04
7.843174526629978840e-04
7.817941666302749429e-04
7.461962462852935601e-04
7.346567602621366464e-04
7.150329238115890693e-04
7.020659524656981980e-04
6.955224280637084620e-04
6.725948049254901846e-04
6.684824980004897780e-04
6.474018883320641895e-04
6.361622533582479136e-04
6.232540801109760732e-04
6.131288047552892109e-04
5.990221108449225946e-04
5.896705654787057823e-04
5.711313039665705596e-04
5.658163252162367717e-04
5.454061281940536954e-04
5.415599461234114377e-04
5.343678757810336327e-04
5.184307741064664906e-04
5.030373606563747890e-04
4.977375795923319685e-04
4.903545488144363078e-04
4.755205297966581509e-04
4.727820156487192870e-04
4.666728527754500887e-04
4.564359293358941994e-04
4.487491704077796527e-04
4.451471514148435120e-04
4.363800194027455163e-04
4.288227359277912900e-04
4.223468013017221711e-04
4.164731652087990017e-04
4.096027160051924319e-04
4.029538274297178981e-04
4.018025214800336202e-04
3.914790676144107306e-04
3.869472957742924350e-04
3.837000057054916913e-04
3.798433992804574810e-04
3.770457046800258717e-04
3.656986168529635325e-04
3.559716550638005773e-04
3.506161023236120319e-04
3.445399213050376742e-04
3.437746019548362157e-04
3.393888411495069100e-04
3.326916628019677461e-04
3.315162596187640025e-04
3.263840721729463143e-04
3.218997193636774067e-04
3.129892164127890102e-04
3.087726449556279845e-04
3.056420706438529758e-04
2.999342330322289489e-04
2.917875635102798373e-04
2.873351769505244906e-04
2.810494162002528224e-04
2.791624553553376459e-04
2.743389121488660435e-04
2.724076812528236397e-04
2.674026190644198699e-04
2.648040328197504381e-04
2.591189021317000934e-04
2.560333120863497844e-04
2.514830884463348823e-04
2.436503221893381835e-04
2.414895849032072531e-04
2.398159016878746144e-04
2.388747073712844352e-04
2.332139858455073249e-04
2.291982190077802102e-04
2.282820372848876143e-04
2.254641071652570641e-04
2.225470966784556283e-04
2.196448404072238059e-04
2.188560644901972466e-04
2.150200549083689330e-04
2.142981560373304636e-04
2.117767595058030303e-04
2.084454326888620897e-04
2.047730691863010289e-04
1.993027243588658005e-04
1.966091772998024040e-04
1.950003959638786253e-04
1.909870785819643875e-04
1.898478506286677776e-04
1.872924177835288094e-04
1.828819279569161957e-04
1.822346297670906395e-04
1.795413569030661772e-04
1.774854442781269141e-04
1.758492422847120987e-04
1.737269597878732252e-04
1.731918351024160140e-04
1.695283585064845161e-04
1.648806051053776497e-04
1.638619233239129954e-04
1.601633095784454029e-04
1.588114240918291130e-04
1.558892978813248426e-04
1.533431103534860186e-04
1.521545159836336077e-04
1.501906544175060762e-04
1.492880914703861677e-04
1.466105483338133125e-04
1.446204269560309491e-04
1.430913301064909459e-04
1.402377535599101969e-04
1.381519933406730757e-04
1.368642279534700067e-04
1.334270706058501409e-04
1.322892685418861091e-04
1.303760017505435577e-04
1.294720962798432524e-04
1.278900689299577943e-04
1.261592035960307505e-04
1.251677468269770538e-04
1.245867825534121968e-04
1.226366982450308282e-04
1.210174463885114652e-04
1.191243278731287866e-04
1.184947946774758632e-04
1.175021258693422123e-04
1.148151476794627928e-04
1.141596575531255857e-04
1.126671006714247391e-04
1.096529859977821733e-04
1.085295783559819794e-04
1.055043695933678580e-04
1.047172190542270759e-04
1.033013146449500067e-04
1.025728223466209677e-04
1.010849377625868046e-04
1.000297775899709426e-04
9.862617339435798163e-05
9.729639911841796022e-05
9.601216233002548119e-05
9.521048573754738436e-05
9.383479572751400090e-05
9.350742880874657879e-05
9.207435774100390701e-05
9.092386220891462663e-05
8.983139858060623813e-05
8.790668444380348129e-05
8.671404257730894421e-05
8.538973328203103470e-05
8.463409654908777896e-05
8.282263347381329589e-05
8.258241637611832026e-05
8.136783167544173981e-05
8.066492168209076852e-05
7.920646144792812713e-05
7.868218318034262890e-05
7.740965086758292378e-05
7.680329424928107195e-05
7.563428230271936959e-05
7.472156827915298798e-05
7.373968214661959274e-05
7.276187482258334219e-05
7.213288572060961472e-05
7.057050772455571391e-05
7.021446726971767216e-05
6.898919164277367148e-05
6.839123538333165763e-05
6.704169059787844112e-05
6.608942276496299463e-05
6.500123323608453577e-05
6.471850318223434982e-05
6.398042870279858267e-05
6.277766170956698125e-05
6.118743685879342526e-05
6.090108565431409784e-05
5.959601498158489149e-05
5.939271093221664392e-05
5.770136630011902303e-05
5.727311705774655798e-05
5.632357680501775318e-05
5.584948441778259326e-05
5.559105924823728778e-05
5.410630679674338525e-05
5.336622158428609328e-05
5.245975375793649940e-05
5.225019019415692867e-05
5.136737734441658231e-05
5.054839042402846578e-05
5.004115054108200511e-05
4.909627616738256072e-05
4.846239517129323509e-05
4.810071948259160449e-05
4.756079941876036093e-05
4.701033590928805478e-05
4.564632251222049185e-05
4.494469071308817426e-05
4.426931620300399910e-05
4.373976069628564132e-05
4.343782206331769105e-05
4.312902156305472033e-05
4.266504722212253960e-05
4.137379989719315837e-05
4.112393359039106952e-05
4.080714855540931789e-05
4.009575197462117029e-05
3.960031658126058295e-05
3.944776771523540168e-05
3.869969235926112644e-05
3.809434590295491819e-05
3.756505808129331184e-05
3.714259927965090540e-05
3.688010070506344174e-05
3.632426870330672264e-05
3.624601235755898473e-05
3.570083616763545771e-05
3.468118118017379168e-05
3.411007527131753691e-05
3.362989928965390599e-05
3.344732448093449227e-05
3.310006544505388824e-05
3.256512966227240532e-05
3.207512407149775248e-05
3.169871244230424860e-05
3.115302334893986535e-05
3.101203265372478354e-05
3.026747611279026571e-05
3.020579035818842130e-05
2.929272706249126052e-05
2.867682200341245159e-05
2.852422078223461013e-05
2.799332331453078875e-05
2.784171394893842437e-05
2.753426035165112081e-05
2.711730263578035610e-05
2.636219681854770578e-05
2.567791445303290390e-05
2.544452585655903397e-05
2.511596195319844554e-05
2.458163776138891043e-05
2.422670609532334915e-05
2.405097180306541984e-05
2.377731924437590910e-05
2.370798433533816550e-05
2.312840815525468710e-05
2.294381590080699974e-05
2.259782465101197073e-05
2.224159355371707736e-05
2.213696573394018717e-05
2.167709165865847618e-05
2.125579030640985218e-05
2.086953474517251264e-05
2.072191290031973415e-05
2.025009842517364514e-05
2.010958632569465762e-05
1.981730736079759036e-05
1.978562106539539879e-05
1.937629341678917227e-05
1.909263326523587986e-05
1.873023762402562862e-05
1.866955912058073329e-05
1.834611275618028132e-05
1.815372064973496221e-05
1.777789854910793847e-05
1.752980544990122785e-05
1.728480161767465700e-05
1.684595278995247743e-05
1.642017684192808308e-05
1.632497473433474871e-05
1.606550004786775352e-05
1.601235553169480497e-05
1.564099189271116088e-05
1.544647455549416534e-05
1.524895379100514553e-05
1.480723171500679345e-05
1.460909446136447801e-05
1.440104046238725868e-05
1.420956877097765673e-05
1.392690803443202719e-05
1.365605206292431407e-05
1.348250934967180725e-05
1.345401515915350089e-05
1.313055018848828427e-05
1.297497802828060570e-05
1.256950636365174103e-05
1.252947271659925779e-05
1.231298280843089074e-05
1.209505880276335868e-05
1.184409447648863605e-05
1.165217211494868820e-05
1.147330331160991175e-05
1.121116651984228248e-05
1.103701252124075763e-05
1.087385305113642507e-05
1.057798660668818811e-05
1.043160731271100078e-05
1.031246613336677608e-05
1.015001708579766390e-05
9.986934800872008635e-06
9.874358954776537607e-06
9.723371181802579292e-06
9.468932215596982636e-06
9.220259647473575586e-06
9.043416572199557650e-06
8.893465821737273633e-06
8.877955074997492086e-06
8.671154188590747384e-06
8.278419722435803938e-06
8.180324912597248862e-06
8.103861900666741876e-06
7.838612065904705558e-06
7.805977059876045726e-06
7.641153961427799883e-06
7.491170091222535444e-06
7.380737197229493893e-06
7.256311114388247466e-06
7.235156761272333745e-06
6.962360622266963737e-06
6.906156314901535043e-06
6.634125105708480008e-06
6.493629199505719016e-06
6.259499496922286563e-06
6.186594948036784180e-06
6.062997520824233909e-06
6.002383210000666816e-06
5.845266291176592369e-06
5.718965105373161796e-06
5.493834616360024601e-06
5.449189102958646397e-06
5.294911078886428943e-06
5.173321782826495479e-06
5.093446570916244397e-06
4.928655513234878648e-06
4.871537680945648083e-06
4.803257789731010092e-06
4.719737242808515914e-06
4.600226096169384804e-06
4.495567973995558024e-06
4.253879774603169355e-06
4.217340020817541123e-06
4.048611990043845132e-06
3.995059285797831862e-06
3.887183450272462254e-06
3.773392921803908167e-06
3.726545337290941683e-06
3.598664461042101026e-06
3.556306293410165970e-06
3.489866493026400891e-06
3.383181334334631284e-06
3.346726683198812175e-06
3.234356863581113533e-06
3.179534920494214340e-06
3.076341815703307388e-06
3.013605613942969770e-06
2.918089960352796065e-06
2.849170751777478479e-06
2.712823048951838723e-06
2.666301659561817024e-06
2.581500632391268597e-06
2.521924310475383514e-06
2.414855175382568446e-06
2.306980624887609335e-06
2.173178318340340083e-06
2.135711139436938141e-06
2.067493896360946564e-06
1.927907032989393235e-06
1.901892603599198001e-06
1.849354871178238934e-06
1.731761806450227476e-06
1.660737589867387489e-06
1.628581669520409481e-06
1.539331493759236947e-06
1.511798670365504157e-06
1.383393238333366752e-06
1.335767994799390023e-06
1.256770174293979294e-06
1.170760038578448503e-06
1.139138448707169335e-06
1.083572982490550369e-06
1.023461701986884556e-06
9.742973772595241686e-07
9.344378848328795516e-07
8.692258704148439240e-07
8.518138009456732386e-07
7.314114373450178881e-07
6.838274212244959891e-07
6.683011070123598131e-07
6.398410810434336736e-07
5.839340028880687556e-07
5.483016105297634392e-07
4.657647116817869829e-07
4.525628538674126097e-07
4.108500801718642840e-07
3.463383371292648699e-07
3.019291843725916971e-07
2.846451615025283096e-07
2.375564537096181721e-07
1.900142058602226523e-07
1.566180852755281153e-07
1.230526103909330996e-07
8.690215353588593436e-08
8.171622417754982580e-08
4.255631763335983944e-08
3.467500567885598105e-08
2.234881584338036734e-20
1.985512261599939377e-21
-8.523485023437092656e-09
-2.612561336465391829e-08
-4.318302692409912026e-08
-9.009844221561428065e-08
-9.490175038119876525e-08
-1.025642177609836352e-07
-1.224680908258244507e-07
-1.443421198317285885e-07
-1.748002537591765937e-07
-2.117692144595411859e-07
-2.322433623440188449e-07
-2.658962846204229790e-07
-3.126736187067426937e-07
-3.245444250686420983e-07
-3.572755452248586267e-07
-3.793873365298186674e-07
-4.009811764704906567e-07
-4.272565008825629470e-07
-4.764831368381293434e-07
-4.921939909611816848e-07
-5.236343658771312997e-07
-5.474346100489877464e-07
-5.864537029030342089e-07
-6.392786551651702955e-07
-6.421371819770698121e-07
-7.188572036636945564e-07
-7.731084740508765994e-07
-8.080308755550824098e-07
-8.161999941438162363e-07
-8.914178090529388881e-07
-9.226464559246466009e-07
-9.712539352934861153e-07
-1.044424591724799167e-06
-1.050096103290714266e-06
-1.084611474374366191e-06
-1.149346673999240275e-06
-1.236256316682645515e-06
-1.245661007918938314e-06
-1.310246768558143889e-06
-1.374119039983070072e-06
-1.439849329436615276e-06
-1.477492430067248597e-06
-1.556188603624544367e-06
-1.597008137196663789e-06
-1.660471266668336291e-06
-1.661822053142257036e-06
-1.791794861260141642e-06
-1.802451251975601096e-06
-1.867500639290800601e-06
-1.878447316897641677e-06
-1.917474704168645525e-06
-2.016770688848926364e-06
-2.080384378283522148e-06
-2.104045267894904372e-06
-2.278462323388810667e-06
-2.381043901619947286e-06
-2.461769692107108635e-06
-2.633904424286446904e-06
-2.679191664728021376e-06
-2.699540425409612585e-06
-2.858966462221839796e-06
-2.961264641990566792e-06
-2.989279961925666782e-06
-3.087791376490515038e-06
-3.154004781755203225e-06
-3.278649502572153855e-06
-3.367000328016452807e-06
-3.381548790326296044e-06
-3.662847740552851060e-06
-3.802507888611025258e-06
-3.972051200819854685e-06
-4.057536535821229550e-06
-4.122746802250987385e-06
-4.290752084044222637e-06
-4.480568628543175175e-06
-4.512103936357371090e-06
-4.624282936728426169e-06
-4.703192745694757991e-06
-4.895825531856198864e-06
-5.090733763130192348e-06
-5.141137483470394155e-06
-5.464641926999852085e-06
-5.639045070278755939e-06
-5.709800954104220438e-06
-5.810395096633909599e-06
-6.015716778284308663e-06
-6.275967069151438060e-06
-6.384906488213897295e-06
-6.687037095357390392e-06
-6.706482732897473456e-06
-6.895365169544988034e-06
-7.060139998022071139e-06
-7.306651208372190405e-06
-7.360180934902336510e-06
-7.666383991093036446e-06
-7.850097338621576389e-06
-8.399344209676627658e-06
-8.677273650138937798e-06
-8.817027541245904133e-06
-9.162223484116042860e-06
-9.326464783999997173e-06
-9.512460572932988684e-06
-9.732793435233888900e-06
-9.901843375152020508e-06
-1.052298194455224899e-05
-1.080731391833128109e-05
-1.112926170811717591e-05
-1.138491039767476970e-05
-1.198074452710090086e-05
-1.237883340765331283e-05
-1.268454618720705911e-05
-1.287782817379060043e-05
-1.303339080253689088e-05
-1.375681995821770941e-05
-1.435081804860466562e-05
-1.453281949891702181e-05
-1.480614716695042496e-05
-1.525512686635497341e-05
-1.538439458398146637e-05
-1.565067359038452082e-05
-1.583285729354875246e-05
-1.672047576694653625e-05
-1.705831706766291846e-05
-1.718588578516625019e-05
-1.812877612921390979e-05
-1.850921998485689096e-05
-1.901003329618031274e-05
-1.974715777985023627e-05
-2.024515164200300810e-05
-2.055872202718898888e-05
-2.108502144356785057e-05
-2.154280360698540041e-05
-2.291229456809408226e-05
-2.304066935043034387e-05
-2.356136963739693756e-05
-2.405236709323293687e-05
-2.444159077673282358e-05
-2.520542077670903189e-05
-2.597388064399803586e-05
-2.630268635684022177e-05
-2.741364855028694060e-05
-2.827229451986366661e-05
-2.943210713784541487e-05
-2.989639147066145263e-05
-3.021872572043022006e-05
-3.097100158599802816e-05
-3.164171223977311814e-05
-3.260556371666722150e-05
-3.313018900885820951e-05
-3.352779373113955002e-05
-3.464051814351669947e-05
-3.556239969439278629e-05
-3.672729366619144424e-05
-3.751085709795784517e-05
-3.902120069987571616e-05
-3.967090051032252419e-05
-4.057429582965851438e-05
-4.088516911862229679e-05
-4.182718253654596198e-05
-4.427788320295901990e-05
-4.467102482142331813e-05
-4.502142927946185976e-05
-4.654174387250151315e-05
-4.836030336381595164e-05
-4.933894552269024134e-05
-5.017774628817864524e-05
-5.199499859847653695e-05
-5.288172796196381829e-05
-5.427623142946898612e-05
-5.648508010815541199e-05
-5.701226737771311213e-05
-6.017112569105895084e-05
-6.043052958499462753e-05
-6.162908836066392153e-05
-6.281155488059832963e-05
-6.489993396828705745e-05
-6.897753888839973802e-05
-6.991918773546147345e-05
-7.063507280414948596e-05
-7.163646632178219029e-05
-7.447734009659324735e-05
-7.734459835144015581e-05
-7.775931903364992001e-05
-7.840184976319088117e-05
-8.150566964825091279e-05
-8.258393150802149354e-05
-8.501775867597152259e-05
-8.750075885937007628e-05
-9.084400167065321229e-05
-9.359592660612924247e-05
-9.532723583061193293e-05
-9.786026947036530763e-05
-1.005181209879818153e-04
-1.038118892838572047e-04
-1.051831995072939716e-04
-1.087179440218762641e-04
-1.106515316842881982e-04
-1.123360979605087266e-04
-1.137407044370665590e-04
-1.186666305990921551e-04
-1.213717219293813070e-04
-1.241831173150012872e-04
-1.250797424625019606e-04
-1.278810476572746018e-04
-1.317422606961327720e-04
-1.338239862112669304e-04
-1.380008266129134739e-04
-1.477042491266879415e-04
-1.508398192995971838e-04
-1.542686590542953712e-04
-1.579267509790794786e-04
-1.624992989049876520e-04
-1.668306205805119191e-04
-1.688763538325627916e-04
-1.761865052847575808e-04
-1.907683815037947692e-04
-1.990444035000188796e-04
-2.006811078825619589e-04
-2.036887848566001132e-04
-2.073630911843090318e-04
-2.119067574514705914e-04
-2.256189057399047833e-04
-2.349157293505575251e-04
-2.439128321125952641e-04
-2.590568905646867953e-04
-2.609830318022275772e-04
-2.774732808719052469e-04
-2.807903784652796778e-04
-2.902263619581666549e-04
-3.024776250662881689e-04
-3.152816577433360801e-04
-3.318229460912999838e-04
-3.527796164860085688e-04
-3.654878120548902968e-04
-3.873885403248041709e-04
-4.018315349601102359e-04
-4.412471433063933079e-04
-4.968491022040623243e-04
-5.249004888338920042e-04
