8.848112269426942553e-03
8.271131632840303741e-03
6.986966945690042605e-03
2.801621148020394352e-03
1.991520449938632455e-03
1.651363741153484598e-03
1.489009538647443178e-03
1.271170076391961619e-03
1.023890867868639106e-03
9.280027139801071698e-04
9.169062177752482397e-04
8.857727836791988484e-04
8.604718973802720017e-04
8.181021181735181934e-04
7.864463250765808865e-04
7.610491517232037409e-04
7.233327264578142931e-04
7.073364579052695070e-04
6.735282566634772077e-04
6.360614800146691204e-04
6.237467397634544877e-04
5.812945291982022896e-04
5.742691594639953668e-04
5.484690822364807509e-04
5.388752785945321753e-04
5.316207547879331190e-04
5.210352558808560965e-04
4.911491256016157743e-04
4.802414748410936489e-04
4.558795258222725138e-04
4.477349148156382062e-04
4.242722959077528428e-04
4.105251839251249850e-04
4.083509420830034372e-04
4.026950331913083775e-04
3.987169082531447539e-04
3.843876786556398007e-04
3.701178379816490172e-04
3.594160300025852034e-04
3.580202937422493465e-04
3.504165719303803210e-04
3.378566242670932450e-04
3.350271929325013580e-04
3.249934417692728391e-04
3.177469491856827334e-04
3.109165500525549932e-04
3.080743273616647179e-04
3.021169146975835780e-04
2.918715673367654282e-04
2.864328933298094159e-04
2.768200534989555327e-04
2.737592604844242246e-04
2.663222907350544554e-04
2.604992885962127648e-04
2.597278192307089480e-04
2.458167832173017704e-04
2.414018000509791624e-04
2.400506635352529002e-04
2.372499773317148029e-04
2.280817992950117832e-04
2.264469502626041122e-04
2.178036298635783422e-04
2.112376721733298787e-04
2.092928751385748085e-04
2.066064719657558044e-04
2.032759380530334379e-04
2.010845623381725020e-04
1.957052753075070272e-04
1.923343674377599925e-04
1.876585599221649464e-04
1.871362238498721698e-04
1.828395210647040141e-04
1.761560112194777517e-04
1.738566743951694123e-04
1.708484130979875948e-04
1.653728804821679712e-04
1.645672024510381234e-04
1.618442491953056843e-04
1.559965473602418367e-04
1.538583949965120236e-04
1.512789106573197051e-04
1.483237231365848289e-04
1.451638825057996853e-04
1.422963961440100998e-04
1.398997987066046217e-04
1.338454559023967297e-04
1.322835609654933974e-04
1.312009792919229076e-04
1.298063253254172641e-04
1.267328107093076072e-04
1.225849675179911972e-04
1.219368631526880024e-04
1.204996475449679092e-04
1.185120258852198231e-04
1.168023147383447590e-04
1.153857394223603165e-04
1.133943374290965648e-04
1.122674980544111095e-04
1.097834011460859692e-04
1.062214018411611745e-04
1.040388605997222184e-04
1.020629156373464066e-04
9.934769628811830438e-05
9.888394884558388562e-05
9.733094140123652450e-05
9.608536357919490744e-05
9.480862894869071316e-05
9.308663890826320540e-05
9.167832093593993178e-05
9.084700800646751124e-05
8.926969981925692162e-05
8.826047584091511761e-05
8.566413990985288014e-05
8.481315068023155968e-05
8.349679875290575142e-05
8.036905415445232798e-05
7.959117710669949520e-05
7.757981740417343812e-05
7.712526307343687269e-05
7.512074294804778124e-05
7.384113869368083474e-05
7.220640770987701482e-05
7.198083801737817280e-05
6.956952054111617664e-05
6.882428037848204556e-05
6.792084984041647745e-05
6.649523413883698701e-05
6.527992136327539791e-05
6.443494585159043693e-05
6.313249268693824892e-05
6.232722681216833216e-05
6.172874777690914882e-05
6.105934882127770226e-05
6.033331719125926057e-05
5.844257970093130825e-05
5.812869011838384949e-05
5.695436191490390638e-05
5.600006331859517822e-05
5.433772494362478189e-05
5.404196244792052757e-05
5.275152765094317863e-05
5.189794659090578543e-05
5.063470621045707356e-05
5.013920738339884022e-05
4.923261342078417822e-05
4.839088688809730054e-05
4.744898212631058646e-05
4.648443114705212600e-05
4.561912428678534292e-05
4.454070636960621641e-05
4.385439510075606436e-05
4.290942886144825144e-05
4.235166793821813059e-05
4.072763477634848742e-05
4.035911737928719585e-05
3.952185385680048052e-05
3.920431212872704563e-05
3.903673056117733941e-05
3.770135842600819012e-05
3.725835308014331014e-05
3.653333346118876705e-05
3.595291402711228891e-05
3.573052383217620190e-05
3.456809792075433486e-05
3.364437064758894037e-05
3.328608732141762001e-05
3.253177591057508628e-05
3.186024600853074951e-05
3.134871704323661390e-05
3.077117421032976314e-05
2.985725265976404394e-05
2.946151807629833415e-05
2.905632856137506503e-05
2.856271592761015256e-05
2.800904140334673653e-05
2.762377120854872940e-05
2.700328134581897230e-05
2.662481637889605872e-05
2.643712649299367941e-05
2.602695681598541838e-05
2.588430078672722244e-05
2.497232492661557925e-05
2.412323989948253488e-05
2.406129495641778909e-05
2.355399135656573639e-05
2.292876440526302333e-05
2.243071690095019152e-05
2.197763154165769761e-05
2.186038461020874008e-05
2.117960269952699276e-05
2.106230816890990472e-05
2.050458355318720286e-05
2.025107998837885221e-05
1.981002997873552632e-05
1.912039433853635263e-05
1.873155354482676724e-05
1.855385534151693407e-05
1.825200224611226978e-05
1.758417836668473361e-05
1.735857186776232439e-05
1.711773182248021522e-05
1.699690707738201525e-05
1.668978307266345747e-05
1.604930099141325944e-05
1.597427754017159018e-05
1.562968171974503568e-05
1.534173626973171043e-05
1.490331528080392199e-05
1.478024144545362919e-05
1.441820803194182302e-05
1.412069342490096019e-05
1.383344274758445076e-05
1.364829696405555673e-05
1.346105995350564273e-05
1.305820223848871476e-05
1.295361539222385968e-05
1.255279944308377844e-05
1.242374808224100108e-05
1.216988034007137225e-05
1.179066489562874733e-05
1.169838819050134887e-05
1.144171524452246252e-05
1.132486259508999019e-05
1.105843166974553667e-05
1.087922347326139593e-05
1.068793454285199564e-05
1.058532667656074248e-05
1.032069867880877903e-05
1.005081342678386184e-05
9.871365817618341711e-06
9.673835367652707174e-06
9.511281877272841282e-06
9.177997749447124376e-06
9.009952724297821182e-06
8.884945230149400740e-06
8.727064660417661754e-06
8.634435212515239249e-06
8.501722178921089081e-06
8.310547782343594039e-06
8.086590931367561511e-06
7.981332544554495327e-06
7.751059002100342418e-06
7.659994591521972090e-06
7.556697142060456988e-06
7.278943806976680417e-06
7.186681885053432093e-06
7.047036913007431023e-06
6.831066993554369228e-06
6.745319610672797649e-06
6.544362297255390915e-06
6.504203508151610363e-06
6.297135335612111097e-06
6.104797934475990908e-06
6.037057311734056562e-06
5.884194431517012973e-06
5.743196975136892444e-06
5.704170192505258361e-06
5.449939435772212110e-06
5.274654629434500939e-06
5.126449563219783939e-06
5.060626322721644826e-06
4.831773298554299598e-06
4.784322051961964020e-06
4.612734098537888502e-06
4.596905458487496348e-06
4.465129497578054660e-06
4.348883056453551769e-06
4.229671928799970263e-06
4.028041971412181597e-06
4.016108784523427468e-06
3.836639946876100251e-06
3.721673639335738944e-06
3.625773949223705133e-06
3.569467823214844127e-06
3.407468827246208428e-06
3.264698030883523238e-06
3.149752896421772136e-06
3.120456464670596476e-06
3.054495005773325967e-06
2.966358473463765905e-06
2.920606906939760924e-06
2.766127452355377467e-06
2.730536847025032671e-06
2.644680994414640145e-06
2.591736365300007835e-06
2.570193760277809226e-06
2.488768796019491595e-06
2.395236720908799185e-06
2.271738084765438552e-06
2.212017136590811904e-06
2.126863496593963700e-06
2.013108364927596051e-06
1.948704811657598536e-06
1.860913428208934493e-06
1.790044728380060565e-06
1.713448624543446564e-06
1.673328403697386941e-06
1.662558036479093060e-06
1.631870627525366745e-06
1.581711777738434940e-06
1.486418324243160342e-06
1.438551097095507659e-06
1.387990289823621293e-06
1.354566703288731446e-06
1.248987900226881131e-06
1.236541884791525011e-06
1.193315037811208421e-06
1.126693146289585599e-06
1.106451385062963406e-06
1.027344364827572459e-06
9.961617078010123694e-07
9.344412493807459944e-07
9.221727505262167582e-07
8.770755450879728970e-07
8.315236202731040948e-07
8.207539854537790455e-07
7.590625922664319914e-07
6.850016613481221731e-07
6.343906828922113460e-07
6.268956295125269391e-07
6.016989031204865580e-07
5.318685548043311639e-07
5.187876312786979119e-07
4.633076547426921441e-07
4.095118742511893020e-07
3.673044426239513953e-07
3.341232640121016242e-07
2.932967106949005783e-07
2.788760549040994620e-07
2.438541245889308719e-07
1.868412442923442205e-07
1.786304971802920564e-07
1.515971379504658592e-07
1.507324130024443968e-07
1.001236884051622460e-07
7.192194529602337670e-08
5.143788228075893287e-08
3.025981318829112044e-08
1.551060270233438290e-08
-1.369125231839288093e-20
-5.806087814027582766e-20
-8.431554679144443441e-09
-7.181149566453099277e-08
-7.978751727896089884e-08
-1.045156800932038112e-07
-1.290523989318959053e-07
-1.674241651933843920e-07
-1.923133295628496466e-07
-2.004114953477893221e-07
-2.207323942353108555e-07
-2.714033453964805245e-07
-2.864929645637037334e-07
-3.206376431294983320e-07
-3.629318560315202573e-07
-4.044056517854058008e-07
-4.421064283504244579e-07
-4.945552598140717291e-07
-5.302777025570103845e-07
-6.202834636343931163e-07
-6.355113163916859948e-07
-6.881314769992903644e-07
-7.017422182318538103e-07
-7.535577024606605174e-07
-8.074058967754116434e-07
-8.384600078804147050e-07
-8.895403462898794976e-07
-9.792572500954517446e-07
-1.054286206244101503e-06
-1.129442542532290000e-06
-1.156564877821006839e-06
-1.209300121186432929e-06
-1.214350315479796780e-06
-1.320620536133850120e-06
-1.364886739195928797e-06
-1.393306022332434064e-06
-1.476055156554659304e-06
-1.504209395035832693e-06
-1.567337287296243272e-06
-1.624170401446980494e-06
-1.667968761602540518e-06
-1.777893027557345736e-06
-1.821410458229107665e-06
-1.931462118411611921e-06
-2.051586769829889155e-06
-2.083743904049460024e-06
-2.239469440510856167e-06
-2.244206298710748967e-06
-2.304475631224386578e-06
-2.349556847763574130e-06
-2.399167752327632933e-06
-2.605699453701490155e-06
-2.641843964906263503e-06
-2.761194873262881187e-06
-2.895824279192700376e-06
-2.930056326543501106e-06
-3.058567448119638220e-06
-3.101409040285603669e-06
-3.183183507177742521e-06
-3.318829345750878965e-06
-3.363530359105157210e-06
-3.469116062067039680e-06
-3.508723078035828683e-06
-3.806300693287214218e-06
-3.861772050875060488e-06
-3.892662356009789418e-06
-3.928562701138618714e-06
-4.155344648215357297e-06
-4.247663867298737838e-06
-4.347838157962813390e-06
-4.427097630551677233e-06
-4.506603019448873484e-06
-4.753608608932597245e-06
-4.804545822783959384e-06
-4.957934211289143282e-06
-5.006360699400178061e-06
-5.322100650520054374e-06
-5.414082233780557588e-06
-5.691960939585405395e-06
-5.747802061897480545e-06
-5.777873119476862384e-06
-5.941997237262515058e-06
-6.094443389003789833e-06
-6.368999332966645051e-06
-6.598315984459215058e-06
-6.689005118263360297e-06
-6.886243486917942111e-06
-7.057814630514492392e-06
-7.184884956179790026e-06
-7.190077379111767891e-06
-7.566880525384621466e-06
-7.828018057159680129e-06
-7.891877818839681115e-06
-8.014399532880020938e-06
-8.153837690237998365e-06
-8.253866036541212455e-06
-8.420346958845182988e-06
-8.443232934278819678e-06
-8.699389568474265124e-06
-8.884309278835228477e-06
-9.020438869307452134e-06
-9.307588780340260760e-06
-9.489416471913525322e-06
-9.592137546423307748e-06
-9.823055098750229345e-06
-9.901636076138719633e-06
-1.030552722057586542e-05
-1.060350857852744295e-05
-1.091393732819770819e-05
-1.126274871854493492e-05
-1.130738440520925823e-05
-1.142005037243926801e-05
-1.161408096678205376e-05
-1.193216780963541139e-05
-1.205151512583662827e-05
-1.241817358150772060e-05
-1.250627350762535823e-05
-1.284343376542536143e-05
-1.322938539136295189e-05
-1.331384871520294413e-05
-1.340917076702217768e-05
-1.383024089451046320e-05
-1.403976125773911268e-05
-1.434177884736842003e-05
-1.467325833713338454e-05
-1.489716323735580700e-05
-1.519421902505213744e-05
-1.542408507421456288e-05
-1.563840106172762289e-05
-1.585781298691549726e-05
-1.640693058522000228e-05
-1.670881163008863105e-05
-1.701187362573016872e-05
-1.745356064483020666e-05
-1.752846374884442257e-05
-1.802328202838947285e-05
-1.827123532366697406e-05
-1.877030769864748412e-05
-1.912299309364381953e-05
-1.975580891668698392e-05
-2.007630940510530873e-05
-2.031551778996317956e-05
-2.043862159469793106e-05
-2.066058133408652639e-05
-2.175895153658351244e-05
-2.200425069617380634e-05
-2.271968396138647665e-05
-2.292978370657850509e-05
-2.349074540320855210e-05
-2.359196214613538904e-05
-2.409122185902701658e-05
-2.477064713066507261e-05
-2.496238728298995143e-05
-2.523472884205830996e-05
-2.555638040363303597e-05
-2.633373580383390175e-05
-2.668183914055071389e-05
-2.702207982284483647e-05
-2.802037430905926195e-05
-2.840088041743336393e-05
-2.876808683621472540e-05
-2.899399455933883774e-05
-2.955732117879369980e-05
-2.982695380403758092e-05
-3.029692550823714231e-05
-3.101990107616509453e-05
-3.128403730374733815e-05
-3.194344957600075817e-05
-3.228407122613729749e-05
-3.266553411635033678e-05
-3.385871335282631290e-05
-3.427230299209091662e-05
-3.468984306406486815e-05
-3.544609630946822564e-05
-3.573923664202976103e-05
-3.713579114516424881e-05
-3.791703450051639267e-05
-3.819376228041629096e-05
-3.864686462673278206e-05
-3.912880122889893773e-05
-4.008834748924272254e-05
-4.150654449265645966e-05
-4.169969780783569296e-05
-4.247452588334635733e-05
-4.361463789453072840e-05
-4.409657778902381219e-05
-4.448594117133891477e-05
-4.575215634305545035e-05
-4.618858068698277744e-05
-4.742088507139407362e-05
-4.871522043007216857e-05
-4.960453639442539232e-05
-5.016936807026433769e-05
-5.052496013900560677e-05
-5.197375820789679532e-05
-5.288499914855869283e-05
-5.501338737759829098e-05
-5.633222013094338966e-05
-5.705391398653638182e-05
-5.843136506383615211e-05
-5.903098589652961239e-05
-5.959469572184238582e-05
-6.032885396048075476e-05
-6.253588621960625500e-05
-6.396194972943739366e-05
-6.436055597330809586e-05
-6.449379213104660909e-05
-6.558199812398001372e-05
-6.678792493842871400e-05
-6.891432743677445595e-05
-7.006354094470638354e-05
-7.251421721956816948e-05
-7.265375990666185773e-05
-7.433585781487430798e-05
-7.589131321739448063e-05
-7.775368813882435083e-05
-7.985256289806033755e-05
-8.108360203830151816e-05
-8.192371884315819731e-05
-8.327236978578440244e-05
-8.423158996323260473e-05
-8.638047932131423035e-05
-8.692577981569442531e-05
-8.987556320793942198e-05
-9.016727265601405116e-05
-9.276621570636247975e-05
-9.521524555314921394e-05
-9.617164589274006042e-05
-9.783802169771184496e-05
-1.004591685229196400e-04
-1.023855464780784499e-04
-1.032025108470895839e-04
-1.043623462992316828e-04
-1.084958609248605060e-04
-1.094617024855327038e-04
-1.127251620678565604e-04
-1.142611166911784037e-04
-1.154240669777955680e-04
-1.172169522106305596e-04
-1.207534129700194015e-04
-1.216876767096687449e-04
-1.253790497850410055e-04
-1.257159316867906360e-04
-1.299203388457889684e-04
-1.327744565214906676e-04
-1.342040325370829365e-04
-1.366740831760349746e-04
-1.414384013714349456e-04
-1.416110537556188086e-04
-1.444455785148447430e-04
-1.487459012365830965e-04
-1.498946052545491148e-04
-1.510928717553435810e-04
-1.570200066649924894e-04
-1.614892548820208559e-04
-1.631980996285183310e-04
-1.648729477407067040e-04
-1.690214618041583565e-04
-1.748828110952923404e-04
-1.769773931111329028e-04
-1.823264909819335110e-04
-1.874902818652260741e-04
-1.909581409916758508e-04
-1.959290436847463998e-04
-2.011470825619301561e-04
-2.031824918894162366e-04
-2.083054358218168326e-04
-2.087152019899795349e-04
-2.128560717765216122e-04
-2.227568860086573171e-04
-2.252159961944087479e-04
-2.314341333742849578e-04
-2.327891715594503043e-04
-2.354300445924634980e-04
-2.406098884978566410e-04
-2.448722979368153922e-04
-2.472653787490565165e-04
-2.580567674533364468e-04
-2.640852051924406246e-04
-2.743376732887609385e-04
-2.777938698614139390e-04
-2.814896299502291891e-04
-2.844517610739756694e-04
-2.941005958060354149e-04
-2.988594016665181404e-04
-3.081284190106410321e-04
-3.113861856241928049e-04
-3.174872745050501786e-04
-3.250758488629390064e-04
-3.349838014111082259e-04
-3.521124479535532852e-04
-3.578522606416671323e-04
-3.592770054443859590e-04
-3.618141650541373115e-04
-3.759402233707810279e-04
-3.877586020949818735e-04
-4.036630386595808678e-04
-4.055464048339676281e-04
-4.157096913130338368e-04
-4.226385065956432302e-04
-4.386153756656813434e-04
-4.433528851841662477e-04
-4.563086114294868977e-04
-4.615739290707146828e-04
-4.779088277235869157e-04
-4.953734848530511698e-04
-5.210634205790176795e-04
-5.414829028835996217e-04
-5.506708487111885248e-04
-5.617728486856493056e-04
-5.761774728309158964e-04
-5.981921847987701395e-04
-6.131175053526884524e-04
-6.467447945423287266e-04
-6.528902080651953271e-04
-6.652229178279834643e-04
-6.775849949316269496e-04
-6.913243807523915263e-04
-7.220220821204504204e-04
-7.359354437358451130e-04
-7.413913427247144838e-04
-8.386157608161438296e-04
-8.554597107750363041e-04
-8.930284877566245071e-04
-9.407547350130734346e-04
-9.627280857332958311e-04
-9.854493893950311972e-04
-1.039623381867555742e-03
-1.087185602134821665e-03
-1.154213779814583854e-03
-1.266486583755908890e-03
-1.299927651471069348e-03
-1.348731038641126038e-03
-1.623774622831291887e-03
-1.780928137924219553e-03
-1.821838711540531026e-03
-2.104983473471344103e-03
