-2.323553829363164816e-17
-2.216217384440374790e-17
-1.646438149850406298e-17
-1.589270721449661095e-17
-1.152486622772846535e-17
-9.785312323576958437e-18
-8.806691172277404915e-18
-7.952575472421369579e-18
-7.747366058149755848e-18
-7.611474012160981379e-18
-7.134044148131192249e-18
-6.836795693152905776e-18
-6.514513623192382990e-18
-6.250553169680974252e-18
-6.095421839018332952e-18
-5.844840261322512763e-18
-5.771704169895538963e-18
-5.613545410057651373e-18
-5.479693347821284490e-18
-5.306616061878907139e-18
-5.103114259623500422e-18
-5.034308626716653082e-18
-4.989238080994162146e-18
-4.741452566512011276e-18
-4.659477849396327892e-18
-4.589137016824035898e-18
-4.459926422535044534e-18
-4.315076702266715768e-18
-4.240692549732523876e-18
-4.141521619375821099e-18
-4.111255125193410729e-18
-4.013220747144910385e-18
-3.801553155913129869e-18
-3.715189573796115563e-18
-3.665642682939635771e-18
-3.611384033548420825e-18
-3.582334530535025222e-18
-3.467681746778817167e-18
-3.413236234310496536e-18
-3.371225143715990064e-18
-3.312999599315695420e-18
-3.260468523020748933e-18
-3.227711341558013207e-18
-3.226283167045821598e-18
-3.171917821045744745e-18
-3.090340720371420336e-18
-3.074028338774373041e-18
-3.015698811902150868e-18
-2.997495434801124891e-18
-2.926374881343564325e-18
-2.878605278915707628e-18
-2.806574051208172785e-18
-2.789471990141727238e-18
-2.719223530391622329e-18
-2.716025619418777550e-18
-2.658068222474158021e-18
-2.638853876254633059e-18
-2.615073181726478361e-18
-2.585578315664690234e-18
-2.541640479063346815e-18
-2.515869089327914868e-18
-2.484496887410962515e-18
-2.468539407890756026e-18
-2.397282499345885259e-18
-2.382087332226640937e-18
-2.370775432129512075e-18
-2.312725156026649640e-18
-2.309465119842577430e-18
-2.265784266558388672e-18
-2.239426105883483183e-18
-2.223844684754346228e-18
-2.220646200190205122e-18
-2.175627894996391998e-18
-2.163458351541694672e-18
-2.117918760683824240e-18
-2.112313228659080749e-18
-2.091419554390236876e-18
-2.069527118966546908e-18
-2.055651302300046745e-18
-2.036616273443912045e-18
-2.007198645585107782e-18
-1.982769082995697684e-18
-1.969628831733700940e-18
-1.944985372164582830e-18
-1.920710881947565016e-18
-1.906830359324557410e-18
-1.899960766059068514e-18
-1.887813508739625915e-18
-1.865792928034524253e-18
-1.808558338455102066e-18
-1.789756550047948886e-18
-1.779025031384275730e-18
-1.756334835105699884e-18
-1.746379025946859729e-18
-1.726718456765373615e-18
-1.702133733743936844e-18
-1.690750189368409584e-18
-1.683522082058474222e-18
-1.657989259946695547e-18
-1.642500034618309491e-18
-1.618048734525099996e-18
-1.607523348523925459e-18
-1.594291139431212400e-18
-1.585399899230512435e-18
-1.541612182229971261e-18
-1.532629771147979547e-18
-1.524382817464448207e-18
-1.512081428994284031e-18
-1.485332672622906309e-18
-1.480792192885090320e-18
-1.458684207816922625e-18
-1.449246769042502575e-18
-1.442184937949688902e-18
-1.410916066381972282e-18
-1.403287311896633699e-18
-1.389657464477966255e-18
-1.377983113075257177e-18
-1.362316078030281165e-18
-1.349796718986344486e-18
-1.337260016657999487e-18
-1.325880425535822381e-18
-1.310362303835199947e-18
-1.302034699816292720e-18
-1.289911801221893182e-18
-1.271858912498432830e-18
-1.251422435342158687e-18
-1.236631079352878659e-18
-1.224605627817941698e-18
-1.204660344840092994e-18
-1.198688112805799340e-18
-1.189075805690084719e-18
-1.181562424078466234e-18
-1.177748596782557172e-18
-1.166431933690353914e-18
-1.145214005448110669e-18
-1.140775673105635566e-18
-1.128855389470532647e-18
-1.116404591610963700e-18
-1.106941713360968428e-18
-1.103297810258008143e-18
-1.090037169215637517e-18
-1.081876668360775659e-18
-1.064838883597673480e-18
-1.049393350004384022e-18
-1.047718969792532026e-18
-1.045382072348994300e-18
-1.042021417367075193e-18
-1.029550833493431929e-18
-1.019902274525239806e-18
-1.014087716244359978e-18
-9.976094813092934077e-19
-9.961458375432662298e-19
-9.873080737058139838e-19
-9.750375975554816696e-19
-9.546269358171959396e-19
-9.493931015231747636e-19
-9.303515253773017806e-19
-9.270935156827215393e-19
-9.203246239169397591e-19
-9.077277745509193895e-19
-9.039091801649356692e-19
-8.951359064565700504e-19
-8.873612045197015412e-19
-8.817013558366355552e-19
-8.774812802845907251e-19
-8.597946954603908053e-19
-8.506498845725830107e-19
-8.414054941240291648e-19
-8.354490243101984019e-19
-8.327561053055139143e-19
-8.281528357345916763e-19
-8.179740712206565766e-19
-8.035051846329761078e-19
-8.006415002938478571e-19
-7.865256057694365123e-19
-7.737833734591255671e-19
-7.638205579318808975e-19
-7.530910558739221833e-19
-7.477321689896817678e-19
-7.444630424638226832e-19
-7.371414302295017002e-19
-7.279078293487959278e-19
-7.182118378945376097e-19
-7.084361423405853884e-19
-7.065616389077782991e-19
-6.936809919741874551e-19
-6.876963661066960289e-19
-6.826338230703258976e-19
-6.628845082982546508e-19
-6.569343006561726109e-19
-6.534170848137886823e-19
-6.483301891624894461e-19
-6.464273554941644845e-19
-6.414296393835178341e-19
-6.350620093942482731e-19
-6.288808863696250410e-19
-6.238682953782105382e-19
-6.133251574155365368e-19
-6.044025030133814130e-19
-5.942450415453781309e-19
-5.832027491048063949e-19
-5.828398348528920249e-19
-5.751189489925424631e-19
-5.648524893775593488e-19
-5.587723298020066941e-19
-5.491621410764586362e-19
-5.408809032726742546e-19
-5.403662565573014463e-19
-5.335871829714616314e-19
-5.313067879206898864e-19
-5.224517446180292861e-19
-5.191180289290507541e-19
-5.095749711565631032e-19
-4.970768162172334302e-19
-4.963214787108611155e-19
-4.871994205898034171e-19
-4.797504926190454116e-19
-4.782100617303198011e-19
-4.701503374564943085e-19
-4.641360458310335921e-19
-4.628091749869342441e-19
-4.533461157344345684e-19
-4.527363620667972188e-19
-4.473774324757183767e-19
-4.427115523860204008e-19
-4.371668822875483351e-19
-4.310149902893365684e-19
-4.275391032282847907e-19
-4.142705993638735414e-19
-4.100285565098169315e-19
-4.056655398548173421e-19
-3.983293529373369482e-19
-3.957353307356815348e-19
-3.921792582200083344e-19
-3.837276224768871575e-19
-3.785106123786434067e-19
-3.736554096232810700e-19
-3.648948722959738256e-19
-3.614224596547664847e-19
-3.519328273085876691e-19
-3.481880303353392976e-19
-3.430209855393419996e-19
-3.396460905978088795e-19
-3.360305309638683968e-19
-3.341930329075914775e-19
-3.267856686462022383e-19
-3.181196958270141047e-19
-3.129448786854154252e-19
-3.097415185611933050e-19
-3.082770837415727644e-19
-2.997326867592545646e-19
-2.894303480248837023e-19
-2.866986284171805152e-19
-2.766608298229406907e-19
-2.736622311745495211e-19
-2.730865109992841994e-19
-2.710223917077164710e-19
-2.639765465688016618e-19
-2.608811264779728077e-19
-2.547566668796742160e-19
-2.528936197414246543e-19
-2.446590667973767307e-19
-2.399322164564185867e-19
-2.349635154008634728e-19
-2.283411127080339142e-19
-2.241962968540415310e-19
-2.235827572905547967e-19
-2.159447117652160494e-19
-2.137450144384379276e-19
-2.117898046305065164e-19
-2.078768829923123542e-19
-2.021482616441452700e-19
-1.974156281879249917e-19
-1.872080954347499989e-19
-1.870253726737146793e-19
-1.816487110406201665e-19
-1.783861807455235964e-19
-1.761888644345572301e-19
-1.684481660499484324e-19
-1.646230373413444192e-19
-1.612946038718534281e-19
-1.567946370226301054e-19
-1.518527997934547317e-19
-1.463336717320899537e-19
-1.434938599767521987e-19
-1.403597374759119771e-19
-1.384145522227503529e-19
-1.355639836929449183e-19
-1.278210762047053217e-19
-1.232420756752601939e-19
-1.209015740711021810e-19
-1.196530102070710157e-19
-1.128273232848197988e-19
-1.083469985546934024e-19
-1.027310305106775843e-19
-1.020922145644022614e-19
-9.898967447639707682e-20
-9.127046007067666609e-20
-8.654525949220400229e-20
-8.370970729176850509e-20
-8.077219954705186486e-20
-7.856635747908726444e-20
-7.657171945396145075e-20
-6.876147628607041023e-20
-6.604476428757187603e-20
-6.464765113728598567e-20
-6.235090484490141144e-20
-5.633585829194911789e-20
-5.147472031002927152e-20
-4.743661879820907394e-20
-4.408478270004624926e-20
-4.198885618199675090e-20
-3.870247234540527950e-20
-3.621987922654681816e-20
-3.201062620128793736e-20
-2.754185473579256134e-20
-2.699279822527335818e-20
-1.842975852054260865e-20
-1.618076232685311959e-20
-1.224098294637917567e-20
-1.027000482448912325e-20
-5.961951864210011879e-21
-4.146332632012144540e-21
-3.263938083527942240e-21
-2.566316079959752345e-23
2.464259595624800641e-21
4.873078012037209402e-21
9.192536401595408970e-21
1.076206853264558394e-20
1.841346122479280615e-20
1.927188141132684945e-20
2.117209002143857080e-20
2.277291170873588780e-20
2.597638071219297067e-20
2.840718139117958648e-20
3.350257310503112191e-20
3.921371745784493106e-20
4.306322675865833971e-20
4.384582994670193966e-20
4.961261902022574527e-20
5.132002644432227193e-20
5.535612435670425323e-20
5.946787402151002225e-20
6.226754155982211484e-20
6.719746689118578910e-20
6.729605434970345080e-20
7.225831267453826944e-20
7.500749182221639041e-20
8.445276919456079388e-20
8.700385251130807184e-20
9.184487633515180270e-20
9.372838779547260790e-20
9.539549370533410319e-20
9.849494521287018342e-20
1.011433155043628811e-19
1.056740717596734214e-19
1.114041584138630933e-19
1.140772531061541548e-19
1.166110278594328351e-19
1.187800578021949825e-19
1.232214044692706038e-19
1.262361986620624462e-19
1.311529204936194192e-19
1.360602460454805040e-19
1.414523424497262497e-19
1.469785599148251368e-19
1.507476234653344971e-19
1.586222612135198833e-19
1.600372982646139772e-19
1.659596408955193782e-19
1.693814768451224609e-19
1.717752850354133116e-19
1.770832346889860007e-19
1.809812890275557472e-19
1.845729479705157755e-19
1.869529136421108334e-19
1.939045164007304159e-19
1.952894891355418166e-19
2.010492699272109483e-19
2.046231519206961693e-19
2.071410952752047886e-19
2.102732751891928793e-19
2.144526018691891400e-19
2.188911250635269396e-19
2.206341968317694338e-19
2.254383618615783573e-19
2.331508391938612920e-19
2.347827565510710145e-19
2.384398106491061015e-19
2.429827143810952211e-19
2.493292583350525322e-19
2.543301738722817447e-19
2.567241092406495363e-19
2.638877289835213716e-19
2.721981401278655790e-19
2.742017030189349111e-19
2.807898359692418973e-19
2.866911783451184441e-19
2.906512439378886307e-19
2.971182657568638081e-19
3.073002137283461838e-19
3.088945275919558994e-19
3.146710249982361933e-19
3.177959452032694137e-19
3.194728234879808094e-19
3.273602680795360900e-19
3.326322257375285736e-19
3.376843860594264698e-19
3.386352581345102973e-19
3.487834827745265267e-19
3.507802998999237890e-19
3.537107934914140352e-19
3.599449488538609182e-19
3.655059661703237521e-19
3.700202168507611868e-19
3.784403373421461743e-19
3.862544683377031288e-19
3.925137859039749423e-19
3.932644320036703719e-19
3.977902962652451466e-19
4.001279898919876041e-19
4.113705928416078808e-19
4.128357546812872891e-19
4.193012184226573306e-19
4.264063772360706458e-19
4.286730170751139624e-19
4.377518135144092787e-19
4.468920908560454389e-19
4.510549258025284046e-19
4.563071356122188491e-19
4.606829910642279784e-19
4.657698539857880201e-19
4.754072453163561147e-19
4.783715524467330402e-19
4.871212145973560620e-19
4.897425545589929463e-19
4.979179756548676343e-19
5.004382783588611763e-19
5.118988624119644558e-19
5.175013082796604813e-19
5.234114106263561051e-19
5.282304984948707713e-19
5.325850235854302371e-19
5.373215698661312132e-19
5.483965282595521593e-19
5.503711480596500602e-19
5.564494831536386594e-19
5.653027830152965328e-19
5.679942371515308475e-19
5.725108242051630388e-19
5.800984777459457051e-19
5.828682874986414030e-19
5.896092275258902763e-19
5.984138447591289940e-19
6.024378538650360024e-19
6.047928385678353255e-19
6.241118270534439176e-19
6.323244796157298983e-19
6.451914706713298779e-19
6.549593157127615184e-19
6.618986356168270189e-19
6.719244306759480257e-19
6.773542639650844719e-19
6.840223277493468692e-19
6.859276341797016819e-19
6.986509207568496048e-19
7.022236205196892666e-19
7.069776508891285968e-19
7.156516878460086892e-19
7.317313739409379787e-19
7.336655911089081209e-19
7.388086267129489564e-19
7.466886704846155715e-19
7.581239783033979508e-19
7.691666533387712985e-19
7.753621906040164775e-19
7.891053517770157617e-19
7.912536487138767880e-19
8.069528553212681735e-19
8.146735961230321960e-19
8.235538366763807930e-19
8.290129042336895204e-19
8.409375240325852491e-19
8.440888404384717996e-19
8.539688079078247278e-19
8.604416776994575332e-19
8.657205618317702175e-19
8.751302480930723712e-19
8.827166678554750573e-19
8.943591905387993121e-19
9.009175371588939706e-19
9.037885939531683629e-19
9.178025199370262691e-19
9.267169776070519419e-19
9.348778265517324759e-19
9.441625739124669227e-19
9.582015070225224708e-19
9.603048851161532366e-19
9.864670668620151452e-19
9.936716628376435447e-19
9.945257378802918895e-19
1.002039046973031686e-18
1.012640407276347783e-18
1.017820417038888519e-18
1.026660137174994279e-18
1.036434389564011183e-18
1.046904688898988496e-18
1.050558019936382756e-18
1.071030901389465410e-18
1.090141924825352306e-18
1.096204748151478171e-18
1.100620333407823586e-18
1.109401872123881409e-18
1.125855611290077035e-18
1.139367429528903646e-18
1.145782970612973880e-18
1.160444704857084100e-18
1.164238707583685689e-18
1.191768797141863479e-18
1.202104571351798904e-18
1.204140942950751287e-18
1.226127029903327494e-18
1.234990503598566004e-18
1.242921894331222198e-18
1.260469811716232755e-18
1.272924696027812650e-18
1.281858697482290900e-18
1.289187236745220211e-18
1.299397000109605171e-18
1.304869864471492732e-18
1.324988709770685348e-18
1.328217363629878509e-18
1.346680201116851709e-18
1.353981004872437043e-18
1.379014600681237261e-18
1.390198545638848835e-18
1.401381051710704923e-18
1.412606438626487917e-18
1.428922982477055535e-18
1.439505176860328093e-18
1.461691431375808682e-18
1.477742535117464862e-18
1.494332552680729771e-18
1.511003520144981004e-18
1.515404052556523347e-18
1.535927213338379909e-18
1.551734882938442021e-18
1.557563585044815818e-18
1.585991350110735330e-18
1.612585813899067046e-18
1.636440991569946008e-18
1.636979729801829064e-18
1.657415857317799029e-18
1.679104291727563361e-18
1.687386630298186046e-18
1.692158950419029305e-18
1.727184269224517466e-18
1.746668166879824729e-18
1.756931533321729132e-18
1.772907620610255182e-18
1.780263997639144543e-18
1.825563797413365467e-18
1.834271553562897404e-18
1.866392909901983017e-18
1.887082130762047492e-18
1.903344694210524793e-18
1.921994068253822954e-18
1.929779429270903340e-18
1.960480069126758140e-18
1.967938523355651732e-18
1.977543291234523096e-18
2.030966959887676121e-18
2.058973706880085317e-18
2.068468098912448606e-18
2.088190335802416503e-18
2.109289855616103048e-18
2.134392636193315634e-18
2.152132279880616987e-18
2.178579756531618045e-18
2.225135207836559759e-18
2.248070781493524081e-18
2.275617567215376816e-18
2.289356040974846577e-18
2.322885410021091807e-18
2.329282905635058578e-18
2.365506032929408448e-18
2.405610389985695055e-18
2.436241763334426938e-18
2.486839758656596708e-18
2.517604857615573059e-18
2.530124672824020075e-18
2.562457810574395468e-18
2.589326069062675861e-18
2.659202027383959195e-18
2.678211486480590302e-18
2.740200080828943484e-18
2.775025395170725377e-18
2.814559981287812870e-18
2.822953040460884742e-18
2.866159962766219108e-18
2.887228243676459025e-18
2.940954903449193749e-18
2.989756899589814517e-18
3.051584723111024439e-18
3.057042052663431026e-18
3.089907875782692758e-18
3.138439581776745131e-18
3.164099614665347415e-18
3.240606181200029585e-18
3.269846733045118128e-18
3.332546333911280029e-18
3.355321754116921722e-18
3.418241737240598634e-18
3.511026999756429134e-18
3.540901416119559644e-18
3.588047843364106991e-18
3.640656270561640611e-18
3.666133974886955560e-18
3.738001157254577316e-18
3.859314287521237117e-18
3.917072440697296787e-18
3.986690252625702994e-18
4.054348482903213547e-18
4.115844827269519818e-18
4.226931841381524505e-18
4.339881550874480344e-18
4.383029614999237523e-18
4.473949148192775458e-18
4.627765634037616707e-18
4.654301162417055922e-18
4.888271955009216675e-18
4.998885968753634323e-18
5.063379030067296857e-18
5.218062527967711201e-18
5.478869386209561996e-18
5.733865578603010273e-18
5.865889230910807907e-18
6.137348727237114441e-18
6.261774344696389868e-18
6.700364044018581841e-18
7.027313800007694095e-18
7.899584532679347036e-18
8.451415235382475435e-18
8.726490408520749456e-18
9.634945621197646262e-18
1.026479481226680975e-17
1.156553613937340247e-17
1.213318098074560890e-17
1.462586106354719317e-17
1.746086844295124644e-17
3.088369939976454564e-17
5.148168693351234856e-05
8.810847164832406528e-05
1.424963509854181509e-04
1.581928546218759591e-04
2.120638153918461574e-04
3.171859651649522392e-04
3.505799612901583200e-04
3.511539204853812127e-04
3.903067948108590959e-04
4.693306510014338116e-04
6.678778543957596429e-04
7.949620908880817519e-04
8.921249598882826813e-04
1.136979656193381951e-03
1.787900460631461829e-03
2.605675545930153086e-03
2.889168587367024060e-03
3.616957316036436242e-03
3.977260386280586334e-03
7.649027027644630591e-03
7.946246017917615867e-03
2.137580603261961948e-02
7.898751908835241475e-02
1.131368022575527377e-01
2.241700466201232422e-01
