1.157207737062035044e-02
9.262418234340537987e-03
6.462230589839359877e-03
3.452627763468126606e-03
2.726322283786380019e-03
1.915938335881636799e-03
1.436361242327383568e-03
1.072150194193866729e-03
1.008090834507574052e-03
9.359525900262692568e-04
8.606681393670562868e-04
8.246509212252355406e-04
6.071640391129246939e-04
5.940920144559361802e-04
5.894516041122085589e-04
5.250627857729296558e-04
4.780103676480807200e-04
4.547918884364530578e-04
4.229950101425768399e-04
4.130376341834009939e-04
3.272703172086776757e-04
2.977119802063461947e-04
2.535696658284253106e-04
1.990568772430336396e-04
8.058496978777582699e-05
7.480011644304260831e-18
3.792807811592979146e-18
3.640626762896220411e-18
3.367988052565555168e-18
3.308121738089516047e-18
3.020693118148337555e-18
2.885772845254221971e-18
2.806028675041296404e-18
2.776029184669042067e-18
2.611023080574328887e-18
2.558363920786266472e-18
2.467192811094917393e-18
2.443756143584708672e-18
2.371111400987667511e-18
2.334996017137429937e-18
2.278232730066956467e-18
2.213423809274151057e-18
2.192693319964291809e-18
2.170324196982781730e-18
2.135610612933857111e-18
2.111322264495294487e-18
2.027774754726691714e-18
1.979700112622744361e-18
1.977820622939766224e-18
1.907604820646999347e-18
1.891217635268526197e-18
1.871731781119326003e-18
1.843697877009417599e-18
1.781846160013568208e-18
1.775197741754378945e-18
1.772987754048379405e-18
1.723389635616732029e-18
1.702595669346317409e-18
1.691142418557103676e-18
1.665723405594917759e-18
1.644658244004126879e-18
1.628431616006871959e-18
1.611473632970084389e-18
1.594570885942673009e-18
1.571651503440993426e-18
1.563770851168082837e-18
1.531562575521967203e-18
1.519139571490981417e-18
1.510013194992082293e-18
1.473914023094802231e-18
1.471371267732061554e-18
1.453669553095019969e-18
1.435258554136580931e-18
1.432994545668459144e-18
1.403145611492323877e-18
1.374396952300651285e-18
1.368287554833457677e-18
1.359088867016832982e-18
1.343810856716295597e-18
1.317601264300370331e-18
1.295495333104371650e-18
1.279398080268532782e-18
1.277152858244350089e-18
1.269315551378174490e-18
1.260595574366899701e-18
1.251450432937694090e-18
1.225136449697823147e-18
1.223556315503018814e-18
1.204504417439035948e-18
1.198663003298424643e-18
1.190326388255970661e-18
1.170419588163553777e-18
1.161936490621113147e-18
1.139778856107954792e-18
1.131025573756915051e-18
1.112289936896502771e-18
1.105989308255794330e-18
1.102697065396643418e-18
1.078598986974187265e-18
1.064299297372232089e-18
1.060375442971005283e-18
1.057565912481687990e-18
1.039893542303558369e-18
1.037387992104541038e-18
1.025178926599882973e-18
1.020428390686523167e-18
1.015415559570549636e-18
1.006188489011201986e-18
9.936620780245161528e-19
9.814152669179755901e-19
9.729886274952060531e-19
9.631841381748881338e-19
9.512256672705180356e-19
9.435730057506981792e-19
9.396611060778351743e-19
9.318283786018332926e-19
9.285929994667779467e-19
9.140400851685886233e-19
9.060234799519285519e-19
8.899415338414043891e-19
8.809454812761273784e-19
8.681498715634264036e-19
8.635985988662552717e-19
8.561709651416397527e-19
8.487805915939668311e-19
8.437202504753780777e-19
8.336170054478618745e-19
8.292405307731090158e-19
8.177517732249527630e-19
8.168070956337110682e-19
8.105489098049090299e-19
7.998067574793292469e-19
7.904733516666618740e-19
7.871675545685258937e-19
7.822956836138381005e-19
7.794148686315798653e-19
7.750638738873144233e-19
7.642700951945132867e-19
7.523443170486491805e-19
7.430842005115586631e-19
7.331862694858581844e-19
7.285163539398542852e-19
7.226369167344965028e-19
7.085054376657561895e-19
7.060685606665490516e-19
7.006794205393272965e-19
6.963842831873964756e-19
6.885368240343834330e-19
6.800327850054618696e-19
6.771749756822811100e-19
6.705747929172069063e-19
6.666818443995384961e-19
6.594552904012374153e-19
6.548981828017418526e-19
6.465323900642943776e-19
6.419802747851242391e-19
6.365999933301744465e-19
6.297859814230654408e-19
6.273927818973053806e-19
6.174249528941093677e-19
6.102378497816782451e-19
6.083042774844007322e-19
6.004005353962365273e-19
5.951545987230222763e-19
5.936946288213850252e-19
5.846548922960229579e-19
5.801129791019149297e-19
5.749264829217062328e-19
5.696284573608356587e-19
5.667485322372280138e-19
5.620715286687744727e-19
5.543754642683718037e-19
5.515868146129728918e-19
5.425185436525038519e-19
5.411917355043145932e-19
5.300173994775685553e-19
5.269425447351282912e-19
5.202700434681258370e-19
5.119397143322002635e-19
5.083815682841162953e-19
5.029499374915328614e-19
4.974841762987914120e-19
4.894283089815600097e-19
4.843485405147442975e-19
4.782282830942610758e-19
4.762266643237038745e-19
4.730242799582729571e-19
4.671095103172372253e-19
4.612881021151844509e-19
4.572854297158719229e-19
4.555417297957381536e-19
4.485066795799992251e-19
4.464173966037538801e-19
4.425899545496751650e-19
4.357338473364836067e-19
4.305764549289831486e-19
4.267134539272650550e-19
4.216299738456499940e-19
4.173258553054765176e-19
4.141114209735398512e-19
4.099483749601372528e-19
4.086702350277581851e-19
4.047364585095327979e-19
3.974566468100245038e-19
3.906359077665877023e-19
3.886231865599062080e-19
3.839932757258763203e-19
3.812448867556052977e-19
3.751655031649024166e-19
3.741664313778048926e-19
3.672332069984685349e-19
3.622624072190962653e-19
3.603552477530079632e-19
3.546016022989689423e-19
3.474999197489063215e-19
3.415410712943773291e-19
3.397597872113689496e-19
3.368654774738497888e-19
3.335458539874871811e-19
3.309526119220895477e-19
3.292989152950791459e-19
3.234744466559103522e-19
3.228398083227162049e-19
3.171072183274744397e-19
3.147957200679059386e-19
3.098104198936651164e-19
3.052963371589373567e-19
3.033002502744099934e-19
2.974218186735603907e-19
2.933269764737538681e-19
2.900770332155814671e-19
2.866950407296330708e-19
2.792866961887947410e-19
2.773651420211301233e-19
2.740730677054030741e-19
2.733020487443370795e-19
2.668089998238020957e-19
2.642150039521134533e-19
2.575252057075251792e-19
2.567038894228958716e-19
2.554238664705965487e-19
2.496122980937512869e-19
2.468284558449804205e-19
2.432022710809544792e-19
2.405606928697770240e-19
2.382308396499681250e-19
2.374872089112981104e-19
2.322833003565545507e-19
2.280559113478029202e-19
2.217441259165999644e-19
2.176871132186381566e-19
2.149686629435975220e-19
2.138780846905632020e-19
2.087733820415976257e-19
2.045769288420025861e-19
2.038685061413256960e-19
2.017589420386686544e-19
2.003632162705531967e-19
1.955576301549388177e-19
1.939582656112992675e-19
1.897429907386999947e-19
1.888889667274737678e-19
1.854792597729420534e-19
1.818518565079569990e-19
1.811188674394928058e-19
1.734876776639970903e-19
1.712464600401749433e-19
1.674619818674614781e-19
1.657347102617688000e-19
1.645097749758589597e-19
1.605788399492083701e-19
1.590459322605768887e-19
1.562449179336656296e-19
1.539805392485188447e-19
1.490150241201964801e-19
1.470430800938928708e-19
1.443463394854550253e-19
1.414581699421783402e-19
1.378496786544272558e-19
1.349102032549839518e-19
1.310555102108333927e-19
1.295657168253854631e-19
1.263947361243071963e-19
1.231426017646702432e-19
1.219340873350592826e-19
1.200681412444879737e-19
1.163801006338674862e-19
1.135308366281959358e-19
1.103002096719445746e-19
1.085474344669472446e-19
1.064135443323580978e-19
1.041200978258711219e-19
1.035262452800350589e-19
1.015456249920049413e-19
9.643859562908648454e-20
9.383404817999507012e-20
9.209059305192374298e-20
8.992553830572915793e-20
8.866543345730195662e-20
8.591883345331860532e-20
8.237665481875818608e-20
8.097871597031012010e-20
7.671484265167410525e-20
7.458209584144813106e-20
7.168246638481344829e-20
6.977130199594849610e-20
6.734142024470225994e-20
6.579627714441176037e-20
6.411520789104557163e-20
6.140618505706603528e-20
6.045762431881472601e-20
5.944255616177991959e-20
5.797220729616588485e-20
5.552747011854717318e-20
5.347752397759309800e-20
5.250877256884719084e-20
4.727179458040794130e-20
4.687921478655107035e-20
4.485650546615825140e-20
4.337693001868142501e-20
4.021723679552699496e-20
3.880764247280022825e-20
3.643874459763446900e-20
3.578756814352935872e-20
3.308145182583977353e-20
3.244020172873329435e-20
3.075293594585689450e-20
2.914238935993812259e-20
2.797289621976149076e-20
2.510296887754501234e-20
2.418147177474881800e-20
2.356823807913320080e-20
2.264228496900631944e-20
2.155537870075978735e-20
1.934845628630064893e-20
1.635755331894825519e-20
1.547892339805062511e-20
1.404372370976907866e-20
1.327146479696786602e-20
1.193813070910735650e-20
1.045989159655593250e-20
9.228719869544185524e-21
8.039331770273382548e-21
7.471189101153606899e-21
4.750733841165586947e-21
4.243590949774086052e-21
3.127003456175353764e-21
2.180049833182715793e-21
5.535448409963411641e-22
-5.892480957665138489e-22
-8.344856089418799254e-22
-1.775244122443376398e-21
-4.374647104882912167e-21
-5.408971647485375372e-21
-6.717709464897670329e-21
-8.578478518010230477e-21
-9.354105270479707506e-21
-1.140767370390910691e-20
-1.228365298228304753e-20
-1.392258710898609112e-20
-1.453219919482679131e-20
-1.493723265488076407e-20
-1.735954069832240703e-20
-1.795649750559612317e-20
-2.065976635823890352e-20
-2.178240576519157646e-20
-2.371227482688047892e-20
-2.516876026626753115e-20
-2.738796260655532268e-20
-2.762041855359292148e-20
-2.955122178886246596e-20
-3.178562117047361872e-20
-3.410635894238171646e-20
-3.554679200237731882e-20
-3.637579430803490236e-20
-3.781539677135311526e-20
-4.123552547006999618e-20
-4.339562788152119446e-20
-4.532903796927249534e-20
-4.691141771460733312e-20
-4.798972529862061390e-20
-4.904304157298187074e-20
-4.991535111868491801e-20
-5.211588492881575722e-20
-5.692983469360235759e-20
-5.898167784192284699e-20
-6.129256667745458034e-20
-6.383141808864211497e-20
-6.496530210059004903e-20
-6.660525957440722315e-20
-6.766405442424336666e-20
-6.899100920002379411e-20
-6.970428575042296766e-20
-7.115725645580584084e-20
-7.331467842666204543e-20
-7.467753300646371279e-20
-7.830925111744876980e-20
-8.042690541960332797e-20
-8.306418088009577767e-20
-8.353686336895572679e-20
-8.631935770849687378e-20
-9.094231121577652328e-20
-9.380828160222794492e-20
-9.776604025247509414e-20
-1.003782008279450275e-19
-1.030552683854169683e-19
-1.038798715039631647e-19
-1.071867209583345567e-19
-1.095838255895229801e-19
-1.116072037919728633e-19
-1.132368090012598141e-19
-1.162613847144006696e-19
-1.187896260226134351e-19
-1.209769658630709258e-19
-1.236883197787257456e-19
-1.253620497812570441e-19
-1.268047891568413952e-19
-1.299789465798904286e-19
-1.311298987645013578e-19
-1.380826306126697185e-19
-1.396324413647508051e-19
-1.437061899007542664e-19
-1.456540750620162830e-19
-1.497771380589598212e-19
-1.519584652392920905e-19
-1.547577181593413330e-19
-1.588385466034503611e-19
-1.592493263953708799e-19
-1.623898767180385967e-19
-1.658329127296520613e-19
-1.679891564418156064e-19
-1.715815282294957254e-19
-1.740568436600610752e-19
-1.777223631717934260e-19
-1.796240102218244773e-19
-1.851016753353509839e-19
-1.865209441785609084e-19
-1.895923666495359527e-19
-1.923458820598686112e-19
-1.951014203933747079e-19
-1.968567645664143936e-19
-1.989256442881647676e-19
-2.024838898986658529e-19
-2.069700310957117341e-19
-2.082376183218951690e-19
-2.151843039647168011e-19
-2.180122774857729467e-19
-2.197685281350158638e-19
-2.206846342660446477e-19
-2.288500561384730378e-19
-2.306450271286775909e-19
-2.332707757397370565e-19
-2.367116943936114209e-19
-2.417473519195439051e-19
-2.430395953822171582e-19
-2.487636007985048653e-19
-2.490246296349459894e-19
-2.523409898859413532e-19
-2.560664851544015030e-19
-2.576180594278433385e-19
-2.593637183492952393e-19
-2.632283962276802435e-19
-2.709848120295421071e-19
-2.734452885885897194e-19
-2.769218320713987870e-19
-2.788466476670682219e-19
-2.825887785120974903e-19
-2.846852467289833864e-19
-2.889949191246056030e-19
-2.893128197530816160e-19
-2.953542813073474160e-19
-3.000730170799319329e-19
-3.028404888451078021e-19
-3.078933738671293179e-19
-3.129906782107895106e-19
-3.164198931165826938e-19
-3.172094477459502901e-19
-3.235393266234045567e-19
-3.251242327023864142e-19
-3.292312557437432978e-19
-3.358640934701091590e-19
-3.370480889582017847e-19
-3.432235894081437825e-19
-3.445184146765633625e-19
-3.483170070532026948e-19
-3.523464466771657252e-19
-3.582771063497256333e-19
-3.615661222554113928e-19
-3.678598098677472921e-19
-3.715416568235149156e-19
-3.750310958076589924e-19
-3.804448396361737044e-19
-3.848133963228868055e-19
-3.910873464047664495e-19
-3.918758072675093746e-19
-3.976466653700330623e-19
-4.003278640689744434e-19
-4.040202635116841774e-19
-4.080907087751368441e-19
-4.112906682640206792e-19
-4.192696732551709960e-19
-4.231882480374636609e-19
-4.267949894616863214e-19
-4.278216079932677713e-19
-4.309376777905935215e-19
-4.359574794846159574e-19
-4.403185771755369384e-19
-4.450022676504416059e-19
-4.484850912481113348e-19
-4.509922824871537549e-19
-4.565381536294748928e-19
-4.659219282426106192e-19
-4.758095910487114496e-19
-4.777142819460099720e-19
-4.837613872692577171e-19
-4.890108260663147353e-19
-4.937765524354101091e-19
-4.971239773438786620e-19
-5.008309087051772710e-19
-5.059630515222009252e-19
-5.072331822482291670e-19
-5.187486512383055832e-19
-5.210877632948182192e-19
-5.264004298236604226e-19
-5.311495802056589634e-19
-5.378180177677266127e-19
-5.420228538691551065e-19
-5.446409127042392021e-19
-5.481831086375474967e-19
-5.522639525608333351e-19
-5.590204321299997459e-19
-5.640761412235407660e-19
-5.765885429112502829e-19
-5.795699959554826851e-19
-5.805441126529952862e-19
-5.857644852498775349e-19
-5.952311426870739869e-19
-5.978891958605458531e-19
-5.997513516393116264e-19
-6.015858933347211450e-19
-6.146515711838622609e-19
-6.204831415521924253e-19
-6.305715688751319856e-19
-6.418067311409645577e-19
-6.482741942883509243e-19
-6.543099703325981232e-19
-6.590689914581685103e-19
-6.613980111407585414e-19
-6.708250937414455524e-19
-6.829261437937944707e-19
-6.871370607219894659e-19
-6.926157069059568173e-19
-6.956797946499616770e-19
-7.007868990521104571e-19
-7.127824886330498078e-19
-7.163201460745890379e-19
-7.304850112205499853e-19
-7.332559371590154690e-19
-7.417285556657272263e-19
-7.433846250552981892e-19
-7.542087020049119943e-19
-7.565400346914301924e-19
-7.606005247107145131e-19
-7.791742295180396434e-19
-7.851688277316473915e-19
-7.928610476342756915e-19
-7.958452076758614703e-19
-8.050833015629164759e-19
-8.064922610457843080e-19
-8.165791541291297077e-19
-8.261244967289471943e-19
-8.285199601522241459e-19
-8.373325469336529833e-19
-8.412907279785198820e-19
-8.462288079814489015e-19
-8.533812330592364484e-19
-8.606864110398378590e-19
-8.827596276839552693e-19
-8.890747130568263976e-19
-8.923251524156294407e-19
-8.976913112610836945e-19
-9.107759695238707494e-19
-9.152362902834097444e-19
-9.187764582954031797e-19
-9.335614231109410035e-19
-9.354251339821623877e-19
-9.461359941209172925e-19
-9.581942829286472634e-19
-9.688506103367495337e-19
-9.848848060790353206e-19
-9.884880816449617302e-19
-9.955647040718540308e-19
-9.999817470092876446e-19
-1.007501750847504457e-18
-1.021731317760206125e-18
-1.025141236362759431e-18
-1.038485310438126796e-18
-1.047354853004453485e-18
-1.062291625368004352e-18
-1.065683109810635220e-18
-1.078907904373723164e-18
-1.090911598934367850e-18
-1.112688917297630794e-18
-1.126445454830578535e-18
-1.147719755558478272e-18
-1.153287451651952140e-18
-1.156514455453278538e-18
-1.169316410675627683e-18
-1.176422926237600631e-18
-1.194773790680014692e-18
-1.202552076787828745e-18
-1.212184989603688599e-18
-1.219403450592659343e-18
-1.234678627060695450e-18
-1.240352485384220153e-18
-1.252399715594496163e-18
-1.282522730868311307e-18
-1.304218338944014013e-18
-1.311193592003599275e-18
-1.324275626366408884e-18
-1.329693107983339690e-18
-1.363418259644500520e-18
-1.367944363423535897e-18
-1.383027335138446117e-18
-1.397053481011369246e-18
-1.413700150779999008e-18
-1.431941979084877059e-18
-1.455552922246993005e-18
-1.467597908976492324e-18
-1.479434461966058216e-18
-1.498189893124859282e-18
-1.514288208437447709e-18
-1.547286920178658862e-18
-1.549583383278904581e-18
-1.574792522881794454e-18
-1.600884277800034803e-18
-1.618756910865501805e-18
-1.624479951363807258e-18
-1.633114241930507006e-18
-1.658673236204182131e-18
-1.694498848720649978e-18
-1.708547186749249952e-18
-1.718965924523154167e-18
-1.731998876423351091e-18
-1.746529850126743963e-18
-1.778105341080670572e-18
-1.803145069260980262e-18
-1.826524664578076816e-18
-1.851931091339573421e-18
-1.880081472971671237e-18
-1.912766429667763358e-18
-1.923609780116379922e-18
-1.947726021271301185e-18
-1.971058887414993261e-18
-2.003565383667232124e-18
-2.039886882618181793e-18
-2.067728422070344521e-18
-2.086629796041470619e-18
-2.180891040639674693e-18
-2.203079128704382028e-18
-2.253034694766697177e-18
-2.276285784300134766e-18
-2.333801776527555838e-18
-2.393675785487359370e-18
-2.423738466630406151e-18
-2.468974020118889065e-18
-2.561827701672745107e-18
-2.608798793085993915e-18
-2.703414778701963632e-18
-2.757254410234304088e-18
-2.794924698360479807e-18
-3.020246259673581409e-18
-3.325919371314722782e-18
-3.476051831097036140e-18
-4.032554334517880243e-18
-7.157413570263995386e-18
