-2.263303514313332876e-01
-1.434874503373129440e-01
-1.363042331994561152e-01
-1.022834852906502889e-01
-8.847047652786411975e-02
-8.151433323019270649e-02
-6.692723019051140254e-02
-6.325693648734401209e-02
-5.758183019727620283e-02
-5.190048634111771308e-02
-4.724733662179183419e-02
-4.653889608397272781e-02
-4.351243831526538375e-02
-3.415879355456832162e-02
-3.250711200821927715e-02
-3.104605669046412580e-02
-3.005939506260432714e-02
-2.745098571214851790e-02
-2.638862451685369814e-02
-2.510548925149437907e-02
-2.327069783987503748e-02
-2.198744762456479596e-02
-2.134685443459368934e-02
-2.058117281382535954e-02
-2.006580233447663106e-02
-1.852230765832929213e-02
-1.790673054875544998e-02
-1.657436063270881221e-02
-1.590066724493456596e-02
-1.467165765474509262e-02
-1.443795254309214633e-02
-1.378242217216446054e-02
-1.373222931534311825e-02
-1.311902347779705415e-02
-1.255998566890087660e-02
-1.217084187490913641e-02
-1.166489251290763959e-02
-1.131695949072942728e-02
-1.106181830486335609e-02
-1.067198013108072198e-02
-1.020467637085622180e-02
-9.748859797669862798e-03
-9.593557476286733096e-03
-9.476315850721360456e-03
-9.304796880544629126e-03
-8.862718106343786539e-03
-8.617027649452116411e-03
-8.520441659116983341e-03
-8.250627774000918874e-03
-7.914966919567759454e-03
-7.786246838467084964e-03
-7.553875115670866808e-03
-7.433228400147648580e-03
-7.078930330252362554e-03
-6.899119930908964062e-03
-6.705517486752419869e-03
-6.620403125291361886e-03
-6.454211649414425510e-03
-6.401438597372873136e-03
-6.186141462804412017e-03
-5.883207871251655563e-03
-5.702639906812620452e-03
-5.623915371263227790e-03
-5.533653937825828636e-03
-5.437041808789575340e-03
-5.358919403409198590e-03
-5.240862260949652289e-03
-5.136808679504068116e-03
-4.971979225791380019e-03
-4.878081712341138590e-03
-4.705503348276761366e-03
-4.616131011715280535e-03
-4.595594652194798756e-03
-4.436663047909837100e-03
-4.380702993222587716e-03
-4.324329681796657346e-03
-4.220357076949326353e-03
-4.171507050974337244e-03
-4.050899647776076869e-03
-4.013776156826001119e-03
-3.939377599699117605e-03
-3.927288408457208294e-03
-3.873219112580427847e-03
-3.743337638772845609e-03
-3.700431132357517427e-03
-3.669615583309322054e-03
-3.583607227171652521e-03
-3.509482963852037646e-03
-3.467547163295645746e-03
-3.419038527539399863e-03
-3.313688494362717393e-03
-3.184676137534958248e-03
-3.178057098096996862e-03
-3.135553735534063035e-03
-3.075551762077230900e-03
-3.002252843601314631e-03
-2.930600627458765720e-03
-2.923293160634195600e-03
-2.900161595742701756e-03
-2.854731228599143196e-03
-2.804569251248327077e-03
-2.745172222715899259e-03
-2.694054592964377232e-03
-2.663704809287621971e-03
-2.613327991299263520e-03
-2.588540314918284877e-03
-2.537792108902084919e-03
-2.476186170153091715e-03
-2.422350496169614273e-03
-2.389132869674743653e-03
-2.375475178199246314e-03
-2.351717158224666138e-03
-2.331220961643272558e-03
-2.291812006247672361e-03
-2.250601575664307533e-03
-2.189733234949726472e-03
-2.174947804366299253e-03
-2.137313706995404988e-03
-2.128746689779047185e-03
-2.079887326797444889e-03
-2.023392692902413123e-03
-2.001407986961871791e-03
-1.975360508900626724e-03
-1.954137517210829175e-03
-1.899500202290280377e-03
-1.867682700647466977e-03
-1.845236351494274757e-03
-1.833021160860306628e-03
-1.801539391217394856e-03
-1.788848146316365708e-03
-1.758393517836986854e-03
-1.743651945358586260e-03
-1.701240147903901280e-03
-1.662859284738537257e-03
-1.652935995714630664e-03
-1.626575784643796447e-03
-1.586934748867939145e-03
-1.584947145960745622e-03
-1.558197715686047632e-03
-1.534725584694803663e-03
-1.519959914078500588e-03
-1.509563149600589519e-03
-1.480092547529659108e-03
-1.467252512305233011e-03
-1.445892054517443565e-03
-1.430904125260935508e-03
-1.387635854146735022e-03
-1.370819944754885118e-03
-1.360282167400422718e-03
-1.355231875081904435e-03
-1.323889440212011994e-03
-1.309907491467336574e-03
-1.279635185130450787e-03
-1.265145094736126567e-03
-1.242930074881357788e-03
-1.218321893714215337e-03
-1.214032469264517741e-03
-1.188412275694076094e-03
-1.168084335334031165e-03
-1.152885282522470457e-03
-1.147907012368066084e-03
-1.128652314043337079e-03
-1.113219380444305327e-03
-1.088465973035817984e-03
-1.083633469160667209e-03
-1.067084735389820047e-03
-1.061539573924092728e-03
-1.055097341503039021e-03
-1.039542385513090054e-03
-1.034615965457131356e-03
-1.017961921268370354e-03
-1.000812337717969704e-03
-9.951644290244487673e-04
-9.873093912454811247e-04
-9.690909403393056960e-04
-9.518222531221117669e-04
-9.484433555247276989e-04
-9.377550622573228552e-04
-9.182872353650774156e-04
-9.154968000607109505e-04
-8.976617506544114699e-04
-8.894940038708294434e-04
-8.813703806746133861e-04
-8.719487881258938594e-04
-8.570782588445303865e-04
-8.464434653219990315e-04
-8.311397799428680471e-04
-8.154204117511197137e-04
-8.064315741976391203e-04
-7.945787519641516394e-04
-7.917077744141610540e-04
-7.864194211964213891e-04
-7.808109101793691024e-04
-7.680375762229051714e-04
-7.563350774926929417e-04
-7.485061475862209331e-04
-7.421744216872889956e-04
-7.223078031101500462e-04
-7.176238277928050297e-04
-7.123309556217102953e-04
-7.035020784944788757e-04
-6.985804573316975463e-04
-6.893283354901562831e-04
-6.809858006405619321e-04
-6.753665121435195942e-04
-6.723378590280589288e-04
-6.582816313872089358e-04
-6.485022928070027304e-04
-6.358284460258214858e-04
-6.320659386761596013e-04
-6.171305160679863271e-04
-6.151567118108149925e-04
-6.042139984095255562e-04
-6.011620229385784744e-04
-5.988852961423557107e-04
-5.914084768164706114e-04
-5.821500412541273130e-04
-5.808866620707783769e-04
-5.742987650646468305e-04
-5.617463647637073150e-04
-5.587674090688500269e-04
-5.546715906330701917e-04
-5.483029427102180170e-04
-5.339020861422126649e-04
-5.317845255406387743e-04
-5.285474816505175179e-04
-5.229198026529052398e-04
-5.183021665321142692e-04
-5.102004729349433106e-04
-5.021039995156304728e-04
-4.941953576437115286e-04
-4.926088858833233605e-04
-4.866299019540928266e-04
-4.792268912210933120e-04
-4.736703901490239106e-04
-4.672586451792283655e-04
-4.605406624687347138e-04
-4.583317230881199522e-04
-4.517178013530545773e-04
-4.455066401575824065e-04
-4.413426467661737702e-04
-4.351038455292539236e-04
-4.281803671002392688e-04
-4.256639216849113965e-04
-4.218020449592946265e-04
-4.204955777037112084e-04
-4.131248793371664063e-04
-4.036136168590071112e-04
-4.016577218263658032e-04
-3.976972599678703347e-04
-3.951573420579506876e-04
-3.891955319935593428e-04
-3.853149501463314498e-04
-3.785986272905739864e-04
-3.712494311137251048e-04
-3.662206386148306137e-04
-3.647842896595492718e-04
-3.614063846298948171e-04
-3.547544622110123964e-04
-3.534839252005105275e-04
-3.486545727050940685e-04
-3.441959732181919013e-04
-3.432623177931601083e-04
-3.404300644552190128e-04
-3.352930212027081715e-04
-3.265920474833696732e-04
-3.219374509928654531e-04
-3.177968656780518300e-04
-3.161002632617592747e-04
-3.149684711641742964e-04
-3.091532526312682264e-04
-3.081683369558680958e-04
-3.013833210890406750e-04
-3.010401643894625775e-04
-2.976566542338659051e-04
-2.921210613393015348e-04
-2.849269782064800809e-04
-2.837174558424379687e-04
-2.798543057596980044e-04
-2.783459437226770911e-04
-2.727775848027122040e-04
-2.700904957181712754e-04
-2.668944869745765451e-04
-2.639633145144202383e-04
-2.602764139398118298e-04
-2.594308735801177505e-04
-2.578177433845373870e-04
-2.553697867111364220e-04
-2.502433422811479059e-04
-2.496543265387077271e-04
-2.471057500544547028e-04
-2.439401011951070888e-04
-2.405364581786085404e-04
-2.353467868009033936e-04
-2.337924455313799372e-04
-2.313118725234444134e-04
-2.273763153243004971e-04
-2.265449954919415839e-04
-2.229091101101204604e-04
-2.205522428361500855e-04
-2.168361139025956163e-04
-2.156498770825731768e-04
-2.124737098192473219e-04
-2.081042553342019681e-04
-2.055870150919891228e-04
-2.035760136604499316e-04
-2.015869413984363548e-04
-1.987593782935318746e-04
-1.983966366092899036e-04
-1.948964256464636715e-04
-1.929647471593686132e-04
-1.918497447922930103e-04
-1.883712730923442328e-04
-1.859880308678514018e-04
-1.827369241709766643e-04
-1.813717827079136958e-04
-1.795610896472010776e-04
-1.771008101679689755e-04
-1.756432061301081932e-04
-1.734462744264724107e-04
-1.720079788524436076e-04
-1.698578124610917138e-04
-1.680118614001556605e-04
-1.665562625698565051e-04
-1.633377711820599139e-04
-1.610880920684406670e-04
-1.598085845045352389e-04
-1.586969358565270660e-04
-1.573773300178727243e-04
-1.555587661906769614e-04
-1.522060311366892006e-04
-1.508703635568270016e-04
-1.499543402385169880e-04
-1.490068809404472745e-04
-1.475889434194950695e-04
-1.464800888872584955e-04
-1.439642698579170785e-04
-1.415094917672788386e-04
-1.406711683600877073e-04
-1.392775343100078743e-04
-1.374722857177515425e-04
-1.355132575302033817e-04
-1.325061150506875996e-04
-1.319638052927664949e-04
-1.311304162351241670e-04
-1.287713733211287754e-04
-1.265864774518660858e-04
-1.257317254266931007e-04
-1.245981293549482908e-04
-1.236624260258406321e-04
-1.218674153148896066e-04
-1.201360514240717097e-04
-1.185405725116939500e-04
-1.171134047156059465e-04
-1.162590276919320259e-04
-1.151154104766930934e-04
-1.128449957831223878e-04
-1.116976158039557860e-04
-1.099303185250454640e-04
-1.087736650011882680e-04
-1.078696843936470268e-04
-1.063291168704548197e-04
-1.056945391298959948e-04
-1.038912808215640535e-04
-1.031767743824667499e-04
-1.015559423883846126e-04
-1.004763823052326558e-04
-9.993818729075716698e-05
-9.842309944421356806e-05
-9.686321647228955396e-05
-9.553237565983180692e-05
-9.502472643715701383e-05
-9.388476965524360153e-05
-9.363696081842319183e-05
-9.243141698974107292e-05
-9.100170082598737673e-05
-8.966068824628775256e-05
-8.960343831231342175e-05
-8.784457734372925607e-05
-8.587051022853824198e-05
-8.510966297642347635e-05
-8.382118971613393887e-05
-8.329497085627095201e-05
-8.227252394537360629e-05
-8.184409672734152042e-05
-8.134957631527982421e-05
-7.865444606626371558e-05
-7.851669379588636108e-05
-7.708365241149647026e-05
-7.586282005846641820e-05
-7.541784928363349085e-05
-7.469582755563101235e-05
-7.349569075042670615e-05
-7.228145699441051574e-05
-7.186792196962019129e-05
-7.105279708724166637e-05
-6.985414188151722187e-05
-6.923426838619885281e-05
-6.822643448998146260e-05
-6.709743537283612892e-05
-6.675974276796708918e-05
-6.542906693085732712e-05
-6.455325952257164924e-05
-6.397027302520834346e-05
-6.358047023048355026e-05
-6.291390769276655672e-05
-6.173090393274086745e-05
-6.036512315444850804e-05
-6.001123579613133042e-05
-5.885645879505092132e-05
-5.820939364675918929e-05
-5.784895968733335108e-05
-5.713157927286033696e-05
-5.647217226949014028e-05
-5.586735732754129354e-05
-5.525672035188723788e-05
-5.412711723963420498e-05
-5.371042127442658340e-05
-5.324885065624402166e-05
-5.276820361686431610e-05
-5.132080148792090944e-05
-5.030258092909604750e-05
-4.995611951757435241e-05
-4.968583494984738955e-05
-4.833675020042691904e-05
-4.787722287784976411e-05
-4.740956442240068974e-05
-4.646849670491586177e-05
-4.641004524418790382e-05
-4.583776828899679544e-05
-4.441423963326759380e-05
-4.365667324204083470e-05
-4.345017511477422924e-05
-4.335999145122037374e-05
-4.234228170156600679e-05
-4.192508906201172867e-05
-4.161551280192231817e-05
-4.116187890499786777e-05
-4.018485449826623296e-05
-3.950977362356088705e-05
-3.921409391246455720e-05
-3.840204887346747054e-05
-3.829590527975436983e-05
-3.723864674713766806e-05
-3.695325907572083414e-05
-3.610568211191161897e-05
-3.591529863470107199e-05
-3.486015729573587276e-05
-3.470858550303371833e-05
-3.404400446189581321e-05
-3.345184809048993424e-05
-3.311995253561204482e-05
-3.264015935167204112e-05
-3.243297092426686550e-05
-3.168861998950611714e-05
-3.146389793023840367e-05
-3.040924459146421199e-05
-3.005981210802410660e-05
-2.984249094593103386e-05
-2.956741530308366415e-05
-2.914903571603557909e-05
-2.889471409071724692e-05
-2.770752258941988941e-05
-2.746047036672252524e-05
-2.729030982633519223e-05
-2.645073727935965367e-05
-2.643969899369542288e-05
-2.579744769373917750e-05
-2.553255077745533334e-05
-2.493805292805715743e-05
-2.474576186069747194e-05
-2.447159084229422204e-05
-2.383670976427077720e-05
-2.335905354194648184e-05
-2.305533074471704036e-05
-2.268378615929629875e-05
-2.252619659945744485e-05
-2.217522091320913989e-05
-2.178040483035738250e-05
-2.143439882545857136e-05
-2.078476969828921815e-05
-2.061820275178046774e-05
-2.021306363000021267e-05
-1.988359933205573074e-05
-1.969382405569512345e-05
-1.912748295203764662e-05
-1.885237624382042978e-05
-1.852838370810591735e-05
-1.820179712326210566e-05
-1.739585814754657900e-05
-1.699049998139903387e-05
-1.675673663673737387e-05
-1.641655809687811240e-05
-1.601258841261802627e-05
-1.577007177565820792e-05
-1.542239916678456223e-05
-1.529357607948902064e-05
-1.492408129214355036e-05
-1.476259591403170626e-05
-1.441588072635688556e-05
-1.392048297822594587e-05
-1.363360981068411126e-05
-1.354823878030870858e-05
-1.329031232561172144e-05
-1.297688714845371889e-05
-1.270072132855463006e-05
-1.265316769878204325e-05
-1.218076766297793609e-05
-1.204676178285812915e-05
-1.165768675411254211e-05
-1.127878619281049216e-05
-1.104189401873671814e-05
-1.070231317059407686e-05
-1.046790219976485911e-05
-1.040177270917441772e-05
-1.013157134546807828e-05
-9.619994490602389007e-06
-9.462107288984378253e-06
-9.246458708046209922e-06
-9.025929356211163227e-06
-8.751561453992848848e-06
-8.678808126422334719e-06
-8.491559812410363379e-06
-8.143723083003818889e-06
-8.052936966394049108e-06
-7.893415347663422011e-06
-7.764157292588322621e-06
-7.471896318612885905e-06
-7.327241051848082275e-06
-7.165632568917911004e-06
-6.856172019453071076e-06
-6.726013707271660745e-06
-6.384596012744543835e-06
-6.341320161823494256e-06
-6.171713558288074188e-06
-5.938167354517322949e-06
-5.814872914273287357e-06
-5.660837085294018509e-06
-5.441625938042541792e-06
-5.149985386433787554e-06
-4.932511403696824957e-06
-4.733760956160295617e-06
-4.612341253498837515e-06
-4.464356841538710854e-06
-4.281129089058126298e-06
-4.069965739200699709e-06
-3.936846632614599387e-06
-3.820399926775034968e-06
-3.682000685081215543e-06
-3.453622284076580465e-06
-3.251164780243421207e-06
-3.127838582994924820e-06
-2.993780033631523544e-06
-2.775273962286984630e-06
-2.693573345333036953e-06
-2.451762039307414108e-06
-2.353742116746075836e-06
-2.151193514100283430e-06
-2.036352471494464546e-06
-2.015585107926168374e-06
-1.658697648123829058e-06
-1.462811300695795755e-06
-1.349000423386273357e-06
-1.290611375795534243e-06
-1.183774695812232813e-06
-1.086143316417542001e-06
-9.406741185909417216e-07
-6.807825988574364041e-07
-6.385103023632097412e-07
-4.892526100043387758e-07
-3.961074140761626161e-07
-3.383181166870716979e-07
-2.301380025225718944e-07
-2.122358148531504399e-07
-1.034708329447842286e-07
-8.450253644129891461e-09
-7.351635729160137727e-19
8.081458189163904866e-19
1.595475414350265161e-08
8.632266067029845966e-08
1.442951910825545184e-07
1.621717792190029860e-07
2.115235713696010672e-07
3.361558582820745946e-07
3.643248330094634537e-07
4.589816394200888630e-07
4.961216324887772014e-07
5.657769097156390114e-07
6.557800389842443888e-07
7.060993325745499807e-07
7.451085517874564260e-07
8.166892225330520476e-07
9.326721587740956741e-07
9.523995918063661315e-07
1.022367057100502346e-06
1.088176244624486291e-06
1.198515812500810787e-06
1.341977878335119092e-06
1.405243900992775462e-06
1.586417875888821432e-06
1.630391370357386623e-06
1.804962499707656743e-06
1.874316111506682925e-06
2.141460990806611586e-06
2.285229338734828256e-06
2.457247440314143439e-06
2.759626974427069383e-06
3.171182031987729309e-06
3.448664443889848758e-06
3.805501879821892973e-06
3.970586661331056414e-06
4.509086496528371410e-06
4.947930994652876137e-06
5.379433611546623989e-06
5.754712013747296930e-06
6.258494600364611457e-06
6.777100275204744091e-06
8.676856949365263787e-06
9.044352343068865250e-06
9.321495445255254143e-06
1.102106821228150263e-05
1.214183276343399586e-05
1.335198731451835426e-05
1.432502741925450005e-05
1.517116040418783596e-05
1.757889513115125612e-05
1.821260329157023199e-05
1.908007989771227667e-05
2.303360427967634052e-05
2.411551605778848421e-05
2.684606214544695105e-05
3.068204411379349850e-05
3.298803014117373313e-05
3.720705315506789681e-05
3.862363081766135073e-05
4.311292504399535908e-05
4.718472962356635872e-05
4.976570059957594131e-05
5.473886722324340225e-05
6.223167596016641575e-05
6.563299468664539880e-05
8.132311311653676097e-05
8.708613838139768937e-05
9.935864146349121767e-05
1.090069832494385807e-04
1.139204281156305998e-04
1.283701188124748249e-04
1.387909199289864934e-04
1.708581930890051219e-04
1.867202183260716053e-04
2.112074005751218321e-04
2.269686532144523901e-04
2.668245389210596665e-04
3.286653325291899051e-04
3.480347941544067276e-04
4.015260249297941003e-04
4.435177713697782079e-04
5.123617265868985263e-04
5.395630307340629293e-04
5.851107456874256665e-04
7.828838745864175616e-04
8.292362936271638297e-04
9.775035651289625156e-04
1.060255970919083812e-03
1.132488838307878264e-03
1.311424808031474249e-03
1.434787145390127323e-03
1.521771371712814496e-03
1.858705837049532327e-03
2.551140987489256516e-03
3.337747269597984845e-03
4.451917213187279142e-03
8.469996750501423630e-03
3.540730210004421064e-02
3.409283725012722810e-01
9.780797198581225871e-01
