1.680244403791186694e-03
1.241186679382156894e-03
1.087994439148010604e-03
1.011861606575986889e-03
9.214878794653861725e-04
8.971226378396762388e-04
8.081410826961011196e-04
7.405065383240056398e-04
7.321704449517301696e-04
7.058759989398149951e-04
6.938095682948340268e-04
6.275228296684998500e-04
6.038480272645595703e-04
5.650356527360862920e-04
5.399864082297088294e-04
5.175197399674713334e-04
5.039089515010003462e-04
4.858583471485315827e-04
4.659295156945577666e-04
4.583084310115129287e-04
4.377628919743442809e-04
4.126704559524193932e-04
4.056847120263594366e-04
3.887112078718110448e-04
3.721812628955459019e-04
3.673768545325269749e-04
3.535957023039908468e-04
3.510413389249994638e-04
3.344939474560141407e-04
3.295389076557267167e-04
3.263318078562776588e-04
3.065315828997118661e-04
2.992125096725003651e-04
2.796040090784640835e-04
2.746469813029584059e-04
2.707082653399080696e-04
2.620761877716215778e-04
2.545130070828089969e-04
2.474023069648298846e-04
2.458106910805095565e-04
2.355483113518092996e-04
2.269278321340785260e-04
2.211535774828404116e-04
2.140852797667530932e-04
2.110069171421704692e-04
2.091304128024293633e-04
2.016956107341431621e-04
1.946191190943168613e-04
1.934600691860783694e-04
1.866667457887213248e-04
1.846634858090169333e-04
1.780230837103263493e-04
1.774145240385631189e-04
1.718767783588370248e-04
1.622798035090278234e-04
1.601602115472351988e-04
1.574645526089905856e-04
1.511387637188321416e-04
1.484631225389178332e-04
1.460943017801439659e-04
1.444168823047648062e-04
1.413729150250125346e-04
1.398791586187078835e-04
1.347264306969750164e-04
1.309389910767870297e-04
1.296986452304733299e-04
1.254645295271677910e-04
1.223691204208885320e-04
1.198479025818506013e-04
1.168759458429763235e-04
1.134384378113655783e-04
1.116792184114265849e-04
1.067063859565195021e-04
1.053727851690421493e-04
1.044086172516454740e-04
1.024704057992092444e-04
1.016080543767205541e-04
9.718518515957000749e-05
9.655035058229138975e-05
9.282086212718682885e-05
9.194830382538995788e-05
9.104897129444888219e-05
8.973258293461592987e-05
8.428449893005095510e-05
8.314250824968509330e-05
8.038979304335749714e-05
7.852183412380715072e-05
7.780726127242027965e-05
7.698146463661301197e-05
7.432691735557017535e-05
7.271880483951986330e-05
7.159798019596641191e-05
7.116749208375489294e-05
7.066598891089153147e-05
6.840674081603095142e-05
6.754952086772136345e-05
6.433397484675602157e-05
6.270886168458822180e-05
6.199309107510004495e-05
6.155677347773108783e-05
6.079369805412451923e-05
5.915719514606470231e-05
5.823419243481200053e-05
5.754468753749533705e-05
5.696392167843931562e-05
5.557004504294903055e-05
5.482106705264313737e-05
5.203039371111821328e-05
5.120157430172495028e-05
4.847219512204844154e-05
4.790415662206000120e-05
4.662742837113848041e-05
4.535220767747630597e-05
4.519604440773807870e-05
4.396488343686496408e-05
4.352344976949693847e-05
4.262945482423303263e-05
4.127786449477360294e-05
4.113145466581509150e-05
3.992998650524260399e-05
3.820174393736501458e-05
3.801526876336537141e-05
3.668593344089131233e-05
3.620212138546941483e-05
3.521013477547512604e-05
3.457568780856447782e-05
3.354622177238466364e-05
3.331514234354526446e-05
3.261485785522040917e-05
3.158178273160241480e-05
3.151753355189780965e-05
3.084638312154911626e-05
3.029964164709323838e-05
2.946491381185562352e-05
2.882460958470545409e-05
2.821534231875234087e-05
2.754306741587057522e-05
2.692833797581886440e-05
2.630093683199104414e-05
2.582043025317814426e-05
2.510118728756980717e-05
2.477008169030130115e-05
2.399789179900430359e-05
2.332041436276136124e-05
2.293143196677816119e-05
2.211841046277735422e-05
2.179991388255617075e-05
2.159671189998836580e-05
2.126078395562653348e-05
2.025207557567880082e-05
2.009912736752549441e-05
1.968050288683893654e-05
1.943711714591034659e-05
1.893684903896619768e-05
1.859432098564487519e-05
1.778125238381116457e-05
1.764592583903716456e-05
1.710688586982332020e-05
1.661262575942494874e-05
1.644203063055217127e-05
1.589495900302129600e-05
1.557825078683459637e-05
1.540620915941335871e-05
1.478061946210040566e-05
1.443497874482155403e-05
1.403881844496167689e-05
1.384615189261552790e-05
1.356968828591636305e-05
1.328980640679529528e-05
1.301316915908844529e-05
1.265648340258320125e-05
1.230667513557964790e-05
1.216252060564225438e-05
1.200948613887407815e-05
1.124833651058865575e-05
1.103261549073784798e-05
1.086922050481398500e-05
1.066935195497346856e-05
1.018963708002362509e-05
9.992245440189438389e-06
9.791416620739473858e-06
9.497671232520262427e-06
9.185464632766419133e-06
9.082611761292150844e-06
8.898516436276201694e-06
8.539715040759230446e-06
8.446117753355067567e-06
8.279811525390334061e-06
8.091758951920345380e-06
7.893269144183445496e-06
7.581459669978050612e-06
7.470964028964006163e-06
7.251393774052842371e-06
7.054328602529425817e-06
6.946426501710291751e-06
6.619420695782655793e-06
6.469312177234427023e-06
6.344607118135881854e-06
6.261151052356512968e-06
6.048108023510721633e-06
5.912937806078773947e-06
5.685839309285577184e-06
5.642339954110630176e-06
5.332764348515553226e-06
5.200467060139465625e-06
5.141472689121552783e-06
4.967678920895072074e-06
4.880964741599411592e-06
4.777208351637062890e-06
4.658489040570632972e-06
4.577773380206614233e-06
4.537024941889434234e-06
4.445861213356709166e-06
4.175644992216418649e-06
4.000808739288902955e-06
3.905250221092686012e-06
3.871899464342845800e-06
3.751220451920321988e-06
3.688967173451837014e-06
3.534296034453506518e-06
3.327915820452330141e-06
3.229578338047128435e-06
3.118002731504743017e-06
3.027398674796192413e-06
2.907077498804314944e-06
2.829221731435303047e-06
2.696344106963397521e-06
2.572970523264849926e-06
2.484134354734882782e-06
2.467747531083001442e-06
2.286226754452755716e-06
2.257882045476087996e-06
2.128637729787856051e-06
2.118189845580240661e-06
1.988924866865698080e-06
1.926943321848254420e-06
1.912798779571499105e-06
1.816434578081981940e-06
1.721169465757778562e-06
1.665836020641695017e-06
1.617034821724690618e-06
1.527931850573462625e-06
1.452610727574177720e-06
1.373141552006408642e-06
1.325515836166970426e-06
1.221229344256526880e-06
1.158265198775987588e-06
1.141097307606057625e-06
1.122987161448281809e-06
1.034039889691692962e-06
9.697554290493627624e-07
9.299373864136594138e-07
8.669985043319835465e-07
7.861555322813199029e-07
7.493565550996314349e-07
7.429469329047176978e-07
6.548068761947537544e-07
6.067999198870087512e-07
5.241176395514918453e-07
5.002011495182952564e-07
4.764158118872212446e-07
4.362350335849742699e-07
4.024893609104465526e-07
3.771981866156346636e-07
3.508640103324817607e-07
3.168906516502765173e-07
2.723021628486266703e-07
2.492403024157549626e-07
2.015534008803117072e-07
1.763146368588225910e-07
1.717959604750947176e-07
7.776662442651381558e-08
7.037477253107149963e-08
5.175129883792812428e-08
2.550045740146917891e-08
1.475974264148727852e-08
1.107249290272226440e-08
9.164175718625090360e-21
-1.954693452506754706e-20
-3.751659052523101000e-09
-4.468291113156809765e-08
-7.108841496590665021e-08
-9.714174749159361606e-08
-1.056095672798163630e-07
-1.097998461671704103e-07
-1.585593383575918389e-07
-2.054810997277788880e-07
-2.245338693854249441e-07
-2.630550531173319327e-07
-3.010282435497996318e-07
-3.253354209987535246e-07
-3.479829250482257075e-07
-3.869560119305275270e-07
-4.311628842707136725e-07
-4.618899778758073295e-07
-5.169933554075782979e-07
-5.596200591036455256e-07
-6.194824715076265302e-07
-6.486480476927202047e-07
-6.828974001318911285e-07
-7.155888172569788518e-07
-7.353432386572680388e-07
-7.625358239900164890e-07
-8.345955132698407134e-07
-8.582047724896136782e-07
-8.789336921811551434e-07
-9.011602127844459265e-07
-9.584255797442318840e-07
-9.864086811011711335e-07
-1.030496438379993928e-06
-1.074977053047957482e-06
-1.115880196433533201e-06
-1.147345211492729235e-06
-1.190802662394820708e-06
-1.244325924686627258e-06
-1.316134336170262754e-06
-1.333481807659074209e-06
-1.363325157384887140e-06
-1.414979203127020905e-06
-1.445348453055473520e-06
-1.521546527302460289e-06
-1.523352090980494797e-06
-1.577488189548196939e-06
-1.677501889680136543e-06
-1.692409772202268045e-06
-1.755457472083534243e-06
-1.831955635598296742e-06
-1.886446413154634089e-06
-1.917378280446195822e-06
-1.958151476846764757e-06
-2.009922987248424675e-06
-2.086109756549023938e-06
-2.163288396271730653e-06
-2.237086300106384798e-06
-2.278276583299519038e-06
-2.366998798264483960e-06
-2.406986033324798640e-06
-2.484557377264337565e-06
-2.529013497950688173e-06
-2.621775378451331213e-06
-2.636314688067714341e-06
-2.719921385674815016e-06
-2.759435344035449695e-06
-2.814394115360643801e-06
-2.922834490952996937e-06
-2.974249902987281919e-06
-2.981805102544772268e-06
-3.106807180669236760e-06
-3.166937982321559164e-06
-3.190265642904713204e-06
-3.257390375062411781e-06
-3.433855362355806700e-06
-3.495134006185461792e-06
-3.530460603988554193e-06
-3.630411306979580621e-06
-3.724460845732851035e-06
-3.768427286844843663e-06
-3.867151058827993475e-06
-3.944887816900168146e-06
-3.962873242117463058e-06
-4.165897527488859378e-06
-4.207839844435113924e-06
-4.327024727723674297e-06
-4.392897976162440774e-06
-4.525573544778775733e-06
-4.570415237095317895e-06
-4.707761661018288077e-06
-4.833107345394674375e-06
-4.878886643873329012e-06
-4.996047441001267732e-06
-5.024587005711007408e-06
-5.157857324500271189e-06
-5.360524212265561683e-06
-5.461669066104757610e-06
-5.538572097063440763e-06
-5.674336262183176454e-06
-5.695528127234872921e-06
-5.823390556170518804e-06
-5.969775947753257181e-06
-6.234064155605472541e-06
-6.291088435099160746e-06
-6.435482240000634850e-06
-6.566667612766170091e-06
-6.658831246125827317e-06
-6.739010948120258868e-06
-6.797399092338343937e-06
-6.990307994536308864e-06
-7.179908302199038671e-06
-7.251955393576813826e-06
-7.341007664071710185e-06
-7.477857313804974016e-06
-7.641649227274308848e-06
-7.770832385246975588e-06
-7.842113740398971289e-06
-7.943112789636373245e-06
-8.275803586230592559e-06
-8.340598953722365091e-06
-8.410030665480628211e-06
-8.601710065296057218e-06
-8.711293345808912049e-06
-9.001543027047916268e-06
-9.055667314520778920e-06
-9.185622361897351676e-06
-9.399042581482167907e-06
-9.497575993478894613e-06
-9.646098789654520582e-06
-9.715404939539996632e-06
-9.954253666056093048e-06
-1.018824923226372286e-05
-1.049995049800392351e-05
-1.054250984197849742e-05
-1.063895996552167791e-05
-1.086106065961165667e-05
-1.095488088484672170e-05
-1.115607248076778954e-05
-1.122072488458497709e-05
-1.153252555200232051e-05
-1.179403095449163266e-05
-1.199891275612042915e-05
-1.201244247179851233e-05
-1.211880099781906734e-05
-1.235334569289696310e-05
-1.254110976773559692e-05
-1.283757628981139953e-05
-1.286750279212770293e-05
-1.323613242891462416e-05
-1.336390485059315058e-05
-1.353087218008999027e-05
-1.365305592736536225e-05
-1.381565879782802983e-05
-1.389155687524227563e-05
-1.422736298067193547e-05
-1.457870114491508673e-05
-1.479817589919582636e-05
-1.497110496874656291e-05
-1.514356658481037173e-05
-1.550157765370047347e-05
-1.576300761751029552e-05
-1.607890004383380204e-05
-1.610427368873961347e-05
-1.645489789020088272e-05
-1.676421418875086649e-05
-1.690812638778818285e-05
-1.710056127801330323e-05
-1.740890927774565070e-05
-1.795365613845277010e-05
-1.808346156024991628e-05
-1.838331039615384474e-05
-1.902882654598793167e-05
-1.935072385078066536e-05
-1.955127255253019336e-05
-1.971339408817193896e-05
-2.007891079633824136e-05
-2.024140683832266227e-05
-2.055510321231813640e-05
-2.135692352937715554e-05
-2.161439394995594960e-05
-2.176107186078930585e-05
-2.205227816528470902e-05
-2.235208285362713578e-05
-2.262512735803753197e-05
-2.282867958876483912e-05
-2.304837453655246814e-05
-2.337349680281164557e-05
-2.390377994164054974e-05
-2.410881078867039445e-05
-2.436772101875281268e-05
-2.460933795047294575e-05
-2.499537321811018506e-05
-2.574935834976633433e-05
-2.604794476853006799e-05
-2.640118284928709980e-05
-2.650934037448342007e-05
-2.715532947657020612e-05
-2.738535660701419143e-05
-2.770797787170265657e-05
-2.828502606098578151e-05
-2.838195342548648092e-05
-2.898276503304235953e-05
-2.929324383557907328e-05
-2.971594992494949408e-05
-2.986754918636334434e-05
-3.071177647026954199e-05
-3.121778242106430844e-05
-3.198081805389701109e-05
-3.214463357835796643e-05
-3.275815996915084808e-05
-3.306297812945059339e-05
-3.413707314639582980e-05
-3.438310979605287761e-05
-3.479167688476496702e-05
-3.506627840968961604e-05
-3.602102913435162833e-05
-3.655718838581821869e-05
-3.710119603248399696e-05
-3.753597877063239916e-05
-3.780292208765805435e-05
-3.871444310924278872e-05
-3.974151324622437451e-05
-3.993229580324721568e-05
-4.035316564779640130e-05
-4.114181515096784845e-05
-4.209197484063325934e-05
-4.239490771232382456e-05
-4.265193020461849387e-05
-4.361795295598273984e-05
-4.407715479453997050e-05
-4.424834502711531793e-05
-4.509091316092388087e-05
-4.607169682778494051e-05
-4.668970955594209165e-05
-4.739450631865469403e-05
-4.797496060704624431e-05
-4.823881178040150680e-05
-4.865056438871768308e-05
-4.922716952163407712e-05
-5.012088664852460106e-05
-5.032299147164511730e-05
-5.134681659693907482e-05
-5.255237211923472591e-05
-5.352177449462901829e-05
-5.435998673911873020e-05
-5.472548959342191772e-05
-5.595941384529102788e-05
-5.613970925791335196e-05
-5.741267125155387151e-05
-5.812555944378109904e-05
-5.905151926010043388e-05
-5.933825436443202400e-05
-5.981891914232454339e-05
-6.161699548801764911e-05
-6.249589072895103692e-05
-6.320543025087071336e-05
-6.374222075646200701e-05
-6.453487201561850265e-05
-6.612900578231088559e-05
-6.647794708490780693e-05
-6.792662618373415066e-05
-6.820536105311478920e-05
-7.008106255819975883e-05
-7.075726858210599167e-05
-7.159594268661136985e-05
-7.266766097165314338e-05
-7.371658971781861478e-05
-7.450717032281846776e-05
-7.575720393169913707e-05
-7.621306283396693537e-05
-7.816891740874473010e-05
-7.931856566744139724e-05
-7.965754242429155872e-05
-8.036436071267559500e-05
-8.145174097022272303e-05
-8.268982017601355186e-05
-8.436924071994043211e-05
-8.641278661352863925e-05
-8.698656928310612602e-05
-8.889554205032417671e-05
-8.944077893599367934e-05
-9.109060794245145008e-05
-9.259537251576553890e-05
-9.329467092147609563e-05
-9.682771384287794251e-05
-9.836562928550148584e-05
-9.864497259186262362e-05
-1.002082005193551893e-04
-1.007521480947045093e-04
-1.040919461700527514e-04
-1.048513102297007638e-04
-1.064695974499181515e-04
-1.067434753611052738e-04
-1.079935424453797596e-04
-1.112474725247495266e-04
-1.130276025858479872e-04
-1.144087424949245861e-04
-1.153573776996301577e-04
-1.163044283705977588e-04
-1.178012990033129598e-04
-1.206554969342431879e-04
-1.214666033305970356e-04
-1.271464462028900038e-04
-1.280264337036169080e-04
-1.297090514568502700e-04
-1.325672980784356795e-04
-1.341566772016546377e-04
-1.349514249730342913e-04
-1.365970406724468763e-04
-1.376126758860890770e-04
-1.384680663425444575e-04
-1.416181167631864796e-04
-1.436328701823290084e-04
-1.456288146436115702e-04
-1.493663369880929542e-04
-1.502071455573539781e-04
-1.536661043348906913e-04
-1.545433054485943021e-04
-1.584107955091392710e-04
-1.608795327657083427e-04
-1.646381832630344050e-04
-1.675305359236391428e-04
-1.686910015607078633e-04
-1.698884211771447118e-04
-1.719957795426461824e-04
-1.783024098234804375e-04
-1.818473329317694563e-04
-1.858101459046222986e-04
-1.874533967966255006e-04
-1.908916203757696618e-04
-1.938199315707994186e-04
-1.966175131154281356e-04
-1.985098891021338553e-04
-2.067315142204841831e-04
-2.080356844542700315e-04
-2.133668679046990535e-04
-2.156790295714739109e-04
-2.180763174285167845e-04
-2.209542022897243449e-04
-2.239278743976481044e-04
-2.290012244984221293e-04
-2.296138115452487662e-04
-2.341157754005760133e-04
-2.378833452986179448e-04
-2.495366554081635772e-04
-2.526736976105039482e-04
-2.593702426478640194e-04
-2.634693921960441494e-04
-2.644535685975382450e-04
-2.674192082973443478e-04
-2.715917560648784109e-04
-2.782403645483831449e-04
-2.844989703081592320e-04
-2.891280563169934818e-04
-2.933646756523543828e-04
-3.041419572453902815e-04
-3.056809386981610452e-04
-3.124785967879247276e-04
-3.212774009867461070e-04
-3.265865719605257826e-04
-3.337885715270209777e-04
-3.407643476503637568e-04
-3.503856714591663040e-04
-3.553325307355815468e-04
-3.578382018452147214e-04
-3.642153711708495168e-04
-3.659741899764223190e-04
-3.793465836664137265e-04
-3.943535010338082569e-04
-4.106014917290039452e-04
-4.118944127277848885e-04
-4.175431226998134546e-04
-4.344808308953630933e-04
-4.442807322896254445e-04
-4.593989474404497927e-04
-4.720210837851645017e-04
-4.742477046096090095e-04
-5.072390938387210139e-04
-5.105013737671792182e-04
-5.224535107399943309e-04
-5.477447920008682823e-04
-5.641577936932329080e-04
-5.730773038069330227e-04
-5.838152380085388825e-04
-5.996494716828638331e-04
-6.330878126389026268e-04
-6.396268746375156434e-04
-6.622506706558836621e-04
-6.816026171757785931e-04
-7.037794887099424945e-04
-7.565917289280831839e-04
-7.599655332760736149e-04
-7.967354553803599609e-04
-8.540856352557009944e-04
-9.059549491475722173e-04
-9.224200562023671633e-04
-9.470289197280475600e-04
-1.029979453550988961e-03
-1.098105643488439444e-03
