-2.104329276249589098e-02
-1.855992113745778826e-02
-1.285981311781945156e-02
-8.688189201989394636e-03
-8.324829427164419024e-03
-7.765275540781067798e-03
-6.402600164937499033e-03
-6.243525183115386339e-03
-5.920404231422981244e-03
-4.728786901107880601e-03
-4.463747252388307850e-03
-4.179023225431824709e-03
-3.862205213857518998e-03
-3.660936411823191919e-03
-3.451080620481653503e-03
-3.160261961408247430e-03
-2.833254572443642295e-03
-2.646226304943326887e-03
-2.447256106087054590e-03
-2.305074554920225928e-03
-2.213727580431036103e-03
-2.094057793061125314e-03
-2.047357890797729067e-03
-1.883913402511732359e-03
-1.753932047695529964e-03
-1.707890468189180886e-03
-1.663752254689529562e-03
-1.578032145154887721e-03
-1.502022068801394479e-03
-1.435583602849861435e-03
-1.368623977990914616e-03
-1.349226374895782631e-03
-1.309633775043784077e-03
-1.272650261053558931e-03
-1.149000389932157808e-03
-1.127943673651529049e-03
-1.084318453783613247e-03
-1.054645171793489478e-03
-1.040949490720516303e-03
-9.760006728658687965e-04
-9.565873622311456400e-04
-8.812517028139969918e-04
-8.767433155968319030e-04
-8.369538339987962197e-04
-8.098171243455845039e-04
-7.787321971361265121e-04
-7.584044407058755047e-04
-7.380840745456107490e-04
-6.823238665681171560e-04
-6.719015968672193079e-04
-6.408968354820129571e-04
-6.367940460415804759e-04
-5.887132759110390648e-04
-5.865932481680046461e-04
-5.694028563845235109e-04
-5.610073504224029860e-04
-5.407318703254264435e-04
-5.378836497779882105e-04
-5.158427626006846121e-04
-4.993786895797645755e-04
-4.818411568579593438e-04
-4.634554069967295993e-04
-4.427966039080621420e-04
-4.382020674724571496e-04
-4.209562922914586143e-04
-4.073484687467663137e-04
-4.040208882837251106e-04
-3.858109266151257691e-04
-3.739101556894349528e-04
-3.729601863779565592e-04
-3.566118698431179493e-04
-3.520624183416926588e-04
-3.396634828302583361e-04
-3.268974155852564590e-04
-3.176538325885487667e-04
-3.111018460512881526e-04
-2.926596298414081590e-04
-2.893886489761448655e-04
-2.821253701985544692e-04
-2.794724446511004552e-04
-2.739549282315721450e-04
-2.694324222602598033e-04
-2.608823365432419916e-04
-2.485986710215437167e-04
-2.449882460631409116e-04
-2.374458625100596583e-04
-2.276354074911332147e-04
-2.268564505904901291e-04
-2.260151238701973671e-04
-2.163024317707587171e-04
-2.103871026821808497e-04
-1.971856584610496860e-04
-1.910261912125598208e-04
-1.881657150108540031e-04
-1.824821208559390044e-04
-1.776531120438810377e-04
-1.767341752072265268e-04
-1.746296076631671378e-04
-1.706242619565897188e-04
-1.650313028756011718e-04
-1.561124004915019940e-04
-1.490447860982234396e-04
-1.481653791989211936e-04
-1.445897602215628463e-04
-1.392275616478184095e-04
-1.354203719115672450e-04
-1.345509257086502147e-04
-1.321260428440843341e-04
-1.227576047358548477e-04
-1.218626602767128417e-04
-1.183054397419602388e-04
-1.170684251820294341e-04
-1.147014156888945052e-04
-1.108078205460616780e-04
-1.085069472998863549e-04
-1.040951595793527688e-04
-1.016958581274760275e-04
-9.916868301527794502e-05
-9.572662494381896869e-05
-9.355968522719753701e-05
-9.181079519331178189e-05
-8.836470167847263238e-05
-8.719336139812932176e-05
-8.491757780303478846e-05
-8.443148860013737834e-05
-7.886578074353571088e-05
-7.732007152942928284e-05
-7.555459507171499614e-05
-7.332326665657675911e-05
-7.244644217175544537e-05
-7.091132751449975911e-05
-6.819392613757140726e-05
-6.658085583919277136e-05
-6.584897887276651874e-05
-6.329185286867675152e-05
-6.197336737776096846e-05
-6.123015005178101319e-05
-5.847372207554259519e-05
-5.825578042040034524e-05
-5.619420714501227495e-05
-5.331192017180017749e-05
-5.268768062290366449e-05
-5.190707082944007400e-05
-5.088793890712229977e-05
-4.797935819371103625e-05
-4.650980276580327902e-05
-4.493313491958467832e-05
-4.444210832759677655e-05
-4.290060854918202664e-05
-4.155594074634608230e-05
-4.065289479269621256e-05
-3.866615703910966087e-05
-3.774539145564200220e-05
-3.742767590890637208e-05
-3.694287325259238851e-05
-3.631657453936460003e-05
-3.506404263059941038e-05
-3.377307133205042475e-05
-3.341533556056750984e-05
-3.257942261575127389e-05
-3.087317213993175162e-05
-3.016080767596864329e-05
-2.960321030694353930e-05
-2.787860749377198854e-05
-2.754793256842250819e-05
-2.662218035771251950e-05
-2.632143795751654318e-05
-2.578475535120784362e-05
-2.518201833949391865e-05
-2.505172206095693566e-05
-2.390756418571737043e-05
-2.362549331066888655e-05
-2.243608507284021461e-05
-2.180231841527650546e-05
-2.120088719058667542e-05
-2.069841604701913975e-05
-1.949737259928112357e-05
-1.949543552737746706e-05
-1.882415549265768130e-05
-1.861431892012974749e-05
-1.812915272544980195e-05
-1.751415838281549449e-05
-1.693724870402787234e-05
-1.659594635925446302e-05
-1.577804714873163222e-05
-1.562556837383293694e-05
-1.522906644214528102e-05
-1.471164245284327650e-05
-1.421269464903949107e-05
-1.351698023465209214e-05
-1.276316331247863878e-05
-1.250335943281737559e-05
-1.229567388218614882e-05
-1.195344009238712957e-05
-1.176261132298930741e-05
-1.162352380384612643e-05
-1.090018923405917029e-05
-1.072134782783987733e-05
-1.036911661391787664e-05
-1.009207896366152292e-05
-9.686081814801388663e-06
-9.635097167428213985e-06
-9.362234020587418271e-06
-9.183388975181832093e-06
-8.750085414133093557e-06
-8.667227089197468060e-06
-8.049141258381204737e-06
-7.774068810697188552e-06
-7.680091363397027708e-06
-7.339666303904149709e-06
-7.049044641793293176e-06
-6.832632304596427131e-06
-6.512255775698541800e-06
-6.309198004743525145e-06
-6.104713305642249663e-06
-5.803192697901812112e-06
-5.639857399823485577e-06
-5.496202150499710858e-06
-5.315655931728260403e-06
-5.205871268832437679e-06
-4.858192186131494828e-06
-4.755852940419756108e-06
-4.581154635380942211e-06
-4.483536594506727202e-06
-4.265257157037718346e-06
-4.087971339835820750e-06
-3.942020536625537719e-06
-3.695518908768665462e-06
-3.573732998634505428e-06
-3.501918408486858606e-06
-3.268878580131370115e-06
-3.217868214745674690e-06
-3.037654826376243541e-06
-2.946838162230979154e-06
-2.826175166085305171e-06
-2.583218398126182635e-06
-2.454185047748125136e-06
-2.419427959173884814e-06
-2.210473470314618908e-06
-2.118986150503202694e-06
-2.073256412317404824e-06
-1.945831759015772788e-06
-1.773892855292914043e-06
-1.686877333895241128e-06
-1.523947182452701609e-06
-1.468608089838058656e-06
-1.386361028044376537e-06
-1.320603966763610254e-06
-1.202383999515321926e-06
-1.074122836479423669e-06
-1.050778508286235227e-06
-9.855286692887216096e-07
-9.038442786286895912e-07
-8.278525653980296015e-07
-7.497016656117345013e-07
-7.144298820276009600e-07
-6.554917712963861661e-07
-5.388292682131413421e-07
-4.727314523864601568e-07
-4.068100487877074908e-07
-3.506308963633000856e-07
-2.999407731708877550e-07
-2.711775153186900143e-07
-2.083238724940194649e-07
-1.901787533329098911e-07
-1.203501938085012342e-07
-7.923532931748209353e-08
-3.394187264635530365e-08
-1.298640163256236376e-08
-3.945749969195352178e-18
2.403976375352431557e-18
8.201142420276895916e-09
7.077264576356448480e-08
1.166222360719965493e-07
1.475837038794127284e-07
1.912427328528033803e-07
2.126228857630051784e-07
2.990835141472447041e-07
3.121728695951436660e-07
4.346345762455705192e-07
4.705616401818462407e-07
5.954936065997184365e-07
6.276841844767203634e-07
6.923335244791903392e-07
7.915151474251351085e-07
8.326251844367768392e-07
9.135626317196876822e-07
1.045582288863200805e-06
1.159183696775332874e-06
1.194907987638548547e-06
1.318478843917367569e-06
1.427247409043561842e-06
1.465679821656134980e-06
1.555189705921471453e-06
1.634205012345043244e-06
1.682473223925928503e-06
1.741063566272343452e-06
1.808954735900829471e-06
1.863261133267376912e-06
1.889585091073004183e-06
1.945072563969197034e-06
2.090145468161715831e-06
2.121280946301129150e-06
2.250876129234066580e-06
2.306323463731565347e-06
2.491054565768983094e-06
2.520183335374814865e-06
2.649611121291470400e-06
2.768359094264395925e-06
2.866850813363388791e-06
2.982843024046462991e-06
3.111012603373730446e-06
3.190632574476906016e-06
3.237302980189344601e-06
3.312695149144958402e-06
3.319629360016135701e-06
3.466536637921089879e-06
3.606506642932886792e-06
3.784322567696065566e-06
3.997155372303014953e-06
4.008021980466309533e-06
4.139140067959221266e-06
4.173196675805387754e-06
4.321364536590281943e-06
4.542057492489448311e-06
4.663884660289869266e-06
4.756312587368847822e-06
4.933389015305943774e-06
5.125365379223119458e-06
5.237376809049376174e-06
5.315952672769366654e-06
5.513223740173862127e-06
5.767941761189542734e-06
5.829081508845689619e-06
5.903660742878911042e-06
6.066076398861263494e-06
6.278888742525893283e-06
6.367283461930011728e-06
6.458348938791868157e-06
6.697380252432892674e-06
6.772743941405697883e-06
7.074430107358109043e-06
7.093811977207127815e-06
7.309623806709305846e-06
7.553881152648989052e-06
7.860725200520759997e-06
7.911701260434161041e-06
8.076752587446682367e-06
8.300047104431773273e-06
8.390777839014482530e-06
8.764687734449785395e-06
8.936253660442228629e-06
9.384368357095311303e-06
9.563352723822802213e-06
9.793761473451514772e-06
1.001412546879368430e-05
1.024167913401557740e-05
1.035952895339391349e-05
1.063237959661496724e-05
1.074280037520375046e-05
1.094544955491842875e-05
1.146965273902228908e-05
1.156667873542069351e-05
1.175865489101474400e-05
1.199364007570788537e-05
1.226704669806848031e-05
1.253997129544398498e-05
1.283317925195387559e-05
1.310804636118875499e-05
1.344848904014038821e-05
1.359251669412456517e-05
1.384699107624483400e-05
1.407246018295328405e-05
1.425784927624161839e-05
1.448713532633321534e-05
1.475269277632860501e-05
1.519205654092802125e-05
1.553533590601359886e-05
1.569798521431928169e-05
1.610908231577310896e-05
1.634112091124745672e-05
1.662068321745649693e-05
1.692954422566533346e-05
1.748081769468505612e-05
1.774610311848972893e-05
1.838828885174461405e-05
1.861334028155028856e-05
1.884921388905633338e-05
1.893885319752899537e-05
1.919561056559204783e-05
1.937122180826944927e-05
1.956620085930562029e-05
1.996461348606544964e-05
2.034444910086508174e-05
2.069728110263798805e-05
2.135870371336604992e-05
2.179643339575039869e-05
2.231199652562371524e-05
2.285460662706408069e-05
2.318263797994119378e-05
2.348273855115948894e-05
2.399267451194399644e-05
2.469845884010431181e-05
2.483881061224057520e-05
2.528545293293860772e-05
2.572565876665997478e-05
2.613934265711368349e-05
2.668896402216148844e-05
2.705479467721694695e-05
2.749576044391665821e-05
2.788646595333803073e-05
2.850350149081156263e-05
2.890974612821517855e-05
2.891948257540207198e-05
2.952943884956456898e-05
3.056750670062137590e-05
3.086196133558976142e-05
3.166694163186308414e-05
3.211623011145656404e-05
3.321647247943407152e-05
3.338853424478218821e-05
3.364008536042184554e-05
3.405147518879169310e-05
3.532070481731281061e-05
3.600802061304824017e-05
3.686628354466011157e-05
3.766734810374373714e-05
3.811287372553296760e-05
3.879975196192085742e-05
3.928065874224382807e-05
3.987407426433466334e-05
4.049217871698730615e-05
4.143166346832480507e-05
4.230756841077507242e-05
4.269672719640441738e-05
4.365866872521720387e-05
4.461412172366463925e-05
4.530603004093220815e-05
4.650255922066633200e-05
4.670549677806003458e-05
4.788314701515941396e-05
4.869754619589213577e-05
4.915113616337876034e-05
4.944539493414612139e-05
5.098431110495743390e-05
5.130936012646473391e-05
5.216888720492758591e-05
5.239805819563487057e-05
5.339711568091877328e-05
5.359637745538553712e-05
5.481238456868283018e-05
5.552685411385920494e-05
5.713114025236361597e-05
5.740547595302649927e-05
5.917229761026981103e-05
6.068989939458560291e-05
6.169819344678253656e-05
6.283851242462104288e-05
6.336232783488793339e-05
6.435159850179695824e-05
6.584652945558265396e-05
6.639790444855909178e-05
6.847062288978312855e-05
6.897904285543531044e-05
6.962003336378066543e-05
7.116335914858014811e-05
7.248164396672712392e-05
7.423896700598489249e-05
7.552737109900036242e-05
7.603284663263519387e-05
7.725204627496844742e-05
7.874494093979620259e-05
8.258792424210136408e-05
8.283694994924341727e-05
8.315448408355351293e-05
8.447796897265945880e-05
8.620214587451084751e-05
8.856930965934629971e-05
9.067877419233838574e-05
9.218871074216396764e-05
9.292706866503052982e-05
9.538404499388445257e-05
9.781481523201737271e-05
9.818849404113275385e-05
9.936976675707537049e-05
1.016277738616219403e-04
1.020462569932874551e-04
1.054423005235418813e-04
1.072434693942401411e-04
1.101924784453461447e-04
1.116766339964719320e-04
1.140356393193158997e-04
1.154676007443824868e-04
1.161284167628168131e-04
1.183956406785676059e-04
1.208501833259876336e-04
1.279009510158225077e-04
1.281900520571022583e-04
1.299032624925020518e-04
1.307597981887570189e-04
1.327277071944925194e-04
1.351226498021737912e-04
1.390007751555181873e-04
1.401351548494986199e-04
1.424310650159655309e-04
1.442671785969925073e-04
1.457925507346765617e-04
1.478778487980738265e-04
1.516277850747206634e-04
1.536817079933986568e-04
1.591939088019306476e-04
1.603783977646536544e-04
1.615541122064481313e-04
1.665980204489369838e-04
1.671385453560257173e-04
1.711234314817952477e-04
1.734948244227844916e-04
1.810852001574571421e-04
1.814038403643815822e-04
1.859748168585917459e-04
1.877196312077571876e-04
1.902600639233480715e-04
1.968337294409017147e-04
2.027445394092167381e-04
2.054770005095265552e-04
2.076939474002845848e-04
2.104496431949749052e-04
2.159920190683887152e-04
2.214075581381234632e-04
2.259976446304213062e-04
2.287436904364427209e-04
2.345274922073708893e-04
2.409004595885920648e-04
2.440305041017810765e-04
2.475138704838118634e-04
2.512085143884610770e-04
2.538475854492436875e-04
2.617347685179488353e-04
2.666595332985369324e-04
2.699713557830570759e-04
2.741145407290682904e-04
2.776965061469160653e-04
2.813494631436708410e-04
2.906207725011254110e-04
2.959529488803065104e-04
3.025506505203964564e-04
3.118078221313758808e-04
3.124344774259305469e-04
3.195391310641344578e-04
3.236856475520172045e-04
3.267188259720543004e-04
3.398575417311027348e-04
3.438434175024783165e-04
3.533153159552725664e-04
3.562064402077892451e-04
3.626510336052884411e-04
3.775756130829156548e-04
3.845298387096085361e-04
3.907726532077543846e-04
3.978632526976457221e-04
4.089777955797989644e-04
4.159990723101053989e-04
4.231280620446212226e-04
4.362755559748821466e-04
4.381715910474070922e-04
4.484026664553917760e-04
4.572919705038155187e-04
4.603077404745431413e-04
4.663734761441715778e-04
4.820254835138479584e-04
5.025429577612617119e-04
5.142424880868985216e-04
5.230972743997819047e-04
5.430213440069358698e-04
5.615380905472705172e-04
5.707675862224755297e-04
5.881240656986292444e-04
5.898942952961309591e-04
6.036032807944734756e-04
6.123903416259526616e-04
6.173510909612648116e-04
6.235125504428722749e-04
6.585715962554972809e-04
6.676480568716604454e-04
6.902341612141589576e-04
7.019629441425500422e-04
7.206622062147392468e-04
7.398454515123857904e-04
7.780072621570183634e-04
7.957388698234788048e-04
8.094624253681876637e-04
8.268355677392114859e-04
8.414974976532689326e-04
8.462118104422596682e-04
8.578884141900716817e-04
8.984312317694881410e-04
9.308880017989865736e-04
9.407790313061348622e-04
9.760156628311007689e-04
9.961560508923474055e-04
1.019775761226036741e-03
1.056547001438563156e-03
1.100408935560311932e-03
1.105067927737421333e-03
1.127524647890685520e-03
1.175527920484829847e-03
1.225235279419996555e-03
1.252285643548946672e-03
1.281529436096673965e-03
1.343147007554938927e-03
1.368215586325625737e-03
1.392156673556594476e-03
1.438036195580755759e-03
1.497921977139198045e-03
1.521568520810017778e-03
1.532232028234035027e-03
1.622728558299267642e-03
1.652514201676996610e-03
1.790346584921738817e-03
1.807299132247980637e-03
1.863963478954695730e-03
1.909138761324220574e-03
1.974528368498016957e-03
2.004975734100823085e-03
2.132207022588174933e-03
2.196369961646068431e-03
2.331120733976223009e-03
2.410015294840877134e-03
2.520292370251382436e-03
2.536138190051131364e-03
2.662391093337153607e-03
2.809334251547566767e-03
2.864683544751395281e-03
2.979919930365673968e-03
3.106196835802122261e-03
3.222683425754668124e-03
3.276750739957946627e-03
3.564988100277591190e-03
3.698901547355650053e-03
3.894154437537611542e-03
4.175890188404762088e-03
4.482843157056244990e-03
4.556281328511759161e-03
4.730343119990545846e-03
5.035709005530690681e-03
5.363440541485209670e-03
6.088204052748090456e-03
6.391508018449824739e-03
6.974869664466787876e-03
7.609402968275435879e-03
7.938634786721809194e-03
8.920358319459356297e-03
9.797117090326780062e-03
1.027383569897983087e-02
1.132717476575584303e-02
1.265048404249920211e-02
1.387461040274105828e-02
1.456535550375871561e-02
1.634261393927895212e-02
1.943305418056351375e-02
2.044079665553263925e-02
2.277487466773385830e-02
2.560543174476999362e-02
3.191689108194251112e-02
3.591876659129451810e-02
5.667065700507671611e-02
7.330717755493242060e-02
7.542244579777777902e-02
9.569395993665580358e-02
1.093961862863201823e-01
1.936417305683684476e-01
2.097309632320929762e-01
5.362851786513098684e-01
2.397117297935612790e+00
4.636868914063215996e+00
1.391772964583362793e+01
