1.630647180024827119e-03
1.193628606680861327e-03
1.046582845457794380e-03
9.768316063211569637e-04
8.854485942485399667e-04
8.558566832772710256e-04
7.724986547341473669e-04
7.158951435265812745e-04
7.003455599544733097e-04
6.761894181217716895e-04
6.621502389345219289e-04
6.013238963545476223e-04
5.772186944062708764e-04
5.415304451645226768e-04
5.166177659085349760e-04
4.949058415319139426e-04
4.811045478598265090e-04
4.653782997095152509e-04
4.457025025578441584e-04
4.410777397659627398e-04
4.191188327850849864e-04
3.991873898719701147e-04
3.903226389918295226e-04
3.706655285221237468e-04
3.573151800421320041e-04
3.499732443990158956e-04
3.385967418450798135e-04
3.351713956731618171e-04
3.197492843625495437e-04
3.147888894546687537e-04
3.109536409159568515e-04
2.922963237405579021e-04
2.867071558127827925e-04
2.669131198478250479e-04
2.616791630294602248e-04
2.566925973713982665e-04
2.498824273460166371e-04
2.432903945078269156e-04
2.360486210650150228e-04
2.339575186054142241e-04
2.248426912450859916e-04
2.180174207392067496e-04
2.107525102416787737e-04
2.067265644770414565e-04
2.044420530544304967e-04
2.018116639942490250e-04
1.928756980460633746e-04
1.846417888549762513e-04
1.836688977661679698e-04
1.776092947501890318e-04
1.753666755206867661e-04
1.692658393241359494e-04
1.685256813393159840e-04
1.640689786968318174e-04
1.560109026542184799e-04
1.535080467410343910e-04
1.499897867427789735e-04
1.440199485603706902e-04
1.420271096701472319e-04
1.386783619127228970e-04
1.363852835140169672e-04
1.339445093220549261e-04
1.326997560901055752e-04
1.301222095268250202e-04
1.282983907063867557e-04
1.247698081604429424e-04
1.192303143539121587e-04
1.161932969675759137e-04
1.143599656194349508e-04
1.104643165313788308e-04
1.078420348315590257e-04
1.060669921210178783e-04
1.017951083004625212e-04
1.003271816490038934e-04
9.918814722775842676e-05
9.794957066538444754e-05
9.650676927047971497e-05
9.263863598063468163e-05
9.128858519825836567e-05
8.790206875556830929e-05
8.785764395574557537e-05
8.642779913495611630e-05
8.529989809586630890e-05
8.013814553655044626e-05
7.960067567590987264e-05
7.642604565354304224e-05
7.509126287316204330e-05
7.402293622314793395e-05
7.284692325383164912e-05
7.073941399564012559e-05
6.915570707074483389e-05
6.859644235480837386e-05
6.751113649970248948e-05
6.703326874118913981e-05
6.467880458709733896e-05
6.457025648984492040e-05
6.241754857909120608e-05
6.154982475676816001e-05
5.922554567956624669e-05
5.841960474364371586e-05
5.822690509206108046e-05
5.623870710160313338e-05
5.488005066924149717e-05
5.410432488126854379e-05
5.379647339325083292e-05
5.309956584988496806e-05
5.202088486841387302e-05
4.923993691365339073e-05
4.845534656696624923e-05
4.628800326189374718e-05
4.507707039263602445e-05
4.388864345365855730e-05
4.302037505549223588e-05
4.288700727508041791e-05
4.181586832747748574e-05
4.113552833555627220e-05
3.989378606157855918e-05
3.893752103051618669e-05
3.870411220520426226e-05
3.784693234668602419e-05
3.620301587960988169e-05
3.570859441557825282e-05
3.506641662060482891e-05
3.404813784855747582e-05
3.335398645528334777e-05
3.226144673375249728e-05
3.184451288480172890e-05
3.153363164040328206e-05
3.105939858122718877e-05
3.017682565735630088e-05
2.961257280575643383e-05
2.952250681960250734e-05
2.859728416084885737e-05
2.786520611701500148e-05
2.728879217050203019e-05
2.640342436927470052e-05
2.588198252907108487e-05
2.542249601717820595e-05
2.452922117101121171e-05
2.418965836920722990e-05
2.395202114366879319e-05
2.316212641467528687e-05
2.254190016348331019e-05
2.201726022013437352e-05
2.163400784835879339e-05
2.096012924967254499e-05
2.037534878176816338e-05
2.014755259204944893e-05
1.978224662825197138e-05
1.916746114051271575e-05
1.891676213783349150e-05
1.839805615193078073e-05
1.810081361970814913e-05
1.784573311300123691e-05
1.722155248288325779e-05
1.665065004415019264e-05
1.652433753092212316e-05
1.607196592505194809e-05
1.573720327272712345e-05
1.545560059572791939e-05
1.495830575507487032e-05
1.445117487436245888e-05
1.423374334996282256e-05
1.395556690154212560e-05
1.351783694525900580e-05
1.327223695884195517e-05
1.286708115091171708e-05
1.265833835994483256e-05
1.252751748236089068e-05
1.213375678375685551e-05
1.169688200438609808e-05
1.149525053171351947e-05
1.139602466472931350e-05
1.117343616588754255e-05
1.042138308336501489e-05
1.032748824229707746e-05
1.005045218299087707e-05
9.907714724455924450e-06
9.520969932886581518e-06
9.279010290317426726e-06
9.220269364108175304e-06
8.751756047646673357e-06
8.563469431531530127e-06
8.441254867647414220e-06
8.171615741128804980e-06
7.970046326321896709e-06
7.790949714844324077e-06
7.634761253760240969e-06
7.605083810571041416e-06
7.351007598297353709e-06
7.063358083792920765e-06
7.030021767414912636e-06
6.879271769001203544e-06
6.567625613197193580e-06
6.324209659175434013e-06
6.047891027756878043e-06
6.026094123989984750e-06
5.874212093348948085e-06
5.763312344314340956e-06
5.564529650212521016e-06
5.459794081725612292e-06
5.258030339513753791e-06
5.067176814875696879e-06
4.843056155507004845e-06
4.743795479977882192e-06
4.657318350176709006e-06
4.627798671248264428e-06
4.477994855180862519e-06
4.455302045101389888e-06
4.257123064948533849e-06
4.226093083184978098e-06
4.156733705350313476e-06
4.076814346854713661e-06
3.822959508555728725e-06
3.679095817337507083e-06
3.566267597920209966e-06
3.529050168789531149e-06
3.395082671435863500e-06
3.310120638598189896e-06
3.086117674639549192e-06
2.973686655833452875e-06
2.887970566060666068e-06
2.809220765850014054e-06
2.701264037974049948e-06
2.693344962859837917e-06
2.531581285810345638e-06
2.402281765452633322e-06
2.342642068335354693e-06
2.265561592736004263e-06
2.212651772241648309e-06
2.100186657177255631e-06
2.001007158725866906e-06
1.926947997716225722e-06
1.890062850167626590e-06
1.760139253436302939e-06
1.732202578825922922e-06
1.617375637035188286e-06
1.589957711842267579e-06
1.549334226175353814e-06
1.469986869157282392e-06
1.398443502632405246e-06
1.350013684561557724e-06
1.271303517250328684e-06
1.217534213028978804e-06
1.131282624447042541e-06
1.080849982512026263e-06
9.982220061368470915e-07
9.885894324170762086e-07
9.680723313241442600e-07
9.155435027792755020e-07
8.175632758883117133e-07
7.954897206585988495e-07
7.173416460197334111e-07
6.674334288668932055e-07
6.422453299949032678e-07
6.263754199464835423e-07
5.434592253369605773e-07
5.153265737631729853e-07
4.358912601193265461e-07
3.836991654534826099e-07
3.756865194754917618e-07
3.331139784286281856e-07
3.241897873964438860e-07
2.950917247914686292e-07
2.880843442671613429e-07
2.145510845053534223e-07
2.086038566967205320e-07
1.620004902997240895e-07
1.340320440270963387e-07
1.070440051860261770e-07
8.269850382771154534e-08
3.214738207564678465e-08
2.189954240320905110e-08
4.234566854893711778e-09
1.284830303236526779e-20
-1.108273771371103665e-20
-1.214125377319927122e-08
-2.340663392385043925e-08
-4.042345997811015248e-08
-7.894424739389005834e-08
-8.293174662893978693e-08
-1.191144840967475598e-07
-1.393884251095417256e-07
-1.568518249849512497e-07
-1.953710219982825712e-07
-2.325541703067889414e-07
-2.582389693051326414e-07
-3.341519091341731431e-07
-3.508239658626001927e-07
-3.615555498592107038e-07
-3.808151487507964187e-07
-4.315312536076793755e-07
-4.562120516159388628e-07
-5.256681176841765364e-07
-5.535880375178388819e-07
-6.108228493019256595e-07
-6.353946313550194515e-07
-7.173677181661731516e-07
-7.354490357822304580e-07
-7.623233593495066737e-07
-8.007317871642003226e-07
-8.248475603974142740e-07
-8.825625805404045039e-07
-9.033698613484957655e-07
-9.486641091226617549e-07
-9.954203747577487222e-07
-1.010892955433660216e-06
-1.060913387153140638e-06
-1.113042671089858834e-06
-1.147571903190212332e-06
-1.201787959658223081e-06
-1.226347692422925045e-06
-1.248133164501604424e-06
-1.312789339058234921e-06
-1.369812959919824942e-06
-1.415331488991375732e-06
-1.470155557911382206e-06
-1.498873757898653832e-06
-1.551246716540584179e-06
-1.572893727497096126e-06
-1.582104830965923984e-06
-1.651197669610843187e-06
-1.712315230085566293e-06
-1.824078526138605784e-06
-1.833609076020690900e-06
-1.921791507405867873e-06
-1.941809807709107485e-06
-2.026263095518234706e-06
-2.045627295145289830e-06
-2.076161152022117540e-06
-2.154578934846291487e-06
-2.192743853042476512e-06
-2.312564584870419059e-06
-2.381748004486297776e-06
-2.401324342977651132e-06
-2.509757605983464481e-06
-2.585383812843996325e-06
-2.700482095105772155e-06
-2.761733368610802747e-06
-2.768259885093949818e-06
-2.801849441307301538e-06
-2.889294799123659079e-06
-2.927103167448732697e-06
-2.982443100460696229e-06
-3.087330507690094985e-06
-3.138975064062815225e-06
-3.197422328366348712e-06
-3.253795870650481632e-06
-3.335037330132611836e-06
-3.385058423582062885e-06
-3.464230216796946335e-06
-3.595805302570806094e-06
-3.648091072590329947e-06
-3.717092451390160519e-06
-3.814121762759261695e-06
-3.897302485598845047e-06
-3.970695790688288095e-06
-4.046033681491694565e-06
-4.125623255785975546e-06
-4.143108687042743872e-06
-4.360764956575027128e-06
-4.423280857079847234e-06
-4.495923251257243246e-06
-4.567734200352405393e-06
-4.660590911628878409e-06
-4.814466466183217815e-06
-4.941592509166444598e-06
-5.001006046460846244e-06
-5.055459968233528436e-06
-5.211188811154483921e-06
-5.240199022816990679e-06
-5.349189386993425440e-06
-5.521153623924594673e-06
-5.641423714908478564e-06
-5.688167102594236290e-06
-5.807331166186946150e-06
-5.924709506478508996e-06
-6.037705049309578490e-06
-6.243991034182527277e-06
-6.462630729817698236e-06
-6.503781724353477518e-06
-6.619157691255245784e-06
-6.832347975948370981e-06
-6.860129090469248670e-06
-6.905710248425732015e-06
-6.973108139544533105e-06
-7.363609980265795014e-06
-7.408152698025035547e-06
-7.488795544064016334e-06
-7.570243572372920698e-06
-7.772171541496469612e-06
-7.943806068464331243e-06
-8.125137310141993598e-06
-8.141376929426383837e-06
-8.295723353080417678e-06
-8.475729417143665573e-06
-8.587386420551040262e-06
-8.649450794213526801e-06
-8.830022628371383796e-06
-9.015805264286224049e-06
-9.308344104875357935e-06
-9.347133688273468041e-06
-9.416919949670766920e-06
-9.606042770848085755e-06
-9.795682407350462742e-06
-9.921526044837774698e-06
-1.001285702257320715e-05
-1.017189637526824776e-05
-1.043283502901606080e-05
-1.072561169671906102e-05
-1.083028402662032941e-05
-1.092206338715181654e-05
-1.115840271970795097e-05
-1.118630943549230442e-05
-1.142491298159502800e-05
-1.155674949032644267e-05
-1.174534463245840844e-05
-1.213036477191956622e-05
-1.226061495068358714e-05
-1.236545021009913678e-05
-1.243245898159592510e-05
-1.257801467224758897e-05
-1.276469622699200816e-05
-1.303895403827208683e-05
-1.309154410291831673e-05
-1.348575439404027903e-05
-1.361970172808865612e-05
-1.376847596254047586e-05
-1.394611163342201250e-05
-1.404081692899468254e-05
-1.413102449784165103e-05
-1.454808344659812043e-05
-1.495147797615993301e-05
-1.524764436381458102e-05
-1.534975088642369256e-05
-1.558355650076050211e-05
-1.570566603436388076e-05
-1.623161852724710463e-05
-1.640845914083693898e-05
-1.659658322892260712e-05
-1.685345170188083094e-05
-1.716135263571120354e-05
-1.740274425081970221e-05
-1.762674657542740881e-05
-1.790176721829592340e-05
-1.822990020274171312e-05
-1.853097887237685314e-05
-1.897235104339980739e-05
-1.939927780269581011e-05
-1.974485804230205162e-05
-2.005956555939645322e-05
-2.024436398727065371e-05
-2.053249758413420734e-05
-2.073173925506096674e-05
-2.101454655742538878e-05
-2.169083363157725173e-05
-2.215260679122330335e-05
-2.224224532561892129e-05
-2.250926765310792648e-05
-2.292560719678207292e-05
-2.311785482563810646e-05
-2.333676570785650714e-05
-2.340146319166276463e-05
-2.373046606276953195e-05
-2.424028638519185538e-05
-2.454312727242520921e-05
-2.480281692890268591e-05
-2.512749105107656608e-05
-2.534362649998816685e-05
-2.627640008800592839e-05
-2.637872657138525800e-05
-2.682230639708179718e-05
-2.724360403218023733e-05
-2.771455300696608570e-05
-2.775140360655760149e-05
-2.846738237333137271e-05
-2.888389053027204991e-05
-2.959952065013251348e-05
-2.968207805700422106e-05
-2.984945629193089364e-05
-3.018228648298897337e-05
-3.048150353023962750e-05
-3.150833275618046986e-05
-3.170626625045289598e-05
-3.241113806101043068e-05
-3.257185773116408627e-05
-3.326583333969736558e-05
-3.375840816660051881e-05
-3.472073041514541966e-05
-3.488210878517586367e-05
-3.521526861623530094e-05
-3.560429459440192588e-05
-3.641781015119690190e-05
-3.698644642952672937e-05
-3.760350193179878294e-05
-3.791332108912251546e-05
-3.851799114608578855e-05
-3.942048964173531161e-05
-4.011701021381555411e-05
-4.021763473002256805e-05
-4.096575718923823527e-05
-4.175089980280066748e-05
-4.276396656626744395e-05
-4.299931905737531363e-05
-4.324332618752971074e-05
-4.426419622608013878e-05
-4.471756505904274788e-05
-4.509506204265784367e-05
-4.569845964111769022e-05
-4.677896549043161377e-05
-4.714899659331957726e-05
-4.791673989085941604e-05
-4.857220319963367552e-05
-4.898356677579931620e-05
-4.935846007437077592e-05
-4.965892873603742097e-05
-5.077530491892723270e-05
-5.115324354128497446e-05
-5.198530836413830565e-05
-5.305698412561493860e-05
-5.427176941843444490e-05
-5.520884917626719013e-05
-5.540189287805891068e-05
-5.663443000793279199e-05
-5.664800101454349452e-05
-5.784537532813739089e-05
-5.879888726800289303e-05
-5.969986635246518272e-05
-5.995184478252111335e-05
-6.014214550850757436e-05
-6.209286590925486337e-05
-6.312545547864320831e-05
-6.371673933258306796e-05
-6.466325648561346969e-05
-6.531090548910676002e-05
-6.735162912876819163e-05
-6.819152138366640936e-05
-6.876173498177947264e-05
-7.081880494494746019e-05
-7.111456520877002929e-05
-7.217556504978188631e-05
-7.299977033668738019e-05
-7.405542242911346675e-05
-7.502163309277100952e-05
-7.610787767279139952e-05
-7.652019289180641540e-05
-7.820594309534946930e-05
-7.868097101599681525e-05
-7.969385009730442363e-05
-8.029857762329055729e-05
-8.114947880713081687e-05
-8.239525750396170262e-05
-8.328168252356182876e-05
-8.523033071092435279e-05
-8.688917687267125474e-05
-8.761826635928843992e-05
-8.936186912766747319e-05
-8.991705947399036185e-05
-9.162979366304380027e-05
-9.297784489187637899e-05
-9.367351460708953515e-05
-9.727158396712519623e-05
-9.905771602916443777e-05
-9.947020805706554853e-05
-1.009202728280818794e-04
-1.012352539973235423e-04
-1.045679891099985807e-04
-1.051947324499060479e-04
-1.070252494087141533e-04
-1.073833965057244516e-04
-1.084026729174563319e-04
-1.116480291170278931e-04
-1.131912909263790102e-04
-1.147308748020892013e-04
-1.160290953552270068e-04
-1.169928138968124481e-04
-1.181582912495067331e-04
-1.211284024812991125e-04
-1.221424019319333981e-04
-1.275307567249252553e-04
-1.283045999605667248e-04
-1.300032317936064259e-04
-1.328762742305135750e-04
-1.345980775557415474e-04
-1.359670023516376506e-04
-1.374234880199882330e-04
-1.381693772264865094e-04
-1.392061253496187955e-04
-1.419170443458895399e-04
-1.442612506155702818e-04
-1.459988608142501426e-04
-1.497231086085473565e-04
-1.505129507557692234e-04
-1.539776859449136287e-04
-1.553290777586524931e-04
-1.588317957453374185e-04
-1.613481542875099201e-04
-1.646924989814444352e-04
-1.680548347979390011e-04
-1.689257879697065191e-04
-1.705980214433808662e-04
-1.726878163070661408e-04
-1.785234772755197902e-04
-1.819679512542776332e-04
-1.861807320808867797e-04
-1.876205004347440415e-04
-1.908704753622483374e-04
-1.941030445243632221e-04
-1.965477142926275015e-04
-1.986547085255214692e-04
-2.070778239123096168e-04
-2.098087875986860251e-04
-2.147867933498154075e-04
-2.159626876135889418e-04
-2.184596046736846618e-04
-2.213843626292513408e-04
-2.242780933683226590e-04
-2.292735233250221773e-04
-2.299098933186623532e-04
-2.344192234892387592e-04
-2.380249736610958507e-04
-2.495417466054321428e-04
-2.529315712507642158e-04
-2.594341844537501355e-04
-2.630139845837623229e-04
-2.643752323578075982e-04
-2.658123264385429539e-04
-2.716867728747862924e-04
-2.784432114485142057e-04
-2.847676738304852849e-04
-2.905204272812509118e-04
-2.957999803648327358e-04
-3.041962586258408082e-04
-3.062548831369538106e-04
-3.125550888691759665e-04
-3.214620683546199850e-04
-3.265324169877819606e-04
-3.338250515330824851e-04
-3.411489212949638146e-04
-3.503773562934677345e-04
-3.552032676113760462e-04
-3.577665413680205923e-04
-3.642375630252033393e-04
-3.662222464671472332e-04
-3.795572140504738365e-04
-3.941588242312146686e-04
-4.104425181125662082e-04
-4.121138138843120804e-04
-4.176250921032263860e-04
-4.342862013067227923e-04
-4.440359201229490921e-04
-4.597663181853796984e-04
-4.720898627501131308e-04
-4.741913797927878771e-04
-5.071307004309137407e-04
-5.102517945144681910e-04
-5.224190188958654363e-04
-5.473976090580736460e-04
-5.638917407214924559e-04
-5.728015679746816706e-04
-5.837585617184480992e-04
-5.991563410390589664e-04
-6.329559773254794840e-04
-6.392958381789118133e-04
-6.622345480760951850e-04
-6.820277868014785506e-04
-7.039610962174760620e-04
-7.563480079663333251e-04
-7.600618297221392204e-04
-7.968146806128701722e-04
-8.536217257645906152e-04
-9.052851763655262720e-04
-9.219719208754164480e-04
-9.460687881710419913e-04
-1.029623481527870655e-03
-1.096072649215791388e-03
