6.190258349230428562e-04
4.407966639910244075e-04
2.484291405999153801e-04
1.448393293192639297e-04
1.187525029434925754e-04
7.861844385217835760e-05
6.662287114982163195e-05
5.712634216040734256e-05
4.667447864273247123e-05
3.941924896588964202e-05
3.605593649277330260e-05
3.517560427238514186e-05
2.973317506851842309e-05
2.512403651694641727e-05
2.431474466055557750e-05
1.988441519121688817e-05
1.829513062232346058e-05
1.818776471935019156e-05
1.688427250142407080e-05
1.221636126755389670e-05
1.043123289812150760e-05
9.226881610211284438e-06
8.795834331424972361e-06
5.412135727435252042e-06
3.600392081375572549e-06
2.192041700688945381e-18
1.222138072573389985e-18
9.247783654863590967e-19
9.184837564742754373e-19
8.635134966938685624e-19
7.857125387028301197e-19
7.624945909093513401e-19
7.275363018766583174e-19
6.757992040448443894e-19
6.515142563862489149e-19
6.442557370597534953e-19
6.197057635294082094e-19
6.154375539721264320e-19
5.929221977502637865e-19
5.901952732160847229e-19
5.772742056776710793e-19
5.612064584410681591e-19
5.557914783778337971e-19
5.499088574015678997e-19
5.288319622767683935e-19
5.176221159939082572e-19
5.090592575871061732e-19
5.066106569589886541e-19
5.051005629976367318e-19
4.982472395559841102e-19
4.886118974303997427e-19
4.820927762048881612e-19
4.749338370333034919e-19
4.701634210938161680e-19
4.614754618617310908e-19
4.566226602283131797e-19
4.414857656390376813e-19
4.323635070401506406e-19
4.204364865077244301e-19
4.155423833215915585e-19
4.126507374359941179e-19
4.070820047230214715e-19
3.999344917958055595e-19
3.905274375178569358e-19
3.864446417981814915e-19
3.830655662463384912e-19
3.777253773077011215e-19
3.729021192486627454e-19
3.687336387353860465e-19
3.646901828018191317e-19
3.607851533581630941e-19
3.573055965515261464e-19
3.507977761845162893e-19
3.497352914718469576e-19
3.448634546689847113e-19
3.390608219857883951e-19
3.360361278854589798e-19
3.323711735208187924e-19
3.296083393629917632e-19
3.258469522303996216e-19
3.211635111053078643e-19
3.191588527710438889e-19
3.184332207284594293e-19
3.107221204143805379e-19
3.062586342827179356e-19
3.039772142060326104e-19
2.990408999777796727e-19
2.928925215231430894e-19
2.903942823149981026e-19
2.880566945092356411e-19
2.868075198952636452e-19
2.794809700925223670e-19
2.768062403688195239e-19
2.750700768267888148e-19
2.715586579624647064e-19
2.682936934140863543e-19
2.659289928914972156e-19
2.638986206766319150e-19
2.602122088289259985e-19
2.581842884766593904e-19
2.575084973338082283e-19
2.560781702222280892e-19
2.489861925021489315e-19
2.459539274863243084e-19
2.418590842430731124e-19
2.396967640229003251e-19
2.391034207751563777e-19
2.336589342651563291e-19
2.326322943392146323e-19
2.304663295138807604e-19
2.272903804846818477e-19
2.265897748964421841e-19
2.235728782216652390e-19
2.213267037899834701e-19
2.195889343659849294e-19
2.180641158490129680e-19
2.153578663473024674e-19
2.118466929175389630e-19
2.082857105337386696e-19
2.078753380462076618e-19
2.031764955599396984e-19
2.023340986341396717e-19
2.009614096946512232e-19
1.986150225126545189e-19
1.965052975626245796e-19
1.931994017459773671e-19
1.905966751749496190e-19
1.895098862506923910e-19
1.886615446123069527e-19
1.876813058819444289e-19
1.847945578204573718e-19
1.806221104026595276e-19
1.795982594726442572e-19
1.787146149010397618e-19
1.763793942101897830e-19
1.740273313834438172e-19
1.726785896532793820e-19
1.715991681955064459e-19
1.710440281848422876e-19
1.680264946009434065e-19
1.657363673223737532e-19
1.648742908804030719e-19
1.631804657078075867e-19
1.618576495987784742e-19
1.599586501737249707e-19
1.583836995818724087e-19
1.554129143928542557e-19
1.531921075926849006e-19
1.517352155868597131e-19
1.485556110395053716e-19
1.481089762298820449e-19
1.475027712903916062e-19
1.428709741346165980e-19
1.406215382372396833e-19
1.401919000306692882e-19
1.380815940009936107e-19
1.374652451733579769e-19
1.359972717734574637e-19
1.351790412116793860e-19
1.331412371509331878e-19
1.322789603425106799e-19
1.318241099043670952e-19
1.308069936437663626e-19
1.292153063417898831e-19
1.271917416760832509e-19
1.252570198860667367e-19
1.225562293375084252e-19
1.218338881185532113e-19
1.208765781150501086e-19
1.199735953202766939e-19
1.192519275936744359e-19
1.171118191003692683e-19
1.164756476752214291e-19
1.153194694615948635e-19
1.148030367313470088e-19
1.137903732950098766e-19
1.111625560879437671e-19
1.101242401215325291e-19
1.098943146810614443e-19
1.087579417449644590e-19
1.083803479838454535e-19
1.069749038154469535e-19
1.056553913356701205e-19
1.047475779634548514e-19
1.032125020044302068e-19
1.028588868108529862e-19
1.022147288537131396e-19
1.011111306964389571e-19
9.962088634263417920e-20
9.791366911864234016e-20
9.702256908835968166e-20
9.528163225578451231e-20
9.441004774222227464e-20
9.274313988502885045e-20
9.210162329248653385e-20
9.061932775023488070e-20
9.033770977824705962e-20
9.017372602231291038e-20
8.819803999595305428e-20
8.715364122009243992e-20
8.550174590747435054e-20
8.501885839973966885e-20
8.414097835258288743e-20
8.284777996995584980e-20
8.240821251001293119e-20
8.159129398211756612e-20
8.039529990795390447e-20
7.965973242446072586e-20
7.874498475117395610e-20
7.801334550356489506e-20
7.670205692704790952e-20
7.586710751758807418e-20
7.572406617018391830e-20
7.484219140594737173e-20
7.323226404484886097e-20
7.225054478394536114e-20
7.152698777335840565e-20
7.076896939236811110e-20
6.984712336502823971e-20
6.955019621137658256e-20
6.829073122745124932e-20
6.747231336875813412e-20
6.616856757346935130e-20
6.545531599315212701e-20
6.340397166386115441e-20
6.312329421363154815e-20
6.229343732484460370e-20
6.175672563032320260e-20
6.083973301741761755e-20
6.026736024839731451e-20
5.983694732528968009e-20
5.850612634460812780e-20
5.736490914233723483e-20
5.647458331795408442e-20
5.560408610615156222e-20
5.442479368917102258e-20
5.396076145532794456e-20
5.345533960193898523e-20
5.228638412737436452e-20
5.169716877828247639e-20
5.109421878581689717e-20
5.041160896596362157e-20
4.983437100399341137e-20
4.889180457303631687e-20
4.752770319644915947e-20
4.728621355277467536e-20
4.670663323240471339e-20
4.600021013315849168e-20
4.534377311591419555e-20
4.478752670411663379e-20
4.407381640539047624e-20
4.352540027811508623e-20
4.250664542758094054e-20
4.187287668016351284e-20
4.105824076049866157e-20
4.035795934583381771e-20
3.977946696535756378e-20
3.943977372976342676e-20
3.842120137895655830e-20
3.813613178642217269e-20
3.779790212160161633e-20
3.763891710842293577e-20
3.630875552543394744e-20
3.567301413882259151e-20
3.494447846236828332e-20
3.459517867302547080e-20
3.409721212332395165e-20
3.339411946731318247e-20
3.239014829845125740e-20
3.188802985110310080e-20
3.133773516181077592e-20
3.070583180137442804e-20
3.030134693582309619e-20
2.932714220896212510e-20
2.879146771804898676e-20
2.851508994075577628e-20
2.771814245492822472e-20
2.728944429160331220e-20
2.701464354868230222e-20
2.623905655580189915e-20
2.582962501634817986e-20
2.548737196017358722e-20
2.470200794267352598e-20
2.441837716177916654e-20
2.389277497263552117e-20
2.330308415885634981e-20
2.283956629812427467e-20
2.186211377448211199e-20
2.175899169740323596e-20
2.136988087235588602e-20
2.090947851848186693e-20
2.070989282210803001e-20
1.999811247974408791e-20
1.975404446366623278e-20
1.933759110233674382e-20
1.873160393803717529e-20
1.781932994612663201e-20
1.754169172265469155e-20
1.677145788305467377e-20
1.665262014140072496e-20
1.654329609632649085e-20
1.580209002907897430e-20
1.555413447869272491e-20
1.533977172452081382e-20
1.483021945359958609e-20
1.428717565525348497e-20
1.391349277125135683e-20
1.377766877274699672e-20
1.330654785627400766e-20
1.245350713465265872e-20
1.181800652073195697e-20
1.158119193160094302e-20
1.130277958317066659e-20
1.111599695983576056e-20
1.054796906267079159e-20
1.011296254660041912e-20
9.959195674750551152e-21
9.242373724841000027e-21
8.867434821247532976e-21
8.317580178179304216e-21
7.993051553540824246e-21
7.871402731330341154e-21
7.322499417707498688e-21
7.166640962392625317e-21
6.916783590165165586e-21
6.692707472606386591e-21
6.417812520599568837e-21
5.921880050129849508e-21
5.751863128927915283e-21
5.371269337026920231e-21
4.853497315157687390e-21
4.784475144142174432e-21
4.447410964647217305e-21
4.299556869916683907e-21
3.976342125938689660e-21
3.628366124332656593e-21
3.386988974857435644e-21
3.128886911057016971e-21
2.441128047767703574e-21
2.345310737608335111e-21
2.105625528309247730e-21
2.018500097286382186e-21
1.980887738362627001e-21
1.608912853875263711e-21
1.280694048497861093e-21
1.045805835830052917e-21
8.715451661195793316e-22
6.885315377160629934e-22
3.831566907347792273e-22
2.782740303129839355e-22
-8.854790225431074778e-23
-1.707949441057868235e-22
-4.447425195159108405e-22
-5.777935377754034634e-22
-8.620203075161124468e-22
-1.039474810070957181e-21
-1.101876112815904806e-21
-1.220748482588178854e-21
-1.753931736497322749e-21
-1.976723922005204997e-21
-2.064473227139083987e-21
-2.454244931496651331e-21
-2.593088979680341295e-21
-2.757763835056298519e-21
-3.015664367390034296e-21
-3.240840553962047954e-21
-3.441199902083201742e-21
-3.985485764196491334e-21
-4.125077499839124434e-21
-4.571649987160609237e-21
-4.764903763585324881e-21
-5.175526737476692186e-21
-5.396023179463225762e-21
-5.640567662201756373e-21
-6.213587681008076723e-21
-6.523114187042554828e-21
-6.735367197117644499e-21
-6.971117293147419292e-21
-7.760716213449307212e-21
-7.769698860677182801e-21
-7.955738087179959594e-21
-8.239099908698115934e-21
-8.672290731328872855e-21
-9.125022449690967454e-21
-9.232347666457119550e-21
-1.021752725648107996e-20
-1.103050429665532894e-20
-1.109583304127024538e-20
-1.118227942603379594e-20
-1.155847362917420843e-20
-1.215490767170764865e-20
-1.228951278921417416e-20
-1.245922706640406329e-20
-1.338545151580254721e-20
-1.403456211891240631e-20
-1.438496971941306498e-20
-1.461712940955957756e-20
-1.507360979617932017e-20
-1.513149058576291636e-20
-1.547587206603595373e-20
-1.650895255470687036e-20
-1.685597145096310167e-20
-1.707255059714139413e-20
-1.750447749801566116e-20
-1.768278821701941573e-20
-1.825870313233660572e-20
-1.852723575243577576e-20
-1.924278560428871808e-20
-1.962318838561421960e-20
-1.983536367936936222e-20
-2.038424130491494008e-20
-2.089758577796420035e-20
-2.120900006303877703e-20
-2.142129475797875723e-20
-2.284291088128136262e-20
-2.307021371677186731e-20
-2.352698397642334702e-20
-2.454142083387350659e-20
-2.510409995775553122e-20
-2.529016067041173584e-20
-2.576000423388087594e-20
-2.644536941801623263e-20
-2.722401953942286247e-20
-2.765835242381499207e-20
-2.818140207581107573e-20
-2.875577114245949266e-20
-2.896475555285177364e-20
-2.962165050069218286e-20
-3.051411999306556199e-20
-3.132114462338526990e-20
-3.180032990659321187e-20
-3.257909597220944963e-20
-3.327518584152907678e-20
-3.352485139235320725e-20
-3.426134207405944439e-20
-3.462756715875519677e-20
-3.538248791515899694e-20
-3.593557795095233942e-20
-3.651753110761682551e-20
-3.707674414790694429e-20
-3.778164208403647820e-20
-3.830459328291736492e-20
-3.883775280434153612e-20
-4.028654146343033510e-20
-4.088517587103473584e-20
-4.134235143077604240e-20
-4.176047713771251608e-20
-4.193571871359985669e-20
-4.316548017784731162e-20
-4.436336310511554350e-20
-4.496742956815653794e-20
-4.510133299482694678e-20
-4.570740847982790309e-20
-4.590336067552119498e-20
-4.688105308873006492e-20
-4.755952111669183507e-20
-4.854678153736740445e-20
-4.951007710506297801e-20
-5.017395780406522668e-20
-5.066339242999663960e-20
-5.083568303626996170e-20
-5.142745714592773724e-20
-5.247563055211512051e-20
-5.279854798256239677e-20
-5.425462786068607396e-20
-5.484527301684854046e-20
-5.537444202528110123e-20
-5.611046256439671758e-20
-5.800776916119375987e-20
-5.817773455895320704e-20
-5.922368880770457336e-20
-5.963847029609346892e-20
-6.015056968699902163e-20
-6.040468614816832762e-20
-6.129176344497105630e-20
-6.280808008190452609e-20
-6.306857369447607175e-20
-6.446864260064984496e-20
-6.546455545669710282e-20
-6.618489420076139308e-20
-6.751874907957685478e-20
-6.810171715528941838e-20
-6.826983365297073203e-20
-7.011491947723390431e-20
-7.056876772372808028e-20
-7.254843963780702811e-20
-7.301662074686556642e-20
-7.354111297556462698e-20
-7.488687222100122058e-20
-7.526671163816944085e-20
-7.675609756520458530e-20
-7.709883572588449738e-20
-7.740266316731747519e-20
-7.899000947332633915e-20
-7.975123628366094769e-20
-8.109594307618369643e-20
-8.165707103182616073e-20
-8.291811571553933065e-20
-8.401388524261387974e-20
-8.552836421816615542e-20
-8.612726532922257205e-20
-8.756749405980035499e-20
-8.777891042284838118e-20
-8.929648304307681472e-20
-8.995673732687262052e-20
-9.108573911448516368e-20
-9.160453319562167351e-20
-9.347102222773762675e-20
-9.476184021951376932e-20
-9.577628199812516589e-20
-9.729031599962090679e-20
-9.811746214709054977e-20
-9.861812120918101436e-20
-9.972335909034273428e-20
-1.005785691154309435e-19
-1.021447156368517617e-19
-1.035224068985611062e-19
-1.038371176573508792e-19
-1.049838914737891637e-19
-1.053333094978819051e-19
-1.070433649231183968e-19
-1.084941342747686923e-19
-1.098751845419761323e-19
-1.101851404641524529e-19
-1.110169681092180454e-19
-1.126307660094216929e-19
-1.148378794023296249e-19
-1.164321774221538750e-19
-1.172496547518026935e-19
-1.187430075744693600e-19
-1.197977935173570598e-19
-1.218298625020962059e-19
-1.223407578546816848e-19
-1.246888116832862436e-19
-1.267448372269006849e-19
-1.272293922199916099e-19
-1.288509713546902022e-19
-1.300182823043459798e-19
-1.305327192583968146e-19
-1.319786737130910609e-19
-1.332449116823181337e-19
-1.341440890488770057e-19
-1.357814156184099716e-19
-1.369327330260803756e-19
-1.376340450679963578e-19
-1.403161258168790085e-19
-1.421794480804717797e-19
-1.429442047141568432e-19
-1.441344010149500566e-19
-1.457243198135193145e-19
-1.482163679289249608e-19
-1.498438937893844745e-19
-1.522862172215286113e-19
-1.539806283121500467e-19
-1.549611847724198394e-19
-1.558395566044464256e-19
-1.596159110450069101e-19
-1.601484232819529448e-19
-1.606306041726949763e-19
-1.631795892334697617e-19
-1.657441528391995202e-19
-1.666057269867341971e-19
-1.683534482691668454e-19
-1.693785838262023401e-19
-1.719936393123615776e-19
-1.747846696729652932e-19
-1.757424792468544980e-19
-1.781115687203171150e-19
-1.791774582143098009e-19
-1.807055228948967229e-19
-1.819747320043478503e-19
-1.840934607923720298e-19
-1.860269732079970494e-19
-1.874074443210478021e-19
-1.909607565904172512e-19
-1.926879673923900436e-19
-1.937640176288675856e-19
-1.964309997446112940e-19
-1.967912738517552736e-19
-2.010680255038942565e-19
-2.031939640536379467e-19
-2.043169057053167719e-19
-2.071514993488262877e-19
-2.108404656650709586e-19
-2.139890404254139333e-19
-2.155943663277518976e-19
-2.165039764462070394e-19
-2.190690169777253686e-19
-2.240628876947159474e-19
-2.266852548098892736e-19
-2.296405508963435385e-19
-2.329339613314741512e-19
-2.343132874687951885e-19
-2.346139063820451155e-19
-2.352686499454998661e-19
-2.414412828233288065e-19
-2.421887768562933350e-19
-2.442865714038038813e-19
-2.472976547306735542e-19
-2.488979408139455621e-19
-2.538020483210828009e-19
-2.550358618954401903e-19
-2.576017181571830757e-19
-2.623395933481894030e-19
-2.644322362051465614e-19
-2.698333404492603694e-19
-2.720068903803059867e-19
-2.747867193591807960e-19
-2.763724186679584384e-19
-2.787206036190651237e-19
-2.855506818419241865e-19
-2.877365872952536554e-19
-2.917970826357216455e-19
-2.922374023767405352e-19
-2.965491947324025281e-19
-3.001420760394935080e-19
-3.012196013725997049e-19
-3.045993520835490240e-19
-3.099643721788221743e-19
-3.146465021958283914e-19
-3.165144096532761935e-19
-3.202944910263072168e-19
-3.243942438223598089e-19
-3.276478904809522267e-19
-3.308694577707989115e-19
-3.358599344997490565e-19
-3.442245364142079369e-19
-3.452900994334921875e-19
-3.475476289701932959e-19
-3.537577982667047281e-19
-3.561914209445616287e-19
-3.575914347200236141e-19
-3.749646944100285245e-19
-3.767969129547684753e-19
-3.811500954645752553e-19
-3.847791294404886934e-19
-3.871225587051976218e-19
-4.009014921310437728e-19
-4.034379385140649722e-19
-4.062017235059576876e-19
-4.122059506526492729e-19
-4.246885676060194401e-19
-4.255216893651472333e-19
-4.373265297981360505e-19
-4.402662777598129253e-19
-4.504310952027543926e-19
-4.534725129464214412e-19
-4.628680600152389964e-19
-4.647377096873979298e-19
-4.792203407513107606e-19
-4.822297498950410948e-19
-4.895064913415903741e-19
-5.001404618666917836e-19
-5.080912365940903159e-19
-5.172695589193689835e-19
-5.268127632496658725e-19
-5.327926025508333514e-19
-5.400195027033033807e-19
-5.567345138707912837e-19
-5.608877409229888912e-19
-5.634624538941350360e-19
-5.811559785346753427e-19
-5.999821899246811031e-19
-6.086919378205512714e-19
-6.340317147333965707e-19
-6.386857371499882224e-19
-6.637206945167474927e-19
-6.813804043297036647e-19
-7.227296209942635046e-19
-7.339643321806405270e-19
-7.457979598085909644e-19
-7.997481842231626455e-19
-8.300289347489541387e-19
-9.465154191026724618e-19
-1.318914759237855377e-18
-2.378236818698206497e-18
