2.164292817409991642e-03
1.488604028812978188e-03
3.285292067115397970e-04
2.285644804309315851e-04
1.850292740159940246e-04
1.662782924192816154e-04
1.472837496436778682e-04
1.270390958025434305e-04
1.198408049016805354e-04
1.158063111823883515e-04
1.109746359794571520e-04
9.930329692241580736e-05
8.755105173679402354e-05
8.409985641168112340e-05
7.906332015096797692e-05
6.738411946117797366e-05
6.191506166489217915e-05
6.014007315993572759e-05
5.357768832573571612e-05
5.013962519599496576e-05
4.793575153072435836e-05
4.404916820138156565e-05
4.178783419466578918e-05
3.721484452456285763e-05
3.690294817461420898e-05
3.254818723550002038e-05
3.092596935935665884e-05
2.866604922950537990e-05
2.632122978304433859e-05
2.621926089004859265e-05
2.518865422453454882e-05
2.465624260095184553e-05
2.189142170522865360e-05
2.135012223713597508e-05
2.074445684045665865e-05
1.833691914909251934e-05
1.756172441406965806e-05
1.613272149313114661e-05
1.545233872168131224e-05
1.430036617105310274e-05
1.343818313312290623e-05
1.276934075863750973e-05
1.190325210404543477e-05
1.069036108436690421e-05
9.814253611650244921e-06
9.523346216036007250e-06
8.768670016568754752e-06
8.589044232866334069e-06
8.205585432391295696e-06
7.376814623606249895e-06
7.118485439341578659e-06
6.986021882140311936e-06
6.451572132557460663e-06
5.523006218399220816e-06
5.237023327340447553e-06
5.136850034435184049e-06
4.371585835060900151e-06
4.056771057909320572e-06
3.660745407381854757e-06
3.462114742585847975e-06
3.333917491815048125e-06
2.971378645822877239e-06
2.784491753217745305e-06
2.720968938136858559e-06
2.474123725761870284e-06
2.265400842070854551e-06
2.178548500293956161e-06
1.999951412068066137e-06
1.939643150891395942e-06
1.693335338011786064e-06
1.658487948087858484e-06
1.422302463404850685e-06
1.382048705636581714e-06
1.279517908586724205e-06
1.211153843719893626e-06
1.079412081794336361e-06
1.017857525607840589e-06
9.674895104457323602e-07
9.359741590157625239e-07
8.514290344690666080e-07
8.315945045249789276e-07
7.359869534679791649e-07
6.835170839550316882e-07
6.608513163215244962e-07
6.268703520778181948e-07
5.908337765033792297e-07
5.285517002212714002e-07
4.534457905725813041e-07
4.353461008712237631e-07
4.051568971471758158e-07
3.862350800101850315e-07
3.687333984334726957e-07
3.525195695241495541e-07
3.294843705057770640e-07
3.126120191744779972e-07
2.828288861256467310e-07
2.723939898293422773e-07
2.514717796495208608e-07
1.891386939042837009e-07
1.702454892989509089e-07
1.582531999878915236e-07
1.440550569201953848e-07
1.334759432416536578e-07
1.276108809832807165e-07
9.550105420137657749e-08
7.694847378295287038e-08
4.798859045016208084e-08
2.877668099343087015e-08
2.014110806604002836e-08
7.881511948064878591e-09
1.939245431115317038e-20
5.301265117752158735e-21
-5.280379372745064835e-09
-2.330181380917960311e-08
-3.230787773970033125e-08
-6.471065958009948393e-08
-7.893545842865881610e-08
-1.139039511355094622e-07
-1.273930926551431363e-07
-1.693087760838786343e-07
-2.185165752535376513e-07
-2.637746276360799093e-07
-2.774705058013377312e-07
-3.101509460087801831e-07
-3.319372017086808663e-07
-3.786983154701545297e-07
-4.894908603911673529e-07
-5.253538794703588431e-07
-5.791810660821500507e-07
-6.027368295795884825e-07
-6.482608804484574368e-07
-6.632255532739370252e-07
-6.921265407188708669e-07
-7.750678085625676330e-07
-8.058215101478700061e-07
-8.496815864997259387e-07
-8.697485949318621302e-07
-9.518568146416701119e-07
-9.953420021180254921e-07
-1.079864184016788954e-06
-1.174779888641213317e-06
-1.187602411405625475e-06
-1.216484439201296434e-06
-1.237843647037464763e-06
-1.312978880209145784e-06
-1.365112318150370441e-06
-1.405286758589645838e-06
-1.446864549664348810e-06
-1.512266887628434878e-06
-1.578996466833878455e-06
-1.623710956597966667e-06
-1.673628159167677085e-06
-1.687538960173672480e-06
-1.729781379854523943e-06
-1.823438382548566577e-06
-1.869797462857134642e-06
-1.910584718637330686e-06
-1.938970641625223500e-06
-1.956126794434351081e-06
-2.137570936604390728e-06
-2.191048540763392011e-06
-2.253075776247004845e-06
-2.279001117845015567e-06
-2.323614447260172176e-06
-2.392587993385952823e-06
-2.405689017687487064e-06
-2.438797323231528387e-06
-2.545726671382927833e-06
-2.601090956360607529e-06
-2.704845369964273808e-06
-2.739957433080357259e-06
-2.825640308856563545e-06
-2.840171105125159321e-06
-2.953987340934948015e-06
-2.994661422775542863e-06
-3.048895081273650922e-06
-3.067247797353491515e-06
-3.170633419217791200e-06
-3.219419129442809213e-06
-3.323702419568515415e-06
-3.400440116737997279e-06
-3.406305910223830097e-06
-3.484643849603960524e-06
-3.554966827225516911e-06
-3.653976458283930972e-06
-3.716959799892212114e-06
-3.772277173724677731e-06
-3.824367784364746146e-06
-3.933412925991068873e-06
-4.086286642937227331e-06
-4.124061293734830857e-06
-4.199673543686046771e-06
-4.211178540238014661e-06
-4.221331812753209990e-06
-4.379405378541224170e-06
-4.414258065234512987e-06
-4.476487041947341280e-06
-4.526672175358418362e-06
-4.747222142235887779e-06
-4.901219035902397023e-06
-4.928598305255239628e-06
-4.996924757401094967e-06
-5.058235229849551084e-06
-5.181902376893095905e-06
-5.335192749210258172e-06
-5.392181319005531457e-06
-5.457470946729506393e-06
-5.512629411710231645e-06
-5.612750658757743202e-06
-5.648019130372126675e-06
-5.716763383050189980e-06
-5.806778217928810701e-06
-6.009818209782632952e-06
-6.126894896293155415e-06
-6.223758657769721582e-06
-6.260382285542426588e-06
-6.429492552873629890e-06
-6.533421247998437213e-06
-6.599401692341994288e-06
-6.700351427150308884e-06
-6.722088927565536524e-06
-6.769060328381903648e-06
-6.898576783912868226e-06
-7.058396809606398311e-06
-7.246307923717975219e-06
-7.340201600503720670e-06
-7.435534918464827154e-06
-7.514174355175507159e-06
-7.559364628128912493e-06
-7.669291936244664582e-06
-7.757821312517960529e-06
-7.909400346095809818e-06
-7.996648140135048760e-06
-8.206069858180032421e-06
-8.260613812109024015e-06
-8.426093718504125180e-06
-8.550464170684384796e-06
-8.705743302343229702e-06
-8.835739908240419592e-06
-8.871079697801427009e-06
-9.061563734710102169e-06
-9.135193918841328574e-06
-9.327116412766278366e-06
-9.567818821035179488e-06
-9.614541223062811042e-06
-9.689233011761203858e-06
-9.827478153361596865e-06
-9.888805770857141068e-06
-9.946333353580085571e-06
-1.012639172901538477e-05
-1.015347091134672225e-05
-1.039944544082347314e-05
-1.063451360589262673e-05
-1.070666913983143514e-05
-1.091375748002729430e-05
-1.108777701777621413e-05
-1.121391146402977107e-05
-1.126097396432423262e-05
-1.139433531885665684e-05
-1.170601224737448034e-05
-1.183321354627773899e-05
-1.203655540575430571e-05
-1.224554355563633480e-05
-1.234326173373079381e-05
-1.242764289152485812e-05
-1.250813086981192491e-05
-1.272713000833210986e-05
-1.311531459769477871e-05
-1.324057328425655864e-05
-1.334982299140524484e-05
-1.344707977192689965e-05
-1.356012566528264411e-05
-1.387276312890600470e-05
-1.393921639548967034e-05
-1.408914509075558071e-05
-1.430644393312730054e-05
-1.453791719636423802e-05
-1.465752373472053003e-05
-1.482907859047661155e-05
-1.494383241450354841e-05
-1.515323927237761764e-05
-1.548329633777223338e-05
-1.555534218829483618e-05
-1.586073973166910844e-05
-1.606735488395640314e-05
-1.619341807107889419e-05
-1.644704312689172006e-05
-1.652984947176679701e-05
-1.671449985975148364e-05
-1.698108078590148954e-05
-1.716201787615781178e-05
-1.740653637549463383e-05
-1.741027363402523973e-05
-1.767080666291516753e-05
-1.791152619549624166e-05
-1.811923073361291779e-05
-1.828884737298381482e-05
-1.854716914679058217e-05
-1.898690724750834850e-05
-1.912573280070174571e-05
-1.927994356983795172e-05
-1.945135861474540999e-05
-1.980315662161208259e-05
-1.992185270458146203e-05
-2.018445106098290504e-05
-2.035836979758224896e-05
-2.082698680199417327e-05
-2.094520722863211208e-05
-2.110103238642591487e-05
-2.126026121405478407e-05
-2.166048469803478991e-05
-2.176891104196772899e-05
-2.211959850337402023e-05
-2.217895989174591590e-05
-2.235791009722108190e-05
-2.272620876310986262e-05
-2.297330026062391559e-05
-2.328378572648360907e-05
-2.357324682343239932e-05
-2.387548103059783876e-05
-2.396510023199875517e-05
-2.429784980347232001e-05
-2.444648210200053208e-05
-2.469227990809164585e-05
-2.487599056057471523e-05
-2.545380121574618605e-05
-2.574456130293871535e-05
-2.596243820431148018e-05
-2.632263459487021296e-05
-2.637609707913086645e-05
-2.665368780872214821e-05
-2.694452482131044546e-05
-2.763930512765187515e-05
-2.771239740603321312e-05
-2.800579168859075967e-05
-2.831056588885948218e-05
-2.869732693796042807e-05
-2.896419559267614883e-05
-2.929070792853402352e-05
-2.952375270232402132e-05
-2.967066393073485844e-05
-3.006333410823637075e-05
-3.026492811046424544e-05
-3.083195827781687678e-05
-3.107919219137735386e-05
-3.141127920896787768e-05
-3.155203922304586442e-05
-3.212766769062371631e-05
-3.254503954722371209e-05
-3.297848465527987937e-05
-3.322710957587891401e-05
-3.364042068898026393e-05
-3.396010373857997545e-05
-3.411891454583469349e-05
-3.477521955176961904e-05
-3.490325291042835950e-05
-3.548062970053793470e-05
-3.594230960164638541e-05
-3.608746118988553165e-05
-3.670899671235645635e-05
-3.707584307385806033e-05
-3.759241503236850058e-05
-3.770216965003253990e-05
-3.815099257729220769e-05
-3.839875720139776830e-05
-3.904963660024811400e-05
-3.914730454968828698e-05
-3.923016995006387784e-05
-3.993854955460861657e-05
-4.064452264639123902e-05
-4.111791765017587801e-05
-4.166100063952729669e-05
-4.213631388527081374e-05
-4.228303403124132072e-05
-4.299191915081925386e-05
-4.334077441688251737e-05
-4.424456936283329355e-05
-4.444720079327977251e-05
-4.496031820571809879e-05
-4.553998136699856180e-05
-4.609713272510598028e-05
-4.651625923799083533e-05
-4.677007377553995209e-05
-4.734792610401944630e-05
-4.765867402473639831e-05
-4.834833193654371371e-05
-4.844375456087447317e-05
-4.890344691270325840e-05
-4.930522908740725039e-05
-5.068351202422692749e-05
-5.115222719612124471e-05
-5.172203938731634255e-05
-5.207569729601290760e-05
-5.282444638630822830e-05
-5.316524903871947303e-05
-5.337670391713941970e-05
-5.400197117183166815e-05
-5.482859607844822194e-05
-5.496742840845500287e-05
-5.530485988993526854e-05
-5.607567513978544148e-05
-5.689064085180872552e-05
-5.724903002485236915e-05
-5.802330668693230257e-05
-5.819335351763440639e-05
-5.857750918808691593e-05
-5.893565018427807779e-05
-5.943224261245579006e-05
-6.039381444723111524e-05
-6.137073242843721257e-05
-6.178382274550585341e-05
-6.339170799957860461e-05
-6.358194918231637707e-05
-6.442192868120754929e-05
-6.471277883577647026e-05
-6.567620921322634591e-05
-6.635897359244859477e-05
-6.665167474429716107e-05
-6.726183265346855923e-05
-6.800278172826888584e-05
-6.889287891234977760e-05
-6.902318948295241979e-05
-7.065515744331278872e-05
-7.105374238530345833e-05
-7.175595005701062179e-05
-7.280211646982744696e-05
-7.289930451760582794e-05
-7.335965917521523937e-05
-7.523309183358280108e-05
-7.562338316727484997e-05
-7.620135430255627182e-05
-7.736351615453558703e-05
-7.777106129001363024e-05
-7.826620653275696024e-05
-8.012623297738816642e-05
-8.083272521109057614e-05
-8.239097976196807819e-05
-8.313936022510837339e-05
-8.329318413318887034e-05
-8.387431244451156462e-05
-8.578321740406187721e-05
-8.630261231642444015e-05
-8.659518483342542748e-05
-8.792955739983472152e-05
-8.834719134897967029e-05
-8.895457214833340630e-05
-8.929606995498945356e-05
-9.013416098504410364e-05
-9.074320359536182379e-05
-9.221583637394301395e-05
-9.345714437677238827e-05
-9.462196527252034921e-05
-9.487496455281893668e-05
-9.547593752475378337e-05
-9.755684927674388677e-05
-9.819354669218770813e-05
-9.835731331259149515e-05
-9.998719820478433500e-05
-1.004307655273882374e-04
-1.011836119321298834e-04
-1.033892702772493344e-04
-1.047492622997729894e-04
-1.049276254827060685e-04
-1.054750953243333629e-04
-1.068402496030695773e-04
-1.073523063699897056e-04
-1.084981584425571602e-04
-1.117857313227271500e-04
-1.121209756899441118e-04
-1.134562771492375393e-04
-1.142731311465755144e-04
-1.144848043757308283e-04
-1.153025214325107778e-04
-1.165352769275062033e-04
-1.169526252111187311e-04
-1.183234981816254811e-04
-1.201369191031455909e-04
-1.202323735599842934e-04
-1.225166380654675721e-04
-1.235611169953509665e-04
-1.257625838478508096e-04
-1.277732766092296056e-04
-1.284310862062091945e-04
-1.296193681270461603e-04
-1.301701955504259046e-04
-1.320286552634496917e-04
-1.327692131294068391e-04
-1.353521201549825765e-04
-1.361049487927759095e-04
-1.369376055705487914e-04
-1.391616012540950462e-04
-1.397601227079628536e-04
-1.408091164778169611e-04
-1.430019042874618282e-04
-1.450565650684164712e-04
-1.453802699800034080e-04
-1.470104687250320310e-04
-1.477913126210512876e-04
-1.488491005949020346e-04
-1.500261878675640244e-04
-1.532165075197070242e-04
-1.541109375779553504e-04
-1.561603811549684500e-04
-1.574108160834311371e-04
-1.614571574646907778e-04
-1.623138074377260037e-04
-1.644658818089421415e-04
-1.651254811301346636e-04
-1.658637622994028351e-04
-1.694213228663347449e-04
-1.700693449972207202e-04
-1.719437703618055730e-04
-1.748030085151662603e-04
-1.768734655214529005e-04
-1.781362316805745359e-04
-1.789833577197990039e-04
-1.806324366885397274e-04
-1.826864168406189801e-04
-1.849309484017109314e-04
-1.851878058049545150e-04
-1.875221374001407963e-04
-1.887897005965422580e-04
-1.894032851531895698e-04
-1.920128528905614839e-04
-1.943123536255281713e-04
-1.974788277598130408e-04
-1.982446031108604963e-04
-2.024282723984223886e-04
-2.036933499551714930e-04
-2.063428514734716565e-04
-2.072497464703062565e-04
-2.111154832752034120e-04
-2.126129418942221665e-04
-2.157216331565862326e-04
-2.174637298767281358e-04
-2.182550476826269610e-04
-2.229122790518426646e-04
-2.241379491190176039e-04
-2.274956558403859626e-04
-2.289791348191930859e-04
-2.300313836504550263e-04
-2.310254069574137496e-04
-2.330715433247731712e-04
-2.377767460313262961e-04
-2.426391597868677978e-04
-2.442066321798770905e-04
-2.457564300210916754e-04
-2.495499553790251918e-04
-2.526230038340752525e-04
-2.561095604498945795e-04
-2.568406534966372707e-04
-2.614005260821372829e-04
-2.642272604586912523e-04
-2.654877054777701295e-04
-2.675832256162795678e-04
-2.700266959154054135e-04
-2.718421900185175261e-04
-2.738868276454252165e-04
-2.786062141684252178e-04
-2.800867385190905284e-04
-2.839556461769832466e-04
-2.867412211324256552e-04
-2.908604513703522717e-04
-2.927185203357517791e-04
-2.964781080628071594e-04
-2.989549381680932719e-04
-3.027600626768409933e-04
-3.057842968330154411e-04
-3.124827942738356073e-04
-3.142520334412146404e-04
-3.174056861347416755e-04
-3.207940703771696464e-04
-3.234106228699389985e-04
-3.248748108029515325e-04
-3.310792297884786292e-04
-3.357798310237225720e-04
-3.376295494272163857e-04
-3.424690817235057061e-04
-3.433604993915889193e-04
-3.466975946983198091e-04
-3.521469543636375553e-04
-3.555319175372714433e-04
-3.627887389016169317e-04
-3.647642087937750816e-04
-3.690645324403897401e-04
-3.695592583436187314e-04
-3.721332877425993562e-04
-3.787750011941002975e-04
-3.879531389179757188e-04
-3.939570479045477968e-04
-3.957435479265501558e-04
-4.008919216763360627e-04
-4.022100344533526190e-04
-4.110740406528690257e-04
-4.131841119770707162e-04
-4.213891748269103137e-04
-4.278990467177710673e-04
-4.316487653426170521e-04
-4.364643810203159527e-04
-4.424203766274488014e-04
-4.491050846570973491e-04
-4.518759395469322993e-04
-4.587566732758406748e-04
-4.668191818452064180e-04
-4.696085705090028263e-04
-4.708239142409470415e-04
-4.850704775587285538e-04
-4.885717476588362449e-04
-4.955067030070672146e-04
-4.965162001505195452e-04
-5.010513985681698665e-04
-5.019229298686157239e-04
-5.090105745283871660e-04
-5.132927452679418058e-04
-5.266035617060263636e-04
-5.306666180521463043e-04
-5.406382961723384681e-04
-5.457896018531770794e-04
-5.519078281960022566e-04
-5.538004786925483994e-04
-5.638448556064960034e-04
-5.795672644971022964e-04
-5.842290926266072507e-04
-5.887021414760940530e-04
-5.944205771513524439e-04
-6.008202228618858033e-04
-6.051996333150537781e-04
-6.175151743576180914e-04
-6.233746420047540449e-04
-6.351155937833969159e-04
-6.400405586522989318e-04
-6.549882137296684148e-04
-6.600720719985357600e-04
-6.666370485080635403e-04
-6.737912275941910795e-04
-6.842587257668824446e-04
-6.924022109795809760e-04
-7.031384950994442598e-04
-7.116255021491575596e-04
-7.252925797022618821e-04
-7.461283150420073293e-04
-7.536465590128752293e-04
-7.721059635579683670e-04
-7.769990568973182427e-04
-7.995085980171056598e-04
-8.119061261961224964e-04
-8.167009811779653294e-04
-8.456537438980773905e-04
-8.672954321633988403e-04
-8.817773962698961668e-04
-9.012681390159402433e-04
-9.179746790717235524e-04
-9.258650648276025956e-04
-9.661183403157822501e-04
-9.801987225597698795e-04
-9.866188510032347647e-04
-1.001657394368478393e-03
-1.045140522481304490e-03
-1.047893674291780876e-03
-1.079806414562387452e-03
-1.109592992154229824e-03
-1.123362793454839737e-03
-1.155517398979604565e-03
-1.201324862930113141e-03
-1.327990139122955807e-03
-1.330648070331172557e-03
-1.449375324104040406e-03
-1.495757719949594201e-03
-1.644506434467007082e-03
-1.684478626072772071e-03
-1.744599936764935043e-03
-1.823483944337508673e-03
-1.859064312231732338e-03
-2.004782592098372593e-03
-2.025080606211768133e-03
-2.164891380611800274e-03
