1.084245065476288974e-02
9.092230018268726566e-03
6.381410435658215786e-03
3.318210214489142416e-03
2.606268731455736384e-03
1.879242077633286453e-03
1.418021426728722448e-03
1.011249578798791102e-03
9.516989725715081999e-04
9.084876235924976579e-04
8.407154175074036664e-04
7.763070327617062772e-04
5.943539551788119607e-04
5.730975283726319480e-04
5.703242693881439363e-04
4.994920932742156431e-04
4.548688807789080151e-04
4.396087917118445985e-04
4.184922572089951141e-04
3.993712856463207061e-04
3.215990523413081491e-04
2.943798312544480280e-04
2.475357292729606041e-04
1.941698066661151753e-04
7.804719307768287690e-05
6.951751210893770393e-18
3.524352618765833833e-18
3.386862582203242417e-18
3.351155147616702704e-18
3.060497872360962221e-18
2.842177828553638674e-18
2.683029829580089375e-18
2.583346463840650641e-18
2.552470980495514264e-18
2.528012089495179108e-18
2.449902616932118097e-18
2.402958858193172516e-18
2.379050900455885654e-18
2.328289838813755719e-18
2.258773821480566309e-18
2.233000733512645304e-18
2.152855278948481015e-18
2.094042509566495247e-18
2.056004180725927624e-18
2.048420102847278755e-18
2.024277960070430206e-18
1.969719467056722666e-18
1.956806314986623193e-18
1.926111996809069596e-18
1.898522368681439089e-18
1.858857211885251921e-18
1.835919078365328655e-18
1.798344219556817147e-18
1.787986843993931604e-18
1.763347334999787319e-18
1.753854032010791554e-18
1.727307393342159383e-18
1.682977868862087110e-18
1.639885264424220071e-18
1.627812955054744225e-18
1.600307324018965872e-18
1.595532983556022805e-18
1.564824582366391459e-18
1.549665818484584978e-18
1.542768010005592797e-18
1.508786437830964118e-18
1.501970604124329061e-18
1.489510220769881640e-18
1.476066246411666162e-18
1.462299080821675171e-18
1.435190069360964627e-18
1.426203141108149475e-18
1.403887214293749329e-18
1.377197373190116973e-18
1.371174394520761827e-18
1.345168295856239318e-18
1.333325233219338752e-18
1.325046044778276382e-18
1.315365414080599595e-18
1.298779051172141221e-18
1.272996003850854470e-18
1.267468740218060872e-18
1.255199825314612714e-18
1.248930219447900183e-18
1.233480759415878223e-18
1.206583817584374263e-18
1.198792059079216631e-18
1.196216761467655520e-18
1.183764038119547611e-18
1.177768541966456041e-18
1.157897354783177827e-18
1.143085826732387518e-18
1.131909423056795796e-18
1.128858153327565477e-18
1.119323773751164580e-18
1.106283687631193201e-18
1.092182620099630397e-18
1.079218528830814417e-18
1.068138757531719478e-18
1.063454084022867587e-18
1.040466577714688271e-18
1.037682560110998703e-18
1.018423042810899164e-18
1.017870793010513494e-18
9.954396065638726999e-19
9.883204161473334496e-19
9.839850892833314940e-19
9.745199015468173049e-19
9.587812107017239650e-19
9.532741368941734444e-19
9.465446995321887551e-19
9.333051104099151723e-19
9.310280615183802478e-19
9.207205471156497603e-19
9.159662890510704544e-19
9.102002296035940112e-19
8.981531240091116714e-19
8.905644485770581355e-19
8.812161508686205121e-19
8.729785303007130111e-19
8.628859293435871892e-19
8.499675694193456611e-19
8.459018952028073344e-19
8.396092370686509163e-19
8.285305765807131855e-19
8.253732675180526191e-19
8.209112415985973634e-19
8.031738765136074430e-19
7.992530126422923615e-19
7.905494603297479273e-19
7.850861936722023440e-19
7.720860137647259051e-19
7.678209416593390868e-19
7.611606469285318463e-19
7.543316225823652834e-19
7.473585862811061716e-19
7.420289120508721762e-19
7.385388030090129803e-19
7.340595905584662259e-19
7.317441262061307251e-19
7.208108353019652118e-19
7.177532143050712781e-19
7.100433389540099182e-19
7.044311215030126411e-19
6.871674871421817775e-19
6.845072891503286790e-19
6.794407111780262807e-19
6.691367638365687934e-19
6.660655762556399520e-19
6.561251597155258677e-19
6.533477145038316473e-19
6.496887935121620859e-19
6.436870810588691046e-19
6.403475037774857639e-19
6.263165917441491907e-19
6.237271132489499519e-19
6.199609352805404955e-19
6.170135089461013880e-19
6.114576255948483692e-19
6.013079424024423526e-19
5.956356483301235776e-19
5.921456094666734611e-19
5.905672007642011528e-19
5.819827333409539534e-19
5.730724014344013931e-19
5.671796329355658081e-19
5.636849247491009360e-19
5.613085907683504134e-19
5.574313819620947212e-19
5.426594372308007086e-19
5.370172159349361215e-19
5.341368167110763013e-19
5.246428907376120764e-19
5.232430194256301085e-19
5.186644995088976663e-19
5.125002151401718305e-19
5.095360504334606060e-19
5.035477538532495919e-19
4.993925027979848782e-19
4.955560507348835471e-19
4.869660043941652896e-19
4.820736519673442739e-19
4.784374915847636828e-19
4.753642141880814983e-19
4.655165000356447097e-19
4.647362869612033831e-19
4.568503481975193745e-19
4.546457889092292671e-19
4.460564993884226140e-19
4.414000747322651529e-19
4.388182806337278491e-19
4.320801350995869535e-19
4.310029589153227128e-19
4.295406413171910456e-19
4.230058886313073866e-19
4.109801048022145819e-19
4.105628532341824923e-19
4.096564021209354529e-19
4.049725392914285964e-19
4.025781847946784063e-19
3.983701314263362747e-19
3.882441951784499699e-19
3.845576916139609080e-19
3.830716322806176132e-19
3.787644816147689413e-19
3.741407117405868785e-19
3.695933222517973817e-19
3.645749842704345961e-19
3.631655947912945304e-19
3.612046119695695265e-19
3.596433227060380770e-19
3.512458154831125477e-19
3.486638229327907400e-19
3.443439262804309223e-19
3.394914443007253700e-19
3.363709603794314714e-19
3.329822347402399139e-19
3.313982344604908698e-19
3.286184978580513006e-19
3.256402189163350922e-19
3.222954572859770771e-19
3.165687505605650284e-19
3.123806843885949923e-19
3.099114794550236362e-19
3.064354868135047384e-19
3.010298776644376338e-19
2.986290200255324942e-19
2.942757023958296230e-19
2.928238298420083275e-19
2.905438828064201571e-19
2.839596701778155580e-19
2.831365542269454537e-19
2.745804920825112455e-19
2.730568204112404234e-19
2.715588344050820510e-19
2.678671593272497446e-19
2.639320975957149949e-19
2.616660274807735731e-19
2.584036956700657916e-19
2.534460507570870382e-19
2.494332619974353169e-19
2.449318283755234091e-19
2.429192846490684133e-19
2.420892735860022678e-19
2.391406958408329701e-19
2.350397915853483787e-19
2.314610603444008594e-19
2.248422369785042748e-19
2.224051563904217218e-19
2.212601408014951682e-19
2.147843132749199247e-19
2.141760320538632839e-19
2.096154526985956115e-19
2.047201858409495601e-19
2.034779599967944938e-19
2.017935592339054402e-19
2.011270797844689470e-19
1.978307068187814643e-19
1.972406301148385749e-19
1.929638809854745280e-19
1.911124040238753778e-19
1.856759236171611119e-19
1.821604122744152293e-19
1.805029256721394199e-19
1.798804851746742755e-19
1.764970084000930304e-19
1.733535316715068474e-19
1.687425380928935186e-19
1.666191491320471272e-19
1.626082352199012594e-19
1.588593779337602476e-19
1.554967005120988199e-19
1.531644536230944528e-19
1.523246509944847404e-19
1.499272687769782903e-19
1.460161126767775753e-19
1.449645741973319037e-19
1.424898811189366852e-19
1.405147671043368665e-19
1.373368443795995276e-19
1.345825401395004926e-19
1.320414277192878138e-19
1.297991738870339577e-19
1.284729114021217019e-19
1.263685408086299826e-19
1.242703893562509619e-19
1.207019940074862123e-19
1.159499310879443362e-19
1.133096625970962756e-19
1.104310428398533463e-19
1.099258532505059472e-19
1.061333369387395751e-19
1.032154032550524123e-19
1.008693933919054030e-19
1.006005704500835761e-19
9.636242928981444428e-20
9.412989145732276733e-20
9.268480217338897952e-20
9.152023700696134171e-20
8.822222832800527395e-20
8.325180255130764586e-20
8.171763860430143315e-20
8.008290287489247951e-20
7.932993277870327473e-20
7.806619954426829300e-20
7.444162661569025535e-20
7.349285042829972533e-20
6.961329933225118418e-20
6.795680437849043164e-20
6.716539709486293637e-20
6.442326920092278181e-20
6.360681101739542915e-20
5.970221971350106277e-20
5.827340014078556573e-20
5.607849639824864059e-20
5.554523495466023752e-20
5.163015284318365076e-20
5.029769302485904863e-20
4.926152966428603954e-20
4.850193667532165092e-20
4.491878331122856466e-20
4.414648246629750315e-20
4.158274617453152459e-20
4.067308509655752918e-20
3.857512715467267780e-20
3.809772466142454003e-20
3.660867183062858106e-20
3.222735909483829545e-20
3.088976424432854782e-20
2.979916488667396934e-20
2.795554756258288329e-20
2.670696814886202332e-20
2.605955654730452500e-20
2.423631573020041839e-20
2.369241953013357941e-20
2.209074933031555975e-20
2.112987199717068860e-20
2.027262332815747848e-20
1.564058902435848969e-20
1.315235084000559969e-20
1.285425982450076928e-20
1.059568184632198868e-20
9.046977759053095745e-21
8.129208423673444580e-21
5.587989722234639039e-21
3.564932538571895534e-21
2.817775301549571591e-21
2.127730917722283775e-21
7.401551839674340990e-22
2.926561787056678114e-22
-7.978225286888388049e-22
-1.726652989641880934e-21
-3.971359590692288135e-21
-5.282619594076537660e-21
-6.108059897353629566e-21
-7.592875440895068980e-21
-9.325498672804785509e-21
-1.022861868626816337e-20
-1.116550592653355542e-20
-1.137321046851171877e-20
-1.311447483980996242e-20
-1.475923164082487505e-20
-1.738198032568540037e-20
-1.828822616999724339e-20
-1.989440303386893930e-20
-2.065625374967678329e-20
-2.331134913280284926e-20
-2.433287514526683142e-20
-2.539416892518609174e-20
-2.668782961404525860e-20
-2.868658818133602851e-20
-2.991859615758017719e-20
-3.059368177790535142e-20
-3.124128053102971174e-20
-3.493086983380146896e-20
-3.794841128739379705e-20
-3.960788058415063537e-20
-4.196489282392878395e-20
-4.328476914051513160e-20
-4.584025866881433937e-20
-4.775061298233741904e-20
-4.821844127359423248e-20
-4.921990216089024030e-20
-5.088392206346032751e-20
-5.149962082764277182e-20
-5.278250220908564614e-20
-5.385614610237831477e-20
-5.833087226175305199e-20
-6.022133944163768743e-20
-6.296123099461676506e-20
-6.457930350206985493e-20
-6.646860114611738666e-20
-6.840777526131146175e-20
-7.222638616683315570e-20
-7.452958419793487600e-20
-7.571286351207408301e-20
-7.840811571238178249e-20
-7.886677305032037486e-20
-8.261623486539991952e-20
-8.437868786403287614e-20
-8.536082726067268825e-20
-8.687504942467340883e-20
-9.065893015267115759e-20
-9.186873049000490184e-20
-9.649917971824239687e-20
-9.900442897316921783e-20
-1.019234213100194243e-19
-1.041581449968291848e-19
-1.058158943130134127e-19
-1.082556669149205940e-19
-1.096230306672366882e-19
-1.110698489072698838e-19
-1.145783542679551818e-19
-1.174901326005060930e-19
-1.187288178588479836e-19
-1.205298060791699787e-19
-1.218721209879250412e-19
-1.275266749353517194e-19
-1.314250000685923857e-19
-1.345868623549757568e-19
-1.369670107430529126e-19
-1.384777756295971752e-19
-1.420479863326502455e-19
-1.443464843918558676e-19
-1.454561128548832679e-19
-1.483499066963880094e-19
-1.531133790936231240e-19
-1.545564068998228276e-19
-1.571321256083365145e-19
-1.596406433138695165e-19
-1.628247913506332650e-19
-1.634641966939621350e-19
-1.672060770435907288e-19
-1.699057308154079729e-19
-1.713728349687193382e-19
-1.742755165099493506e-19
-1.762525443010324353e-19
-1.804013147136587298e-19
-1.828734288673266643e-19
-1.869937251776459801e-19
-1.899744145991353985e-19
-1.924995818571876578e-19
-1.980584593377652684e-19
-1.989510860921799519e-19
-2.045899818745288311e-19
-2.059647022470101587e-19
-2.090461676958165426e-19
-2.135804332722228588e-19
-2.151007004300838894e-19
-2.163161610098396007e-19
-2.210121760027542867e-19
-2.251085911956306440e-19
-2.287625862929717719e-19
-2.293913963739017969e-19
-2.311124427996032503e-19
-2.359613722601512779e-19
-2.366997028983381576e-19
-2.414192852420909860e-19
-2.448634436928372009e-19
-2.498326862027079282e-19
-2.520878498442247489e-19
-2.555567966227487632e-19
-2.610869820455294485e-19
-2.623619355089665866e-19
-2.681549847391101931e-19
-2.702389037261321621e-19
-2.736451732160967675e-19
-2.782360249729541632e-19
-2.794486086977424150e-19
-2.828685271213909658e-19
-2.834095552784222164e-19
-2.903776313160725238e-19
-2.930272140145142102e-19
-2.971908434558013335e-19
-3.004520396615747963e-19
-3.026005807871754198e-19
-3.062187492700792441e-19
-3.083277355582069473e-19
-3.144631873217543698e-19
-3.158820410550339545e-19
-3.214000996299537554e-19
-3.242098949809874470e-19
-3.293812749772898373e-19
-3.334579316648506974e-19
-3.377966611524732014e-19
-3.392343472157484738e-19
-3.456476863567664331e-19
-3.478248506540171822e-19
-3.528588649255843126e-19
-3.545206412709292971e-19
-3.605880054128006046e-19
-3.665881043248852806e-19
-3.706604928403319400e-19
-3.782795121863234414e-19
-3.795242358947367995e-19
-3.827485356502959231e-19
-3.926499306026474630e-19
-3.953272550217362903e-19
-3.968688715633291633e-19
-4.005653047961266255e-19
-4.025336805501823190e-19
-4.099701665067914590e-19
-4.121341915629466014e-19
-4.179075582607060545e-19
-4.202486414073883381e-19
-4.242222821770613800e-19
-4.330978758047984648e-19
-4.362418815623864488e-19
-4.385156190492162017e-19
-4.455302070624988399e-19
-4.488342132486094003e-19
-4.545875293563458905e-19
-4.597056138718617996e-19
-4.631802785505545897e-19
-4.644480159471059983e-19
-4.738782197635934620e-19
-4.764123755725790205e-19
-4.836661890562621524e-19
-4.876668999741650111e-19
-4.902349952433693806e-19
-4.984909285912095627e-19
-5.015497715013786535e-19
-5.086246579867598896e-19
-5.110559611425084379e-19
-5.147548337690862615e-19
-5.248451486956553966e-19
-5.256426542105550171e-19
-5.295856044887517652e-19
-5.352497114556249754e-19
-5.427692839375747979e-19
-5.456709056279445730e-19
-5.510054635776792781e-19
-5.585633459856670411e-19
-5.603184719294856813e-19
-5.703914595855949013e-19
-5.738645663789518012e-19
-5.800085534213430947e-19
-5.855339313667038943e-19
-5.892281908002942778e-19
-5.982981472841880068e-19
-6.070723197290469618e-19
-6.089788908115286470e-19
-6.173906131371292913e-19
-6.192814130179394282e-19
-6.226196323185021211e-19
-6.252242397731524892e-19
-6.299011482155858976e-19
-6.343456586384295703e-19
-6.458216284377075287e-19
-6.496689359790146852e-19
-6.596867232663343445e-19
-6.688935309149315128e-19
-6.735333760092726081e-19
-6.804812655114299165e-19
-6.864533703106760565e-19
-6.966325441980372934e-19
-7.020255582358405355e-19
-7.075042837531307348e-19
-7.114763824487518879e-19
-7.194285659194029322e-19
-7.205885005283625794e-19
-7.301600992402551891e-19
-7.392822468507963782e-19
-7.437708867355551304e-19
-7.503863086483775867e-19
-7.550388504714490772e-19
-7.652419750273588747e-19
-7.779368707612200374e-19
-7.819127314696188097e-19
-7.869218418497921055e-19
-7.927820556548204304e-19
-8.022836743561406991e-19
-8.172256541276377348e-19
-8.204523764451779928e-19
-8.277344381009900751e-19
-8.362895032677308775e-19
-8.483302644632040675e-19
-8.516722285718440449e-19
-8.560629042044360721e-19
-8.690432245766618441e-19
-8.821476139805724266e-19
-8.847772876827491787e-19
-8.987230351977885873e-19
-9.113247176293024582e-19
-9.146037515222822116e-19
-9.241212528173529600e-19
-9.303466195361449659e-19
-9.358677060876830348e-19
-9.447252238959274945e-19
-9.594006962908417747e-19
-9.634558350081015727e-19
-9.761025425161641234e-19
-9.807601725266809394e-19
-9.903114582219131800e-19
-9.997777222777479438e-19
-1.004683556371797006e-18
-1.020018980221396977e-18
-1.033702666800595178e-18
-1.037867979363037707e-18
-1.045470035495692904e-18
-1.053416466901386240e-18
-1.067805767051870472e-18
-1.087734395281915638e-18
-1.103002909580136832e-18
-1.108522305321071194e-18
-1.122493225292718156e-18
-1.132606227241748722e-18
-1.139852173696147433e-18
-1.142177397223073406e-18
-1.154986679002041415e-18
-1.159495342606572487e-18
-1.169353421976379703e-18
-1.181238022468814950e-18
-1.196142667107233578e-18
-1.205161991829806521e-18
-1.224793029471684311e-18
-1.228302760528042549e-18
-1.239718262306383797e-18
-1.274231997486519197e-18
-1.286248914131018959e-18
-1.295524243664733632e-18
-1.313330902819145081e-18
-1.323168987738574648e-18
-1.341987270356117249e-18
-1.357649093907212567e-18
-1.380995039933880779e-18
-1.388465347938232689e-18
-1.412392359054243147e-18
-1.422759561934316483e-18
-1.444327920931481827e-18
-1.460541901660982389e-18
-1.490278069972205182e-18
-1.508287738633121705e-18
-1.524524721119158719e-18
-1.550812384722896113e-18
-1.553434781225987476e-18
-1.563332829497774530e-18
-1.579484387102720064e-18
-1.599673366301218806e-18
-1.632549251451524876e-18
-1.634791004347579929e-18
-1.659123883994989161e-18
-1.685198959550639590e-18
-1.696782531969487370e-18
-1.713270632998988004e-18
-1.750216010909484506e-18
-1.768131907010134628e-18
-1.793701096315058398e-18
-1.825122320591159882e-18
-1.870670581001935404e-18
-1.885452452518819358e-18
-1.932903422709240221e-18
-1.962907837757858154e-18
-1.992567335907905814e-18
-2.014732195863814680e-18
-2.055044073981140169e-18
-2.072034498205560169e-18
-2.113891225120107447e-18
-2.163689872363827561e-18
-2.189859149159290388e-18
-2.216910394146972918e-18
-2.273902505823169195e-18
-2.331202515183307435e-18
-2.356009140866933695e-18
-2.392531284922773991e-18
-2.497215107586163049e-18
-2.573351940827383311e-18
-2.591123859773817919e-18
-2.641931989951512472e-18
-2.736838068965225444e-18
-2.776431699464901746e-18
-2.922731718215970372e-18
-3.051514337048732706e-18
-3.480216905271458161e-18
-3.652017156560846299e-18
-7.410491327562807946e-18
