-1.595146233895740062e-01
-4.166616387642199659e-02
-1.841246958185573795e-02
-1.319672348805973200e-02
-1.030000619382764361e-02
-9.534629380296973794e-03
-6.112107596709289922e-03
-5.824221957975249560e-03
-4.446277604911387689e-03
-4.080916109654295597e-03
-3.495692626329567967e-03
-2.976239608884978776e-03
-2.679406751655369519e-03
-2.400559578405684485e-03
-2.191465057145662847e-03
-2.045816144567873512e-03
-1.927164531742883973e-03
-1.801851649416519839e-03
-1.647904852010821219e-03
-1.511502303475308539e-03
-1.368466107263542923e-03
-1.349160373967127520e-03
-1.234708181374201191e-03
-1.122257728650144764e-03
-1.083021845824613675e-03
-1.057596902728963686e-03
-1.016741446552350695e-03
-9.502981178290262950e-04
-8.588713661981555499e-04
-8.341026564009190562e-04
-7.662484194224119215e-04
-7.479595958199811070e-04
-6.848044938263006098e-04
-6.449030927532998884e-04
-6.188749695494556377e-04
-6.066315573607755337e-04
-5.864189645348221380e-04
-5.363082401840817050e-04
-5.053573851281874859e-04
-4.722954698379274244e-04
-4.416969795138004132e-04
-4.230010758901599850e-04
-3.970158714999881891e-04
-3.923323802516728788e-04
-3.707486414563004114e-04
-3.600199328270158776e-04
-3.529350526670586158e-04
-3.367096377554139406e-04
-3.117529358795473543e-04
-2.843348140352334455e-04
-2.801085201141180567e-04
-2.610114335091134928e-04
-2.489467809466262664e-04
-2.472270124272168447e-04
-2.301188675799803181e-04
-2.237803340556930218e-04
-2.213346734276652001e-04
-2.126989388541734296e-04
-2.048181469382081589e-04
-1.934428244484077866e-04
-1.824258474941623616e-04
-1.710134459351116154e-04
-1.652484298957258434e-04
-1.592670248012402088e-04
-1.516038533552656201e-04
-1.465435898365132460e-04
-1.425772781513973554e-04
-1.406729315960243058e-04
-1.381473925716102601e-04
-1.302789489330453976e-04
-1.243045424038586655e-04
-1.172246696592574907e-04
-1.129023639909868849e-04
-1.061699775643379021e-04
-1.058584528370531898e-04
-1.020073863243336218e-04
-9.906200654497557484e-05
-9.420842562527039670e-05
-9.138418071973571674e-05
-8.739275772876909949e-05
-8.103565063313780616e-05
-7.970182950692364105e-05
-7.696070227100115302e-05
-7.454614024067812066e-05
-7.114867433974316098e-05
-6.950768884077311539e-05
-6.877879486515101905e-05
-6.467872897174727087e-05
-6.159245922934236781e-05
-6.012604661110728071e-05
-5.540033124480349619e-05
-5.476876406726041100e-05
-5.359493380822558497e-05
-5.333068783893582586e-05
-5.004027340736292049e-05
-4.548623604742486323e-05
-4.364645745666127807e-05
-4.229975853064862776e-05
-4.146377906775227848e-05
-4.076782588622449217e-05
-3.910102988646350648e-05
-3.806015052776068477e-05
-3.603976067475301605e-05
-3.597724954775380373e-05
-3.335519191717196865e-05
-3.247245131725909453e-05
-3.133127305846916189e-05
-2.980634969387499787e-05
-2.814449484003983805e-05
-2.703350353264096436e-05
-2.640065401032741906e-05
-2.475387857495315417e-05
-2.458299510559073885e-05
-2.364053016598244568e-05
-2.312168382942776662e-05
-2.263956878264541082e-05
-2.056015335360291104e-05
-1.976293531939327743e-05
-1.912867362007381801e-05
-1.875187568948774380e-05
-1.831142259761254145e-05
-1.731150078011454432e-05
-1.622147634290240135e-05
-1.592934394786402481e-05
-1.460354226054299429e-05
-1.434361565523305341e-05
-1.377792926576517611e-05
-1.285875844496771487e-05
-1.264028910145922239e-05
-1.218245355408048222e-05
-1.179138764840353112e-05
-1.116168297612272436e-05
-1.094713739878705720e-05
-1.058041457043826805e-05
-9.689969641005232825e-06
-9.426199314928101949e-06
-9.182659142788557601e-06
-8.449815852157612804e-06
-7.963147003554829848e-06
-7.587503814961505485e-06
-7.334642985593242832e-06
-7.102507994152666849e-06
-6.975961151327828007e-06
-6.578012420061210104e-06
-6.337073149707935494e-06
-6.000780641371791321e-06
-5.814613336961717268e-06
-5.220766372930762622e-06
-4.886981590806802582e-06
-4.664098604923904119e-06
-4.599715532315034630e-06
-4.278893261669899544e-06
-4.048391141147057638e-06
-3.950367602618951869e-06
-3.726997941288295820e-06
-3.512296688641817697e-06
-3.331255199822869203e-06
-3.152604457023331596e-06
-2.947653201178502161e-06
-2.910125801610429316e-06
-2.668200745442058216e-06
-2.611416125061873685e-06
-2.574815604203184316e-06
-2.478613883885047721e-06
-2.371356949223566164e-06
-2.151348453222050909e-06
-2.050401455174390717e-06
-2.041092351261191212e-06
-1.873041874680450542e-06
-1.778187662281357140e-06
-1.754638204557297695e-06
-1.635119192246276074e-06
-1.534742072322206081e-06
-1.387457557996927858e-06
-1.367486028218058431e-06
-1.284765526349560392e-06
-1.213083624370923322e-06
-1.125896872394891815e-06
-1.022300638285603973e-06
-9.404599932324960052e-07
-9.154938846895403077e-07
-8.786247327508006623e-07
-7.647278468390147887e-07
-7.037153989720949132e-07
-6.345857371677494366e-07
-5.231985506119116963e-07
-5.156896234164408266e-07
-4.962293217120050585e-07
-4.641938748822269018e-07
-3.330256211043952312e-07
-2.863117332960920273e-07
-2.780827333696432461e-07
-2.537784179543286902e-07
-1.704993217812338629e-07
-1.436225053824028901e-07
-1.138989531021117355e-07
-8.051804908524257046e-19
-4.479518577464969300e-19
2.146932810166537157e-08
4.810434318778623690e-08
1.835749791101646859e-07
1.940871723366168470e-07
2.755712838382890996e-07
3.083115001876178782e-07
4.203642550483218167e-07
4.622150337725512232e-07
5.238399903466467259e-07
7.726267732794937122e-07
8.364562131819202713e-07
8.791808216721250662e-07
9.258073765060487837e-07
1.003953125581201762e-06
1.259864169123055188e-06
1.332469597512145224e-06
1.471467856953957819e-06
1.624019164944136266e-06
1.908107646719970371e-06
1.920020479354604097e-06
2.034641096796854681e-06
2.152600524047525471e-06
2.284235278573870693e-06
2.427420307612192549e-06
2.726967290450991293e-06
2.790997716479800772e-06
2.946289405913807585e-06
3.157946935089850268e-06
3.294826016625109174e-06
3.394922630511539317e-06
3.447945986608740350e-06
3.587637990233725319e-06
3.939342519092284552e-06
4.030279828968663774e-06
4.228193758651265884e-06
4.508527328552770460e-06
4.625432982286425255e-06
4.685625562613089070e-06
5.005090851445771950e-06
5.105884501504505635e-06
5.165548782967280349e-06
5.280330349460940881e-06
5.540388171612427590e-06
5.777590875515210755e-06
6.116358623758093580e-06
6.175938952317777409e-06
6.353055938534821091e-06
6.529853863379342832e-06
6.664340892005600984e-06
6.812528657189653723e-06
6.892631338834637304e-06
7.142952666226090964e-06
7.503376846123611005e-06
7.796128037821257466e-06
8.092094235964971636e-06
8.271972858764973420e-06
8.436545414538906314e-06
8.907759264671604916e-06
9.132841533536870481e-06
9.357967082637268455e-06
9.509648210708408113e-06
1.021889303280371805e-05
1.031321558428394280e-05
1.051041179544125832e-05
1.065937450587271172e-05
1.089724006266052338e-05
1.109269170675364914e-05
1.153055345652025094e-05
1.168849585795490819e-05
1.196164437374647901e-05
1.227192534373543668e-05
1.252319250594050137e-05
1.269942425767270268e-05
1.313714889116028190e-05
1.322198531861325788e-05
1.355373621846028725e-05
1.362247129829299238e-05
1.409688418594905827e-05
1.459061135955791427e-05
1.476448286527155521e-05
1.537661790451784209e-05
1.542625754199401862e-05
1.570638726151938317e-05
1.626219890962771249e-05
1.657114367440998626e-05
1.683917926546877103e-05
1.725346753956822713e-05
1.759624496039895571e-05
1.788940438733508805e-05
1.830814672775498829e-05
1.870245324349116474e-05
1.916436733441393583e-05
1.958297782440075456e-05
2.002219317606841585e-05
2.038059492305456042e-05
2.055632910238628083e-05
2.162923538247081413e-05
2.192798932712438582e-05
2.216486070385735111e-05
2.262550806231981620e-05
2.277515282775684273e-05
2.314049613099387111e-05
2.367861763715310469e-05
2.403079723622725904e-05
2.450497581922489790e-05
2.479100999533045746e-05
2.551227817850942840e-05
2.596868915161639456e-05
2.640897220419663561e-05
2.734883688553762501e-05
2.791355605048158428e-05
2.817219393730834853e-05
2.861184129729561323e-05
2.952314324048012074e-05
2.989588407775164357e-05
3.031171620431723221e-05
3.082430815830518339e-05
3.123810369043379057e-05
3.188750462831483739e-05
3.292831242232275413e-05
3.306423756067534872e-05
3.388831164243989990e-05
3.445094384965211211e-05
3.547461344748532717e-05
3.554834654157585700e-05
3.630710413920695210e-05
3.643390092863618636e-05
3.751158170179336973e-05
3.815293156096955494e-05
3.851145769614886894e-05
3.994595214176930242e-05
4.034924072571703890e-05
4.149017116396173151e-05
4.227619400327035064e-05
4.294508539226844784e-05
4.323767887015614124e-05
4.429628028667136552e-05
4.487227617714648005e-05
4.552375221830522699e-05
4.645131444673824634e-05
4.658391578462302507e-05
4.756541893742914320e-05
4.884437663764230691e-05
5.018927562110629784e-05
5.084921345778251034e-05
5.117750623242615812e-05
5.157925544145291758e-05
5.318427904676658051e-05
5.410057437849501627e-05
5.440576299897845002e-05
5.496125280816315466e-05
5.513171353904695133e-05
5.634519609294466738e-05
5.738853720668592135e-05
5.798662010508153132e-05
5.924116118212375702e-05
6.054536034292015906e-05
6.112163392600673969e-05
6.279418563722279295e-05
6.372003665720299577e-05
6.455000401787442256e-05
6.499292789959207307e-05
6.625807211109289606e-05
6.663038506250522819e-05
6.732453692589574726e-05
6.890061200189238184e-05
6.975116350697970131e-05
7.038714677039724311e-05
7.201780305266870016e-05
7.283621909146139554e-05
7.395121091350712907e-05
7.536071614625515502e-05
7.578077054386063373e-05
7.685932154691213372e-05
7.806922744469178409e-05
7.917428563711297268e-05
7.975998003603742398e-05
8.129801536969845409e-05
8.301535197786317349e-05
8.382145473404417093e-05
8.486748120355986746e-05
8.612332859835912318e-05
8.762150716932938109e-05
8.854805473847864906e-05
8.912214483529697247e-05
9.213382745801316695e-05
9.256562277679856131e-05
9.386306478164649716e-05
9.546506884757276570e-05
9.627129658723347844e-05
9.815776785088038811e-05
9.842420632939250056e-05
1.016046357782340669e-04
1.022265534986608790e-04
1.038517676811588278e-04
1.055207490785880912e-04
1.069051599140251037e-04
1.079684281082632700e-04
1.088814232069952760e-04
1.110665823012764485e-04
1.120492584331476548e-04
1.146014268924126913e-04
1.158908677687111937e-04
1.202577707579522239e-04
1.207739469783224899e-04
1.220146159208083752e-04
1.224666479131949408e-04
1.244883540141441083e-04
1.254257481169913967e-04
1.266738142403087478e-04
1.275300593806427847e-04
1.311415653822798765e-04
1.325657275805575857e-04
1.334961112079755647e-04
1.376048384325976746e-04
1.408612764802986625e-04
1.413197590997852750e-04
1.433656797953724530e-04
1.451375576060359870e-04
1.461374688619152353e-04
1.463477846930128922e-04
1.529851770277526591e-04
1.540578329523773523e-04
1.564882978333942149e-04
1.577147569339473938e-04
1.597715434122018322e-04
1.602308143581075890e-04
1.648483246681069518e-04
1.699200127239088942e-04
1.705529449189755874e-04
1.748450413861872804e-04
1.754456538540574435e-04
1.788699519939767170e-04
1.821786562698385922e-04
1.847718023485074817e-04
1.850521059439781213e-04
1.874434957620593626e-04
1.885893018554193152e-04
1.915640089069781257e-04
1.969512290565500728e-04
2.003015514107432161e-04
2.049133480116749058e-04
2.062677859309068845e-04
2.084427855481409207e-04
2.131217091888899405e-04
2.148736984998475357e-04
2.200641861784965146e-04
2.220780866888227433e-04
2.271053240239370914e-04
2.286235238088234472e-04
2.336211066011625404e-04
2.357852297668964472e-04
2.372007376906467603e-04
2.413761423085959658e-04
2.459449034501144725e-04
2.473724338003898586e-04
2.510165134220284267e-04
2.535963638055141185e-04
2.543127020037587536e-04
2.590351300185634773e-04
2.641820246253667541e-04
2.661936691825440848e-04
2.712456196865328643e-04
2.740146125297792811e-04
2.829361198876016530e-04
2.860113183427072533e-04
2.908492758482322024e-04
2.984879017280241760e-04
2.994785918892877395e-04
3.052909539349277397e-04
3.084451614798423748e-04
3.150618115553930352e-04
3.222411605588492768e-04
3.239323100603388691e-04
3.283139689751363470e-04
3.316146109130895794e-04
3.321145226045956649e-04
3.414036206065640205e-04
3.447498751476244959e-04
3.539204890841806794e-04
3.619694975515650695e-04
3.680301667200231884e-04
3.721483079304438815e-04
3.739942178818924301e-04
3.817957929793675941e-04
3.899943847403470644e-04
3.937872775601862496e-04
3.971063001068736941e-04
3.993192945441703884e-04
4.116584605854062620e-04
4.161707108349910699e-04
4.217607534019116857e-04
4.263243893617794781e-04
4.307832528821111512e-04
4.418705628340874108e-04
4.489024632093684781e-04
4.535468158597772900e-04
4.615015516971018058e-04
4.709727490711964042e-04
4.786316161549893674e-04
4.862846189583586555e-04
4.894836567858482307e-04
4.981218939936460626e-04
5.000256491031353613e-04
5.068433654383281296e-04
5.134228187321363728e-04
5.161115150715779240e-04
5.270856927654738377e-04
5.387899419623357359e-04
5.431329218210377867e-04
5.535446089098875703e-04
5.652126123240393957e-04
5.679034497555385036e-04
5.747268255166182926e-04
5.797233963738616632e-04
5.980954271887187375e-04
6.046246255374675312e-04
6.122380883726700508e-04
6.244171045008216738e-04
6.342098689134947030e-04
6.443627526129731310e-04
6.482072282109681716e-04
6.643534113872145638e-04
6.692619970040865904e-04
6.861763052240364051e-04
7.034006149461962537e-04
7.175008427011001291e-04
7.245113354247799137e-04
7.411270316198677018e-04
7.458518797586248484e-04
7.524092560170352615e-04
7.738572846923518064e-04
7.825567083399856318e-04
7.898972666894250091e-04
8.117995105717993416e-04
8.175311337215436340e-04
8.281035986885991939e-04
8.343976740376573544e-04
8.553302091614979749e-04
8.680917718832470778e-04
8.879186951171615496e-04
8.984799934001511893e-04
9.209537462142765307e-04
9.324945370114694383e-04
9.426379549086904988e-04
9.883790355418155347e-04
9.941467990650903596e-04
1.009828466309033862e-03
1.021622048438013824e-03
1.031784546058300139e-03
1.042316801355960918e-03
1.066305159903001678e-03
1.080386014291822086e-03
1.089459240056670376e-03
1.123893932029434257e-03
1.140876030725004224e-03
1.173169611604378418e-03
1.192947302280788048e-03
1.199913879334397982e-03
1.228537961217817612e-03
1.243495434443862239e-03
1.283427364920753082e-03
1.303333207388616966e-03
1.328458155403880762e-03
1.374098813650188704e-03
1.378711338146332678e-03
1.404689142138105954e-03
1.443578634881814704e-03
1.452756832300550454e-03
1.470840001043088093e-03
1.509506517903639548e-03
1.547166579704176582e-03
1.561688682137843702e-03
1.587172117103146166e-03
1.627737668506796121e-03
1.654274363396019938e-03
1.688832079297887621e-03
1.732159933778790878e-03
1.746977062202022648e-03
1.771369458715461517e-03
1.818843909415904670e-03
1.826959667102942726e-03
1.881822289012154495e-03
1.951379716495913429e-03
1.973085377615417524e-03
1.985217817998531815e-03
2.034046365066316010e-03
2.055671369089395566e-03
2.118233183297112045e-03
2.161260451597175804e-03
2.196752797693058042e-03
2.286803256347492725e-03
2.320878402733112227e-03
2.333893799768695793e-03
2.459602913539230343e-03
2.496748237868190879e-03
2.507258314649334855e-03
2.565040095529837715e-03
2.606505817536831048e-03
2.669981396981403569e-03
2.758212607899516652e-03
2.831769550092600850e-03
2.914755124011039061e-03
2.987821616265323374e-03
3.027226078549061401e-03
3.137282672257009093e-03
3.179921625716196788e-03
3.283111510249215725e-03
3.343615355098352067e-03
3.400580936171495195e-03
3.523744935245592871e-03
3.590906705801136765e-03
3.635878903803326390e-03
3.747829481735837250e-03
3.911127425598612262e-03
4.007200056267034259e-03
4.122371117697930937e-03
4.195850135635303436e-03
4.281507888378889917e-03
4.428002216578979036e-03
4.534593539423953379e-03
4.679823118695749899e-03
4.746368724579595050e-03
4.866502867319169590e-03
5.151531985344293130e-03
5.318682511442522805e-03
5.448022601703819863e-03
5.657288616369085012e-03
5.954340099050840253e-03
6.045402443244292032e-03
6.232227054330085475e-03
6.474982106223010209e-03
6.543705263090365820e-03
6.723002674665884415e-03
7.186644523093775605e-03
7.237819974226394372e-03
7.737879118851282573e-03
7.930113277068372504e-03
7.957978453860195187e-03
8.350925441498322638e-03
8.673589070318248398e-03
8.879254503303769808e-03
9.599224014470280827e-03
9.931211290890397392e-03
1.024612624935924629e-02
1.087488137116409889e-02
1.112614153573987345e-02
1.146328199289657450e-02
1.221879204106905530e-02
1.291813533400635455e-02
1.348797602538991808e-02
1.390290175283995580e-02
1.429062328031518656e-02
1.635406477649324272e-02
1.722862875184442283e-02
1.768856409470281887e-02
2.003206658979967900e-02
2.056828135224481741e-02
2.128379251097563263e-02
2.400847498446477546e-02
2.523273695627118243e-02
2.738755654445035673e-02
2.894097052407330201e-02
3.153709839221170014e-02
3.253100248197426242e-02
3.877373550930773849e-02
4.342135494441638072e-02
4.429156045613372866e-02
4.900992598807819844e-02
6.468979399663625507e-02
6.604492824608997059e-02
9.275718268759988727e-02
9.675501902473131188e-02
1.217624432944194868e-01
1.470921759771209036e-01
2.535333780720231966e-01
2.967463552896518197e-01
4.156464611933630704e-01
