1.860684269027242793e-03
1.415085304548928998e-03
1.245342504175421441e-03
1.139762078429581516e-03
1.079882255638521310e-03
1.034562037166825328e-03
9.281396663325962217e-04
8.611545021615144534e-04
8.341187103973234443e-04
8.168487174067726696e-04
8.097503946321028519e-04
7.273029958043170269e-04
7.046124219540967400e-04
6.549297488824774643e-04
6.279807619537360963e-04
6.041155802074889454e-04
5.968642569109828405e-04
5.685790186722489061e-04
5.472206064993862581e-04
5.280463510596444679e-04
5.119150326554418751e-04
4.886135239752422560e-04
4.660041609920281456e-04
4.543965886163599493e-04
4.328498808976525268e-04
4.226494278420276870e-04
4.149719215519346248e-04
4.086489060785390291e-04
3.921860828301221985e-04
3.848191692972021283e-04
3.805892519738700167e-04
3.656383935034543745e-04
3.487533202441960565e-04
3.301441619374598496e-04
3.274493741375543812e-04
3.217099530720239631e-04
3.115902745117517529e-04
2.994429045107499607e-04
2.971795999484156087e-04
2.926656560223845857e-04
2.817091046632441047e-04
2.679065452373885427e-04
2.618226372302027288e-04
2.523313503544564454e-04
2.459158189680521532e-04
2.412333453696453031e-04
2.367753999429876859e-04
2.316131362826938768e-04
2.268942943692489199e-04
2.224659191881854514e-04
2.206977569012058332e-04
2.151124093989129332e-04
2.119235370408411429e-04
2.028601606411044691e-04
1.915597797984206602e-04
1.902202936282368828e-04
1.880514305185389560e-04
1.801451013493828967e-04
1.782903542478108294e-04
1.766393263886952599e-04
1.737547561014680605e-04
1.734536160160571555e-04
1.682841433535131593e-04
1.615116616732046500e-04
1.548299622536572528e-04
1.515108586503303805e-04
1.479806334721518258e-04
1.439411401044465952e-04
1.428720315000326952e-04
1.384195476756135774e-04
1.371193780094081443e-04
1.305951260537000359e-04
1.289993918876782084e-04
1.277185900217867173e-04
1.255761992165141535e-04
1.243684621116137310e-04
1.219672529740356196e-04
1.187744403326383106e-04
1.160290412414831255e-04
1.137382858717469434e-04
1.129876585114046334e-04
1.097420778622677610e-04
1.079793084679334380e-04
1.039695918206403664e-04
1.003774196059308845e-04
9.806790758981041606e-05
9.534163719891992439e-05
9.436690080188395603e-05
9.355757596325869354e-05
9.173191052941656023e-05
8.919232354586575408e-05
8.871809464566832355e-05
8.748892869486780673e-05
8.458977490150790951e-05
8.335410883126248528e-05
8.110292782211885499e-05
7.877391052756156458e-05
7.777588015509029654e-05
7.699262795086929249e-05
7.588681635018621949e-05
7.480167213638333880e-05
7.129165558320698943e-05
7.074113240228675856e-05
6.899815472951642320e-05
6.772892488437423240e-05
6.654950599223665179e-05
6.441288410491166866e-05
6.297440863548535049e-05
6.103049176944720254e-05
6.001456705021942747e-05
5.842173212448695257e-05
5.772133923973609332e-05
5.705302084032031835e-05
5.678606504003034264e-05
5.542710203356221899e-05
5.418305489661342502e-05
5.378684331961906915e-05
5.247250896991194038e-05
5.067004055211220639e-05
5.008148938063844755e-05
4.916304873450783356e-05
4.697325288519609975e-05
4.576530604883379075e-05
4.523998163950015316e-05
4.480738305001663905e-05
4.383581922817443664e-05
4.260479073369848377e-05
4.161436316382279037e-05
4.123467946771741346e-05
4.101274824343179975e-05
3.954181479210600454e-05
3.875466346232747813e-05
3.809442239415328289e-05
3.699257830310894650e-05
3.605088404809433450e-05
3.545849360934024238e-05
3.519808449545404051e-05
3.469008030561496301e-05
3.328322771548165675e-05
3.264826360766330922e-05
3.245025294107445362e-05
3.187168707847875409e-05
3.110531267103951245e-05
2.993052701215378236e-05
2.952524966681098088e-05
2.870384640552101508e-05
2.848832138704981848e-05
2.834577202340635515e-05
2.798084878360037724e-05
2.734221626833671493e-05
2.658233005977320756e-05
2.598901141965079969e-05
2.588829050170286298e-05
2.458576728578432282e-05
2.437949147491782234e-05
2.385159697975596568e-05
2.333237502835171608e-05
2.263590608643623365e-05
2.235786529261155921e-05
2.204052175450737196e-05
2.128454209418553125e-05
2.108402750921108210e-05
1.974465199843758968e-05
1.955301858326227273e-05
1.916030576138860622e-05
1.904485016217725925e-05
1.854000742028244543e-05
1.784680576354681546e-05
1.774292971065824241e-05
1.691577119880447613e-05
1.686527658516827685e-05
1.635825778831215231e-05
1.617900248176490084e-05
1.593700513875330097e-05
1.558465224203989380e-05
1.481173094412133876e-05
1.465519921229071441e-05
1.434351686396084776e-05
1.402694169537601789e-05
1.352705613451525857e-05
1.324608779434225773e-05
1.299190563476006889e-05
1.278289473097317329e-05
1.270981262176831372e-05
1.235057599349657350e-05
1.202620201461336541e-05
1.183409308491911357e-05
1.145153880035453633e-05
1.121399834398454805e-05
1.098520240981740800e-05
1.069455845075162136e-05
1.013406210682957354e-05
9.866627061764282402e-06
9.758926329976985557e-06
9.546548899574809713e-06
9.412969634629709794e-06
9.232155125335490318e-06
9.032334283300900686e-06
8.658844454803783135e-06
8.590135052379540027e-06
8.429366924838381360e-06
8.239755772494073837e-06
7.990166043503634698e-06
7.835536055718733515e-06
7.631626339556547928e-06
7.463551298150949890e-06
7.370810426951359594e-06
7.146382506270666576e-06
7.024017409737818158e-06
6.870248209995168589e-06
6.709399734515839432e-06
6.580111720186742876e-06
6.285942644234650500e-06
5.993395349456503368e-06
5.950807901504599149e-06
5.703831747991081481e-06
5.587400261215353109e-06
5.481331418393357631e-06
5.385960978035140309e-06
5.327951609961677765e-06
5.108559072594480196e-06
5.015466824158680212e-06
4.840228059416265956e-06
4.745014953351651469e-06
4.582521466223259574e-06
4.496187892770355242e-06
4.463007338181282439e-06
4.192883542497915539e-06
4.069986872150227030e-06
4.019668462160527117e-06
3.879755751724472997e-06
3.740454099171165936e-06
3.619478244765919052e-06
3.505892970227178349e-06
3.398502262757498280e-06
3.263867726017115385e-06
3.122043717529251603e-06
3.055780613242560495e-06
2.913913986710527107e-06
2.842567873989522877e-06
2.789303179738378856e-06
2.732736853791539018e-06
2.559312041340446422e-06
2.530941584651031488e-06
2.434359391591386237e-06
2.384985885386258008e-06
2.313613611774212359e-06
2.220879274415539732e-06
2.112242892131577280e-06
1.960756649938397001e-06
1.941185862416117540e-06
1.832610841358756653e-06
1.709241490670665047e-06
1.680774052028497540e-06
1.633773705539496398e-06
1.518211777310965040e-06
1.469117417953936780e-06
1.407748678144581812e-06
1.380312512391679480e-06
1.207162603304612355e-06
1.167543434297166740e-06
1.155708501261966994e-06
1.054680730323960687e-06
9.882897928843260649e-07
9.369370553782785963e-07
9.046211513906923087e-07
8.938704876486168717e-07
7.717888474153267808e-07
7.499297868092737641e-07
7.294823075142859492e-07
6.628330917737664000e-07
6.292819368330832303e-07
5.786375143766728851e-07
5.543428473474255224e-07
4.829881601188983406e-07
4.740057655960931210e-07
4.115464469249107724e-07
3.506740644830746171e-07
3.327704138960958986e-07
2.935882297388584805e-07
2.354314283748356668e-07
2.036902823813730211e-07
1.647711395803283332e-07
1.254650456304550367e-07
1.074919738079910037e-07
9.775903550642326772e-08
6.774474850250736612e-08
5.285043101187980435e-08
3.162947417542485491e-08
1.902956565450786006e-08
2.101885874747093040e-20
-5.096281454000315269e-21
-9.674605258378349974e-09
-2.416812389025323146e-08
-5.023102237281909203e-08
-7.458915596809873131e-08
-9.777798333037841985e-08
-1.233089432916862386e-07
-1.267554699221142188e-07
-1.615684409259488787e-07
-1.792943986163048303e-07
-2.040963397793532302e-07
-2.274597158818938042e-07
-2.610313883015519426e-07
-3.079536184154541460e-07
-3.432950803774460375e-07
-3.863552584130534236e-07
-4.051556479762876819e-07
-4.324750440117632103e-07
-4.585311133929710672e-07
-4.993646468287149182e-07
-5.148633723198907231e-07
-5.667192494677060342e-07
-5.996451893271218655e-07
-6.238986013260061224e-07
-6.761254845275813366e-07
-7.020507963358130334e-07
-7.406196504675586645e-07
-7.886680626379017219e-07
-8.099636404356424951e-07
-8.467812690092631659e-07
-9.060833266029507347e-07
-9.301203428007992319e-07
-9.766780725240628601e-07
-1.032988822867222827e-06
-1.053613256444222381e-06
-1.067918254255440271e-06
-1.159850465295810050e-06
-1.187787808181979007e-06
-1.222559881513709179e-06
-1.268692342925911606e-06
-1.293324124644113732e-06
-1.390179392069488720e-06
-1.421366832077831552e-06
-1.451202138544398767e-06
-1.461043625501886112e-06
-1.505837675900024413e-06
-1.560527605660592108e-06
-1.626387999577307999e-06
-1.648959027206283367e-06
-1.700731194887673111e-06
-1.787750122962299702e-06
-1.799055996587132850e-06
-1.904834243255966557e-06
-1.937791962461759759e-06
-2.046948822660458811e-06
-2.099186201077710590e-06
-2.153529005372156080e-06
-2.189971954692631026e-06
-2.329893182531906583e-06
-2.442943444833145401e-06
-2.487004526181233051e-06
-2.532987498081401457e-06
-2.561479401112977766e-06
-2.690756998488208407e-06
-2.723873435435484379e-06
-2.805330448649739887e-06
-2.836954361225517486e-06
-2.904276882514489165e-06
-2.958272895878934484e-06
-3.124957382466732867e-06
-3.166260863678143986e-06
-3.221869454461209826e-06
-3.314695079402154136e-06
-3.378348244122494519e-06
-3.505840254774288567e-06
-3.550499924171875133e-06
-3.706980513106374394e-06
-3.754894546676939998e-06
-3.843612417203362841e-06
-3.900667009603421034e-06
-3.934496861132415524e-06
-3.998743116195791301e-06
-4.062955136291938155e-06
-4.176430723340562413e-06
-4.278977997598809669e-06
-4.329080194700269798e-06
-4.529443162979189431e-06
-4.625078599836267966e-06
-4.638400610520916600e-06
-4.793369944904211009e-06
-4.945344041335368182e-06
-5.030176560108001171e-06
-5.066794499329818514e-06
-5.275052249941798579e-06
-5.287909019700836347e-06
-5.451239036037470347e-06
-5.509815251720500319e-06
-5.648316594552758921e-06
-5.671186843727023452e-06
-5.780185685394769661e-06
-5.914566552359749174e-06
-6.016204644816449556e-06
-6.154151639616321392e-06
-6.259001304975003732e-06
-6.408376856235375452e-06
-6.495309013674093243e-06
-6.601962002798092735e-06
-6.909970043824706620e-06
-6.994875256872236163e-06
-7.197347892312411355e-06
-7.245347870901649751e-06
-7.319502706364608130e-06
-7.451025544953391294e-06
-7.522908554766251321e-06
-7.627782789499863134e-06
-7.929867524596347214e-06
-7.991301524635052007e-06
-8.147596609838591008e-06
-8.272314794727506079e-06
-8.360685974233816244e-06
-8.541476606222844555e-06
-8.846262139247135727e-06
-8.996493078842426625e-06
-9.122234624241166279e-06
-9.282010951507311584e-06
-9.391422640701369066e-06
-9.454863265422372066e-06
-9.602854660711675661e-06
-9.773364194595275930e-06
-9.786231890988884559e-06
-1.012978817603549097e-05
-1.034965594446501309e-05
-1.039229005012125670e-05
-1.065039512985172650e-05
-1.080207713628275098e-05
-1.101757546443150496e-05
-1.119064458256535574e-05
-1.134997666698424511e-05
-1.157370649271347542e-05
-1.163669044011874889e-05
-1.181049252847072653e-05
-1.214503940222937670e-05
-1.247892089191934727e-05
-1.251028031129922597e-05
-1.269686071759328649e-05
-1.279914967305390441e-05
-1.282493842742881252e-05
-1.329278788406020341e-05
-1.339247878287030899e-05
-1.369217626554817828e-05
-1.396536074508901253e-05
-1.421402206275417905e-05
-1.452010946782479223e-05
-1.486769816588934053e-05
-1.520700939643886475e-05
-1.552635111798520492e-05
-1.555634856586227818e-05
-1.563573215000091989e-05
-1.585295185899936266e-05
-1.624254296959500024e-05
-1.647874768141386278e-05
-1.672576697252392975e-05
-1.681360982992389719e-05
-1.724273977062755670e-05
-1.762349449674803032e-05
-1.803246070415632872e-05
-1.832427096173739136e-05
-1.837405921688408243e-05
-1.862698770245879305e-05
-1.895656498717648191e-05
-1.928332529784784044e-05
-1.967167406889528376e-05
-1.978182115444422509e-05
-2.017705937317154728e-05
-2.054783791745049386e-05
-2.072802572738032144e-05
-2.088242183526547015e-05
-2.160592065930528992e-05
-2.178538521485616711e-05
-2.193192165203579499e-05
-2.229928408802025677e-05
-2.262499164906792685e-05
-2.300138588717022891e-05
-2.311155420943643982e-05
-2.354066424026116786e-05
-2.426229593459630914e-05
-2.492236675872009695e-05
-2.530719366511403597e-05
-2.563406108732898750e-05
-2.623360719683852547e-05
-2.638662473177893399e-05
-2.651408509820296679e-05
-2.729406802103449378e-05
-2.781375890028657579e-05
-2.837746196101782937e-05
-2.873741658031131588e-05
-2.919519297816859868e-05
-2.940145709255317461e-05
-2.991605061108159580e-05
-3.036052173632547597e-05
-3.121972833468271950e-05
-3.125909858239710133e-05
-3.207015111074634181e-05
-3.269387398567545080e-05
-3.299044502773252772e-05
-3.338504217775785447e-05
-3.354180011226503324e-05
-3.382795416244794564e-05
-3.443549824454262035e-05
-3.506976288093282222e-05
-3.550830684980741037e-05
-3.617553127518752416e-05
-3.708236256347850236e-05
-3.737214811363291780e-05
-3.799984327493604512e-05
-3.822940203235649162e-05
-3.897933084469802645e-05
-3.938954810810845240e-05
-4.010053500289880671e-05
-4.120710828848036270e-05
-4.151649370765461992e-05
-4.208842484822211449e-05
-4.248344900057155198e-05
-4.308069576656121437e-05
-4.341915951022548863e-05
-4.399303950035047021e-05
-4.422545580653609426e-05
-4.504647435072020427e-05
-4.588452803922149552e-05
-4.649316870550356375e-05
-4.768511361416698561e-05
-4.823463043748250467e-05
-4.944877907338440955e-05
-4.995738359773555594e-05
-5.015447075695407000e-05
-5.115053146700759281e-05
-5.180343252493715647e-05
-5.289006514756375234e-05
-5.347254834828679319e-05
-5.379724422450686284e-05
-5.522853627148518622e-05
-5.602833430961002387e-05
-5.648121756863125971e-05
-5.803151706959234362e-05
-5.840364835981786361e-05
-5.981598648355548312e-05
-6.013481556817195398e-05
-6.167469066013024875e-05
-6.271409594666754511e-05
-6.425219513744791526e-05
-6.473767749067041693e-05
-6.673786901180901352e-05
-6.781520851742942480e-05
-6.826705544923517140e-05
-6.979849629472398406e-05
-7.018314873539421514e-05
-7.150599874327808988e-05
-7.177723442609435487e-05
-7.353498144754686732e-05
-7.404805388020322993e-05
-7.411778460893592277e-05
-7.587849160768066474e-05
-7.670365584039922822e-05
-7.811567961120405757e-05
-7.915948021660274881e-05
-8.072824126048728621e-05
-8.284828930419388610e-05
-8.428790523721492792e-05
-8.486871600543709757e-05
-8.606027434549121601e-05
-8.709072562652792082e-05
-9.002762605898035719e-05
-9.101354973007407478e-05
-9.255883384146331512e-05
-9.309455898531174658e-05
-9.398563004430247154e-05
-9.747096687050262021e-05
-9.817484562353231004e-05
-9.923676267866819581e-05
-1.000394390360235825e-04
-1.010854560056561534e-04
-1.030634197459448287e-04
-1.056388445847874499e-04
-1.071312030803063433e-04
-1.080125953421359633e-04
-1.096557250240269598e-04
-1.112344862248372204e-04
-1.127329116955928985e-04
-1.138327414421907963e-04
-1.196337938446868563e-04
-1.204341562793393832e-04
-1.222358138361452282e-04
-1.239862999943398911e-04
-1.258791450235706454e-04
-1.264664637287887859e-04
-1.291522100183470595e-04
-1.306434990673953768e-04
-1.335750004160785563e-04
-1.341379301191095738e-04
-1.378097368826476958e-04
-1.399001934218845327e-04
-1.420544163670683382e-04
-1.430846748958708795e-04
-1.461502243835345138e-04
-1.492272151992506037e-04
-1.513366078858166509e-04
-1.552626531541105549e-04
-1.567708076869372209e-04
-1.591310373035152758e-04
-1.605839656725778215e-04
-1.619348285791305444e-04
-1.678224574271624798e-04
-1.729333440441666969e-04
-1.738500728531857211e-04
-1.778332412795549189e-04
-1.799427315304893071e-04
-1.809965387431197769e-04
-1.853632466713437993e-04
-1.887301092492863928e-04
-1.908350536138371772e-04
-1.967577170160810982e-04
-2.005466825006724468e-04
-2.061672472918250855e-04
-2.078175423970646328e-04
-2.099872779856514187e-04
-2.138345511541410568e-04
-2.184695651335098927e-04
-2.198367976503696108e-04
-2.221246422616098113e-04
-2.281034902186856940e-04
-2.310942107395456534e-04
-2.413075759865070916e-04
-2.425193233147724834e-04
-2.498338732607938953e-04
-2.526604421994752621e-04
-2.539819152973817442e-04
-2.600207668250110625e-04
-2.687951188654363237e-04
-2.699061375480835872e-04
-2.736058169900394839e-04
-2.782669154319772874e-04
-2.916912693817249442e-04
-2.931791352460706560e-04
-2.999666958671458957e-04
-3.068239995954272778e-04
-3.137232372577629879e-04
-3.201954668087166880e-04
-3.246274400904300482e-04
-3.368672993691171412e-04
-3.431976348499060441e-04
-3.457430737460681983e-04
-3.493135170056499016e-04
-3.510757726080886263e-04
-3.625955189663470626e-04
-3.791109254618341682e-04
-3.952714088542011906e-04
-3.964916806672148211e-04
-4.021631666808842963e-04
-4.190450832514685414e-04
-4.272361994720708057e-04
-4.403215505027841198e-04
-4.499892464531732761e-04
-4.578458563105531915e-04
-4.903180395969269781e-04
-4.936139761545612140e-04
-5.045900713722289467e-04
-5.294653915722456706e-04
-5.428917676708003986e-04
-5.559975468505452302e-04
-5.638733426874837501e-04
-5.794418985802206323e-04
-6.098357615555236987e-04
-6.199178012727943115e-04
-6.375961625375572376e-04
-6.537099007295885025e-04
-6.846591458088543622e-04
-7.287477669192402117e-04
-7.298310803172916757e-04
-7.657883336041014771e-04
-8.271030205186419466e-04
-8.773654568428813005e-04
-8.922163507495319956e-04
-9.148669528279608108e-04
-1.005699455296072851e-03
-1.071764274573699721e-03
