3.731086733271422595e-01
3.635456507864359144e-01
3.241290506536484983e-01
1.986810017827749519e-01
1.590153022529259552e-01
1.471326931242010749e-01
1.284088777179607510e-01
1.248988495745009808e-01
1.224396510736914523e-01
1.041917899196033032e-01
1.026758127733867765e-01
9.377606434715821115e-02
8.557459696275497574e-02
8.466533309233960358e-02
7.984662165788701527e-02
7.474907702720505476e-02
7.256374312418627237e-02
7.138326410901600638e-02
6.871458830354096325e-02
6.696663889474685494e-02
6.598389605823583304e-02
6.286969024528525629e-02
6.051440513927686116e-02
5.894307968782221130e-02
5.873249573855311712e-02
5.614483858879401601e-02
5.503326522191576836e-02
5.275396601335491376e-02
5.108725014508883056e-02
5.002069036512321598e-02
4.957082399107565901e-02
4.884929642345469530e-02
4.862262988308531375e-02
4.854288335366883228e-02
4.825069295231070032e-02
4.531698760101865453e-02
4.483759032409812689e-02
4.299525254469134528e-02
4.195992708268936333e-02
4.172397998993913198e-02
4.146109117337847677e-02
4.067895496310818676e-02
4.006917209223179177e-02
3.955834708703848124e-02
3.843021729571850092e-02
3.717290235786499530e-02
3.656201823419072405e-02
3.635270859855530001e-02
3.599731498004719865e-02
3.576601125703429696e-02
3.562328440276456981e-02
3.547207035082187987e-02
3.524750552517195296e-02
3.465700111697682384e-02
3.415198348585668509e-02
3.345061868551509054e-02
3.260165606189217163e-02
3.212780643644080891e-02
3.125868387414697247e-02
3.107733042401241916e-02
3.095601667693653747e-02
3.086856708242788003e-02
3.071302164113529076e-02
3.012520474422364716e-02
2.970007738824520516e-02
2.916203571702383548e-02
2.858287244007420499e-02
2.818856586079855620e-02
2.798995130855988847e-02
2.778440063817608566e-02
2.767427134005228870e-02
2.751519907982923063e-02
2.741473309809357162e-02
2.704114333093611544e-02
2.700015063802724616e-02
2.674270187340269112e-02
2.672680440722585704e-02
2.632693492940046953e-02
2.581786234624109874e-02
2.532301601788560647e-02
2.504713668666345289e-02
2.460359057539337341e-02
2.445446213563247720e-02
2.406948529805736162e-02
2.391220733362015710e-02
2.379223958452905685e-02
2.370551023996995271e-02
2.345926696390519470e-02
2.314049223900543906e-02
2.293047037188515949e-02
2.258687571916355441e-02
2.246410735835144279e-02
2.236213164545943974e-02
2.203276033629745709e-02
2.185827633004352316e-02
2.182038629861219811e-02
2.170915648836534498e-02
2.141993186101533858e-02
2.125022285145668210e-02
2.121278648440752188e-02
2.120581560194443466e-02
2.093938675025576110e-02
2.084242429361112328e-02
2.068366870080105835e-02
2.061639969512641182e-02
2.032388636233957435e-02
2.019185742406674755e-02
1.977332626503333635e-02
1.950153909210780925e-02
1.919473817410567718e-02
1.912761062673386941e-02
1.905744020694982374e-02
1.868817049001436290e-02
1.860761141969333177e-02
1.856513631058442568e-02
1.853174142448620748e-02
1.844208840992452025e-02
1.822510304037387729e-02
1.799179064176272339e-02
1.796753799212138028e-02
1.781478576101606578e-02
1.764342752659159991e-02
1.754464318953928570e-02
1.744078603841747385e-02
1.737009594918602004e-02
1.733850913561166968e-02
1.712985917887700424e-02
1.703106695685602939e-02
1.697028242554214292e-02
1.681949331908391340e-02
1.662904755713792357e-02
1.657015766090109282e-02
1.653266122281020489e-02
1.638243335197137399e-02
1.621987883854559068e-02
1.620687826711316587e-02
1.610370323700079792e-02
1.604029843358423593e-02
1.580032325672109383e-02
1.572368515898258517e-02
1.546092907540824041e-02
1.532695456329617734e-02
1.525318238695411339e-02
1.504977770092508563e-02
1.494455914627116321e-02
1.488065511653004908e-02
1.470825456801465661e-02
1.464505831894434736e-02
1.457768177332779101e-02
1.448056567612144262e-02
1.445471424911482818e-02
1.434803173380981046e-02
1.427576346384785630e-02
1.418155002780450979e-02
1.410841847626708237e-02
1.406007590936655428e-02
1.400944974016351055e-02
1.388851953588094747e-02
1.381323674933501375e-02
1.375883793953202282e-02
1.365293254745421000e-02
1.359085246254652241e-02
1.347860260080455293e-02
1.341927384829201368e-02
1.330051310071964955e-02
1.313492553298814362e-02
1.305009651649760224e-02
1.298560179779060381e-02
1.295588270848794903e-02
1.291175885335343193e-02
1.281260742210141995e-02
1.272043809771559314e-02
1.270214684518891288e-02
1.265013852910786170e-02
1.258062714556458864e-02
1.241066322043197362e-02
1.230106018587906642e-02
1.223015204878471866e-02
1.206521581034563154e-02
1.199272960824773401e-02
1.196319230261840005e-02
1.184259939247817202e-02
1.174636391909769303e-02
1.166985721970579225e-02
1.164249805992363662e-02
1.160659022540098430e-02
1.145858871141583815e-02
1.141432767951889443e-02
1.137991524472756200e-02
1.135644674957463941e-02
1.129828280070307132e-02
1.123593554411499162e-02
1.119612892122593892e-02
1.113449739874025103e-02
1.105825782689788365e-02
1.103987536559353916e-02
1.095034981413618540e-02
1.092879501201980685e-02
1.086222760854700480e-02
1.078950213679841057e-02
1.070376995846246404e-02
1.063099975083679413e-02
1.058505534173054784e-02
1.051771035873192914e-02
1.048432203213156035e-02
1.041430209731456988e-02
1.026975970306659609e-02
1.024466165863731869e-02
1.016384861694582392e-02
1.013224773668873480e-02
1.007488806263289773e-02
1.004523400138029876e-02
1.001265992510001757e-02
9.895292344894496619e-03
9.816606177053641136e-03
9.787572961110756545e-03
9.681226069058053788e-03
9.591049417733442384e-03
9.572686894034121430e-03
9.528027722411009162e-03
9.500655424536480834e-03
9.457473578484401969e-03
9.311753705709829854e-03
9.281660274867997024e-03
9.223138240290012363e-03
9.198620571084612993e-03
9.125268928517912478e-03
9.072155420745959056e-03
9.016497018238730024e-03
8.980035598481320852e-03
8.962856492283628740e-03
8.896178704134257223e-03
8.890004716400310564e-03
8.866383193551308911e-03
8.812582016744124544e-03
8.810353971521299107e-03
8.709454521324612106e-03
8.634228836442514946e-03
8.590658393881423285e-03
8.548586443808089616e-03
8.498739256155778826e-03
8.485156081600707736e-03
8.418392036322771416e-03
8.396631986540746551e-03
8.335124307716859984e-03
8.285526323996747489e-03
8.254971901984719390e-03
8.231736490328878109e-03
8.157162974365918598e-03
8.099681234730553639e-03
8.072327293111958985e-03
8.020631582620110431e-03
7.980901186765943303e-03
7.904874913612594534e-03
7.855405993047591406e-03
7.798450411735652690e-03
7.776584332788627832e-03
7.723488234786181524e-03
7.693944196279904092e-03
7.627781544830530662e-03
7.595930804462389802e-03
7.564231376072744380e-03
7.548158404027741943e-03
7.379121457773489892e-03
7.318403508206361777e-03
7.311977933858589303e-03
7.268597159607087868e-03
7.214443290861513765e-03
7.208978844023072353e-03
7.187275455943627385e-03
7.126702342696954531e-03
7.072792289505256194e-03
7.026750913302001744e-03
7.004475921188770687e-03
6.967018718920803266e-03
6.910130013054633334e-03
6.871766871562075621e-03
6.851140332239631994e-03
6.838101809937434036e-03
6.784680556284980284e-03
6.766255342061818639e-03
6.717258187119361929e-03
6.694487319957885541e-03
6.681853459300281586e-03
6.627780263278176820e-03
6.615787747470963306e-03
6.566084819237650617e-03
6.529952877192523805e-03
6.507908468913641171e-03
6.471241540030200218e-03
6.423379264528445917e-03
6.365345803126757490e-03
6.317154987476552956e-03
6.292416330858211816e-03
6.259631859958143633e-03
6.237092053380999777e-03
6.179761660059298646e-03
6.162698935198755550e-03
6.156271046786643622e-03
6.122457787797411059e-03
6.083347606004107372e-03
6.043498474158727485e-03
5.996844055811057471e-03
5.985629834260307661e-03
5.956023162191368368e-03
5.869796510327394100e-03
5.847328421688374051e-03
5.778037335289985636e-03
5.743596071102567528e-03
5.720168893136103570e-03
5.700787555090806348e-03
5.675056242253498015e-03
5.653487850455767884e-03
5.641880137482680781e-03
5.583017092147042615e-03
5.532257130426994352e-03
5.514747008833679846e-03
5.504934804471495018e-03
5.462568014335290011e-03
5.456548604214350728e-03
5.418955322107519082e-03
5.395140810865747469e-03
5.353669966213865129e-03
5.335463565196875771e-03
5.325571144899338485e-03
5.305487002574082664e-03
5.239464303708214060e-03
5.215604777929034111e-03
5.212375382540053448e-03
5.133859625995329523e-03
5.095109935083525811e-03
5.073195763724449095e-03
5.069529398210001134e-03
5.054084329791953649e-03
5.045653502086470260e-03
5.013517013702828255e-03
4.984556000070731845e-03
4.968261876323543103e-03
4.944736986256143517e-03
4.885845590601779927e-03
4.878787463865452007e-03
4.845438707653604640e-03
4.825912063048593166e-03
4.803259812239777868e-03
4.796929276485609704e-03
4.772886568403791538e-03
4.757344867316513036e-03
4.708728861730746354e-03
4.676486352738566318e-03
4.667563501485299908e-03
4.614889652344415956e-03
4.591833056281778742e-03
4.579110353384954063e-03
4.540572399198806487e-03
4.498793645074495619e-03
4.475845676588250700e-03
4.457151877496152471e-03
4.440455450596575947e-03
4.415591361006310743e-03
4.353733103874594078e-03
4.338808713583414134e-03
4.314794861175764648e-03
4.283132274722284243e-03
4.274802515432640435e-03
4.243170336281564328e-03
4.217088610045144521e-03
4.186144860650692356e-03
4.175279009737595769e-03
4.157704654655691549e-03
4.111208324398383032e-03
4.107561654217276731e-03
4.090414002207213261e-03
4.084882458254109755e-03
4.072203106772637540e-03
4.039630283185223318e-03
4.017167982631268328e-03
4.004692077766059885e-03
3.982301153496594498e-03
3.961957473873877096e-03
3.915987718142886417e-03
3.891701911796042329e-03
3.859723579292619316e-03
3.844222062432158405e-03
3.824853270727532860e-03
3.799270398312968536e-03
3.782067683846243155e-03
3.774547063127085648e-03
3.732695573599951241e-03
3.722496751142704945e-03
3.712202513770437168e-03
3.696009575122525658e-03
3.689940431435997231e-03
3.680260169001367890e-03
3.660990521877343674e-03
3.647546942454209934e-03
3.624828455906242523e-03
3.612222230554818728e-03
3.602237778482709173e-03
3.589971523198065562e-03
3.559681537872442202e-03
3.544082322118571448e-03
3.528238588692803653e-03
3.507785250946839940e-03
3.484122326930062102e-03
3.473200171500602420e-03
3.457158602546965553e-03
3.435145641991949311e-03
3.417970093226756819e-03
3.400870737083599299e-03
3.368603464407129034e-03
3.343600843793736229e-03
3.324099627499247072e-03
3.304889115651700980e-03
3.295232939858254526e-03
3.262294315671499575e-03
3.253653764482995585e-03
3.229262818889952914e-03
3.226704051083568309e-03
3.196921065354606413e-03
3.195725605117850313e-03
3.165911347239846671e-03
3.152875846489295621e-03
3.133405824733798313e-03
3.107850105469650483e-03
3.097467811624428271e-03
3.088793038132983150e-03
3.064626628789042084e-03
3.035913231692922553e-03
3.020925339583302709e-03
2.991072827779233615e-03
2.987701236026808500e-03
2.976901438788021222e-03
2.945579410363756249e-03
2.943451201598955118e-03
2.922200287064083239e-03
2.910385798502636116e-03
2.894969030548691889e-03
2.864904335381588969e-03
2.862274043032846105e-03
2.839617227980094881e-03
2.822607157858226037e-03
2.811576559830572617e-03
2.793813912126967298e-03
2.779953213468094701e-03
2.769991919702228297e-03
2.746887013390161749e-03
2.732769326055886194e-03
2.704016638523773410e-03
2.687552964292495850e-03
2.676125987581808984e-03
2.668102963177933565e-03
2.652622406223781922e-03
2.629703779681098058e-03
2.625158708939435200e-03
2.610204507366776713e-03
2.604978190443970904e-03
2.596798941970075280e-03
2.575473198967398545e-03
2.573492788740312353e-03
2.560818565469879550e-03
2.535161324594162498e-03
2.523707457404042627e-03
2.514308117376645984e-03
2.494961851371940362e-03
2.488084784317461887e-03
2.476519886360631969e-03
2.470113915486133859e-03
2.462760562161621109e-03
2.445445265410677027e-03
2.436433187454640787e-03
2.434182580028619331e-03
2.397190325708058178e-03
2.381803622202847883e-03
2.372468057947737293e-03
2.350973833765013753e-03
2.338464840064967843e-03
2.304242278097847017e-03
2.288346440998515613e-03
2.275652514897985330e-03
2.266446838277629688e-03
2.261929368247701626e-03
2.245678235285086637e-03
2.232504672064328840e-03
2.219095284785551833e-03
2.211907492503530515e-03
2.206460834214341200e-03
2.201957839461466965e-03
2.167457429500369102e-03
2.154428608096569525e-03
2.145337145477838742e-03
2.132962702344787329e-03
2.111175304518428560e-03
2.107158357960552727e-03
2.087196696669236986e-03
2.081522733757304629e-03
2.069516829792483401e-03
2.057859743358323671e-03
2.041944053690033286e-03
2.016187400140997173e-03
1.998772586470493919e-03
1.979825293590720472e-03
1.974505440505139407e-03
1.973020817004825147e-03
1.958541476755353353e-03
1.955644937246402756e-03
1.935522853774858387e-03
1.919880814989461445e-03
1.906261432175984042e-03
1.892203141644108622e-03
1.883877558383175799e-03
1.876488064686082603e-03
1.864058416977431134e-03
1.855528843186396741e-03
1.845662149190493160e-03
1.830945347663376225e-03
1.817177726428325594e-03
1.804205349812050985e-03
1.801318231308753287e-03
1.795738184385303748e-03
1.773565453595485125e-03
1.761697809854968029e-03
1.755696084194811012e-03
1.731242269515027507e-03
1.718673529308685412e-03
1.705911863054078350e-03
1.687769282340656485e-03
1.681924368854172038e-03
1.668234901625822390e-03
1.662433702803473240e-03
1.654215817351473942e-03
1.642839828570534120e-03
1.632888883501091388e-03
1.621778512302039918e-03
1.620539849137962035e-03
1.609205986922739766e-03
1.604818754864502763e-03
1.581045243849336446e-03
1.572647921630407125e-03
1.565316215909919690e-03
1.544276892556436338e-03
1.530943347033971325e-03
1.502264623382979468e-03
1.502105421477461329e-03
1.499027116066573018e-03
1.479359164788131677e-03
1.473358585230853061e-03
1.455594054089977231e-03
1.449101660841130247e-03
1.429664236467161152e-03
1.423342716014353677e-03
1.419517751785475150e-03
1.401149938532914984e-03
1.381519398605459510e-03
1.377145753069340586e-03
1.354518738382795746e-03
1.348795789526564858e-03
1.346105416227604034e-03
1.343529982992236428e-03
1.328928025712163355e-03
1.327350795441932952e-03
1.321759831005758822e-03
1.302068115377455178e-03
1.278282532585650654e-03
1.272280659401677774e-03
1.264715726585629143e-03
1.231704262384171814e-03
1.221316799214061969e-03
1.205092287766679898e-03
1.185665042500411853e-03
1.163740536123054935e-03
1.160795030937907890e-03
1.153161914155996113e-03
1.148908789605670912e-03
1.141458514315633844e-03
1.136676259512361562e-03
1.132918028630333033e-03
1.127875173140058468e-03
1.113943481841309742e-03
1.099759591544418550e-03
1.094860491175359300e-03
1.088565773373051685e-03
1.072689941706662453e-03
1.068083066199002930e-03
1.062394853138351990e-03
1.048728594922446015e-03
1.030075694462347525e-03
1.020532607776217151e-03
1.011165291588902613e-03
1.003627788186141345e-03
9.908923261861557214e-04
9.882452281669595103e-04
9.793210374335677582e-04
9.752079662017916050e-04
9.726282479826168755e-04
9.656698354493886520e-04
9.546233281160235390e-04
9.353120821586242972e-04
9.257831955449902575e-04
9.223050490941102873e-04
9.157437679694936661e-04
9.130712016196168351e-04
8.930913325385963141e-04
8.853151336123812670e-04
8.674047869797801760e-04
8.533090527640843463e-04
8.486199636980120168e-04
8.339231308781119281e-04
8.329746590484426614e-04
8.123632288486218843e-04
8.028041932112406874e-04
7.967832285090461217e-04
7.752487262808299391e-04
7.703105656468660052e-04
7.600124567230931698e-04
7.549633658501847706e-04
7.371551440710066155e-04
6.992923088970442406e-04
6.845556766937923579e-04
6.798206223700868156e-04
6.375903433714759459e-04
6.253363858375496180e-04
6.186618289710089751e-04
5.934028033000256002e-04
5.444106383618369698e-04
5.270108794307469318e-04
5.007785554469587272e-04
4.687158764839845400e-04
4.429430700073802682e-04
4.371980304411103233e-04
3.617644857305595484e-04
3.603927419012983315e-04
3.422535669437526233e-04
3.373336395872646512e-04
3.218825114607099446e-04
3.196467113129793113e-04
3.176270460579782998e-04
3.016525361913627583e-04
2.852002473045885849e-04
2.801811106018463186e-04
2.646313099095895082e-04
2.447463060096853149e-04
2.338675187867431538e-04
2.196135342446510540e-04
2.027232161198675028e-04
1.896022834193760538e-04
1.845857697496164731e-04
1.811498388600853138e-04
1.583129484694583528e-04
1.570394057788317989e-04
1.442648752325206135e-04
1.373925148688413974e-04
1.313477770049789682e-04
1.217397576747914997e-04
1.170983859836733368e-04
1.144151687621776348e-04
1.127934394546516124e-04
9.332229203035605897e-05
8.963278903164436826e-05
8.818669858615819891e-05
7.466745113707951150e-05
6.746024516796639433e-05
6.698213511398750666e-05
6.493205834432628565e-05
6.075564772180548900e-05
5.922521251338983678e-05
5.850733655597974804e-05
5.418940647664908486e-05
4.753254956839950097e-05
4.088230242280274201e-05
3.781455018892270831e-05
1.686202546174315580e-05
7.940504135206326959e-06
6.584054605675584758e-06
1.153915747394310066e-06
3.580552942607921236e-16
5.847085371930619533e-19
