5.007078660810257986e-01
4.484177748287857534e-01
3.688631970836526164e-01
2.522560690751460832e-01
2.004944099731207074e-01
1.866418733399546892e-01
1.655507307538390538e-01
1.553518027307008720e-01
1.504142129321294485e-01
1.311636864510612455e-01
1.210664123705921247e-01
1.175584232229921616e-01
1.075694926332056156e-01
1.071380938476657191e-01
1.000837205100191252e-01
9.747016188023209515e-02
9.228816435910958127e-02
8.777116466900489189e-02
8.621707205393411289e-02
8.364253826945554360e-02
8.239130078553738579e-02
7.648156524880396490e-02
7.536531173657456950e-02
7.289356675834776644e-02
7.210013604437816304e-02
7.086574624358178698e-02
7.025324287583092908e-02
6.727834261501397517e-02
6.636682126252686775e-02
6.273204552325971350e-02
6.193795022632902353e-02
6.096889140467616486e-02
6.058927276585492766e-02
5.930198952280370250e-02
5.825348956466575023e-02
5.721760498323124472e-02
5.394305572884668804e-02
5.311025820488313870e-02
5.229595917888940626e-02
5.158430046108971462e-02
5.142988150760965937e-02
5.086013198843802874e-02
5.070023788110875063e-02
5.022703387757131155e-02
4.853689623398244751e-02
4.792665274918055801e-02
4.606466511399859992e-02
4.554433552364216958e-02
4.504395173111594430e-02
4.476005405187356845e-02
4.437385400593813617e-02
4.398159926352371990e-02
4.334177784359543456e-02
4.305772671861229917e-02
4.258270323582627470e-02
4.174135382781064135e-02
3.985105778362751927e-02
3.943404988421148061e-02
3.927038083691454518e-02
3.855830070868072196e-02
3.843798921054058376e-02
3.834269078108779039e-02
3.810440971071824695e-02
3.771806151910678251e-02
3.764265443664388533e-02
3.699716812505011998e-02
3.660261521740516139e-02
3.555027664225935552e-02
3.531470304536891286e-02
3.494620251944230427e-02
3.457493412624436380e-02
3.391386433096854613e-02
3.381407020946561315e-02
3.339396702668074451e-02
3.329834194904440769e-02
3.288016777200986063e-02
3.273973945252877521e-02
3.251370904369346726e-02
3.222004454487482211e-02
3.130012904187530476e-02
3.089030444097854225e-02
3.076164517036828611e-02
3.020260723695180477e-02
2.990886422000117034e-02
2.972042114251233907e-02
2.960006866856085272e-02
2.936658350187286090e-02
2.931364392962905116e-02
2.893139009311106527e-02
2.890485023924883184e-02
2.856831522610272026e-02
2.831637009424616686e-02
2.803898688715334916e-02
2.781887100707509247e-02
2.746732133189030631e-02
2.725537674913157751e-02
2.701986310120240570e-02
2.685894336131905424e-02
2.654589968877611381e-02
2.641268354896400550e-02
2.599650460923101994e-02
2.586521645477497799e-02
2.579034240209002529e-02
2.573425687992600755e-02
2.548440948853615204e-02
2.516446453244741005e-02
2.475243632863505239e-02
2.448094690923245664e-02
2.427903845146157230e-02
2.408357850042837020e-02
2.402478926090829275e-02
2.351358950592223260e-02
2.330703415748426252e-02
2.328030268579053472e-02
2.303635912755648552e-02
2.292507914376696460e-02
2.283860715570115024e-02
2.272355010540692138e-02
2.261321818179802892e-02
2.256380015594709396e-02
2.248436848868200569e-02
2.231149010890858680e-02
2.213587112953534913e-02
2.180013778716745690e-02
2.165411307334129051e-02
2.151131094271395774e-02
2.126709838820994153e-02
2.123599367746611954e-02
2.109516534899170612e-02
2.094897870886764518e-02
2.077020872997093967e-02
2.056993807284170778e-02
2.030823475687591056e-02
2.022164508063254915e-02
2.019819782575697775e-02
2.011174978703349908e-02
1.999724606990493925e-02
1.968254760748543858e-02
1.957322146390011453e-02
1.949297508821087183e-02
1.929884254588193002e-02
1.922194660487568096e-02
1.892366659178953275e-02
1.880759975521008667e-02
1.858294634077621924e-02
1.837390835536562364e-02
1.828485908015616695e-02
1.820693126828054967e-02
1.812670102633178598e-02
1.809064971091103868e-02
1.794388814717642194e-02
1.791403492773247647e-02
1.778642603802191302e-02
1.774380957569428319e-02
1.770769141707716557e-02
1.764007027643508391e-02
1.750977570318375254e-02
1.747886072052816375e-02
1.737327216161612536e-02
1.708417986338907693e-02
1.704445350611732968e-02
1.692740499693750830e-02
1.685267955479412619e-02
1.662951485580607333e-02
1.653861834710093973e-02
1.640428930235851915e-02
1.635662408812616278e-02
1.623592028208364554e-02
1.602698382975873553e-02
1.591262708054956218e-02
1.588000445128091853e-02
1.581217930933708285e-02
1.575070006899360539e-02
1.566046010183455225e-02
1.556915663133560425e-02
1.542367239103460685e-02
1.538632768826289805e-02
1.515756385860615209e-02
1.507511043581001228e-02
1.491411243414527896e-02
1.480323485089484782e-02
1.478769161573925163e-02
1.468509041060674612e-02
1.456356676396097782e-02
1.449667595490636111e-02
1.445380657136539036e-02
1.433769192180000054e-02
1.429800852271391129e-02
1.415125199140909555e-02
1.410620303405988978e-02
1.404829106917273619e-02
1.401855298482287265e-02
1.398546155850365590e-02
1.392566616466537135e-02
1.384835159937391515e-02
1.379489087188126226e-02
1.376725411116625809e-02
1.368821292343765789e-02
1.358459022016676732e-02
1.344060840270252556e-02
1.327729455188457822e-02
1.324233299184005182e-02
1.317687623314148238e-02
1.309526370226677013e-02
1.305065347340396420e-02
1.299940775130321857e-02
1.286850277577680605e-02
1.280649940968120459e-02
1.252361366630064775e-02
1.250868327941240081e-02
1.248689276560305782e-02
1.246009480556571625e-02
1.243525634012440477e-02
1.238314495092490523e-02
1.228665495106142334e-02
1.212247355666659816e-02
1.207116065918215769e-02
1.198083041597036887e-02
1.189073797038108470e-02
1.182820169911892941e-02
1.175466737948782127e-02
1.174669196950087029e-02
1.167185741866206238e-02
1.153659202618459098e-02
1.150296022992501090e-02
1.141543174641885053e-02
1.135254906974980313e-02
1.131623015894903453e-02
1.128203252244043032e-02
1.121866190006776121e-02
1.114863480440777578e-02
1.107436922982520285e-02
1.099419990565717216e-02
1.096989301015362586e-02
1.095316969781430332e-02
1.090465705342727118e-02
1.087318854539019199e-02
1.084958231911888407e-02
1.075741626192616707e-02
1.070346486879004619e-02
1.066871010516260744e-02
1.061693397528751942e-02
1.055502079989912266e-02
1.048145804531954058e-02
1.040844597349710118e-02
1.033730300222871802e-02
1.023684990410541132e-02
1.019134807383719268e-02
1.016322464790833657e-02
1.011077171664204709e-02
1.008950348490121433e-02
9.922328615232196142e-03
9.877077966726221375e-03
9.814373304947075771e-03
9.796758586679086417e-03
9.731861923913830495e-03
9.681066045727562686e-03
9.650295277835556351e-03
9.578609372927319315e-03
9.522911808175577031e-03
9.478894849323871510e-03
9.413552712480571447e-03
9.396271137846575611e-03
9.295755170467072045e-03
9.167061885156601447e-03
9.151272340456227672e-03
9.108602034223506339e-03
9.058365862023156495e-03
9.028235454254884482e-03
8.956983695550790534e-03
8.929399047853550306e-03
8.879285960969665603e-03
8.827198330345269878e-03
8.780681922475068804e-03
8.766760802696508398e-03
8.628210101454534750e-03
8.608560921916166148e-03
8.576991255885240903e-03
8.554066459349290302e-03
8.497125800649912158e-03
8.476207630781149027e-03
8.438594389795085748e-03
8.396887689168150079e-03
8.351692289475635272e-03
8.323520462957891691e-03
8.294075719041794567e-03
8.239895396280240078e-03
8.150769767463395335e-03
8.123532700673525425e-03
8.086103371464816239e-03
7.999342970266930600e-03
7.951251995868052411e-03
7.907651332004921735e-03
7.844153930803754796e-03
7.821425987471838578e-03
7.812500611647524296e-03
7.760788672016170377e-03
7.742413945487974444e-03
7.707283834610204401e-03
7.647277187987592574e-03
7.552401925177952731e-03
7.540829863680208710e-03
7.523416336256573585e-03
7.431837214818270976e-03
7.394273294154061170e-03
7.372413396755535080e-03
7.305083739803164451e-03
7.276271219770143010e-03
7.267767749548384795e-03
7.209136350349996947e-03
7.176041335153855380e-03
7.147767639710014310e-03
7.096633582840311365e-03
6.994460262246994173e-03
6.923314610591416694e-03
6.889768422320882366e-03
6.856137297348621415e-03
6.836944915711466904e-03
6.830949441719529232e-03
6.791925369378826877e-03
6.757832356899046850e-03
6.732509029290785312e-03
6.718955906998483676e-03
6.656868931168372257e-03
6.630802591226955291e-03
6.606294300328874151e-03
6.579260810724581188e-03
6.562155929012252614e-03
6.521368196924809402e-03
6.477585815825920822e-03
6.451160780973673806e-03
6.434460196065341399e-03
6.388835763426269077e-03
6.370993419046974346e-03
6.327195690996365897e-03
6.316614804656544430e-03
6.272109838834981181e-03
6.203772263419043281e-03
6.182663885238960828e-03
6.160524566890983496e-03
6.139192780459858112e-03
6.082255175312851862e-03
6.056258333239310405e-03
6.032721597942791204e-03
6.004646899237267750e-03
5.982906054955916195e-03
5.935815637164216022e-03
5.904553633179187785e-03
5.848211537703551684e-03
5.805153605376700554e-03
5.786316820754900357e-03
5.759054034349782997e-03
5.753072728846291180e-03
5.733723277361609839e-03
5.705751626396650053e-03
5.645900328258293514e-03
5.613616111625754738e-03
5.585971985070245331e-03
5.527121275713682211e-03
5.509686664437723341e-03
5.471923767535376466e-03
5.394731335120337562e-03
5.365672205985754645e-03
5.312338717442830621e-03
5.299855742100073250e-03
5.285157836841305849e-03
5.259099037865422321e-03
5.233423862570456102e-03
5.219063330813324998e-03
5.159308824087750767e-03
5.143877729972179749e-03
5.099517258471084405e-03
5.091741218922352791e-03
5.072906808150547640e-03
5.059774901283333078e-03
5.047716786641735093e-03
5.013246802007983310e-03
4.987353383224794705e-03
4.953945820019811132e-03
4.951905135100121563e-03
4.931246453189587660e-03
4.909293251511095274e-03
4.852370245459988220e-03
4.817720312937387103e-03
4.803313974880379575e-03
4.772755589955660765e-03
4.755956330047721344e-03
4.700940914499293806e-03
4.690881716464177960e-03
4.675222885446733007e-03
4.663950136603763931e-03
4.613168168476404658e-03
4.601441665239857509e-03
4.575837668839702506e-03
4.572892289286431024e-03
4.554943166459005099e-03
4.532384839052493695e-03
4.493930425028304365e-03
4.464084012448050511e-03
4.450517464415366595e-03
4.427456756510753967e-03
4.415060430063537898e-03
4.381526055252419130e-03
4.354969814580462312e-03
4.338790166342636201e-03
4.316849217789453345e-03
4.282926317020230647e-03
4.266152479875032558e-03
4.245755385611468466e-03
4.226680574961617400e-03
4.195624745533991541e-03
4.185007980679169952e-03
4.147589368693858566e-03
4.132552667739381423e-03
4.092688986814222059e-03
4.069952459380140643e-03
4.056522441576016109e-03
4.035573161757887231e-03
4.011952424354064094e-03
3.964461738141760241e-03
3.936000603191610638e-03
3.894817434012611945e-03
3.875693017721467022e-03
3.843905020271929859e-03
3.834228935645346212e-03
3.827137248624309495e-03
3.822730711426964526e-03
3.802333828615085589e-03
3.782284242868057603e-03
3.758511001335390969e-03
3.725088641516910871e-03
3.708405558425090145e-03
3.679956375562806834e-03
3.654735118651282477e-03
3.651417229511773419e-03
3.639094995768042944e-03
3.614439922888531328e-03
3.605349934972075770e-03
3.591420916565334596e-03
3.570638084704559883e-03
3.548752642098309488e-03
3.509692998309963362e-03
3.500410178531884828e-03
3.488702674613649874e-03
3.463947589157721947e-03
3.448078650753587555e-03
3.420123119972314375e-03
3.399050494838932665e-03
3.381457826812252817e-03
3.364733911348166597e-03
3.337015033120940052e-03
3.331862075644971728e-03
3.318042744880245806e-03
3.310382709310956059e-03
3.294922655584312573e-03
3.271476852813380836e-03
3.265715757304632396e-03
3.241300066922093211e-03
3.239429214049954243e-03
3.208816641076032723e-03
3.196531562971641378e-03
3.178701140183290245e-03
3.160677636466692909e-03
3.147993321302136344e-03
3.120985508956527262e-03
3.114469365385208119e-03
3.104149422214619661e-03
3.080750252348843365e-03
3.066801330995341888e-03
3.063420762302314013e-03
3.043901278612924730e-03
3.018334596786460648e-03
2.988907291743188917e-03
2.968053291747817322e-03
2.943176081589110073e-03
2.927844577032638444e-03
2.901044941345961876e-03
2.887024902887397413e-03
2.880636325400619865e-03
2.850248605360747745e-03
2.845764584945331514e-03
2.833570560104449031e-03
2.791034504543371021e-03
2.771852691995905886e-03
2.756930860155028685e-03
2.733992340248409501e-03
2.719204766511014188e-03
2.709290229858971315e-03
2.695952999360650814e-03
2.686541292179919337e-03
2.664081255564186134e-03
2.638500088012446076e-03
2.631557182588863380e-03
2.606379352690731035e-03
2.600069954292947173e-03
2.578506873360347090e-03
2.573700011382336426e-03
2.559112823112556952e-03
2.553078498729093038e-03
2.532651853964941208e-03
2.509199014044771574e-03
2.500675863280706415e-03
2.492362632766736280e-03
2.487217633289676242e-03
2.476631096949101496e-03
2.457652714866755475e-03
2.423394838492599294e-03
2.415171164586401610e-03
2.379731403850058376e-03
2.370759210968858329e-03
2.339206499388091567e-03
2.333501300369526972e-03
2.319804252999808566e-03
2.309453333984107671e-03
2.281251613280390212e-03
2.277543615602491654e-03
2.272120787722743240e-03
2.260705313322328158e-03
2.245171577575527135e-03
2.235978142872439584e-03
2.209419140679263170e-03
2.196594791436838438e-03
2.186780871164814913e-03
2.173918887560417467e-03
2.159277071499187892e-03
2.146870878056400100e-03
2.122896118405986389e-03
2.111863795746344967e-03
2.106767618358541296e-03
2.093787719631369417e-03
2.077436880174271788e-03
2.071363094496324504e-03
2.067400375145687572e-03
2.059279195297687975e-03
2.046778293865908569e-03
2.034812721505573161e-03
1.994962750152989069e-03
1.982429501340683773e-03
1.973938083433998594e-03
1.956908032279989704e-03
1.935007283103193972e-03
1.922619343119221598e-03
1.914218423874088906e-03
1.894746643717217221e-03
1.882974680632323872e-03
1.881882332784472808e-03
1.870330187944526604e-03
1.853132023924282000e-03
1.824703258570011541e-03
1.812460456558490996e-03
1.798226057199701564e-03
1.787077968403165363e-03
1.783185534057902567e-03
1.760695057561792627e-03
1.745391764288082908e-03
1.731716912611286352e-03
1.710413513434516511e-03
1.707251601935382305e-03
1.695471501252831387e-03
1.679074326532955207e-03
1.642377444294257621e-03
1.639751272398538243e-03
1.632566700664876171e-03
1.618763902995389459e-03
1.612727507114430090e-03
1.577136328819360011e-03
1.572486669041957578e-03
1.550337629733893876e-03
1.544073037283852411e-03
1.534940509758117057e-03
1.518516555697625205e-03
1.498469288427921623e-03
1.493048810281522726e-03
1.476785078047142307e-03
1.473314800684769011e-03
1.459014575819802227e-03
1.454577040953643772e-03
1.428598807254559963e-03
1.415116450686907616e-03
1.400526664236388576e-03
1.383950479843757721e-03
1.362043638281768432e-03
1.355501559763618762e-03
1.349073912500018367e-03
1.335237906833601886e-03
1.320685298420929505e-03
1.311180200545746790e-03
1.307024991387148970e-03
1.293386295387028524e-03
1.291225885885346862e-03
1.279230551656292385e-03
1.252794945735569501e-03
1.247510306756052702e-03
1.239960318134554311e-03
1.237204165902444988e-03
1.219529785958772252e-03
1.207220437848102994e-03
1.206155580369071148e-03
1.166301966030693386e-03
1.153141783592402658e-03
1.128495695927256119e-03
1.114729384381667621e-03
1.110113841773713696e-03
1.105117780923713143e-03
1.087972473201117597e-03
1.079353145779105710e-03
1.067830484768576057e-03
1.052086696861088185e-03
1.050500586768730394e-03
1.026629341033902113e-03
1.007134474425074337e-03
9.892365816499485830e-04
9.698311727248052619e-04
9.532722304763586096e-04
9.345385859240763499e-04
9.101685697190070416e-04
8.928712237013937229e-04
8.847305890919317239e-04
8.501093455348964194e-04
8.315244429133209717e-04
8.244708256224304475e-04
7.980994429353727637e-04
7.909496844577441638e-04
7.547767672896513831e-04
6.878691943972637182e-04
6.196826288586651001e-04
5.819382303544784907e-04
5.629363393574695262e-04
5.538391849386080281e-04
4.624563062700447311e-04
4.610309617507502423e-04
4.411421094771972719e-04
4.329758667573617328e-04
4.131577153925589281e-04
4.114025297174114847e-04
4.101567458973688889e-04
3.778567554542385356e-04
3.633252603599419479e-04
3.607254513218263194e-04
3.309267388746828958e-04
3.204496404059213209e-04
2.881451354236346137e-04
2.734823129381278527e-04
2.522672969893658551e-04
2.498737314670495396e-04
2.346272516709977101e-04
2.258025744223600645e-04
2.026071625449685535e-04
2.013719173710917364e-04
1.918728146801558781e-04
1.777068778233212168e-04
1.598854890135632497e-04
1.553199000175351440e-04
1.488284864139239152e-04
1.482623409544265008e-04
1.369711267204803279e-04
1.232312493832311742e-04
1.163782920522373230e-04
1.067570663145690649e-04
9.262208380430814690e-05
8.656058621981072931e-05
8.353784553385783761e-05
7.933500728452099382e-05
7.566389043335435308e-05
7.440673820540474187e-05
6.952300918286802626e-05
6.706496670980119173e-05
6.185478186406134944e-05
5.366624871980138446e-05
4.440393193453530808e-05
2.064268442707936963e-05
1.287528093191138348e-05
6.740556800918004449e-06
2.072868581874780840e-06
2.028073496835102817e-16
4.501345585870973715e-19
