4.861369874463539187e-01
4.438170638711714244e-01
3.664274561573745426e-01
2.466297699065758964e-01
1.971119083352958212e-01
1.826277753850966135e-01
1.619662430398046693e-01
1.528937421682861897e-01
1.482934447781876219e-01
1.284220008855212758e-01
1.198086840862576802e-01
1.156792703689480950e-01
1.056273629665921004e-01
1.049956929218595625e-01
9.806027149370603879e-02
9.525613814806184465e-02
9.034557825532900377e-02
8.608863067171999839e-02
8.504417125978222525e-02
8.246189006813936517e-02
8.084338090137503652e-02
7.541155129986747141e-02
7.431031941689700271e-02
7.180249440578284625e-02
7.079211816976636873e-02
6.923931617139109096e-02
6.889176289621513904e-02
6.605970754622245145e-02
6.500202796052802212e-02
6.168792395531129402e-02
6.083516744551221989e-02
5.984610999362800082e-02
5.964572909927814970e-02
5.842506260574949206e-02
5.753655708480602538e-02
5.611747065024089154e-02
5.325898718794233599e-02
5.232149564013028470e-02
5.143517246286388039e-02
5.065171321048819730e-02
5.054602611647528165e-02
5.005737226996045258e-02
4.970940863262258980e-02
4.922737816873542366e-02
4.763113463502245681e-02
4.705186252661083118e-02
4.513640181625939996e-02
4.481211667039183832e-02
4.414888003043612730e-02
4.400780947445814134e-02
4.368150994938232307e-02
4.330121990553942313e-02
4.268651843573882665e-02
4.239464178494344038e-02
4.184360841259013308e-02
4.114357061757076967e-02
3.933005388778724326e-02
3.889802785080887643e-02
3.853370189988795935e-02
3.790689682351084527e-02
3.775861928928254951e-02
3.769629789165555162e-02
3.741082391103806026e-02
3.711551844489042323e-02
3.692560008131567234e-02
3.631396358221371246e-02
3.587659766467715672e-02
3.497193716315687845e-02
3.471524381295328782e-02
3.435322044661826696e-02
3.396412881997661060e-02
3.340470622573209897e-02
3.331533133094952831e-02
3.289092401916301339e-02
3.276705807026073641e-02
3.239876990171045718e-02
3.221459007123959883e-02
3.208655259874207410e-02
3.180775065195069751e-02
3.079577219971996876e-02
3.038937791396564489e-02
3.023352854600721770e-02
2.973065583100959267e-02
2.949373613284220555e-02
2.919586163025312056e-02
2.903357822046976136e-02
2.891100543784556887e-02
2.880050883860145808e-02
2.846577705355328447e-02
2.839273135433530507e-02
2.804963317829807859e-02
2.782540528493327586e-02
2.758233337819952433e-02
2.732290278698505659e-02
2.709109545433591171e-02
2.672169541549591909e-02
2.662057333694038685e-02
2.648601688575697236e-02
2.604119453426338021e-02
2.597818185109377828e-02
2.562664897111219947e-02
2.546061445331765719e-02
2.541515698622386077e-02
2.533731030950702595e-02
2.509942177834783086e-02
2.481505946774026014e-02
2.443142369505969802e-02
2.407092186271140785e-02
2.386862211649359161e-02
2.368330372314346455e-02
2.360206310568607399e-02
2.314763457684463829e-02
2.295473817229640515e-02
2.285902270461894620e-02
2.263289412225286817e-02
2.255773111891889657e-02
2.251006697098017692e-02
2.229754644175406531e-02
2.221768626009069589e-02
2.219481645181321447e-02
2.212883015280214805e-02
2.186961290177671935e-02
2.176573784151584340e-02
2.143509978830449719e-02
2.132705314446209366e-02
2.121214974545448245e-02
2.097930591769586392e-02
2.090965390838885052e-02
2.079689545286358618e-02
2.058389924787106320e-02
2.043206653430780853e-02
2.026747475939811097e-02
2.000590045209894863e-02
1.994271202724269554e-02
1.989724451194276392e-02
1.981482875309649797e-02
1.968649836602493625e-02
1.939970291177466749e-02
1.927924381931653622e-02
1.911564296597319246e-02
1.904218012234255505e-02
1.892410474944668936e-02
1.861178861180952729e-02
1.854104656857543179e-02
1.821462024912016975e-02
1.812093344262447753e-02
1.795222192642351167e-02
1.791079747762116745e-02
1.784239470567395430e-02
1.779489270726892364e-02
1.765934449379585533e-02
1.759538788139382304e-02
1.752355005747514502e-02
1.746327858844356692e-02
1.743542186456612311e-02
1.736014447800182312e-02
1.724501516232335510e-02
1.718028597526120166e-02
1.708282486722893789e-02
1.683238804370653166e-02
1.676191345323835638e-02
1.666706099413671829e-02
1.660664872605595657e-02
1.637561897628519308e-02
1.625618496411637692e-02
1.613479800135416559e-02
1.612889729930156932e-02
1.592274069892818736e-02
1.578638714928540590e-02
1.568454680950227831e-02
1.565565325832854113e-02
1.555704516982287476e-02
1.550807961687334681e-02
1.541731133496351998e-02
1.533354810809058749e-02
1.517863350783323767e-02
1.515695950392714243e-02
1.493957493103058656e-02
1.482908261737494321e-02
1.466906223696189462e-02
1.455120798194346060e-02
1.454102667243790080e-02
1.446736944661241100e-02
1.435295608387734782e-02
1.424296039851695450e-02
1.423580718033908184e-02
1.409854133925521683e-02
1.408499021533833780e-02
1.392991150567738506e-02
1.388998880871578079e-02
1.386905782726964576e-02
1.380801007509921234e-02
1.374703454186041764e-02
1.370868460762485717e-02
1.358774338206775352e-02
1.356688018744453203e-02
1.355020564413202469e-02
1.347904990232423779e-02
1.339121233051977257e-02
1.322733328218320646e-02
1.308402524278692164e-02
1.301325804302599573e-02
1.297112538898018488e-02
1.288100416169883980e-02
1.284168037258528496e-02
1.276281111651302730e-02
1.266606598029621812e-02
1.259539105896121010e-02
1.233299416877276823e-02
1.231861166020829443e-02
1.230196995215012204e-02
1.227071008110354119e-02
1.223937622140217757e-02
1.220552178501623300e-02
1.208201546334380580e-02
1.195934177272091337e-02
1.190096922776751921e-02
1.174645702309140560e-02
1.172653092513376363e-02
1.164252601521645163e-02
1.157533005602709268e-02
1.155124365368511048e-02
1.144805708615852409e-02
1.137071210222690733e-02
1.131766597248063354e-02
1.127353019654648431e-02
1.119968295895083787e-02
1.117129365299166822e-02
1.113133678684380401e-02
1.100823213288106006e-02
1.094664688338310883e-02
1.088898262938752144e-02
1.083599519148610059e-02
1.079622727988954062e-02
1.079056536220433619e-02
1.074270790745517068e-02
1.071048518607031763e-02
1.069957954221935695e-02
1.059656619900591415e-02
1.053429009929020450e-02
1.049116055410849804e-02
1.043816644965005029e-02
1.036555141477039747e-02
1.031672523342640028e-02
1.025067419496543224e-02
1.013605699808718674e-02
1.008418806521076301e-02
1.004889505184626206e-02
1.000766952283878124e-02
9.951856978508666698e-03
9.944012106904154269e-03
9.801847890426899565e-03
9.737232246676080782e-03
9.672636740246222040e-03
9.640462593693235882e-03
9.592087555384680095e-03
9.540065547550713454e-03
9.515143762761075000e-03
9.438658382945032399e-03
9.355052849447135013e-03
9.300349498155372277e-03
9.258521996280025951e-03
9.242960061808887587e-03
9.157893644702342142e-03
9.073238191017848203e-03
9.016916588559362525e-03
8.965892664038186896e-03
8.925060264318211700e-03
8.891124933885304407e-03
8.795097665892903302e-03
8.775910495808647224e-03
8.726845594757353178e-03
8.699418048689238833e-03
8.641464142199172319e-03
8.608997892669023946e-03
8.492816933773274235e-03
8.456893943138893421e-03
8.431816622810605136e-03
8.415880617336869707e-03
8.364072952504065378e-03
8.305003472252573890e-03
8.283285850722042765e-03
8.259401019670610175e-03
8.217558579953708128e-03
8.163153830696257690e-03
8.147152281237166754e-03
8.092968035061475288e-03
8.008720794736429865e-03
7.978478761840185340e-03
7.963851176245650976e-03
7.911934883761578483e-03
7.823523452279835741e-03
7.789696358913165281e-03
7.722954698873121457e-03
7.714064346727968896e-03
7.706084702596835943e-03
7.654096358836254971e-03
7.624369212610835819e-03
7.590736776983199839e-03
7.507393177563176194e-03
7.471203188327457841e-03
7.393360798743473135e-03
7.387099878048004366e-03
7.310987990239033694e-03
7.289830269224108032e-03
7.250281072018265396e-03
7.214488513954646007e-03
7.169370183859422908e-03
7.126480036639294170e-03
7.105190822909149620e-03
7.061101529742506988e-03
7.041202765405606828e-03
6.972224269790949953e-03
6.877092893292611336e-03
6.805675509428445354e-03
6.785598081486136739e-03
6.746080951370634834e-03
6.737641668587798782e-03
6.712934394814175539e-03
6.684535638772555813e-03
6.663430291495031806e-03
6.628815942841562343e-03
6.611126710470543663e-03
6.546779774001144393e-03
6.537433018165408893e-03
6.502860471994303948e-03
6.480910750755627253e-03
6.462024961837371274e-03
6.410674212042083431e-03
6.367423486003384765e-03
6.349637072615372038e-03
6.333248904337502108e-03
6.270317970908136952e-03
6.253730908449960969e-03
6.229154570719106290e-03
6.206073980815791750e-03
6.167995857918789730e-03
6.130637903482180108e-03
6.063622497362383332e-03
6.054034821998066640e-03
6.031870065203229041e-03
5.982661670050433769e-03
5.968505249010267952e-03
5.916398849191322092e-03
5.910091278821105222e-03
5.884261786476540149e-03
5.850530452969964976e-03
5.807749405611301562e-03
5.764953785830350189e-03
5.720321520074737182e-03
5.699860061000146076e-03
5.673219546735361156e-03
5.662129336096654100e-03
5.629646281796404222e-03
5.600702813176922437e-03
5.590791571159429117e-03
5.529364624601352564e-03
5.490633841989491122e-03
5.422857938805008236e-03
5.410321829976663839e-03
5.391702758934343274e-03
5.314673807158589759e-03
5.275782222464586377e-03
5.231645032069099158e-03
5.209586278118853893e-03
5.207928526267246484e-03
5.182086342599671533e-03
5.153972276386426486e-03
5.132322776996988377e-03
5.064595739041852750e-03
5.043649316054758629e-03
5.019206125078912520e-03
4.997199301774864558e-03
4.989523677631165638e-03
4.966574815047775440e-03
4.958906217288660059e-03
4.945267524224392780e-03
4.906360972498413631e-03
4.869923473206615346e-03
4.864674569428521084e-03
4.855616857526936711e-03
4.849332933173160741e-03
4.755773552425062757e-03
4.732777907165811732e-03
4.712331612257447157e-03
4.694438062462583279e-03
4.673879781983358850e-03
4.632204798006648618e-03
4.622174986926796091e-03
4.604666939309495083e-03
4.582665931162750728e-03
4.534587083737214724e-03
4.530432822695032793e-03
4.500112452816354414e-03
4.487332771173501919e-03
4.471018849891827268e-03
4.433924432163616203e-03
4.410770264079968452e-03
4.394838657033527281e-03
4.370816802302291901e-03
4.359228098109201900e-03
4.337040282518947812e-03
4.319782510277273870e-03
4.276116943407153557e-03
4.265535033396422766e-03
4.253019707139564162e-03
4.231512003774311366e-03
4.215875023622518876e-03
4.174940455889771494e-03
4.148927693074662935e-03
4.124788944623113129e-03
4.121510724750765582e-03
4.093349918334551231e-03
4.072305051227458929e-03
4.014856340301047564e-03
3.999953441417118671e-03
3.985892307041701520e-03
3.970151070038040360e-03
3.942670598663135240e-03
3.898860271727278785e-03
3.865963082767590563e-03
3.836355435039337947e-03
3.795261487352618625e-03
3.787782225856450684e-03
3.779385851989236662e-03
3.767412499611016985e-03
3.757064580563476263e-03
3.745033388924221864e-03
3.726435121655245503e-03
3.684875103283830056e-03
3.668335198828400791e-03
3.657850512363245831e-03
3.624617905910195934e-03
3.607717751443316728e-03
3.587361679017864787e-03
3.569985591431782367e-03
3.563610303643057788e-03
3.541382796632858675e-03
3.535432131738428137e-03
3.523211556078291538e-03
3.486866942797372214e-03
3.467383396891955596e-03
3.439243097582620617e-03
3.424622508258049793e-03
3.402635829524314030e-03
3.387338560131281789e-03
3.363663365735117348e-03
3.346415642231580136e-03
3.330816704460731401e-03
3.295498659245924347e-03
3.286269069031868412e-03
3.275057285454691190e-03
3.258252119894442141e-03
3.255567165363840252e-03
3.230787220724775418e-03
3.213347512828500663e-03
3.202245752085419814e-03
3.194134515614501565e-03
3.178847830794538469e-03
3.159267864431304206e-03
3.147004343542528747e-03
3.131295351697702296e-03
3.107165928350086748e-03
3.097133128728616919e-03
3.065169094561692644e-03
3.063986980499254151e-03
3.052392206448420985e-03
3.039156252751785102e-03
3.028705104407832232e-03
3.000468936255852419e-03
2.990580060534735705e-03
2.978050600970512385e-03
2.944575161473731145e-03
2.924955143714944809e-03
2.897915328951812010e-03
2.870706109311507541e-03
2.857519674193124276e-03
2.846345475288151409e-03
2.834995459947368263e-03
2.812705542697616860e-03
2.805242065111241811e-03
2.793182422782002072e-03
2.752098799450822513e-03
2.734450423601991840e-03
2.716567839921261909e-03
2.692657509581432816e-03
2.684955537131382061e-03
2.661048343001127560e-03
2.654024924772244512e-03
2.644591121377735943e-03
2.631515422751407301e-03
2.602634308396914280e-03
2.598022173545351879e-03
2.565437458462339979e-03
2.558666788059299046e-03
2.543003637989964955e-03
2.530510269594782834e-03
2.517716817375855072e-03
2.512148048287008578e-03
2.501268312621134776e-03
2.471055118509604687e-03
2.460845342168738788e-03
2.451164242048922606e-03
2.446122659904157153e-03
2.436056826470510330e-03
2.415464342124924290e-03
2.384389848423852220e-03
2.373869442212456563e-03
2.344956537761588335e-03
2.334144786312793759e-03
2.303515816307550104e-03
2.296641548859585692e-03
2.282017564625460002e-03
2.276020492854013803e-03
2.241619333026028879e-03
2.229270473036934919e-03
2.224724843353262631e-03
2.218755595873203850e-03
2.206693207383840592e-03
2.190284861032894530e-03
2.179613000367052258e-03
2.160865942156978397e-03
2.148706997868653386e-03
2.138730848927607609e-03
2.129598319691783370e-03
2.108026322835119572e-03
2.092931893972659486e-03
2.080424115395447093e-03
2.074708474300595521e-03
2.057696997057910111e-03
2.043463644689554048e-03
2.038427194209681097e-03
2.020601949421484914e-03
2.018103753461284507e-03
2.008600320325667609e-03
1.998886458341612993e-03
1.957060514954047769e-03
1.948878731825352730e-03
1.934761663054290846e-03
1.922469136177399436e-03
1.897057743924469289e-03
1.886876286351531250e-03
1.883967639991323455e-03
1.861647634094115017e-03
1.851489655397177718e-03
1.848504704418086524e-03
1.828613003690319951e-03
1.819900312427474029e-03
1.795102190227527983e-03
1.774002295683235059e-03
1.766562070195992849e-03
1.748056071103600223e-03
1.736813351074040961e-03
1.727777978638649070e-03
1.713994569267913342e-03
1.698533813864353198e-03
1.678650782940011498e-03
1.669668521750758070e-03
1.668398000115431509e-03
1.637098362911277444e-03
1.611964659048329817e-03
1.606670337049105352e-03
1.597747254240826148e-03
1.582361894243699933e-03
1.577667193002969120e-03
1.553607258700982546e-03
1.542311636784383239e-03
1.526304919807469369e-03
1.523613099688211946e-03
1.501579923763286849e-03
1.493766458956771129e-03
1.467545689442863481e-03
1.464016206136846366e-03
1.446107961474248386e-03
1.437986011934036914e-03
1.435938487995339768e-03
1.421147631710991668e-03
1.401608598407606170e-03
1.391835835612156413e-03
1.379103092991125230e-03
1.353570407383264613e-03
1.339347928342807638e-03
1.331154111930717490e-03
1.321224306333124848e-03
1.312339983157898666e-03
1.299235493732210645e-03
1.293794166766944675e-03
1.283086181490229001e-03
1.272958774260674270e-03
1.270858260507310312e-03
1.249458360812218810e-03
1.229649375617231522e-03
1.218373556057877069e-03
1.216947461600477150e-03
1.207329752920908387e-03
1.192188523507922617e-03
1.181533822629686828e-03
1.178694467203439010e-03
1.145056532636215280e-03
1.139425616992688611e-03
1.110883257321711474e-03
1.102026281292639012e-03
1.096009075092111134e-03
1.090755413508025674e-03
1.070402391531761685e-03
1.067383482470648593e-03
1.057088454561467107e-03
1.039142344800677653e-03
1.036234863470731574e-03
1.015403187420113726e-03
9.929053230380514763e-04
9.779114907858465697e-04
9.476695218285152364e-04
9.416667208144238483e-04
9.066608758322061267e-04
8.877727872873164994e-04
8.828024796743707756e-04
8.552536490903843523e-04
8.358941719258918207e-04
8.174212037713459670e-04
8.128317766543717527e-04
7.882607217353382063e-04
7.813298444133221290e-04
7.482141817437185745e-04
6.790775423689706346e-04
6.145432927041774660e-04
5.745484857042117968e-04
5.525250890864422159e-04
5.465538486123349944e-04
4.539249157523343411e-04
4.520381948152293080e-04
4.311789238423825829e-04
4.234457206986235508e-04
4.044266036693031779e-04
4.031789017766378136e-04
4.018164632809557968e-04
3.711135042302836752e-04
3.568635909637578167e-04
3.539034533164926635e-04
3.255025761128307557e-04
3.126215207724061698e-04
2.843565696019619373e-04
2.692247236994345090e-04
2.476114652095275418e-04
2.462877833056338248e-04
2.306795751881387006e-04
2.221952848251641419e-04
1.995261990872360092e-04
1.976446219153640360e-04
1.873172700633093577e-04
1.748246921042968252e-04
1.578078871795844510e-04
1.534405564215497535e-04
1.467064393341171828e-04
1.458298119727155073e-04
1.359889712740767098e-04
1.216466358230733981e-04
1.141670665898200226e-04
1.059037273574043740e-04
9.184323029434848643e-05
8.557418849803650638e-05
8.293386848560991252e-05
7.930011640502986471e-05
7.573325808626455997e-05
7.402183883878886428e-05
6.931030749945683161e-05
6.700754642491938134e-05
6.129793803987501654e-05
5.317906355389288186e-05
4.424615135861858725e-05
2.053826774824179301e-05
1.258461699603667314e-05
6.790910526336033139e-06
1.995498502572415192e-06
4.670573739247841835e-16
3.708943976892919455e-18
