4.657247487117524565e-01
4.366013420040136817e-01
3.636982966017333063e-01
2.396084275302456101e-01
1.923582731560315451e-01
1.772887204334583910e-01
1.569964637366578486e-01
1.495511352536618155e-01
1.453651970434919061e-01
1.247962559083684725e-01
1.182882880351446148e-01
1.129757987663335267e-01
1.029242076397010874e-01
1.021918608618673230e-01
9.541902315219537301e-02
9.230914851663608867e-02
8.765978552544224922e-02
8.393819191647169942e-02
8.323343366234679797e-02
8.067416492115861426e-02
7.874677762546017368e-02
7.395093857178965113e-02
7.279378289195519158e-02
7.031970360953773702e-02
6.924110850568433728e-02
6.717075058891754102e-02
6.686183259339685547e-02
6.439917214248397359e-02
6.302237911982350171e-02
6.015826659785884073e-02
5.925469957544921701e-02
5.847251019571600428e-02
5.829774276078936862e-02
5.727763738100647567e-02
5.662193020565760987e-02
5.458954486646833137e-02
5.235215821770800720e-02
5.125522388906611493e-02
5.014166900400592736e-02
4.964943967103883915e-02
4.921008060396612344e-02
4.897016782144564956e-02
4.833728632004848785e-02
4.781675250605985777e-02
4.641779530357530853e-02
4.581648224384013424e-02
4.390071846292187274e-02
4.368049208071819733e-02
4.299617244141365480e-02
4.285159902155374900e-02
4.272634809803647210e-02
4.236154695612870391e-02
4.181196453065989804e-02
4.150544192916283404e-02
4.079182632274860887e-02
4.029402906010636637e-02
3.861294908000909021e-02
3.816230941902384877e-02
3.744924665316640838e-02
3.704795785448213030e-02
3.697071685616647174e-02
3.676156783859323152e-02
3.657303991987747444e-02
3.623892505560545596e-02
3.588551337314060258e-02
3.533010046851899066e-02
3.479920837048858240e-02
3.419404560018669131e-02
3.383088825260908289e-02
3.352132355498347455e-02
3.312410951103906404e-02
3.271780927338142214e-02
3.261611030286989954e-02
3.220731351356282551e-02
3.201016622411084755e-02
3.175631705266394184e-02
3.152593341249163711e-02
3.143779738731899281e-02
3.119671920235375998e-02
3.012326736072476821e-02
2.982951429006968844e-02
2.937515648031556459e-02
2.900725234262056806e-02
2.893168786329676154e-02
2.851836738249397332e-02
2.831935052602889760e-02
2.826191799317372827e-02
2.811870948595428937e-02
2.784436769709176113e-02
2.759849131159918673e-02
2.724998431406830401e-02
2.717426118259691839e-02
2.693484454817117457e-02
2.660204936026383526e-02
2.653547295590030775e-02
2.609626603094814326e-02
2.597346224748685317e-02
2.591171633772286140e-02
2.541432505463711231e-02
2.530356745841063834e-02
2.512193293589731410e-02
2.489959848600460657e-02
2.487601449834836442e-02
2.475882567844797308e-02
2.458451953942725546e-02
2.435669195656493813e-02
2.398446273005654106e-02
2.355945406376411949e-02
2.325163795181237406e-02
2.320549263783005037e-02
2.288884791134610658e-02
2.261151456268441218e-02
2.250916022485807688e-02
2.226743317021956728e-02
2.209661670285114829e-02
2.203454839157892309e-02
2.202103783966255848e-02
2.182355272376605704e-02
2.171191175954840721e-02
2.160936937402687177e-02
2.151893218463030513e-02
2.135017680157349010e-02
2.114311628310232283e-02
2.092099474238002382e-02
2.086190683392053630e-02
2.079096042217254761e-02
2.058693320359345630e-02
2.041441116506386225e-02
2.035139216680635632e-02
2.013826466728986866e-02
1.986925460606118674e-02
1.981613081818454913e-02
1.961894920991407235e-02
1.952344332882028147e-02
1.946354307286576532e-02
1.939488346925073714e-02
1.926249373143058483e-02
1.903611909059716931e-02
1.886638447201613097e-02
1.869919676949163487e-02
1.862163342862846807e-02
1.842977637344740335e-02
1.817934864719393875e-02
1.814520052969501029e-02
1.775994939226139754e-02
1.772719974896143358e-02
1.756727322887698117e-02
1.747359655734816858e-02
1.740538549033212798e-02
1.732896395563884168e-02
1.728269990699752776e-02
1.714978830482410607e-02
1.713174541212520233e-02
1.707504181803108992e-02
1.701274417724107230e-02
1.699934767548326800e-02
1.685592422475878233e-02
1.676610316370724663e-02
1.667310869420799910e-02
1.646445102811614977e-02
1.635646235474804214e-02
1.629094987582241361e-02
1.625963245524186460e-02
1.602676204048612135e-02
1.587961209150869774e-02
1.578777646316433317e-02
1.571589034507862512e-02
1.548981706914961433e-02
1.544578350662116975e-02
1.536684987482358697e-02
1.533898815668515055e-02
1.519324012161317287e-02
1.517065356928369926e-02
1.510057458796468244e-02
1.500019750545644563e-02
1.490611798786690631e-02
1.475086049775759488e-02
1.463971594851912021e-02
1.448413542098486023e-02
1.433796275590198607e-02
1.423462892359310047e-02
1.415976199308036781e-02
1.411074701123759059e-02
1.401002255578715980e-02
1.394916146120601594e-02
1.388677353733722489e-02
1.378818801349687186e-02
1.368554212154057294e-02
1.364398492925467457e-02
1.359637541516219884e-02
1.358680538911784599e-02
1.352779333407171276e-02
1.341333240872069621e-02
1.333377817962024849e-02
1.332920353303860585e-02
1.321967155077167187e-02
1.319288665395926090e-02
1.315353672168925389e-02
1.310969018861473344e-02
1.295545961440176808e-02
1.280222652081309219e-02
1.272018648542640705e-02
1.269505470731154342e-02
1.259365916216313025e-02
1.253182628168297147e-02
1.241769791228945589e-02
1.232994445233520989e-02
1.227743247310421511e-02
1.208996115991887478e-02
1.206601119076781102e-02
1.203865277246913418e-02
1.202585636557025779e-02
1.198446819129259447e-02
1.187725527889560255e-02
1.182207255099964119e-02
1.173899081335944353e-02
1.160940588122350882e-02
1.156497839314106491e-02
1.139516638270354765e-02
1.137673285702749289e-02
1.128231500718293763e-02
1.126798581114277047e-02
1.115700221003599300e-02
1.113146973828095868e-02
1.107635872396147379e-02
1.101816225290803281e-02
1.099583036540335498e-02
1.093201889030726709e-02
1.089768991538496781e-02
1.073482396508225467e-02
1.066609362328556007e-02
1.064083648351485563e-02
1.061016076752472476e-02
1.055013766770171273e-02
1.054422175250718102e-02
1.052640064195818279e-02
1.048525470043711397e-02
1.044134756508110703e-02
1.034300219626217709e-02
1.028706253006793706e-02
1.026122327834001757e-02
1.016597124318207278e-02
1.011603283020313937e-02
1.006874288185028929e-02
9.997403751940614133e-03
9.869518707402552202e-03
9.845897608488281619e-03
9.831714412710372900e-03
9.786504102961711762e-03
9.730202506057288384e-03
9.708095123492145248e-03
9.631443431896397067e-03
9.528035488113340348e-03
9.496981936086976855e-03
9.429084559315303177e-03
9.365541929729825910e-03
9.341789628477880497e-03
9.295720613993354794e-03
9.234444729673432425e-03
9.146302314877759534e-03
9.067445833236108949e-03
9.012523438734111256e-03
8.992675073141130626e-03
8.965625180958265369e-03
8.930912709177485018e-03
8.804550543258278170e-03
8.762257767137420286e-03
8.717955248493784032e-03
8.694578643441247881e-03
8.571832732945863439e-03
8.546535068665581103e-03
8.519004649755568953e-03
8.505165380759816332e-03
8.430333211612930228e-03
8.390082717856567687e-03
8.307214678219434004e-03
8.256109309978105007e-03
8.222127479365371264e-03
8.199387973095268248e-03
8.170254829805935828e-03
8.111090195211188847e-03
8.059586630645883265e-03
8.025604797376885424e-03
8.005161590248470113e-03
7.934175292311005170e-03
7.907136086349587575e-03
7.879413613673837483e-03
7.831082155986263463e-03
7.800765322171417451e-03
7.797576252288321817e-03
7.757450763289881757e-03
7.659746197790874220e-03
7.600416324012684334e-03
7.583483770941487102e-03
7.545038191571437972e-03
7.533736024305118760e-03
7.504374238089243053e-03
7.439725595180672439e-03
7.391745451428575857e-03
7.341816590075687238e-03
7.320665628562932244e-03
7.200818104730754773e-03
7.196345449432509263e-03
7.137172385641141203e-03
7.106402058471647173e-03
7.096809838067258749e-03
7.082936717893104951e-03
6.998793071494930317e-03
6.952398672295426185e-03
6.918825730948269769e-03
6.901203687867976840e-03
6.829910891393681759e-03
6.790249667297422118e-03
6.718957465901881539e-03
6.685740388905082529e-03
6.616701324381392413e-03
6.601025131728008657e-03
6.589932115300143299e-03
6.551731539196956923e-03
6.547614922878056305e-03
6.524292520600421391e-03
6.477922530183529565e-03
6.453834947398614727e-03
6.399254595156118886e-03
6.373205829923839563e-03
6.351168939647243612e-03
6.329365518229823628e-03
6.315338840160417133e-03
6.234610297534300821e-03
6.207897884117524398e-03
6.187670561753296807e-03
6.180194370209535736e-03
6.113254143370035719e-03
6.091717770948745780e-03
6.064520548164625997e-03
6.027250792190103068e-03
6.014749622870988952e-03
6.000261255097964243e-03
5.910042495615374161e-03
5.891425122246629967e-03
5.878823092424794415e-03
5.845834409962328247e-03
5.835314264625885740e-03
5.776653316680846993e-03
5.771359963293104349e-03
5.725185289420461378e-03
5.709183919541656847e-03
5.686094722782170097e-03
5.629094013568667308e-03
5.615413596272158907e-03
5.559581326773745287e-03
5.540666765122770343e-03
5.514978530823505184e-03
5.499094802054184730e-03
5.465378248266937293e-03
5.432180462834005491e-03
5.406332609243630176e-03
5.334752400979251435e-03
5.292444303825603880e-03
5.275160286864138438e-03
5.262019754648908192e-03
5.221892525575358088e-03
5.149602312456818751e-03
5.128875074164595226e-03
5.101372351785894536e-03
5.069053305687545169e-03
5.061464879441626187e-03
5.043062243081974753e-03
5.002905256212493261e-03
4.930453782432499439e-03
4.910361649514330580e-03
4.904790983256333142e-03
4.887344162853533673e-03
4.856622248627742201e-03
4.828528169636430237e-03
4.826522942124275919e-03
4.812089710338869619e-03
4.785224773155947499e-03
4.773011842535749248e-03
4.762914163435385921e-03
4.735391169326162719e-03
4.712853018718011003e-03
4.622656807081071406e-03
4.605299387460318368e-03
4.593597786152532440e-03
4.571678805466983936e-03
4.566831772370943607e-03
4.531084697653282693e-03
4.506196056726474719e-03
4.482806718176785173e-03
4.471514190214173623e-03
4.433086798865849484e-03
4.426986726340004577e-03
4.387605555135899206e-03
4.358050680019040675e-03
4.348546658946566591e-03
4.308736900577118598e-03
4.295701318124308006e-03
4.280184644587599688e-03
4.276938462684730900e-03
4.245913723313821629e-03
4.222590511817204961e-03
4.222032278631287008e-03
4.197453800130621776e-03
4.186168044287108363e-03
4.163750296176452204e-03
4.137285219749008147e-03
4.106545127892242443e-03
4.069599455727468916e-03
4.046534604283536472e-03
4.026383854854818575e-03
4.017038827603899159e-03
4.007813611031902853e-03
3.978236200688670121e-03
3.912592495700068125e-03
3.893743601566221173e-03
3.887353732509762991e-03
3.868886752750190072e-03
3.839942570185476793e-03
3.828566638578801643e-03
3.763390564066341950e-03
3.754394736793801191e-03
3.723746175100500072e-03
3.697090587144168019e-03
3.693194938454342352e-03
3.681467566768823179e-03
3.664341243789559499e-03
3.643673416205393551e-03
3.639388046456909845e-03
3.592889361916958360e-03
3.585321997966392938e-03
3.568775517632130027e-03
3.560559206001066065e-03
3.527254956880723595e-03
3.509043389510130631e-03
3.493049137459209620e-03
3.464649588783207720e-03
3.458550581919160767e-03
3.443752656613515740e-03
3.420282406119448584e-03
3.410101015961471745e-03
3.406509433624556240e-03
3.350748007019663677e-03
3.334430832506084675e-03
3.323736256445804140e-03
3.293344108147786432e-03
3.274890791125335734e-03
3.265569854085445013e-03
3.247799141365449293e-03
3.223236856270701462e-03
3.208344098531808273e-03
3.197511376332058067e-03
3.179496098026183062e-03
3.163214406564909906e-03
3.148056881170351734e-03
3.134789255677071333e-03
3.126424139500181849e-03
3.101573697831896265e-03
3.094973426164405409e-03
3.078654133573848709e-03
3.062034209477656945e-03
3.058644645945826027e-03
3.027906222398054747e-03
3.015764981942756478e-03
2.991731173612833389e-03
2.985155397815515092e-03
2.982021341051871704e-03
2.971330298722325413e-03
2.956036642291212397e-03
2.946490669894020423e-03
2.905700466587614241e-03
2.887316448652994545e-03
2.878168040060619711e-03
2.863467273746375576e-03
2.825712647038713596e-03
2.798861176881460577e-03
2.794247922234651196e-03
2.778068923887355799e-03
2.763887821637866712e-03
2.758594013797405990e-03
2.745608166391320937e-03
2.716794787267736919e-03
2.696626369148808020e-03
2.677439781248680106e-03
2.653306393822815312e-03
2.649739319042114256e-03
2.620539274110876646e-03
2.611043009389107505e-03
2.590416270256819860e-03
2.582400972576752527e-03
2.568318303752457205e-03
2.545781773778591547e-03
2.539703481633721546e-03
2.513565042486225632e-03
2.495634204318608954e-03
2.488128203463145678e-03
2.482654345439861982e-03
2.459829222657584392e-03
2.451311098072041662e-03
2.425483324929597964e-03
2.420890416940776804e-03
2.409979771081244455e-03
2.390325926329580752e-03
2.370514952291498476e-03
2.369011717905526986e-03
2.349814083236220416e-03
2.326268918589427439e-03
2.312471625109510133e-03
2.284756473254422396e-03
2.282160525194156051e-03
2.248866020130404261e-03
2.243038365308964652e-03
2.232482795707142580e-03
2.223154696102715589e-03
2.183076657539074344e-03
2.174697762806650919e-03
2.172099952478025089e-03
2.159507230955406889e-03
2.138930473222360427e-03
2.130195514414378374e-03
2.121869339640309986e-03
2.106616897529205428e-03
2.103973342277088918e-03
2.077389635273933083e-03
2.073147971990661146e-03
2.059144143069483509e-03
2.036937638884623106e-03
2.034179995135765133e-03
2.022912157308179477e-03
2.013482745475806118e-03
1.990637046138032159e-03
1.988351964260270770e-03
1.968952090000101497e-03
1.962567790302721400e-03
1.939770045533828827e-03
1.931500383000875646e-03
1.902660830241523346e-03
1.899523612089227577e-03
1.879771905119671186e-03
1.863077277999486154e-03
1.852966377677690932e-03
1.833745725372015181e-03
1.829029688614759643e-03
1.821068233245494872e-03
1.806476177009965715e-03
1.791782108117942343e-03
1.771716610657443451e-03
1.766419840328667954e-03
1.752574403563246855e-03
1.738729465216536357e-03
1.714766502632657447e-03
1.691574055968709644e-03
1.682829383030345991e-03
1.668061319843033548e-03
1.661400141819422034e-03
1.646009504033318265e-03
1.632715259552813348e-03
1.623551392599102737e-03
1.613477395324091485e-03
1.591859873044807394e-03
1.573880887083627632e-03
1.568721039955102946e-03
1.531330142090891588e-03
1.526347499743300725e-03
1.513411001795555988e-03
1.505821617835994240e-03
1.498995062496447398e-03
1.494261257697051832e-03
1.491799449911333049e-03
1.454771342957905667e-03
1.437199369324590557e-03
1.419299365744452470e-03
1.417551304115847706e-03
1.404408804213310748e-03
1.397260147620737894e-03
1.389532901861258597e-03
1.373560457666687766e-03
1.362870342222205185e-03
1.351030058380383670e-03
1.346397479304532740e-03
1.310897921682372671e-03
1.305273089376477163e-03
1.300961073214870365e-03
1.290302686752154392e-03
1.280955849877778250e-03
1.269690437456106897e-03
1.253858376820359910e-03
1.247194409753281516e-03
1.235378961659074288e-03
1.232933056789621475e-03
1.205418298877663705e-03
1.202067742599957243e-03
1.183350799079404105e-03
1.178693372357594166e-03
1.165685414079067547e-03
1.152378203597919032e-03
1.137202108580466151e-03
1.135115198655646095e-03
1.112067400785538224e-03
1.100276210553209925e-03
1.082509369175696035e-03
1.078346058577908792e-03
1.064625129175559388e-03
1.060528976619525736e-03
1.050922167646687905e-03
1.042798633992099216e-03
1.037172139845488755e-03
1.016991420131881617e-03
1.008926862529903237e-03
9.952160586623789301e-04
9.722498561850848606e-04
9.593486688128563923e-04
9.301750224386647406e-04
9.228042298789252990e-04
8.778548780455858527e-04
8.695532407827578957e-04
8.484751460750207964e-04
8.172761151326036729e-04
8.045543705758744250e-04
8.017217456905399459e-04
7.790395384578855179e-04
7.634166446907268526e-04
7.585898201559872298e-04
7.365142955098556970e-04
6.650779208082225604e-04
6.056473187990247869e-04
5.643778632050351412e-04
5.363366171447030671e-04
5.329072336322087386e-04
4.413882408057515560e-04
4.386384911543182632e-04
4.177500104451786203e-04
4.106312066199010991e-04
3.927125385863806570e-04
3.908217734211799285e-04
3.897644840815978496e-04
3.614662751243896991e-04
3.467148341405584117e-04
3.432777889186399019e-04
3.177264137586235547e-04
3.016419616667450503e-04
2.779168434172446956e-04
2.632370021557806951e-04
2.410127413147605021e-04
2.388256202294546191e-04
2.248120852503512814e-04
2.168157458082639458e-04
1.941701671547097711e-04
1.918509823427079659e-04
1.803718904016140374e-04
1.695126531267486200e-04
1.548996404697663694e-04
1.500327384953605697e-04
1.426762818466093387e-04
1.415897780858403491e-04
1.343982215766237852e-04
1.179736319838439908e-04
1.101122993121314005e-04
1.042952170544228464e-04
8.976337462316242124e-05
8.354207732986236969e-05
8.168064518453637497e-05
7.772704663826830328e-05
7.497760935135965098e-05
7.293509032529244430e-05
6.884575962211735998e-05
6.600440690994929848e-05
5.992199433260292661e-05
5.166340815448766189e-05
4.399654429223141344e-05
2.027119625990728841e-05
1.188889676705383617e-05
6.909625489218932091e-06
1.834225070182577784e-06
1.862020999231007936e-16
1.135732259634893550e-18
