3.059817671796914440e-01
2.886882372302984612e-01
2.290002431057543975e-01
1.556614719930452528e-01
1.247933740552947535e-01
1.153132182994777016e-01
1.007094901230619899e-01
9.231184398976050032e-02
9.054786199276766701e-02
8.320559178225099550e-02
7.824520584597355333e-02
7.233513460473003920e-02
6.717306886027379909e-02
6.462785209598546909e-02
6.210386866012754942e-02
5.920983075993510591e-02
5.847514837638670415e-02
5.347131800480165592e-02
5.317008325411752556e-02
5.129924695997656325e-02
5.030558700894738333e-02
4.774896240586280760e-02
4.567988692887723495e-02
4.525824190734754199e-02
4.471690795743706731e-02
4.434843377555213600e-02
4.361983464757333145e-02
4.086776814671166241e-02
4.046417514870043197e-02
3.850507418637217488e-02
3.804418740709916702e-02
3.785563729878865802e-02
3.736935154599212855e-02
3.640214390640428288e-02
3.583953634409427907e-02
3.472102460048002992e-02
3.314313352225711773e-02
3.262828957351635722e-02
3.219398232265108933e-02
3.214691120896866899e-02
3.187484193842720498e-02
3.149456951096499258e-02
3.142552329946340928e-02
3.041561933244047583e-02
2.999056890238246259e-02
2.973868876025476463e-02
2.844117804996700374e-02
2.794826200188232218e-02
2.775405975255239299e-02
2.744563851487573022e-02
2.721375276362584736e-02
2.709378199387782113e-02
2.688678752564339219e-02
2.623022079594748007e-02
2.564367847957716925e-02
2.553181354689837423e-02
2.463247193405158908e-02
2.431234581367195183e-02
2.410267826211275402e-02
2.402635362860871746e-02
2.387148698837052163e-02
2.367484138701808280e-02
2.346475927246762655e-02
2.338145446268161814e-02
2.331099044912672211e-02
2.290114221530773972e-02
2.215126484667447049e-02
2.204716476237898043e-02
2.153988962312502684e-02
2.129525848047359241e-02
2.117871229547961878e-02
2.089776633431145864e-02
2.083168059693060042e-02
2.068544988787517427e-02
2.060061524142907732e-02
2.016227030940673584e-02
2.002080340499155092e-02
1.976278608749241356e-02
1.933770330122688494e-02
1.929867405741152175e-02
1.897373264357950576e-02
1.870725825496645164e-02
1.859397013940082208e-02
1.854689021749121244e-02
1.846022650853746533e-02
1.816220609306813671e-02
1.811590596316360949e-02
1.798882501995391001e-02
1.790435213640158632e-02
1.784030791145633024e-02
1.769560132639181119e-02
1.745906957714616486e-02
1.740562958595636214e-02
1.687643902562585563e-02
1.672936769773118726e-02
1.652041890976456082e-02
1.645969870949438515e-02
1.632459966660057549e-02
1.628053926557767456e-02
1.617166125628766507e-02
1.589773519719429179e-02
1.586965963734734628e-02
1.579531736998808500e-02
1.568563060304003706e-02
1.556073839562821699e-02
1.537265178157077444e-02
1.521441061630735003e-02
1.506028449505580208e-02
1.493773928529024825e-02
1.486701399049435851e-02
1.477827568212012124e-02
1.453856075216868569e-02
1.443514379501119500e-02
1.439897299752965036e-02
1.434382702240304293e-02
1.414263241956489024e-02
1.400217266313808981e-02
1.397355149064735853e-02
1.389090881703212814e-02
1.384346693762526607e-02
1.381506973747571171e-02
1.366863878382319070e-02
1.352750642236529195e-02
1.320224848056113578e-02
1.318592786375012010e-02
1.311323585109678419e-02
1.302964056792291041e-02
1.295488781167384446e-02
1.289601053022288932e-02
1.263850931957232783e-02
1.261102587216706046e-02
1.255689444814466621e-02
1.249418093531876918e-02
1.232439728202709348e-02
1.227412017843914314e-02
1.222770297173129093e-02
1.218675632401920901e-02
1.206179819264559076e-02
1.203440566476271165e-02
1.199590461905958479e-02
1.193336795929746466e-02
1.181743485465585816e-02
1.168048419770682106e-02
1.156878648064658087e-02
1.149424695785357387e-02
1.137444650644778114e-02
1.130366367946433748e-02
1.124062899910236411e-02
1.116877853873079335e-02
1.102978204870516329e-02
1.102482722508579989e-02
1.096950894965797486e-02
1.092357254924306888e-02
1.080917185342305728e-02
1.078986783587526643e-02
1.071870259072716172e-02
1.059656766405755839e-02
1.054539372270343195e-02
1.046616627109323884e-02
1.042920824503039932e-02
1.037430501879858108e-02
1.026550261178448692e-02
1.016154348200900594e-02
1.013924092113516195e-02
1.005669561479415400e-02
9.997472706430574063e-03
9.929525969766811802e-03
9.856809161402692657e-03
9.803252224017742003e-03
9.734674923943987743e-03
9.685694343044667226e-03
9.664899219636122890e-03
9.569647076800138000e-03
9.535691160969828398e-03
9.518051792091022575e-03
9.503216241597429656e-03
9.452297191293066586e-03
9.364685769944541480e-03
9.296240038021494692e-03
9.238646718763433852e-03
9.133087425177077376e-03
9.116423943126790441e-03
9.071441534518618136e-03
8.915624810171846742e-03
8.882649624422646675e-03
8.815199231511581732e-03
8.787089437967418940e-03
8.734969981248303511e-03
8.711038045881837333e-03
8.606829610272221515e-03
8.542327570564710662e-03
8.534144570224919818e-03
8.505397823226221177e-03
8.466752222033625125e-03
8.379057213825778783e-03
8.367557624968487845e-03
8.336363609038673073e-03
8.244477173685199958e-03
8.198245748509571870e-03
8.146462815358506554e-03
8.108951771986755430e-03
8.021617474747083643e-03
8.009621254926570927e-03
7.919921160372387151e-03
7.900257281990093541e-03
7.893112080902080913e-03
7.847396005361283872e-03
7.788920270306110352e-03
7.746027250235890983e-03
7.730124480740401156e-03
7.680518639552594805e-03
7.621136395005495036e-03
7.560878748495760207e-03
7.535493127073580703e-03
7.493233836413079607e-03
7.439160686194704573e-03
7.396720573888942302e-03
7.361324990363332828e-03
7.310800004293811077e-03
7.245362478627772815e-03
7.172497290988188307e-03
7.133961506778581201e-03
7.116019183487910099e-03
7.098762510111452859e-03
7.050607639882268234e-03
7.010878020319786554e-03
6.967381667730588625e-03
6.924579390551546983e-03
6.864783411669393189e-03
6.817035808293035737e-03
6.763631231272338937e-03
6.726516931061126726e-03
6.697910936022387698e-03
6.633145958024539920e-03
6.613657826536831381e-03
6.585444500170353245e-03
6.574232257950660997e-03
6.548419113273877892e-03
6.521002618156592455e-03
6.482732064916389703e-03
6.420769277413882446e-03
6.379486583189768363e-03
6.367639949469988334e-03
6.340762394340951173e-03
6.309946981349131602e-03
6.267302766595077984e-03
6.224079798904610418e-03
6.197509148154467344e-03
6.152922680952147005e-03
6.141863901614834885e-03
6.102595897450635229e-03
6.092400377922043905e-03
6.018526581619589033e-03
6.013347699213623249e-03
5.953262738455375805e-03
5.917441128005440296e-03
5.875718944604460883e-03
5.834258883139711686e-03
5.832609956860954938e-03
5.789202776397864639e-03
5.774711900452878140e-03
5.693147135720545010e-03
5.672084646348286505e-03
5.652822400970586650e-03
5.618829464470505124e-03
5.542055769947627948e-03
5.532052334872839504e-03
5.524044512180048029e-03
5.457916137086824687e-03
5.445963155750441903e-03
5.375440822020988163e-03
5.358307202765907884e-03
5.327848078202833577e-03
5.284445407881688088e-03
5.247164467258925470e-03
5.228126194894140363e-03
5.176917604015908100e-03
5.166615519651701280e-03
5.122565083480041387e-03
5.110268665737458492e-03
5.081032894642828653e-03
5.054482332445645563e-03
5.037816563141702189e-03
5.007397463539133529e-03
4.996453550462036722e-03
4.969660497955363451e-03
4.943104726153323483e-03
4.903828016626018971e-03
4.893004396916810460e-03
4.880069172530040501e-03
4.841281752308763259e-03
4.829509119187787303e-03
4.801160129378896115e-03
4.793175763176774594e-03
4.730346593267952850e-03
4.722097299791186420e-03
4.705746059617561122e-03
4.667038911302399951e-03
4.638213412219011934e-03
4.624563126970425431e-03
4.589198527464131462e-03
4.565982148940955603e-03
4.525582643497924433e-03
4.510080551757767592e-03
4.486437680915348648e-03
4.455558336767870622e-03
4.454543790271026614e-03
4.407997092306072812e-03
4.381815612118366253e-03
4.359961094626169618e-03
4.348674205978440323e-03
4.331111462891764317e-03
4.284114063043265377e-03
4.280356099951690939e-03
4.252053195972265755e-03
4.148139016100414744e-03
4.136290415112048834e-03
4.127931174123498220e-03
4.100976805069498146e-03
4.081667497144589145e-03
4.068443166892390245e-03
4.039278683244775306e-03
4.029791407834839266e-03
4.010598285911545942e-03
4.003705924277964692e-03
3.961212640868455939e-03
3.958770059409950394e-03
3.929022476204330205e-03
3.905240470625305146e-03
3.892143312572008459e-03
3.877256578419380033e-03
3.840179732206461249e-03
3.830428651672730840e-03
3.815931552516461239e-03
3.800174466701370605e-03
3.757368313085134286e-03
3.738145734485338011e-03
3.728365550349720201e-03
3.712745860358174829e-03
3.697371437134069905e-03
3.680495589041058759e-03
3.665027859120665189e-03
3.645670460929989649e-03
3.617582997378441384e-03
3.608885421233191167e-03
3.577055426312935032e-03
3.564872734693304204e-03
3.543569733100817350e-03
3.517921763419953798e-03
3.500761518804539497e-03
3.488865096927361385e-03
3.458908901696507512e-03
3.450887691600801940e-03
3.440768106344718920e-03
3.421373252302743490e-03
3.406660940164350608e-03
3.379173864198662790e-03
3.353119738146103593e-03
3.330959139101417974e-03
3.299203428320668114e-03
3.280019277086666449e-03
3.263270370942969456e-03
3.242527254301375353e-03
3.235223009486519821e-03
3.214883680960068258e-03
3.198793703632000444e-03
3.186777516283711541e-03
3.145299193286371121e-03
3.130671315399220431e-03
3.111191558588004974e-03
3.091858100923028461e-03
3.084482796465001526e-03
3.055263127926723370e-03
3.043841865180412810e-03
3.026653995540829270e-03
3.011715772224530727e-03
2.994463420225955755e-03
2.987209738552524477e-03
2.957535318064274856e-03
2.939806353782672965e-03
2.931593463370801497e-03
2.919945047443851978e-03
2.918387289021252395e-03
2.905261098057377450e-03
2.898036267640659303e-03
2.869007337732842802e-03
2.858401610114557397e-03
2.857740386970524307e-03
2.830858282654652187e-03
2.804738998321433096e-03
2.789586589478256721e-03
2.784491413432988415e-03
2.777156490088708574e-03
2.749669887148870149e-03
2.737479634346623100e-03
2.716453125633553657e-03
2.710995867464203232e-03
2.696795359403337481e-03
2.685695817671950210e-03
2.668022584545890787e-03
2.659788219823383190e-03
2.648953162996871107e-03
2.638323887793522001e-03
2.629234134949641997e-03
2.618729255378622958e-03
2.614192590193388076e-03
2.603415743712104470e-03
2.578496883387704566e-03
2.570301380680967748e-03
2.550982755798176030e-03
2.537488052106394356e-03
2.522998668962905724e-03
2.516525278924044377e-03
2.501415538701324756e-03
2.487331013913842911e-03
2.484746238579498522e-03
2.473970609542491816e-03
2.437672513399778956e-03
2.428271019834760212e-03
2.412956528036446988e-03
2.406135496288755102e-03
2.377473004709518972e-03
2.362142609535014710e-03
2.349520333000064930e-03
2.335490811791489894e-03
2.324443941836706971e-03
2.306615597858729678e-03
2.289047221631326356e-03
2.284816920698155146e-03
2.267817505815180636e-03
2.252696786476681302e-03
2.242255995595985284e-03
2.234213446704806042e-03
2.225012478363787988e-03
2.206181021434035737e-03
2.200465149595078052e-03
2.180122901388461751e-03
2.170978321150130418e-03
2.166400074233650660e-03
2.148749857612162854e-03
2.138860388362189436e-03
2.111295867013666169e-03
2.101443402345623112e-03
2.085407833340288328e-03
2.081316966332110406e-03
2.065001730979849903e-03
2.057284065350475401e-03
2.049425094356662792e-03
2.034861510029415191e-03
2.027833313681559613e-03
2.006946918351642899e-03
1.991414812104694634e-03
1.988846922951029682e-03
1.978207363750563580e-03
1.962941451192015338e-03
1.957034834502027667e-03
1.942006619949019882e-03
1.936683494159285130e-03
1.927060592751900919e-03
1.916255608441655954e-03
1.896893805045288869e-03
1.892417096046663215e-03
1.877235247249507428e-03
1.866392790125596165e-03
1.858615534299109823e-03
1.850689647731764689e-03
1.845564280815356704e-03
1.835891026583769776e-03
1.831630496977798865e-03
1.821131336995527976e-03
1.814653936664216731e-03
1.806702540975325608e-03
1.790247157239559066e-03
1.783274171667386743e-03
1.772723338741364089e-03
1.761628659954072185e-03
1.752240017202014079e-03
1.745604978627862116e-03
1.738463199351862045e-03
1.727601087251521379e-03
1.718523899392175548e-03
1.703932655251846505e-03
1.691883598290148689e-03
1.690452955762889679e-03
1.670165426080299229e-03
1.649031536035190865e-03
1.645368833436940256e-03
1.631635217052870672e-03
1.628765819361165839e-03
1.617204900024993243e-03
1.600391150911124579e-03
1.597829878802881640e-03
1.585905607128518767e-03
1.561728910301942623e-03
1.559598025698431811e-03
1.546825052694342098e-03
1.536351105630680020e-03
1.532299670852978191e-03
1.518704962065180403e-03
1.508489531024542925e-03
1.499804138408299559e-03
1.489336273399849593e-03
1.485470447869594512e-03
1.475632368228139979e-03
1.461031343659499084e-03
1.453531794184343383e-03
1.452600732324283968e-03
1.440729402405261208e-03
1.433157710938777257e-03
1.431218063364208355e-03
1.419601570073291243e-03
1.397750958073566132e-03
1.392598131616146250e-03
1.382046657197315504e-03
1.377288679873301053e-03
1.365261787925756316e-03
1.350385701402098682e-03
1.346950581099033446e-03
1.340009600723834904e-03
1.331220019376068821e-03
1.318929022072243707e-03
1.315016549066668882e-03
1.309731044598900704e-03
1.291999110522052720e-03
1.289333516165638372e-03
1.267203532061046863e-03
1.258424469679095704e-03
1.253863956595160966e-03
1.246862795055186240e-03
1.239180679688521493e-03
1.232115494489549774e-03
1.225601331774940628e-03
1.222177199242026162e-03
1.210633469050212321e-03
1.205049256667085509e-03
1.192286917986397051e-03
1.179625269183016490e-03
1.173954389283221166e-03
1.165785586494824623e-03
1.159263700147896911e-03
1.157083190264367135e-03
1.149093464619924902e-03
1.146911333582161484e-03
1.134168006406333215e-03
1.125340823580790869e-03
1.119917249435555331e-03
1.104804475926272379e-03
1.071875898079005171e-03
1.069271099674148819e-03
1.060708905464462790e-03
1.058131767522017862e-03
1.051791021826077024e-03
1.044803440667921171e-03
1.042218396736681405e-03
1.030646962446828477e-03
1.016033608385091607e-03
1.009963785553996641e-03
1.005875711732760226e-03
9.995323917155005556e-04
9.781930567697636175e-04
9.726075631234829639e-04
9.688133256436575564e-04
9.501238495131146761e-04
9.451739891977176599e-04
9.340065585727260790e-04
9.283732262344694414e-04
9.211821254953524900e-04
9.059056359112312596e-04
8.947015658581152723e-04
8.920142411654176070e-04
8.795521740311345801e-04
8.724860994499256247e-04
8.641673988240659984e-04
8.515080492540609601e-04
8.485143681238416051e-04
8.429145455798334272e-04
8.356879475743640229e-04
8.167937303825480730e-04
8.149990653037979130e-04
8.125231479300442988e-04
8.091212730176293314e-04
8.064276839654611678e-04
7.996427440102807241e-04
7.947540298269885903e-04
7.699528925574961914e-04
7.585881334329979764e-04
7.507164739464114271e-04
7.463475143026379816e-04
7.360714991871466226e-04
7.223387213253937246e-04
7.186411863026160272e-04
7.162502751093638735e-04
6.959550722342617039e-04
6.909600071399881567e-04
6.838131418289662353e-04
6.732532048692212645e-04
6.715007622587440854e-04
6.670053872232488282e-04
6.543142550068197210e-04
6.482127350877277825e-04
6.447565965242330228e-04
6.371926780583031568e-04
6.297587580875839289e-04
6.183571039755142223e-04
6.117637989601133232e-04
6.056449214322268690e-04
5.879985118416989655e-04
5.823483115957204734e-04
5.780427142372372446e-04
5.641412757119069641e-04
5.501806342909854519e-04
5.485536349751361828e-04
5.362805899933033261e-04
5.322470469107255363e-04
4.940853720573739607e-04
4.851105563241395018e-04
4.726839926372860081e-04
4.636375586313371856e-04
4.480020300962963024e-04
4.408339691392578440e-04
4.323673056678058071e-04
4.202018399245123579e-04
4.125561640408860302e-04
3.808507231628146931e-04
3.612025353478668147e-04
3.523537446282048189e-04
3.367681168789230829e-04
3.166502607184930990e-04
2.913499445357162340e-04
2.788957344635147788e-04
2.723075204301225608e-04
2.564307363008796786e-04
2.531407438427118236e-04
2.406116685969404570e-04
2.361559392397905076e-04
2.275491169664717588e-04
2.238950269289952176e-04
2.183508137488163452e-04
2.085282830801644591e-04
1.991882219217825907e-04
1.958095093302524481e-04
1.847555836605822561e-04
1.687236321319077355e-04
1.634383223918276331e-04
1.439436605539515441e-04
1.384864077587085276e-04
1.323097691598650548e-04
1.291120444999879703e-04
1.174877232879060579e-04
1.038422678970593669e-04
9.925547201772468150e-05
9.834589800002902708e-05
9.473246876858606883e-05
8.826030083191383532e-05
8.239970037983773894e-05
7.985870199036828037e-05
7.640571708276696977e-05
6.680048702376946868e-05
6.477158800645866233e-05
5.084888929974111797e-05
4.776428668291601192e-05
4.719796577053326353e-05
4.308362087801286222e-05
3.835282732384016088e-05
3.724311368520185267e-05
3.583249017964058267e-05
3.442668573937401530e-05
3.365807345636656107e-05
2.691991128987793032e-05
2.591898248571198311e-05
1.338753941567321806e-05
6.186838108342527799e-06
2.597579316917538968e-06
2.911476368187375046e-07
3.933818571000546260e-16
1.775417920416102188e-18
