1.135401100994682527e-01
9.838497465045734081e-02
7.264595176909077745e-02
5.422974442514763571e-02
4.222609562355961882e-02
3.879880534400707848e-02
3.423500911613934494e-02
3.092493519186132606e-02
2.959285711775273137e-02
2.767146180113117318e-02
2.422224128417701031e-02
2.370485526248856945e-02
2.247694897281024215e-02
2.202439214103395909e-02
2.132909751766258119e-02
2.030934211514811086e-02
1.888046847813351636e-02
1.818051183228220485e-02
1.718631244568126493e-02
1.705251446149654015e-02
1.670164215395601032e-02
1.565016406353803707e-02
1.530337875702337050e-02
1.465151269295498875e-02
1.464806268167478422e-02
1.451356892078663890e-02
1.446297383657708935e-02
1.385869924664779630e-02
1.357529520336944392e-02
1.274549408107071916e-02
1.262411565845027520e-02
1.235898814510446794e-02
1.226042470877574710e-02
1.183010719781919969e-02
1.164576327430033413e-02
1.154100586627805972e-02
1.097572976914953577e-02
1.079921096587169692e-02
1.072055549036979825e-02
1.059036857272733015e-02
1.045942041671680915e-02
1.039656844192414671e-02
1.016504336469280581e-02
1.013206195210135212e-02
9.888345716562564267e-03
9.814233044376769952e-03
9.576300337682332880e-03
9.355697193623656663e-03
9.126868242880628590e-03
9.022946526277461285e-03
8.876372042264745951e-03
8.789936031223492471e-03
8.755173787624413381e-03
8.668066426704954669e-03
8.583826017358228699e-03
8.464111903474050638e-03
8.219589862176629805e-03
8.116577729984524037e-03
8.094268581184083447e-03
7.811037613133892457e-03
7.782904517715697780e-03
7.732424394143336786e-03
7.626877454205515001e-03
7.600591657663391919e-03
7.527422632305710154e-03
7.489647148224204062e-03
7.403244977757746960e-03
7.322753566483605238e-03
7.171039354168089533e-03
7.063825492693112142e-03
6.926826850515495348e-03
6.851678247848807385e-03
6.781266450105285712e-03
6.709592953597626544e-03
6.618943351912234124e-03
6.609398263788083226e-03
6.587742700846158615e-03
6.497806381933328781e-03
6.447353078466630180e-03
6.416951291982742403e-03
6.344433725573882243e-03
6.266004760397740798e-03
6.195088112600166674e-03
6.059225641033706700e-03
6.049784568905682870e-03
6.013173642291051203e-03
5.909080908978606508e-03
5.849372802597205094e-03
5.848599396916527755e-03
5.815139186880948635e-03
5.745803014644440022e-03
5.722464235577030996e-03
5.685868693209535085e-03
5.653794405258996680e-03
5.551783144130192395e-03
5.455668237637654669e-03
5.415494856175321475e-03
5.393751538790029533e-03
5.301167558860125570e-03
5.297303129641588865e-03
5.227743073311389918e-03
5.211748686826812860e-03
5.115252381120213333e-03
5.103534924802761996e-03
5.093616274478809935e-03
5.085345699867837958e-03
5.083670292119177141e-03
5.041150699031039101e-03
4.906151830036223870e-03
4.899495808378093870e-03
4.821807634664866671e-03
4.819615126886571746e-03
4.715888550250449916e-03
4.710276084693659424e-03
4.692118028407189258e-03
4.665920271301932792e-03
4.594931534162359325e-03
4.584316879948228604e-03
4.521216092578109885e-03
4.517449555955518371e-03
4.461762523303569074e-03
4.436952932771148599e-03
4.424713172318610159e-03
4.393478262493034393e-03
4.389447224934000559e-03
4.326572124157308449e-03
4.319330387855860841e-03
4.207795210381124265e-03
4.199694594082993213e-03
4.172379359321237192e-03
4.142136217516858947e-03
4.101606415889847562e-03
4.091736623697397011e-03
4.071988217805783301e-03
4.046348203658269027e-03
4.016772318106442280e-03
3.984841399270221303e-03
3.983212808757194759e-03
3.955105910595849150e-03
3.932037839948147699e-03
3.902623479549347744e-03
3.900807154506132340e-03
3.817813232122933918e-03
3.786414945658973102e-03
3.776109989073995598e-03
3.744504261467629727e-03
3.732727022565162766e-03
3.698368958177309686e-03
3.685336062800113194e-03
3.622310653660783166e-03
3.614759847960311717e-03
3.600327715787679950e-03
3.558388419680226771e-03
3.537488049376498207e-03
3.515554143616929274e-03
3.502380597175813390e-03
3.492509368765652541e-03
3.485271378231684109e-03
3.442316589831959702e-03
3.441446923870357302e-03
3.381677816177029207e-03
3.376296127754172677e-03
3.355478474387416348e-03
3.345738839913670309e-03
3.312903368344266401e-03
3.305877039166474785e-03
3.261194770672669590e-03
3.249788832232629581e-03
3.224466325478593780e-03
3.195552017880319996e-03
3.189210228027117202e-03
3.173597680373825645e-03
3.140123749083986986e-03
3.124812800925151537e-03
3.124227387168599952e-03
3.096445083451014081e-03
3.090233291446484089e-03
3.080980026199517038e-03
3.042752549481289159e-03
3.015178847579590583e-03
3.005385115730282303e-03
2.975107534076558424e-03
2.965830710179109559e-03
2.934444728741744494e-03
2.925556464039546101e-03
2.917182217741123244e-03
2.902531414587681321e-03
2.850848769068553643e-03
2.847546453825057673e-03
2.808959436365347263e-03
2.803310949399876687e-03
2.798680500131195577e-03
2.775191592906681420e-03
2.772240054979754724e-03
2.766033014113335273e-03
2.737345390811894968e-03
2.715186428035653004e-03
2.695678809734942689e-03
2.688644237319285334e-03
2.677060548324654548e-03
2.669849480063611440e-03
2.664225631258189918e-03
2.638809649172050523e-03
2.632935981091091490e-03
2.603618296791081980e-03
2.601580878198157896e-03
2.581873677943517017e-03
2.568960340735822277e-03
2.534488694396293609e-03
2.521614219538205037e-03
2.488506916106704089e-03
2.486836633844102286e-03
2.469452382375483292e-03
2.464084221149654644e-03
2.459565642623730633e-03
2.445940894645297261e-03
2.420299144579241262e-03
2.415981332433029660e-03
2.380091397045451182e-03
2.374940188124484604e-03
2.369980255955788512e-03
2.354052745881640447e-03
2.347423593633535949e-03
2.331818137473199316e-03
2.313318185639328967e-03
2.307155739841426807e-03
2.281632814147964341e-03
2.258899663553311232e-03
2.252154449960614042e-03
2.242784198175902174e-03
2.196332998502400612e-03
2.196012376141347026e-03
2.178823104216399704e-03
2.174954070132305989e-03
2.168741415381965007e-03
2.165882837301218861e-03
2.152673529875858815e-03
2.144190250704096617e-03
2.138479756409035221e-03
2.134864012986689187e-03
2.123778992244342457e-03
2.106373458359684769e-03
2.091811942221268733e-03
2.071730384781917192e-03
2.065576437186291466e-03
2.060666232759470612e-03
2.055058259742230560e-03
2.047304094536404537e-03
2.019596998660207286e-03
2.017643309778809329e-03
1.997699460950788306e-03
1.997556139716872344e-03
1.986281950982908204e-03
1.972750398266829783e-03
1.953128656421263855e-03
1.939502624820912523e-03
1.928279823037726270e-03
1.920806383316290980e-03
1.915362745271437326e-03
1.900078005045017929e-03
1.897310574662268651e-03
1.890879873044250432e-03
1.884243557936987265e-03
1.861096292224546662e-03
1.852322951115697048e-03
1.826201543351310729e-03
1.809362899043295012e-03
1.806594721672150983e-03
1.792768337880354911e-03
1.790886223138037992e-03
1.773078751862407383e-03
1.754361538671507645e-03
1.752692719620863255e-03
1.748193386286028437e-03
1.740203758339915014e-03
1.732526029580920904e-03
1.722848146438431391e-03
1.709411231834528661e-03
1.701813377505219296e-03
1.690594145526161125e-03
1.670415809413734569e-03
1.669943777321074383e-03
1.658074396208807132e-03
1.647222399960604836e-03
1.634970346792031202e-03
1.634471508367069115e-03
1.624173588904598070e-03
1.609284148718608930e-03
1.604958906041707451e-03
1.594367118256632531e-03
1.588643128603021938e-03
1.586987028739281344e-03
1.581629843945193655e-03
1.578347614938767568e-03
1.574184711390114091e-03
1.556264038204171942e-03
1.546108545647508761e-03
1.532045528405469662e-03
1.530583428247313553e-03
1.517613228221995677e-03
1.515492025696235298e-03
1.508928000269016455e-03
1.497211375825027160e-03
1.488446079392738083e-03
1.477032904512035668e-03
1.461580495518265393e-03
1.458790714646064071e-03
1.453021564759544339e-03
1.447603128092180740e-03
1.433590294320917025e-03
1.421699612518154045e-03
1.413248761705033010e-03
1.412559894886845696e-03
1.387338568712001650e-03
1.386033895531300648e-03
1.378096031240887576e-03
1.365631070048047404e-03
1.358939723780783551e-03
1.355176179085763183e-03
1.350721343267370081e-03
1.344124162059687645e-03
1.333932768216262868e-03
1.330702697444523588e-03
1.327856019775375219e-03
1.321466548280062717e-03
1.317524043241950858e-03
1.298136822753453989e-03
1.291820661333317266e-03
1.283482673063308065e-03
1.274222611587452975e-03
1.268135155941870406e-03
1.257532786893585022e-03
1.257122791957939389e-03
1.254904897067374856e-03
1.249208244888607572e-03
1.242509219946707480e-03
1.237817174829707566e-03
1.231687556155372162e-03
1.224679043886359175e-03
1.224108861372540579e-03
1.217163496921868510e-03
1.208303658148428749e-03
1.204921992534013818e-03
1.196940244054561569e-03
1.186775618287304974e-03
1.186692132105874025e-03
1.180871479757173229e-03
1.169485074942610767e-03
1.160408490940612308e-03
1.150539919209658379e-03
1.148968916270058736e-03
1.142754773853459993e-03
1.137850733160304315e-03
1.132100919825827301e-03
1.130762129386095587e-03
1.121261971936414080e-03
1.118477946796496989e-03
1.109833311199054763e-03
1.105111573547984264e-03
1.083288673931295061e-03
1.082442252767385881e-03
1.075888682763654746e-03
1.072606053399661682e-03
1.065181924708732443e-03
1.064041944501293527e-03
1.060681743440806046e-03
1.055069378677639868e-03
1.043762200253556521e-03
1.037917863275897344e-03
1.030244769952398318e-03
1.019884951965280891e-03
1.016293078156644929e-03
1.014157439614401645e-03
1.001296389296994207e-03
9.993356509376675502e-04
9.949718831161091966e-04
9.842931300100253317e-04
9.838221820133239825e-04
9.777948438168416329e-04
9.751681519444777230e-04
9.751067976986380450e-04
9.709657868510718865e-04
9.596850942022391601e-04
9.557111407119800841e-04
9.527298592060119264e-04
9.456017892439517840e-04
9.455346584501022125e-04
9.444849983121868155e-04
9.335726780386280907e-04
9.239366848752282374e-04
9.170695376443603044e-04
9.137870110089166492e-04
9.125282735536915414e-04
9.023215047275461986e-04
8.988099659820933396e-04
8.960461425332905691e-04
8.928939805077045063e-04
8.921045199061525353e-04
8.873599186357455969e-04
8.787709426270667520e-04
8.784990060255439210e-04
8.752194935772172890e-04
8.653594948160899100e-04
8.604979075946850601e-04
8.560301991190992759e-04
8.546381081076041527e-04
8.491994368436874430e-04
8.452360779862934988e-04
8.422754820028072100e-04
8.417852748761183454e-04
8.366975891254551951e-04
8.317930599101107771e-04
8.227730815165797866e-04
8.179619831724797060e-04
8.138373308460468284e-04
8.098567281833618818e-04
8.008100286704912182e-04
7.980735332878549030e-04
7.943729513120605969e-04
7.877523699487841338e-04
7.819622247281148930e-04
7.816639606532650936e-04
7.745176772566189074e-04
7.686561169948766172e-04
7.681147989378462985e-04
7.672660237245967864e-04
7.566116491686887720e-04
7.546073533880184132e-04
7.464718767961369588e-04
7.454764498283976372e-04
7.419411466737548238e-04
7.392078412764604674e-04
7.348019895878718120e-04
7.295309638265520336e-04
7.286473402819528076e-04
7.240120948408261710e-04
7.202940293548042985e-04
7.194491900887826485e-04
7.147525114942521489e-04
7.092958625805944944e-04
7.018219135063802827e-04
6.883399531748440100e-04
6.881923888770238038e-04
6.863219496768811247e-04
6.802680595515299801e-04
6.785816946713547687e-04
6.778934363809026005e-04
6.762443044833457619e-04
6.722496107109394818e-04
6.684866244129466237e-04
6.662344545423686199e-04
6.627049237442243041e-04
6.510282024399095639e-04
6.491422773447825699e-04
6.475968750654020412e-04
6.423232386449198887e-04
6.407661271042945075e-04
6.349656947187347182e-04
6.334020804791628623e-04
6.320790806132402760e-04
6.312504733050727356e-04
6.271110703376064736e-04
6.236653403779087194e-04
6.150530987625112524e-04
6.135051441659109548e-04
6.131121250898186785e-04
6.115332219596443910e-04
6.084224602365456615e-04
6.080430328164079627e-04
6.027708479037271333e-04
5.994784943368380338e-04
5.966518943851770477e-04
5.936430096121665667e-04
5.869953161718022673e-04
5.862238129954670373e-04
5.806272326351709021e-04
5.803525382251158594e-04
5.786888074312369424e-04
5.738491411291976032e-04
5.708509396508561727e-04
5.697226265251217588e-04
5.638289208154352366e-04
5.621556353821884327e-04
5.524517573191913260e-04
5.506201802607329186e-04
5.467048600972599769e-04
5.466015314268431440e-04
5.386492134519156334e-04
5.353092276976802438e-04
5.294861553005335199e-04
5.288783250456834985e-04
5.217619037762799778e-04
5.189119327912453334e-04
5.169094307271905348e-04
5.158227056476523799e-04
5.089983938087219413e-04
5.038933908110152177e-04
5.031459473793402143e-04
5.006388478227772340e-04
5.004629535647571242e-04
4.957271659985031977e-04
4.938825012707109873e-04
4.925935318941980024e-04
4.882209619037739022e-04
4.871135693260641129e-04
4.830583601516961405e-04
4.814729160706127998e-04
4.770784111239797782e-04
4.748350539535666610e-04
4.726488457312503773e-04
4.699550517632582669e-04
4.697660347091272702e-04
4.659350856877299729e-04
4.578825112402694700e-04
4.529916782993809914e-04
4.524861451472676765e-04
4.518825252968337218e-04
4.487657788171251069e-04
4.473259832067181261e-04
4.384696909266250827e-04
4.350841033636345702e-04
4.325229548484058181e-04
4.314310025410546842e-04
4.280722526411069183e-04
4.243448411731049678e-04
4.238043163277874876e-04
4.185438312964183199e-04
4.184543944912617755e-04
4.128588338765840993e-04
4.126474864843116919e-04
4.123911650840752239e-04
4.077218389883178877e-04
4.067215572882841752e-04
4.052213339144893089e-04
3.990662343455823316e-04
3.969483244184494018e-04
3.930178772956912335e-04
3.914909454791100233e-04
3.899700139075730184e-04
3.870536054696148702e-04
3.830886788359646154e-04
3.822347980791512812e-04
3.798712537741076264e-04
3.766368795120654620e-04
3.741250456800112602e-04
3.704337851113452215e-04
3.645393022939156895e-04
3.609896313716579540e-04
3.566313887120669233e-04
3.541451380656575852e-04
3.520792947969385842e-04
3.510883107417490066e-04
3.478224673844259392e-04
3.453484384528217256e-04
3.434387666346058960e-04
3.400874480183914135e-04
3.391976373745893714e-04
3.325374436904039613e-04
3.317298403775456638e-04
3.309246501119470418e-04
3.283681159437634852e-04
3.237772794130847650e-04
3.187144495144580438e-04
3.155565242190711862e-04
3.113760610534401711e-04
3.043100286715081119e-04
3.032434383279543604e-04
3.021112335549224533e-04
2.987167190686615252e-04
2.967560668231328724e-04
2.943723098152237617e-04
2.909485471773958615e-04
2.899637796645390003e-04
2.883299623451315722e-04
2.816166721255159919e-04
2.794646750164662724e-04
2.793166077336527837e-04
2.769284646901297073e-04
2.763095234240978203e-04
2.755656690693504551e-04
2.680157975647794936e-04
2.673775896373583737e-04
2.668882652918558762e-04
2.592888011699268839e-04
2.584292453871372746e-04
2.575649328115243693e-04
2.483159799348344326e-04
2.451503475125959251e-04
2.368376532349336975e-04
2.354073784869046366e-04
2.328536045729483596e-04
2.319748053005726710e-04
2.298962947056540005e-04
2.286674598416435207e-04
2.256102358937088124e-04
2.225232412853828654e-04
2.188146065472949028e-04
2.177677817250983671e-04
2.145332177670632938e-04
2.119215099736991808e-04
2.111947839942610288e-04
2.070209938696566108e-04
2.047121593320472450e-04
2.044666056848625521e-04
1.956757030983306952e-04
1.942767056606495779e-04
1.909029585041810103e-04
1.881770759391852626e-04
1.857610542130352102e-04
1.819446711837572998e-04
1.792759260929096686e-04
1.753914628146407528e-04
1.750031209260628285e-04
1.721273210837304319e-04
1.638421362970682576e-04
1.617206193274249462e-04
1.611367860915957444e-04
1.520458387574925906e-04
1.463399445747086750e-04
1.400089929563893990e-04
1.385149532222951598e-04
1.368788221822043441e-04
1.347177902759752661e-04
1.281085941870189647e-04
1.176723453304868023e-04
1.164541102632200701e-04
1.122322793579189103e-04
1.026245103065377343e-04
9.561698058502859552e-05
9.497581032773326319e-05
9.252498382508351766e-05
8.774267576662473397e-05
8.659131222413311542e-05
8.204551269919030409e-05
8.063581691551929657e-05
7.641911169478375382e-05
7.619296686775802146e-05
7.350249437554854379e-05
7.041177015231536219e-05
7.032910891691273084e-05
6.743727323719395019e-05
6.461402127640166273e-05
5.734125807587337381e-05
5.566283638507375819e-05
5.060486441087196118e-05
4.869972719799602951e-05
4.523907858330755699e-05
4.349986141878690594e-05
4.104391692783743633e-05
3.594778854158428989e-05
3.363301809887117160e-05
3.259965764771257746e-05
3.222981129122918988e-05
3.041647133589472340e-05
2.739131721860383476e-05
2.638340756259578837e-05
2.618381319531867967e-05
2.222773593026656160e-05
2.196504391860329926e-05
1.757567190226974702e-05
1.610673241588800377e-05
1.578905311883443898e-05
1.410216810069817809e-05
1.269673727790521600e-05
1.218893855332770506e-05
1.188129905811930272e-05
1.152681435870293666e-05
1.081810762437989803e-05
8.884629075104336820e-06
8.616089466701008792e-06
4.365095472463064042e-06
2.117074769356565169e-06
8.963265757279899276e-07
7.615723209619044400e-08
4.201869104785304152e-16
1.152138032664974748e-19
