5.031509967681290219e-01
4.487094798955988395e-01
3.689671360847383563e-01
2.531312848334916210e-01
2.009495499340154534e-01
1.871822149077236597e-01
1.660494752464708179e-01
1.556123535958805204e-01
1.506599240920266092e-01
1.314729698434363991e-01
1.211919843323171486e-01
1.177478630605401089e-01
1.078343979821761167e-01
1.074579754600231002e-01
1.003204078430873919e-01
9.778340275872948739e-02
9.253999897311900036e-02
8.802077778638318917e-02
8.634323302436915093e-02
8.375360465302467139e-02
8.255990329310156084e-02
7.659213096979949897e-02
7.546737206715187218e-02
7.302621821127196211e-02
7.231237561432048155e-02
7.107331007991898875e-02
7.042629509838481405e-02
6.743698819981398807e-02
6.651813525911735858e-02
6.285638234266920088e-02
6.208100599407052195e-02
6.111644295740366328e-02
6.069840279358452301e-02
5.941436141343168359e-02
5.832538796982205537e-02
5.733404928021720859e-02
5.401391631302319973e-02
5.319275376902136282e-02
5.240126650834870531e-02
5.171177830105822687e-02
5.152055623670304119e-02
5.096766565447444913e-02
5.081849776991016754e-02
5.036369752835827274e-02
4.864750537716345385e-02
4.801794084258333845e-02
4.620028241697674704e-02
4.561445210190424177e-02
4.514745014669684781e-02
4.484999784616598012e-02
4.446307027672470602e-02
4.406522717063092454e-02
4.342379935167535454e-02
4.313572681369776812e-02
4.265656101887602830e-02
4.180323190160340624e-02
3.990168804285270515e-02
3.948961236893354376e-02
3.934363960713586211e-02
3.863844233850682874e-02
3.852989932029773218e-02
3.840864087006127386e-02
3.819746394830071667e-02
3.779951779875962564e-02
3.772893447208676421e-02
3.707812339661500228e-02
3.667564296037644639e-02
3.562688898396757647e-02
3.537768268139175609e-02
3.502020686620829076e-02
3.463731712657923401e-02
3.396982097375087634e-02
3.386845413492318296e-02
3.345784615443987003e-02
3.336089928302359703e-02
3.294088033656139558e-02
3.278970185683954819e-02
3.255633786588266188e-02
3.225444640162578730e-02
3.136239211036870311e-02
3.095722040936270750e-02
3.080065905565284451e-02
3.024779719429379274e-02
2.995179596811237480e-02
2.977369902528982301e-02
2.967187343363378652e-02
2.941868885757683780e-02
2.937557955171411078e-02
2.898860187976719932e-02
2.896798401377037938e-02
2.862445133003137243e-02
2.837583444266638180e-02
2.809174077916317541e-02
2.787428889766044998e-02
2.750413562469946477e-02
2.732695230216942647e-02
2.705725412758283599e-02
2.689706949101425965e-02
2.659916610215679045e-02
2.645526340760416539e-02
2.603789821760170084e-02
2.591076591087416656e-02
2.583343672988080639e-02
2.577980339689093028e-02
2.553162245856950910e-02
2.520396050016694006e-02
2.478386641038781216e-02
2.452433498381613106e-02
2.432073271374724649e-02
2.413582607697966134e-02
2.406008012001307345e-02
2.355120879616891261e-02
2.334908413259108306e-02
2.331657560363338197e-02
2.307971181425610974e-02
2.296326017168061687e-02
2.287560070647825725e-02
2.278265561483548696e-02
2.265824636449378579e-02
2.260585368584585100e-02
2.252707530099882713e-02
2.236493518642303224e-02
2.217475384744701031e-02
2.184137583801898028e-02
2.168987069739958598e-02
2.154321973379941940e-02
2.130077262929501447e-02
2.126315601533058236e-02
2.112184627896341454e-02
2.098580884585120668e-02
2.080096285441195361e-02
2.059829009495364738e-02
2.033935107263354358e-02
2.025314795752220301e-02
2.022890290441449468e-02
2.014652564372589397e-02
2.003451101923809513e-02
1.971578551504966914e-02
1.960164950998253761e-02
1.953274549066157106e-02
1.932425164189198810e-02
1.925196288719304566e-02
1.895682178360287573e-02
1.883392194603879244e-02
1.862208356580425869e-02
1.839766283217156989e-02
1.832517278501781532e-02
1.823399238632119126e-02
1.815240309131140387e-02
1.812037829769316127e-02
1.797734453547222486e-02
1.794338969711615356e-02
1.781756042784718441e-02
1.778179030830925184e-02
1.773686228359220088e-02
1.767588066045592404e-02
1.753924105865482461e-02
1.751277931986671213e-02
1.740672635633797039e-02
1.710883285099121243e-02
1.707111892158148445e-02
1.695420210375108913e-02
1.688287759670358337e-02
1.665583155332628004e-02
1.656718501281238820e-02
1.643119824538558787e-02
1.637724722711992459e-02
1.626783407371282589e-02
1.605197754551450362e-02
1.593656503092603927e-02
1.590451802982217194e-02
1.583426132184312732e-02
1.577898833493713779e-02
1.569507608259711889e-02
1.558684501440029367e-02
1.544675659493885932e-02
1.541215270282815346e-02
1.518113596495988121e-02
1.510146223569485205e-02
1.493871607888607941e-02
1.482961335540610229e-02
1.481201042254143112e-02
1.470474659970357791e-02
1.457845537182454396e-02
1.452766449651686324e-02
1.447744572770029610e-02
1.435784055017338447e-02
1.432103281708460574e-02
1.417481057914895919e-02
1.412677939759666296e-02
1.406606977577758676e-02
1.403982309742742886e-02
1.401678572629729523e-02
1.394558594432798553e-02
1.388092421736029404e-02
1.382155597385952180e-02
1.378618710469134770e-02
1.371432144113187736e-02
1.360274433131133422e-02
1.346695712277019841e-02
1.329604204509361905e-02
1.326499721603226559e-02
1.319919892526701805e-02
1.311703549199911938e-02
1.307345701844675294e-02
1.302228949637720956e-02
1.288651146477177642e-02
1.282582979881571363e-02
1.254097668175627699e-02
1.253156841757657736e-02
1.250339097137817025e-02
1.248041339686684417e-02
1.245313487124555252e-02
1.240054732721223608e-02
1.230897118822846768e-02
1.214189336554502216e-02
1.208181507629680317e-02
1.200406237364461635e-02
1.190985711408628668e-02
1.184511778103459340e-02
1.177822382726706300e-02
1.176191791823017092e-02
1.169595411853637662e-02
1.155242236484888517e-02
1.152103315611608704e-02
1.142665844335838572e-02
1.136596941392980890e-02
1.132655464872844853e-02
1.130059052014462627e-02
1.123883282625286369e-02
1.116829486682335837e-02
1.109691530605149204e-02
1.101038315438381682e-02
1.098773144429660183e-02
1.097046822473270872e-02
1.092128580983769970e-02
1.088975469163751784e-02
1.086490315880539112e-02
1.077164862972293177e-02
1.072187804381077685e-02
1.068770523094187373e-02
1.063271320883174727e-02
1.057667798229350135e-02
1.049880609237274949e-02
1.042189512041178344e-02
1.035877182997147448e-02
1.025090428310099742e-02
1.020651173401950634e-02
1.017623669819604434e-02
1.012710275116220082e-02
1.010274938487526822e-02
9.933073915863959921e-03
9.888784034370533618e-03
9.826733362280881331e-03
9.813100088058156201e-03
9.743306960121137297e-03
9.695480335721351137e-03
9.662733777315281325e-03
9.593286701815412557e-03
9.541262295832360352e-03
9.495621665447120247e-03
9.429347972078307855e-03
9.411017574231855462e-03
9.311482099842708152e-03
9.173874865227952050e-03
9.162203664612249623e-03
9.123746071403898705e-03
9.070244603653621757e-03
9.041966247009211935e-03
8.974640551787701342e-03
8.944358703620652537e-03
8.895030174340824713e-03
8.841104461522421645e-03
8.795894357940651359e-03
8.784210444912383606e-03
8.645407940222516949e-03
8.623451440423727729e-03
8.594250361993840612e-03
8.566653743147786826e-03
8.512323828606957812e-03
8.493486090708714589e-03
8.454007483228069900e-03
8.409254910296239116e-03
8.366961705479448314e-03
8.341935463514221771e-03
8.305462497585118509e-03
8.255333806036704511e-03
8.167792657093686862e-03
8.140170344025780477e-03
8.096948648114643196e-03
8.006801362374848033e-03
7.966690159850062236e-03
7.918716558284397133e-03
7.856346000170202556e-03
7.833093913956009138e-03
7.820972772010763296e-03
7.776042319005279160e-03
7.750747657749462206e-03
7.715392994796094195e-03
7.661816691206160129e-03
7.561533369045106596e-03
7.553230801002155416e-03
7.536862252482972105e-03
7.443910676467080031e-03
7.403489212558424931e-03
7.385183880594875690e-03
7.314495913879580369e-03
7.289034025964885415e-03
7.275661194623316702e-03
7.219291219272944496e-03
7.187359328650841719e-03
7.152681173482664141e-03
7.111583899005351379e-03
7.007464523401736589e-03
6.932872792883878858e-03
6.900965110935581258e-03
6.868671127477452877e-03
6.846604016305582810e-03
6.842428775292890009e-03
6.803988032775296763e-03
6.766631045056219554e-03
6.741567008717102086e-03
6.729162227193499594e-03
6.669188169849203651e-03
6.639114748849314802e-03
6.615349433957600292e-03
6.587232428842152918e-03
6.574540388805636369e-03
6.532438110952352994e-03
6.491707399848342143e-03
6.460414694197269374e-03
6.444545979655334593e-03
6.403296981410935319e-03
6.379396389571451338e-03
6.336679678213261169e-03
6.328161812848734184e-03
6.281903903118844605e-03
6.210423481512544752e-03
6.197222265749851439e-03
6.170400107717586083e-03
6.149601933790145233e-03
6.093022776689177404e-03
6.065261882866383909e-03
6.047506870711185679e-03
6.013414456051239219e-03
5.993447654933391211e-03
5.943339922482205814e-03
5.912992060220135029e-03
5.855844190276164422e-03
5.815008054471994606e-03
5.793235640763130800e-03
5.769549176821456467e-03
5.760511103798624487e-03
5.744047218451391913e-03
5.715967081716778059e-03
5.648520647150915078e-03
5.622641072503948428e-03
5.594544381531806922e-03
5.539576966609773175e-03
5.519330646405124982e-03
5.479769827358888651e-03
5.406451756358164953e-03
5.372516766407834689e-03
5.321886290521112874e-03
5.307847335567385597e-03
5.293790458839086992e-03
5.267431422149479806e-03
5.241521359420540059e-03
5.227387209125263987e-03
5.168479020936186941e-03
5.154537915596328623e-03
5.108184660730880587e-03
5.103795232500280693e-03
5.082418527114833558e-03
5.068122029213255504e-03
5.056046532119319765e-03
5.018453673461639730e-03
4.995858639257005560e-03
4.964291226015996733e-03
4.960973620934834398e-03
4.937452000642083769e-03
4.912849527919874865e-03
4.863294610339367365e-03
4.829053496562207837e-03
4.811092381074974847e-03
4.780980716773950735e-03
4.765768073002083632e-03
4.708515266800874718e-03
4.699270940138364910e-03
4.681484972137850767e-03
4.672674217262952345e-03
4.621909613784071745e-03
4.606952814167146124e-03
4.586697500834630535e-03
4.581710849323720851e-03
4.562488153285666238e-03
4.542032728266427732e-03
4.505413909206710567e-03
4.470736179853779767e-03
4.459047893674618519e-03
4.433017469788102551e-03
4.422471789802775131e-03
4.387193154066168846e-03
4.363060859542616104e-03
4.347704909168120975e-03
4.322352729049224428e-03
4.286045707146387933e-03
4.271690590049845651e-03
4.253744360083227399e-03
4.232361872570213589e-03
4.201687247777858084e-03
4.191606264806880047e-03
4.153574672320748708e-03
4.138374204258503559e-03
4.100152509867842528e-03
4.076433842311411558e-03
4.065458652025380828e-03
4.041651273283170670e-03
4.019268640237985343e-03
3.972257525899344777e-03
3.941439154974418421e-03
3.901878619632385449e-03
3.883144207194001805e-03
3.851000920899154932e-03
3.839195986696945610e-03
3.833632346451338983e-03
3.827893982301023255e-03
3.807371327850801127e-03
3.787905372925811157e-03
3.766686090593569531e-03
3.731272229532850947e-03
3.712553981981625301e-03
3.686095481404789206e-03
3.661030922853320251e-03
3.657291379972150980e-03
3.643797928993099729e-03
3.618864954950501336e-03
3.610657453234866060e-03
3.595933146147474273e-03
3.573808033807087271e-03
3.556698656106803500e-03
3.514706606837481560e-03
3.506842568250612829e-03
3.494901980446326467e-03
3.469970331361759818e-03
3.455544091173358423e-03
3.425393150987314332e-03
3.404509859936504391e-03
3.386907778928727273e-03
3.373503455424628050e-03
3.342316841436709061e-03
3.338473782726649342e-03
3.325618598324683872e-03
3.315342909339018349e-03
3.302305202475877815e-03
3.278506894117322323e-03
3.271796565544605497e-03
3.247478162623713364e-03
3.243270171971525048e-03
3.213340023515291136e-03
3.201143909807372713e-03
3.183168299161904559e-03
3.166443428414699238e-03
3.152253758483096902e-03
3.126435715586807149e-03
3.119988551785104341e-03
3.108527731315372227e-03
3.084490929552899559e-03
3.071597146452562880e-03
3.067374345467550716e-03
3.048114565215020392e-03
3.020241884807049141e-03
2.993514778911816627e-03
2.971507788530890291e-03
2.947539468535750450e-03
2.934393908146809907e-03
2.905305313440105855e-03
2.890009699817622495e-03
2.884826010775469116e-03
2.855037891369479035e-03
2.849258165430918442e-03
2.835888856544426483e-03
2.795173032813388046e-03
2.774836663205057421e-03
2.760801832029999812e-03
2.738353841315225180e-03
2.721510553751805596e-03
2.713421440021187171e-03
2.699575537748355892e-03
2.689946177866327486e-03
2.666781204998528148e-03
2.641440761458649280e-03
2.633976757765168000e-03
2.610793909074355865e-03
2.603090290124709591e-03
2.582776902499887492e-03
2.577849887048077031e-03
2.560774034218427607e-03
2.555970071872777985e-03
2.535241590579152566e-03
2.513100258844590609e-03
2.505040650446319246e-03
2.495627343848579212e-03
2.490961863420471708e-03
2.479651972336112484e-03
2.461419355557453986e-03
2.426528738956647453e-03
2.418627999831977644e-03
2.382756296515938736e-03
2.374839338990749650e-03
2.342666067144033581e-03
2.336410608718667188e-03
2.323514350829175654e-03
2.312711392282625934e-03
2.285759838778642517e-03
2.283110884397894849e-03
2.276967743833973983e-03
2.265045037205580883e-03
2.248968636756030776e-03
2.239286819644396680e-03
2.212255676513066698e-03
2.199740272257260949e-03
2.190438157837698487e-03
2.177288052313388744e-03
2.162005082171567991e-03
2.150920755718945497e-03
2.125287215188132080e-03
2.115374431203661046e-03
2.108794932234617833e-03
2.098237764588550217e-03
2.080718142636728014e-03
2.074798020970931682e-03
2.072691138649553413e-03
2.063892031325544919e-03
2.050255878699079604e-03
2.037747577905946531e-03
1.998315528101722582e-03
1.986324947150088210e-03
1.977277013519289361e-03
1.959705132136710815e-03
1.938924198817357832e-03
1.926694399357143338e-03
1.917418886013926233e-03
1.897755689667732530e-03
1.886505858013572427e-03
1.884804702639894525e-03
1.874747523648589943e-03
1.855526847003132048e-03
1.828295007844692958e-03
1.815899603759218994e-03
1.800848386706586099e-03
1.790488624910905810e-03
1.785887648301288846e-03
1.762986799469607509e-03
1.747387752024220876e-03
1.735202348801231963e-03
1.713912211539999004e-03
1.710439115465469664e-03
1.697885674445534249e-03
1.683727679750100705e-03
1.645283580791905226e-03
1.643337551867460507e-03
1.635722890224164611e-03
1.622142022260884570e-03
1.616601887908467733e-03
1.579628984851335271e-03
1.575331896594325386e-03
1.554458615004543050e-03
1.545449263554426285e-03
1.536803802449100871e-03
1.520499846735406642e-03
1.500735136386702716e-03
1.496848024927158703e-03
1.480214894528278369e-03
1.477185901167236103e-03
1.461465568408319444e-03
1.457854109486114583e-03
1.431644487797748520e-03
1.417910461329405106e-03
1.402144055205585462e-03
1.386017184167953912e-03
1.364213226077246738e-03
1.358629159212684139e-03
1.351348848598943331e-03
1.337802267979646634e-03
1.322970848430389014e-03
1.312034467271209690e-03
1.308810716407578538e-03
1.295087381245214973e-03
1.292838167728621286e-03
1.282152682163290643e-03
1.255145142488442965e-03
1.250114737116794989e-03
1.242399510260764131e-03
1.239001676620179147e-03
1.221755476278780670e-03
1.209134032054425901e-03
1.207594349474736244e-03
1.167524111312803672e-03
1.154151922097189798e-03
1.129666905133463496e-03
1.115469385692600696e-03
1.110948777230345678e-03
1.106171223224161572e-03
1.089197860960499807e-03
1.080361845687930660e-03
1.068331480378219463e-03
1.053199230124737080e-03
1.051377293326828579e-03
1.027143432655870008e-03
1.008189213436305135e-03
9.897786829816586102e-04
9.716881362131444535e-04
9.537764815098770388e-04
9.358054371592934139e-04
9.125318382404134501e-04
8.934403144846688946e-04
8.856955388911870279e-04
8.514905912304126037e-04
8.323045057978036704e-04
8.255098322429328672e-04
7.990170819228218898e-04
7.916207551924301158e-04
7.550778692352850359e-04
6.887436494549141258e-04
6.198325241276726435e-04
5.827875888666679679e-04
5.643761327670855253e-04
5.543600616482294340e-04
4.636428863891904574e-04
4.622947595302629863e-04
4.426552352500809947e-04
4.342416994193385046e-04
4.144059549752739493e-04
4.126604261427946319e-04
4.110294810831858592e-04
3.784120532279696206e-04
3.639226158852820942e-04
3.614439904332274319e-04
3.313635279394027441e-04
3.212367282016498305e-04
2.883928916149969485e-04
2.737469138406868835e-04
2.526166065474821573e-04
2.499928044384048739e-04
2.351214135359749684e-04
2.260975849674555786e-04
2.028697708949332820e-04
2.015353475309357792e-04
1.921276089781499699e-04
1.778304419897058721e-04
1.600725132207078292e-04
1.554073622440903940e-04
1.488572433156128713e-04
1.482961626382001260e-04
1.369667973019682652e-04
1.232206850539811283e-04
1.164758606159535954e-04
1.068461646525748859e-04
9.261127483586023134e-05
8.655285199258350626e-05
8.349841899309749327e-05
7.905340228948093298e-05
7.547069816194472739e-05
7.432627201508688018e-05
6.948110173958009310e-05
6.688882647525855199e-05
6.182482325781925249e-05
5.364010246322541251e-05
4.437740307098884322e-05
2.060466228304047624e-05
1.290057123112822059e-05
6.726227881865454956e-06
2.074068020144830994e-06
2.998799121258758818e-16
1.820364832061793604e-18
