5.032401515250892743e-01
4.487264728203291253e-01
3.689746784044531935e-01
2.531645312031666206e-01
2.009690909867136166e-01
1.872021013170854231e-01
1.660692056242704107e-01
1.556227082060288869e-01
1.506700731166659424e-01
1.314843086126054883e-01
1.211978088902932321e-01
1.177552683452909449e-01
1.078455009703035011e-01
1.074700218806518004e-01
1.003291253114206305e-01
9.779528822124815279e-02
9.254943067681349611e-02
8.803038566704475543e-02
8.634897560291532326e-02
8.375872564587640012e-02
8.256669143194275695e-02
7.659711604201971391e-02
7.547164536280789870e-02
7.303174114667630723e-02
7.232045847147960949e-02
7.108094748809197505e-02
7.043318970652298616e-02
6.744307445785602262e-02
6.652463881709726190e-02
6.286131626607659173e-02
6.208697721659943436e-02
6.112226192126770513e-02
6.070273032689841447e-02
5.941892681649987157e-02
5.832863062874373006e-02
5.733879639020241642e-02
5.401712579874212716e-02
5.319639707214923047e-02
5.240550064566728422e-02
5.171649896172669791e-02
5.152431369671890693e-02
5.097204552409358852e-02
5.082312232524704987e-02
5.036894945589073108e-02
4.865173499297197751e-02
4.802163250978690179e-02
4.620538818432026046e-02
4.561750268900263000e-02
4.515186765584009582e-02
4.485364676772571335e-02
4.446671829677001364e-02
4.406866381672793626e-02
4.342711585559369536e-02
4.313897473047117320e-02
4.265963846587443598e-02
4.180590290929749042e-02
3.990394223870262491e-02
3.949197282295905526e-02
3.934648835056257093e-02
3.864156041533150371e-02
3.853340733124388517e-02
3.841131485390196498e-02
3.820135208442122787e-02
3.780267989047936261e-02
3.773225738832120674e-02
3.708135330941658703e-02
3.667849036098653343e-02
3.562999705522106042e-02
3.538026095911121771e-02
3.502322064706709509e-02
3.463985670152831126e-02
3.397216343694831747e-02
3.387076356782346698e-02
3.346044979477803133e-02
3.336342976204908356e-02
3.294334907109439797e-02
3.279184529108645357e-02
3.255824013836718794e-02
3.225613929147507636e-02
3.136495050887821295e-02
3.095980836030930855e-02
3.080238210799105328e-02
3.024960905211836887e-02
2.995361809773109188e-02
2.977585399034580332e-02
2.967459676211626346e-02
2.942080863486911529e-02
2.937812195499069426e-02
2.899087195837318776e-02
2.897048784861112891e-02
2.862666078486908808e-02
2.837812902208254953e-02
2.809400245651696298e-02
2.787647635310270058e-02
2.750583097929063664e-02
2.732980303692690224e-02
2.705887069606624507e-02
2.689873649787502888e-02
2.660128662291776080e-02
2.645706083000357381e-02
2.603966379775330547e-02
2.591266060192242912e-02
2.583519212418979721e-02
2.578164363984748048e-02
2.553357261458456817e-02
2.520564678865640923e-02
2.478528415858723480e-02
2.452608550063746853e-02
2.432243221051723359e-02
2.413781715336127745e-02
2.406159527465928302e-02
2.355273991555979080e-02
2.335087937725243562e-02
2.331809362581437062e-02
2.308151686280296433e-02
2.296480201642470131e-02
2.287713671186835870e-02
2.278488718789562634e-02
2.266002514665681894e-02
2.260754702456417228e-02
2.252879596436425241e-02
2.236708770271443950e-02
2.217634085840863509e-02
2.184304985937262494e-02
2.169137062198171068e-02
2.154457786339396622e-02
2.130228457161004868e-02
2.126430688213637454e-02
2.112308429297497792e-02
2.098733002372915254e-02
2.080228361550796184e-02
2.059948778640856640e-02
2.034061377961784989e-02
2.025449169839522653e-02
2.023016398377178171e-02
2.014795435210740143e-02
2.003604416793663620e-02
1.971719927327418229e-02
1.960286213062092595e-02
1.953428376603445413e-02
1.932537882976017793e-02
1.925326677312745594e-02
1.895818319910215488e-02
1.883505007009717361e-02
1.862364801064681635e-02
1.839869079551695319e-02
1.832673738539218611e-02
1.823511126886364145e-02
1.815350345049982633e-02
1.812157565420640173e-02
1.797868774137154069e-02
1.794458346933950482e-02
1.781882453923932380e-02
1.778330731082886779e-02
1.773811743556116816e-02
1.767728831579981966e-02
1.754055615039609717e-02
1.751407966272033184e-02
1.740815000226790532e-02
1.710991302772014305e-02
1.707218953964963204e-02
1.695534891039030684e-02
1.688415331466881081e-02
1.665688625047413024e-02
1.656836964353801053e-02
1.643235902310504273e-02
1.637814531012708394e-02
1.626910064181092547e-02
1.605301966207456354e-02
1.593756573392186154e-02
1.590554245683459267e-02
1.583519809701994588e-02
1.578016534971760435e-02
1.569643617964163601e-02
1.558761486405084266e-02
1.544770680140677109e-02
1.541327092099431528e-02
1.518213151473717798e-02
1.510256018903187447e-02
1.493975314331257714e-02
1.483070861670635412e-02
1.481302661879181463e-02
1.470560923784722598e-02
1.457912001828614613e-02
1.452887451037133092e-02
1.447839927407056949e-02
1.435869904534574186e-02
1.432199989762857756e-02
1.417579593596591907e-02
1.412764448497035724e-02
1.406691206455013693e-02
1.404069300867522886e-02
1.401791946405076851e-02
1.394645525975461708e-02
1.388217460890884235e-02
1.382265233110733897e-02
1.378701089051507372e-02
1.371539689660560696e-02
1.360360885982516040e-02
1.346803216303279864e-02
1.329685428512321181e-02
1.326593151258464130e-02
1.320007091395395196e-02
1.311793151489609212e-02
1.307441822099101106e-02
1.302322768294682936e-02
1.288729768593814724e-02
1.282662022648540720e-02
1.254170161613052219e-02
1.253250642077089784e-02
1.250410794047115276e-02
1.248123336643955535e-02
1.245390086558599736e-02
1.240130206921171048e-02
1.230984946849572083e-02
1.214270460886666438e-02
1.208234902800512690e-02
1.200494420206968046e-02
1.191063669583581480e-02
1.184586148102049000e-02
1.177919752741343404e-02
1.176254717521445399e-02
1.169689146222394928e-02
1.155312379543772805e-02
1.152179049247523297e-02
1.142718209687128804e-02
1.136657144754430436e-02
1.132706125144125435e-02
1.130137876187999914e-02
1.123962006377436477e-02
1.116906571168196222e-02
1.109779844575464226e-02
1.101109218033480795e-02
1.098848025813658688e-02
1.097119572613024056e-02
1.092200309300347429e-02
1.089042345452111323e-02
1.086560530320037493e-02
1.077224303818036071e-02
1.072264851033290396e-02
1.068846239159545325e-02
1.063338297840881776e-02
1.057750029539715302e-02
1.049954933368790408e-02
1.042247050937869512e-02
1.035961300745605329e-02
1.025151292419854490e-02
1.020715038869409071e-02
1.017682484793581976e-02
1.012775841490573883e-02
1.010334362760494445e-02
9.933577432800273777e-03
9.889288930337220007e-03
9.827268464548375576e-03
9.813752175482356316e-03
9.743812150965975097e-03
9.696090782657984519e-03
9.663268583729728647e-03
9.593897708796974774e-03
9.541994199251974118e-03
9.496273775539189679e-03
9.429985383240122032e-03
9.411631117219276116e-03
9.312135458627085124e-03
9.174273382690086368e-03
9.162646668348864085e-03
9.124361985299490538e-03
9.070751004206486015e-03
9.042549789532589033e-03
8.975328706156155550e-03
8.944974893730157223e-03
8.895659167972072220e-03
8.841691743161366260e-03
8.796522658417743265e-03
8.784876303461764888e-03
8.646112814226019141e-03
8.624041678676275594e-03
8.594930269709880055e-03
8.567182585872204492e-03
8.512940987827363401e-03
8.494137261874881717e-03
8.454619780699520679e-03
8.409770436833956600e-03
8.367597012809143558e-03
8.342682473553903258e-03
8.305924864352462120e-03
8.255948538255319588e-03
8.168470812073294618e-03
8.140844542985685439e-03
8.097419051105711474e-03
8.007183952798931081e-03
7.967318427763023930e-03
7.919178066173723426e-03
7.856869821459508754e-03
7.833575909494459519e-03
7.821387561169094657e-03
7.776638127282480342e-03
7.751130753809492430e-03
7.715752342137140868e-03
7.662398872681865959e-03
7.562007503183557251e-03
7.553667339216136971e-03
7.537400825567064887e-03
7.444413332891491701e-03
7.403905049968883753e-03
7.385701967642718281e-03
7.314934856215498174e-03
7.289583436666244483e-03
7.275971113509434492e-03
7.219721393438489378e-03
7.187815408815819047e-03
7.152945424367259178e-03
7.112189335427366969e-03
7.007985631635513420e-03
6.933271262397388938e-03
6.901413721065445539e-03
6.869205072242440951e-03
6.847068664420600560e-03
6.842859363895263496e-03
6.804478416607631294e-03
6.767004229207308590e-03
6.741959462452738056e-03
6.729579520265621673e-03
6.669701936938255381e-03
6.639475836853831608e-03
6.615729254681881367e-03
6.587607330105502493e-03
6.575035309795529415e-03
6.532870216551919275e-03
6.492271455178387149e-03
6.460810693152236987e-03
6.444976867076472951e-03
6.403839373407294380e-03
6.379761886318201410e-03
6.337096525197124033e-03
6.328639871257832859e-03
6.282317114453752835e-03
6.210787058275010417e-03
6.197747582803399269e-03
6.170801684529048092e-03
6.150036767635184802e-03
6.093446313252982340e-03
6.065637433654813039e-03
6.048091472116962075e-03
6.013767198251780167e-03
5.993886649590852815e-03
5.943660170524846763e-03
5.913339004643552999e-03
5.856172916833163843e-03
5.815421496072536653e-03
5.793544120079365152e-03
5.769978765046215874e-03
5.760831739944132120e-03
5.744449597287562721e-03
5.716381566549562886e-03
5.648688857110368590e-03
5.623008520228113712e-03
5.594903427972973062e-03
5.540035316852443166e-03
5.519761396536478765e-03
5.480110527710815860e-03
5.406933148311814270e-03
5.372813281675928830e-03
5.322282440087374757e-03
5.308168330825083735e-03
5.294143031734361952e-03
5.267775969014126466e-03
5.241869506443393861e-03
5.227735297549713882e-03
5.168838675444873895e-03
5.154965257082664253e-03
5.108543924811938079e-03
5.104251145981868708e-03
5.082806483771985621e-03
5.068460122188292796e-03
5.056394650128779450e-03
5.018688863840760524e-03
4.996206332178768431e-03
4.964716402737305405e-03
4.961347553909475211e-03
4.937743447864765753e-03
4.913038304812259414e-03
4.863703661069574552e-03
4.829503434885724401e-03
4.811406633736104235e-03
4.781342088306019672e-03
4.766149428172454863e-03
4.708829972067898710e-03
4.699609304819394977e-03
4.681772129086456645e-03
4.673011242844888648e-03
4.622272958749202611e-03
4.607208223906937919e-03
4.587109101369796042e-03
4.582090759232690207e-03
4.562781979828205679e-03
4.542383264235003333e-03
4.505861968651183463e-03
4.471017661354401672e-03
4.459386489423978854e-03
4.433246698853250505e-03
4.422764531467520202e-03
4.387446072714214565e-03
4.363380294541504938e-03
4.348057490381482607e-03
4.322583902297079568e-03
4.286213989577520277e-03
4.271957283578437480e-03
4.254048710624864366e-03
4.232591026341390832e-03
4.201947765162241007e-03
4.191879255534533555e-03
4.153851636315370258e-03
4.138614028207905290e-03
4.100451690250726984e-03
4.076702001837642642e-03
4.065820247912146912e-03
4.041897036873289169e-03
4.019574597668283504e-03
3.972559751184637569e-03
3.941665992521420532e-03
3.902180425779275437e-03
3.883425453005548682e-03
3.851277643052726692e-03
3.839416244430052597e-03
3.833927140017202688e-03
3.828092414231709217e-03
3.807591831834098925e-03
3.788139837587188672e-03
3.767003845472044043e-03
3.731529122773928533e-03
3.712735379746099577e-03
3.686345889437042406e-03
3.661288062461062320e-03
3.657527655580201497e-03
3.643986700366289803e-03
3.619053268852345014e-03
3.610872417603627239e-03
3.596123872106611434e-03
3.573954666305716611e-03
3.557000131369118107e-03
3.514935161671769136e-03
3.507104089891916864e-03
3.495139629392611785e-03
3.470217787491630766e-03
3.455842496790411961e-03
3.425614904501498876e-03
3.404731414916286041e-03
3.387129895649277408e-03
3.373831709766827655e-03
3.342547867168423840e-03
3.338713149567032468e-03
3.325933421109705801e-03
3.315546148903726967e-03
3.302580521589552637e-03
3.278785603417091674e-03
3.272033641426029191e-03
3.247733850393943675e-03
3.243438018694529395e-03
3.213530830772899291e-03
3.201336551889589523e-03
3.183363529412693623e-03
3.166672067866337700e-03
3.152431539857562543e-03
3.126654678210262234e-03
3.120222811399864151e-03
3.108708339967439574e-03
3.084657478929769304e-03
3.071791949491697437e-03
3.067521164683367340e-03
3.048298485281653036e-03
3.020344369575523290e-03
2.993704314759536821e-03
2.971659859143097569e-03
2.947730065773059276e-03
2.934644675718581057e-03
2.905479452855516849e-03
2.890148594262244384e-03
2.884996108899881215e-03
2.855241655736984793e-03
2.849400109623584278e-03
2.836001558676962218e-03
2.795345340058875017e-03
2.774976183981316038e-03
2.760972856624532585e-03
2.738533195767002461e-03
2.721621631907016753e-03
2.713580482148613294e-03
2.699732447363270386e-03
2.690100594847309821e-03
2.666905257663085543e-03
2.641575620588353882e-03
2.634094082838566754e-03
2.610966538060761465e-03
2.603225498227366725e-03
2.582947190246924919e-03
2.578013390060189102e-03
2.560869409694686936e-03
2.556098999793495960e-03
2.535356401530352265e-03
2.513266578637793174e-03
2.505209475006721018e-03
2.495780881757910137e-03
2.491114376233618914e-03
2.479784602183048720e-03
2.461577118931068502e-03
2.426666651994192642e-03
2.418773804613350703e-03
2.382886757992118583e-03
2.375004907914295832e-03
2.342807250113231477e-03
2.336536172671038226e-03
2.323661212188365272e-03
2.312848035685787819e-03
2.285928673515354170e-03
2.283309687361483997e-03
2.277157329959807446e-03
2.265213500218427739e-03
2.249114814838138778e-03
2.239423115236954462e-03
2.212389672916917870e-03
2.199872945358956333e-03
2.190591765409479700e-03
2.177430227837032391e-03
2.162122530231523013e-03
2.151076632059090426e-03
2.125393880040385344e-03
2.115519577257628583e-03
2.108888337752608168e-03
2.098415561743017296e-03
2.080859252195007073e-03
2.074938495486438033e-03
2.072872233218532936e-03
2.064075070250912143e-03
2.050395469608488810e-03
2.037864587723543786e-03
1.998447119834816099e-03
1.986480661151592345e-03
1.977401850030664938e-03
1.959825720473250613e-03
1.939073752794402260e-03
1.926856275492190703e-03
1.917541130240215785e-03
1.897883401930608102e-03
1.886655717190787764e-03
1.884919434655252636e-03
1.874914223593579943e-03
1.855617487122932646e-03
1.828438191333966838e-03
1.816026651636103032e-03
1.800960333929663322e-03
1.790609730676893637e-03
1.785992305125712592e-03
1.763079384898671390e-03
1.747473796314397707e-03
1.735341003145025093e-03
1.714047743964723387e-03
1.710557813891111110e-03
1.697987040419771674e-03
1.683897280628653299e-03
1.645396000154787349e-03
1.643471148761279851e-03
1.635851852537148314e-03
1.622260716765823278e-03
1.616754925389669384e-03
1.579732802368499691e-03
1.575442421115984346e-03
1.554618331583939791e-03
1.545516402258010139e-03
1.536883530222882266e-03
1.520581541385770431e-03
1.500819506687870505e-03
1.497004264876807033e-03
1.480342001580603646e-03
1.477321999073719560e-03
1.461569662640508022e-03
1.457972527772603052e-03
1.431765648180304126e-03
1.418018327034400918e-03
1.402209498072299297e-03
1.386098018278239053e-03
1.364304414124054270e-03
1.358748190418389290e-03
1.351436619399658864e-03
1.337895633056990262e-03
1.323054860765013460e-03
1.312082422529904516e-03
1.308879752575480655e-03
1.295160650400036407e-03
1.292902448004378023e-03
1.282250478259902571e-03
1.255233721843965590e-03
1.250209434443882734e-03
1.242487437413524907e-03
1.239072277765608391e-03
1.221829645451257993e-03
1.209209323855140773e-03
1.207656540263676772e-03
1.167576056549636749e-03
1.154198252959266324e-03
1.129720238719768418e-03
1.115509690392796306e-03
1.110989553967189122e-03
1.106221080885941288e-03
1.089248276957364503e-03
1.080406393002646603e-03
1.068361600403426289e-03
1.053247992378825810e-03
1.051416774331233794e-03
1.027173980013661083e-03
1.008233246339703933e-03
9.898103520895155678e-04
9.717571604053085697e-04
9.538047915646787576e-04
9.358553409636477007e-04
9.126141611926939182e-04
8.934686446218281569e-04
8.857341810645128844e-04
8.515462528382750649e-04
8.323399001654000927e-04
8.255569084016420702e-04
7.990561561884417657e-04
7.916543675321539419e-04
7.550971302275266087e-04
6.887825634047017778e-04
6.198523722543799368e-04
5.828291326130697085e-04
5.644350993820243783e-04
5.543886353903243989e-04
4.636897470368933215e-04
4.623468402017323880e-04
4.427127502127063555e-04
4.342855061892886932e-04
4.144522838743745232e-04
4.127110588307168954e-04
4.110616505497981677e-04
3.784305507637090202e-04
3.639475230465256776e-04
3.614708139956796917e-04
3.313792228988188412e-04
3.212615695808684045e-04
2.884049089079255656e-04
2.737616150733174973e-04
2.526310368955090690e-04
2.500014781044661402e-04
2.351408912020483313e-04
2.261083638062998753e-04
2.028817570591009804e-04
2.015426370277462566e-04
1.921355539781991319e-04
1.778358165970944627e-04
1.600805587725909944e-04
1.554135541919134404e-04
1.488589252316862188e-04
1.482993223282249131e-04
1.369675012873473982e-04
1.232223319297320798e-04
1.164799283871251049e-04
1.068542521569624962e-04
9.261397986947091153e-05
8.655467950891534751e-05
8.349784357968346006e-05
7.904450029818652957e-05
7.546739752165405001e-05
7.432265679556206736e-05
6.948148463539760306e-05
6.688246130203486135e-05
6.182394592847359222e-05
5.364131372713152343e-05
4.437699007606670773e-05
2.060352297795643148e-05
1.290183263449902468e-05
6.725908857807914103e-06
2.073935590166519787e-06
2.576214470998657073e-16
1.776619708517840380e-20
