4.908672609553172417e-01
4.445455026961738776e-01
3.667418174147780707e-01
2.483920240184487316e-01
1.979233376677554668e-01
1.839285507775041129e-01
1.629842346605083203e-01
1.535378119805109742e-01
1.488280675818552112e-01
1.292480577387981056e-01
1.200621322580841394e-01
1.162049720570887679e-01
1.061367252459449878e-01
1.056311385749702375e-01
9.865620057863458414e-02
9.593021587956529483e-02
9.094448204494251509e-02
8.656435945680832078e-02
8.532862225099974163e-02
8.271176223146389783e-02
8.129052408025105869e-02
7.563013891026662550e-02
7.458352417085849229e-02
7.208319454152016525e-02
7.116962656547611010e-02
6.974996280094068746e-02
6.929964989969678024e-02
6.640337567538219521e-02
6.541908780179321592e-02
6.194758577914426245e-02
6.112989468072477228e-02
6.015970574979994517e-02
5.989772413229409176e-02
5.865795144646852866e-02
5.770278442776448358e-02
5.644583430048667055e-02
5.339849852928757468e-02
5.250824918843333827e-02
5.166032727455795170e-02
5.085613206590237217e-02
5.085065472016435384e-02
5.026380134433496710e-02
5.000987647441762496e-02
4.953312983675080966e-02
4.789489065932324430e-02
4.730311208590277233e-02
4.539141598589865878e-02
4.499745767866472623e-02
4.440459425317964254e-02
4.421171326242406135e-02
4.386107508270473826e-02
4.347437068125208082e-02
4.286059892884092060e-02
4.255560313657914123e-02
4.205576468248085203e-02
4.128388124559329714e-02
3.944792264401083409e-02
3.902137328346295952e-02
3.875245057059895776e-02
3.807948441557121311e-02
3.792756118152262879e-02
3.789298786106465311e-02
3.760217137277601512e-02
3.727779278828078496e-02
3.714865153912071810e-02
3.651219305783218877e-02
3.609521174168290464e-02
3.511897460004043126e-02
3.488218792706507948e-02
3.451363127611186549e-02
3.413376137993730242e-02
3.353575847465394694e-02
3.343908762327851142e-02
3.301937477370246038e-02
3.290507586215860036e-02
3.252357231020207989e-02
3.235613302125958657e-02
3.218455066655150076e-02
3.189362184376579035e-02
3.092434262901672462e-02
3.049301845023035668e-02
3.040483567795925976e-02
2.985853858601533045e-02
2.959109044407828154e-02
2.934042436024476494e-02
2.919993754317481982e-02
2.902958804956265113e-02
2.894590758331762673e-02
2.858951015122901049e-02
2.854174303047895753e-02
2.820469557361630214e-02
2.795879841561474399e-02
2.769968831003393611e-02
2.746371918628508907e-02
2.716966209946421532e-02
2.687466787490005657e-02
2.672252328819774841e-02
2.657675633562110035e-02
2.618310349377664728e-02
2.609840267078827880e-02
2.571489212446824088e-02
2.556613503594230494e-02
2.550804020134438133e-02
2.544113948345168991e-02
2.520228949657624118e-02
2.489998260899306537e-02
2.450238882743369095e-02
2.417341384920687272e-02
2.398220312092030210e-02
2.376690337742336928e-02
2.375288808709991387e-02
2.324290906891087263e-02
2.303428326303484305e-02
2.298928020200786959e-02
2.274662325936667798e-02
2.265388600057783794e-02
2.259005621143492584e-02
2.240886886447742213e-02
2.233911266581770430e-02
2.229863651928434831e-02
2.222619177084947731e-02
2.199691949171450958e-02
2.187390180247492794e-02
2.153411055939146238e-02
2.140852561191144629e-02
2.128133390910662628e-02
2.103967990348972264e-02
2.100034323385061713e-02
2.086464657574193735e-02
2.068121552654800244e-02
2.052941005002367411e-02
2.034690873106279746e-02
2.008276378729486819e-02
2.000933570093982317e-02
1.997522481903644606e-02
1.988698217790222170e-02
1.976753480272799846e-02
1.946918150300430694e-02
1.935469262369022073e-02
1.922281533792098360e-02
1.910112020803825250e-02
1.900284316341488769e-02
1.869752776398890884e-02
1.860607104706346604e-02
1.832289500697431572e-02
1.818246465932335867e-02
1.803745663879766439e-02
1.799620280931937821e-02
1.792068428749519701e-02
1.787657627573580044e-02
1.773286051063901678e-02
1.768783226588377736e-02
1.758834425148705916e-02
1.753594413477330832e-02
1.750814178855234285e-02
1.743545621045406585e-02
1.731253332918305382e-02
1.726220032348281183e-02
1.716061886331436345e-02
1.689572757635518160e-02
1.684073603901791588e-02
1.673482421485851177e-02
1.666861852466524491e-02
1.643731157801557249e-02
1.633186427498403009e-02
1.621036007477182767e-02
1.618730084828206434e-02
1.601783311397241352e-02
1.584831070725015167e-02
1.574025184616050996e-02
1.570848034323554451e-02
1.562652719914264798e-02
1.557072282819305098e-02
1.547781398634376013e-02
1.539464296593221967e-02
1.523278338671195040e-02
1.522481522281086790e-02
1.499352176385447197e-02
1.489692843808275782e-02
1.473358780088839838e-02
1.461708822215716970e-02
1.461129398336626604e-02
1.452207727300211179e-02
1.440554250722284393e-02
1.430913680117814300e-02
1.429553928262617887e-02
1.416606300250624999e-02
1.414107222341461079e-02
1.398518458273519463e-02
1.394594179760439909e-02
1.390891030145699481e-02
1.386207205502149042e-02
1.380874966502091544e-02
1.377478624551175916e-02
1.365870088440409441e-02
1.363772650821684987e-02
1.360969601264513072e-02
1.353230164995267854e-02
1.343808402939279147e-02
1.328338239313251075e-02
1.313167519636375923e-02
1.307782332307547146e-02
1.302162846826969075e-02
1.293939155391962692e-02
1.290067669259859634e-02
1.282902934660250585e-02
1.272350683076479104e-02
1.265682754724008381e-02
1.237947047353968495e-02
1.236115763958865743e-02
1.235186534420758611e-02
1.231285679105312454e-02
1.229749436184023569e-02
1.225555826892960228e-02
1.213834479263539018e-02
1.199303931893739780e-02
1.194900110250946001e-02
1.181543659946202030e-02
1.176007037566128427e-02
1.169632768622524098e-02
1.162346244932798561e-02
1.160641572564976957e-02
1.151422889142111536e-02
1.141064999537996262e-02
1.137036466534561106e-02
1.130390499987892622e-02
1.123052062499522996e-02
1.120714138053187717e-02
1.116405025799713062e-02
1.107207460176808447e-02
1.100668537410656907e-02
1.093970337620727047e-02
1.087602259609352952e-02
1.084252214118833907e-02
1.083236235615245117e-02
1.078394264108704752e-02
1.075303487007055886e-02
1.073622197640509632e-02
1.064085395525093437e-02
1.057985278394289567e-02
1.053807611775058918e-02
1.049006128846061842e-02
1.042105226252951038e-02
1.035889093235939536e-02
1.029240316132272633e-02
1.019707285929349026e-02
1.012430725254860955e-02
1.008418790023918842e-02
1.004872423355906118e-02
9.994597310172397345e-03
9.980208549225946801e-03
9.825437724522854271e-03
9.774401714959994256e-03
9.708099911232906387e-03
9.681720964597240187e-03
9.629693448126346728e-03
9.575256498119775334e-03
9.548548295951765283e-03
9.473801207744308311e-03
9.402575486542441574e-03
9.351386496506089441e-03
9.294486691352271679e-03
9.292091338257058367e-03
9.193210507934234874e-03
9.087507031398212032e-03
9.053441529901501764e-03
9.002570579010027094e-03
8.960998109418199728e-03
8.926472341200357430e-03
8.842530867536370354e-03
8.820289312234079124e-03
8.769458459119638949e-03
8.730715601191546202e-03
8.678710833512792711e-03
8.655315297972161065e-03
8.526775504895264812e-03
8.501636029386420296e-03
8.469693450754994454e-03
8.455313820708276404e-03
8.397364060570334382e-03
8.352322812742262945e-03
8.332654073557795374e-03
8.298571140268067373e-03
8.253255645970474300e-03
8.208780241765708738e-03
8.193547505068976902e-03
8.136480818008277188e-03
8.048635452691566688e-03
8.019588795517618163e-03
7.996632466638207287e-03
7.928288660078788852e-03
7.856533430809961235e-03
7.820241306636147374e-03
7.755351972024733011e-03
7.739192816040504040e-03
7.731755145829820319e-03
7.674112716959315995e-03
7.660095163562996926e-03
7.625689664572804505e-03
7.547714335922716365e-03
7.486952258118992169e-03
7.435895299370139447e-03
7.426735823334799057e-03
7.343374775507099245e-03
7.314686639580657464e-03
7.281255893970286185e-03
7.229592748834456212e-03
7.197667233000052019e-03
7.171575588073650885e-03
7.129172472681763115e-03
7.083664141746682900e-03
7.078979836999091564e-03
7.006171322234619470e-03
6.908535389080940579e-03
6.838074942360668207e-03
6.811453302315493251e-03
6.774545232837146137e-03
6.763807966606344597e-03
6.745893584288821521e-03
6.710514963034879161e-03
6.689322737249728430e-03
6.655231778758038258e-03
6.641431451891172642e-03
6.575465899776973371e-03
6.559966350682171210e-03
6.530437332770459673e-03
6.506323236886947178e-03
6.487200541362554002e-03
6.444835883611291227e-03
6.397655736662698212e-03
6.379628450079881385e-03
6.359744381624772222e-03
6.298949159972053700e-03
6.293220423962634508e-03
6.256274927539338775e-03
6.237576196880146619e-03
6.196402801847795787e-03
6.145940988366569054e-03
6.098008845234621257e-03
6.085477236348007732e-03
6.064962770701880918e-03
6.009901348478678858e-03
5.991753260151445361e-03
5.949667965814228569e-03
5.935923372599283959e-03
5.911134083700845913e-03
5.873308410376800077e-03
5.834534144037258410e-03
5.785347381342806870e-03
5.736595122981847511e-03
5.727468429804659193e-03
5.693934765318512878e-03
5.686258936718694389e-03
5.660618968214720277e-03
5.631930455299181439e-03
5.599474431098765310e-03
5.548254830134237252e-03
5.517826221610525050e-03
5.451177195399807204e-03
5.441026872189366585e-03
5.411103753130539276e-03
5.333403466162060791e-03
5.301125229750010964e-03
5.251542749359915802e-03
5.235218804132738511e-03
5.227378060283525106e-03
5.200636989828260823e-03
5.173439314970859453e-03
5.156266776241661721e-03
5.092353236676149149e-03
5.073525654177281526e-03
5.040471787024610774e-03
5.021630928435453535e-03
5.012791421413345140e-03
4.994282876915175085e-03
4.985191626733666628e-03
4.959390517274343303e-03
4.929360879191829400e-03
4.891348772761292679e-03
4.886410540673030538e-03
4.876409111215604386e-03
4.864840826666649680e-03
4.784888838388275632e-03
4.755605608966188662e-03
4.741692997082891554e-03
4.715833874731891091e-03
4.696428993525539504e-03
4.649474052067107364e-03
4.639457903683143550e-03
4.626254945843791960e-03
4.604770399314228602e-03
4.556789234893568463e-03
4.549239530920091805e-03
4.519843731797108972e-03
4.513968214821632852e-03
4.496557500669361856e-03
4.466222966475172189e-03
4.433888805539146216e-03
4.412090677208879708e-03
4.390674997863723734e-03
4.379587508445844345e-03
4.360784613496456255e-03
4.333627449618206000e-03
4.299254741615564715e-03
4.282882167135269175e-03
4.270217604685348431e-03
4.245477792723891843e-03
4.226427347445794840e-03
4.193087226665351275e-03
4.174959595664998017e-03
4.143301435680199658e-03
4.138158565935956372e-03
4.105996282159200296e-03
4.089022057497466306e-03
4.037575738964077274e-03
4.018201778260071730e-03
4.004352672115692180e-03
3.989756303085120921e-03
3.962896883093457341e-03
3.916718537196490005e-03
3.886887571761701680e-03
3.850865267450340711e-03
3.818900108775053273e-03
3.799209711727612616e-03
3.796587943077257051e-03
3.784890887400132499e-03
3.773840431428193178e-03
3.760504153943369787e-03
3.741429524269342891e-03
3.707010359372494603e-03
3.683537440625701039e-03
3.671039536277766191e-03
3.638731461351616282e-03
3.618101751862659674e-03
3.606725472631041804e-03
3.592450227490731618e-03
3.575542820763842004e-03
3.560195058414391753e-03
3.551486460791229358e-03
3.538442186156196944e-03
3.504420139310364304e-03
3.476528957216971916e-03
3.455630473786632656e-03
3.443796328220422899e-03
3.420327732349440122e-03
3.404594080977421319e-03
3.380924535637900349e-03
3.360473887510337463e-03
3.344340776335208692e-03
3.315730675935444575e-03
3.300757506916357064e-03
3.289124127072880471e-03
3.275962601597611889e-03
3.272316447928709255e-03
3.249995736199694837e-03
3.228542420793829946e-03
3.224153846922519530e-03
3.206198057529501509e-03
3.198746588408767164e-03
3.172981830487851297e-03
3.161071140060894846e-03
3.142885620181099827e-03
3.122870576261085537e-03
3.111134115650604753e-03
3.081163186856803946e-03
3.077803072167167690e-03
3.067252321415962768e-03
3.049492938181012046e-03
3.037327764904355389e-03
3.018720779622106800e-03
3.007319964691313428e-03
2.990948314372754175e-03
2.956309123969113467e-03
2.936145153749733245e-03
2.910078417412539399e-03
2.887825391845404328e-03
2.869250556498793934e-03
2.856458366064967488e-03
2.847182572534988788e-03
2.821218458532315319e-03
2.814403351197451372e-03
2.805711692113331719e-03
2.761067961988654396e-03
2.742637136517438005e-03
2.726711621721505160e-03
2.700197684889052690e-03
2.695186979406382407e-03
2.674102156506580515e-03
2.666581140195143154e-03
2.655934928792939680e-03
2.638805412357299058e-03
2.610944466100136377e-03
2.604956669155629630e-03
2.574526642987392221e-03
2.570543559958311710e-03
2.550776506791804527e-03
2.538182573812559906e-03
2.531129183958137369e-03
2.526209197744815928e-03
2.508568475465687304e-03
2.480356496608718958e-03
2.467502922701113321e-03
2.465578505587570461e-03
2.458882154210471991e-03
2.447687697060648392e-03
2.426814425452931794e-03
2.394939840581209681e-03
2.385290342451611319e-03
2.354242739171559778e-03
2.343323862244545749e-03
2.312859963899520106e-03
2.307202060552235486e-03
2.292729782088831925e-03
2.283462392995275637e-03
2.253682311031655634e-03
2.242220979549524457e-03
2.239640800567781545e-03
2.233616789683977397e-03
2.216921671779443874e-03
2.205085010479145187e-03
2.187254362162577292e-03
2.171108196934160104e-03
2.159489873221387239e-03
2.149508179142291340e-03
2.137389603052982940e-03
2.120168551629465596e-03
2.101490388606822197e-03
2.086931697388867777e-03
2.084514940854063914e-03
2.066652401074445342e-03
2.053401632218407238e-03
2.047727864430877193e-03
2.034943487684230234e-03
2.031057246273576793e-03
2.021371274819975909e-03
2.010124736431536698e-03
1.969254331007416065e-03
1.957087572253842986e-03
1.947412634995244248e-03
1.932462526630035395e-03
1.908764332493690860e-03
1.896794881581899102e-03
1.892575842009824351e-03
1.870545490130853588e-03
1.859570633822752806e-03
1.858730334800242929e-03
1.842004900414705420e-03
1.830971188674424856e-03
1.802866828530891872e-03
1.783371360470343420e-03
1.778443762436520597e-03
1.759733136243463213e-03
1.753554363885581223e-03
1.739294043572932541e-03
1.723807945553389219e-03
1.708755087358741721e-03
1.687360728169684434e-03
1.682371692346849553e-03
1.676360818636219580e-03
1.651283560977320286e-03
1.621275688520706091e-03
1.616743681465778251e-03
1.610887153019590137e-03
1.595754201818227287e-03
1.590141490630116823e-03
1.560150585164070793e-03
1.551554474871683119e-03
1.531677499990749492e-03
1.528488801903028944e-03
1.513953753491906412e-03
1.500621746201839845e-03
1.478336402458261395e-03
1.472298569343561368e-03
1.455896699511083098e-03
1.450324246883190338e-03
1.441879772730186339e-03
1.432179158542505300e-03
1.409723962950988141e-03
1.398490862833646825e-03
1.385151076173632336e-03
1.363806630297239057e-03
1.345379134117057366e-03
1.337769021008917633e-03
1.330093462359342293e-03
1.318800878053241407e-03
1.303356760924038495e-03
1.301215263390641426e-03
1.290831236106245328e-03
1.278314352894831859e-03
1.277086004401422345e-03
1.260320761853893226e-03
1.236263966428625093e-03
1.226635644303243362e-03
1.224388709158490260e-03
1.218254276441543696e-03
1.198988323184892700e-03
1.192496337535579485e-03
1.190376452852941929e-03
1.153027054625589904e-03
1.142888231970807904e-03
1.115716404270300933e-03
1.104551932929272520e-03
1.099497807630843774e-03
1.094311688148752112e-03
1.075600611199816359e-03
1.070582101643663365e-03
1.059206317209319178e-03
1.042309558357490612e-03
1.040502101283958007e-03
1.017567635839513240e-03
9.966986887910353476e-04
9.798606070769363963e-04
9.536965274954666569e-04
9.448369607284210847e-04
9.192606890116672511e-04
8.916459923723210829e-04
8.856758612497966790e-04
8.704121196663405172e-04
8.399556013309791283e-04
8.218848234962736069e-04
8.160663609614656356e-04
7.911080116977131128e-04
7.835136730855813076e-04
7.493196191277795614e-04
6.811948571247379222e-04
6.145053841356112314e-04
5.758719070193355502e-04
5.555418881027314373e-04
5.481490536262040086e-04
4.565222836756481343e-04
4.547060554421021149e-04
4.343546825347408252e-04
4.264976831245095618e-04
4.070566481969844098e-04
4.055699499597673085e-04
4.045268225108085360e-04
3.730553091825117447e-04
3.586394309340177515e-04
3.558486843814602204e-04
3.269862885812151068e-04
3.152259697902460244e-04
2.851694706504661302e-04
2.704162606237888746e-04
2.488826571425201617e-04
2.469818799906597809e-04
2.318915512820932372e-04
2.232222280549823405e-04
2.002658627011976778e-04
1.987431527990465049e-04
1.889335836599730968e-04
1.755833791482606010e-04
1.582817918679268326e-04
1.538027516118283065e-04
1.472000350976116118e-04
1.465152079953607376e-04
1.360102990017932891e-04
1.219124810579631389e-04
1.148302496489969063e-04
1.059061391539782560e-04
9.181567103843925283e-05
8.570769886839467151e-05
8.292884230461343030e-05
7.891769622574513674e-05
7.541592698270485227e-05
7.395422364979938111e-05
6.919515616851579958e-05
6.677517887423979842e-05
6.130239388136581361e-05
5.318820873756349536e-05
4.421731532655660742e-05
2.050156675119545595e-05
1.265487086513707136e-05
6.748235525537372996e-06
2.022909389119268811e-06
1.816307025098235387e-16
3.822008748838642793e-18
