5.028249059159319856e-01
4.486727164020267167e-01
3.689545874394322134e-01
2.530157235312049946e-01
2.008869969501360653e-01
1.871148944448093876e-01
1.659842378827733889e-01
1.555813696726607853e-01
1.506283994468747001e-01
1.314377240978854833e-01
1.211755040779325387e-01
1.177256887900492988e-01
1.077987755147816057e-01
1.074152829747328924e-01
1.002924539860690356e-01
9.774367727464283728e-02
9.250813618726164145e-02
8.798700688307620199e-02
8.632654420721663779e-02
8.373941498217254975e-02
8.253937510821267309e-02
7.657767860356458345e-02
7.545471220998119233e-02
7.300897857061504348e-02
7.228401553327933049e-02
7.104707969760565289e-02
7.040426206335841097e-02
6.741624550462571586e-02
6.649921527749662331e-02
6.284009822234894183e-02
6.206190160316415322e-02
6.109760006843938107e-02
6.068471228808043627e-02
5.939938832823724035e-02
5.831620950177485163e-02
5.731966138202956168e-02
5.400452452294857153e-02
5.318217852332860623e-02
5.238755616186217823e-02
5.169583378466819507e-02
5.150893468839639472e-02
5.095402416337816570e-02
5.080350840338771629e-02
5.034608264776842951e-02
4.863333750733897509e-02
4.800714496832014788e-02
4.618223603845285352e-02
4.560579763503556927e-02
4.513422951200118244e-02
4.483844898188154432e-02
4.445126221201710359e-02
4.405431997026369728e-02
4.341298824011913249e-02
4.312555547514926313e-02
4.264753586530149049e-02
4.179543668274991741e-02
3.989534757231762846e-02
3.948269977094067545e-02
3.933483599764069777e-02
3.862848003780629258e-02
3.851816123425540889e-02
3.840041857149327498e-02
3.818541867464101541e-02
3.778868743163844857e-02
3.771799227211247718e-02
3.706787128355163580e-02
3.666699914120018222e-02
3.561687124208166161e-02
3.536987878579365280e-02
3.501053301937068207e-02
3.462977304002637369e-02
3.396275906467172839e-02
3.386146481917577666e-02
3.344943206573903344e-02
3.335274786089775095e-02
3.293283890518052676e-02
3.278371542059892174e-02
3.255086437240260755e-02
3.225015218437968234e-02
3.135424019143797508e-02
3.094907321555653498e-02
3.079585551726369760e-02
3.024243920537499422e-02
2.994650871913407189e-02
2.976743046180152508e-02
2.966273210683206818e-02
2.941202732147648463e-02
2.936764304710571399e-02
2.898128471591629104e-02
2.895974177716128042e-02
2.861753241299093073e-02
2.836830770317254335e-02
2.808485644011202154e-02
2.786734716587273286e-02
2.749944125297188596e-02
2.731772767973511193e-02
2.705260278695490253e-02
2.689224705151702435e-02
2.659284103529864843e-02
2.644999502778988196e-02
2.603247412831674948e-02
2.590482880166116927e-02
2.582793041916262369e-02
2.577407153070445864e-02
2.552544061608475953e-02
2.519887558497758279e-02
2.477980524988533662e-02
2.451911509872136546e-02
2.431563630576296514e-02
2.412945001824896504e-02
2.405560992048018723e-02
2.354659054615544297e-02
2.334410246605821138e-02
2.331196060830761571e-02
2.307424003453980091e-02
2.295863338495723188e-02
2.287084126519878594e-02
2.277513517791570144e-02
2.265237052670917434e-02
2.260044170548003092e-02
2.252162110879582860e-02
2.235830329048164519e-02
2.216988872425114040e-02
2.183613136237270991e-02
2.168530418120338116e-02
2.153911071809178415e-02
2.129636630278425660e-02
2.125991113633687868e-02
2.111856045606900698e-02
2.098140557295677042e-02
2.079715014416315400e-02
2.059486269321842908e-02
2.033566801407885385e-02
2.024891137406456543e-02
2.022514514876952441e-02
2.014199542222958397e-02
2.002967385038186693e-02
1.971145269647384471e-02
1.959816428156038390e-02
1.952799778182109577e-02
1.932097310545024052e-02
1.924812311275612628e-02
1.895265502122035761e-02
1.883065037489583746e-02
1.861732684648300870e-02
1.839478642537786465e-02
1.832028404400693963e-02
1.823075581703959697e-02
1.814928655490051154e-02
1.811673919318845458e-02
1.797320522228477296e-02
1.793985477067188208e-02
1.781350102934305124e-02
1.777671303521845964e-02
1.773309394218982454e-02
1.767122729871100500e-02
1.753537246841523067e-02
1.750856769298539048e-02
1.740251058855648084e-02
1.710569793541576525e-02
1.706799123273497476e-02
1.695079175101397648e-02
1.687883804275468885e-02
1.665268682007545534e-02
1.656376573945024175e-02
1.642780932693542820e-02
1.637467599771944698e-02
1.626408733652255634e-02
1.604886285037240151e-02
1.593355056488792582e-02
1.590138512331348494e-02
1.583163078546197602e-02
1.577535915414731219e-02
1.569042645649327758e-02
1.558490165036394148e-02
1.544408297300204139e-02
1.540872442110013951e-02
1.517809540996891207e-02
1.509810426284434286e-02
1.493569473489348050e-02
1.482635593739580621e-02
1.480900923298062062e-02
1.470234144243871485e-02
1.457683511926103487e-02
1.452379700479982001e-02
1.447443793488839732e-02
1.435550134070205305e-02
1.431806917146676364e-02
1.417194186567375877e-02
1.412434505974040355e-02
1.406361388934828163e-02
1.403720797000052901e-02
1.401295362047618766e-02
1.394305394629878105e-02
1.387692232495752777e-02
1.381809514476918868e-02
1.378387776753474230e-02
1.371080396721471688e-02
1.360042439483389286e-02
1.346353968478320937e-02
1.329369590233220842e-02
1.326228888702057039e-02
1.319656403216758200e-02
1.311432764584330099e-02
1.307048834579136246e-02
1.301956791541161902e-02
1.288430126561511402e-02
1.282356880129583744e-02
1.253899446979258453e-02
1.252880725921691300e-02
1.250131614478759007e-02
1.247792510102318023e-02
1.245083620464016057e-02
1.239827097149292720e-02
1.230627458830211261e-02
1.213945909832937417e-02
1.208053359097803134e-02
1.200134860295685654e-02
1.190757889004284177e-02
1.184290735046481663e-02
1.177516310473897265e-02
1.176014899702084067e-02
1.169304581755586415e-02
1.155043983141997022e-02
1.151877754530235623e-02
1.142534740426537701e-02
1.136437474046217075e-02
1.132529652014919661e-02
1.129810568697883939e-02
1.123641626334092453e-02
1.116598975271562537e-02
1.109403785488070199e-02
1.100831506690687356e-02
1.098545423293827150e-02
1.096826878812600693e-02
1.091918097585366232e-02
1.088778885774909985e-02
1.086289086090340070e-02
1.076992943158065937e-02
1.071956043730600341e-02
1.068541123515379457e-02
1.063085849391127991e-02
1.057401337844566906e-02
1.049662841113494297e-02
1.042030703305215668e-02
1.035614081278017976e-02
1.024916504007406491e-02
1.020457153654047433e-02
1.017468911494336624e-02
1.012508126125480183e-02
1.010111031398629351e-02
9.931760085749686412e-03
9.887400712840176825e-03
9.825301634991311095e-03
9.811108208385068558e-03
9.741901818248844408e-03
9.693664184501146405e-03
9.661194860759309000e-03
9.591470904670862038e-03
9.538993958947885460e-03
9.493724616457387133e-03
9.427493478406538674e-03
9.409151449273324419e-03
9.309449693415719831e-03
9.172932006927743062e-03
9.160969736937250515e-03
9.121886717359518199e-03
9.068779444922486777e-03
9.040286014083525820e-03
8.972489862743980582e-03
8.942525120420891788e-03
8.893098893961923906e-03
8.839321714546977821e-03
8.794002321812122505e-03
8.782068761444423652e-03
8.643235139899221528e-03
8.621597362303150963e-03
8.592163684993598186e-03
8.565107369259921874e-03
8.510465913457729639e-03
8.491526729393798073e-03
8.452142098131273235e-03
8.407783057664736104e-03
8.364978155046888866e-03
8.339617133522032530e-03
8.304193558045654469e-03
8.253458407942226849e-03
8.165638632748273285e-03
8.138080704272200247e-03
8.095632680222451458e-03
8.005797922192879612e-03
7.964702185869818388e-03
7.917358481361588818e-03
7.854803526581200998e-03
7.831618040123189753e-03
7.819941845717612652e-03
7.774103770575725714e-03
7.749758188700280048e-03
7.714420251426537187e-03
7.660054191985127790e-03
7.560169786816468146e-03
7.551986420428160283e-03
7.535255864242044500e-03
7.442416690333960444e-03
7.402355158285455275e-03
7.383657804867753242e-03
7.313279911923633615e-03
7.287373285424285536e-03
7.274854728273771887e-03
7.218076979820138572e-03
7.186038209623765022e-03
7.152124856669062232e-03
7.109655820016422267e-03
7.005850520809359279e-03
6.931816168040865443e-03
6.899614426140203947e-03
6.867032550353512239e-03
6.845220538750606577e-03
6.841159334255856803e-03
6.802529444178900993e-03
6.765558635445980198e-03
6.740463626999037249e-03
6.727950516073383583e-03
6.667638113235587610e-03
6.638081618691576806e-03
6.614250995155445366e-03
6.586239127933267955e-03
6.572934447626845207e-03
6.531095981480085355e-03
6.489883670647541951e-03
6.459249524153064942e-03
6.443318729206066152e-03
6.401590760359581259e-03
6.378402369424464140e-03
6.335477130132086479e-03
6.326698294472066046e-03
6.280700842162433711e-03
6.209429086663538142e-03
6.195483697033121219e-03
6.169239461239741686e-03
6.148329483568313984e-03
6.091733371624817941e-03
6.064111176340763673e-03
6.045586976103469248e-03
6.012391445248495801e-03
5.992139355550967633e-03
5.942438053087062931e-03
5.912033824716877821e-03
5.854913156492386542e-03
5.813805224145604002e-03
5.792349481704424201e-03
5.768215703566574072e-03
5.759613533542989536e-03
5.742791649061204651e-03
5.714724949924374423e-03
5.648212716470688878e-03
5.621523961330297282e-03
5.593492315119183607e-03
5.538057987046270982e-03
5.518105617647284591e-03
5.478796118060740190e-03
5.404886778090806435e-03
5.371743875308510573e-03
5.320648136953980145e-03
5.306936004247703696e-03
5.292694256525674532e-03
5.266378942902005984e-03
5.240498425079531154e-03
5.226377574956600491e-03
5.167408810002103656e-03
5.153222140755830440e-03
5.107075297838349452e-03
5.102321819959882918e-03
5.081218849947553504e-03
5.067155269608593533e-03
5.055042469377788415e-03
5.017822870222128639e-03
4.994787240258299899e-03
4.962970444263916162e-03
4.959857867624131202e-03
4.936673712245836024e-03
4.912422098116029680e-03
4.861951258101005618e-03
4.827599163326820944e-03
4.810160764498944141e-03
4.779914018768031091e-03
4.764540920509008695e-03
4.707551775370711136e-03
4.698218154958614182e-03
4.680660330388819283e-03
4.671641875656266929e-03
4.620810444030752639e-03
4.606307046384267544e-03
4.585316807635204245e-03
4.580565338933045676e-03
4.561607965975312401e-03
4.540936859961066524e-03
4.503933051355802318e-03
4.469931889065435759e-03
4.458052155730187101e-03
4.432362210221596661e-03
4.421610877513808442e-03
4.386480373134898740e-03
4.362115802460352250e-03
4.346620406524219493e-03
4.321692897496620667e-03
4.285648838788606689e-03
4.270923623409036453e-03
4.252807896100712672e-03
4.231700683142728715e-03
4.200985284430748014e-03
4.190785136755923249e-03
4.152786739510304879e-03
4.137656574941720941e-03
4.099262649018164083e-03
4.075667816577414893e-03
4.064294099315362771e-03
4.040905917972490574e-03
4.018349625169619251e-03
3.971305463744473005e-03
3.940836430270672035e-03
3.900952205505495932e-03
3.882311393798331886e-03
3.850096720974146604e-03
3.838589290347283432e-03
3.832744503071979815e-03
3.827377466088300196e-03
3.806767132761822332e-03
3.787191530626501153e-03
3.765686963746611021e-03
3.730482811983098189e-03
3.712057080227273119e-03
3.685339108854155006e-03
3.660253950790495845e-03
3.656614914249435577e-03
3.643271942574504568e-03
3.618380012935965267e-03
3.610035645360568091e-03
3.595400788434364569e-03
3.573427420072122166e-03
3.555693385317923363e-03
3.514045892629468534e-03
3.506055708213916006e-03
3.494163414455386460e-03
3.469224184722695392e-03
3.454588142735269974e-03
3.424745021102469037e-03
3.403839451637713422e-03
3.386210388477515088e-03
3.372416475820485485e-03
3.341624206544286518e-03
3.337740270687778680e-03
3.324596335721856540e-03
3.314763979131840361e-03
3.301419178201451740e-03
3.277638145079302991e-03
3.271047846371776500e-03
3.246708673830055181e-03
3.242819056228977721e-03
3.212801263155503836e-03
3.200565994382293354e-03
3.182614008179410984e-03
3.165754509929718033e-03
3.151763358496146965e-03
3.125787782221587513e-03
3.119278203850713721e-03
3.108008704015859710e-03
3.084036134242002566e-03
3.071004699533909539e-03
3.067003673294840457e-03
3.047637669372416178e-03
3.020022930681259300e-03
2.992943264024778248e-03
2.971111452269168101e-03
2.946996591355105412e-03
2.933596342170584521e-03
2.904792027956697512e-03
2.889654870099366002e-03
2.884347975447834264e-03
2.854416200758159040e-03
2.848837232625888501e-03
2.835615435015929192e-03
2.794651610978209858e-03
2.774475703692561891e-03
2.760309235414024065e-03
2.737867728637312110e-03
2.721232972802571648e-03
2.713000721881099735e-03
2.699139226901760107e-03
2.689547203458255483e-03
2.666442890028881962e-03
2.641083501309589993e-03
2.633683763695073704e-03
2.610290286703971681e-03
2.602734037941505183e-03
2.582271440769721635e-03
2.577376050587832246e-03
2.560604322039600460e-03
2.555626928999632074e-03
2.534931576251957860e-03
2.512613589659578456e-03
2.504588876626912854e-03
2.495208598149906403e-03
2.490512328312983852e-03
2.479298878370816625e-03
2.460971855468372955e-03
2.426156765459909926e-03
2.418232910808960131e-03
2.382383915310115532e-03
2.374330967175387538e-03
2.342248615279411954e-03
2.336075115797762395e-03
2.323087908661926240e-03
2.312334251334808959e-03
2.285192388405098574e-03
2.282469613976175968e-03
2.276399791084960690e-03
2.264495020933119870e-03
2.248539389353985604e-03
2.238937349793297931e-03
2.211872670408981511e-03
2.199360791585721047e-03
2.189998291676914250e-03
2.176874469665563902e-03
2.161662716068944116e-03
2.150445640338911630e-03
2.125001673391829771e-03
2.114946835731252792e-03
2.108568280375129698e-03
2.097680348911322781e-03
2.080308844855827555e-03
2.074363990733170057e-03
2.072079544227938431e-03
2.063335794620401939e-03
2.049854589457624030e-03
2.037408380917296070e-03
1.997932334784648361e-03
1.985866028735564903e-03
1.976900072624052356e-03
1.959372367425714009e-03
1.938467739544978566e-03
1.926189855848561318e-03
1.917036526065176013e-03
1.897424820503589970e-03
1.886052979904947373e-03
1.884457057641485090e-03
1.874222820508376344e-03
1.855289336517336116e-03
1.827857957319126972e-03
1.815558787585807221e-03
1.800532894598691220e-03
1.790138175456430563e-03
1.785631551691202685e-03
1.762742794627867714e-03
1.747178710186697917e-03
1.734767832805630353e-03
1.713509514823075659e-03
1.710085056930316658e-03
1.697594105715787439e-03
1.683171138247840926e-03
1.644952787984195345e-03
1.642909520647486835e-03
1.635328905296269284e-03
1.621740700808951005e-03
1.616119799501337159e-03
1.579312784196661200e-03
1.574989613136185216e-03
1.553921083650094438e-03
1.545285232294276671e-03
1.536602080820030983e-03
1.520276910307193866e-03
1.500488332606928887e-03
1.496357134506744744e-03
1.479798661796905522e-03
1.476743003361364551e-03
1.461156899016360184e-03
1.457477527424045401e-03
1.431259586797878781e-03
1.417561607252187028e-03
1.401975932493569089e-03
1.385811647832247296e-03
1.363942544726040682e-03
1.358256062210263376e-03
1.351099964036274774e-03
1.337513876199198292e-03
1.322716627260534135e-03
1.311925553583604114e-03
1.308623393769309771e-03
1.294891353184292630e-03
1.292656014554969309e-03
1.281830168597555700e-03
1.254888081844861844e-03
1.249859575979692626e-03
1.242140189258242626e-03
1.238798091069593212e-03
1.221540724227834296e-03
1.208910885756989779e-03
1.207432211227217828e-03
1.167390092535651588e-03
1.154032781098655088e-03
1.129542453454771434e-03
1.115383488703874416e-03
1.110852547499643775e-03
1.106043682027487568e-03
1.089073159038453061e-03
1.080236809428008820e-03
1.068277258016583431e-03
1.053063248374005089e-03
1.051278394058622863e-03
1.027090907835313035e-03
1.008078328962048716e-03
9.897263590377433466e-04
9.715145072629443592e-04
9.537208936337601131e-04
9.356805927075437842e-04
9.123318683042135275e-04
8.933742084481154869e-04
8.855998278254964551e-04
8.513190439563184152e-04
8.322218243024195753e-04
8.253757972686607495e-04
7.989003291816077108e-04
7.915365923328746087e-04
7.550427846308753943e-04
6.886279673657938385e-04
6.198073478948041073e-04
5.826683417131741944e-04
5.641758977408591752e-04
5.542911137356734902e-04
4.634839421395294174e-04
4.621223083967585204e-04
4.424515282023758905e-04
4.340890152046182420e-04
4.142464874256624992e-04
4.124895597454446977e-04
4.109243869319693324e-04
3.783618322041757071e-04
3.638520150735367236e-04
3.613585711004093054e-04
3.313189321230039877e-04
3.211589910896481661e-04
2.883638021585071837e-04
2.737160861913391879e-04
2.525760725323251054e-04
2.499818728663867314e-04
2.350526027110471121e-04
2.260696662884247900e-04
2.028375383443827809e-04
2.015248595689567200e-04
1.921096868508778634e-04
1.778224619510956547e-04
1.600470686090273891e-04
1.553971575238279014e-04
1.488593635287851103e-04
1.482998081962619600e-04
1.369708775261776568e-04
1.232272028224106180e-04
1.164700128454212069e-04
1.068251106467568067e-04
9.260841261082104411e-05
8.655366914340028553e-05
8.350478816491185418e-05
7.909617018441399529e-05
7.549433670840740467e-05
7.433679041495958636e-05
6.948475082781248129e-05
6.691429021673541257e-05
6.183159665426037977e-05
5.364239618846656783e-05
4.438129389599116255e-05
2.061122195480121093e-05
1.289694651350819582e-05
6.727890607749131939e-06
2.074492921096265980e-06
9.023859207349653193e-18
2.123760632761730307e-18
