1.133361614422963154e-01
9.592449536735803139e-02
7.031784648592671882e-02
5.428825712091164823e-02
4.249568855695125963e-02
3.870625177638169906e-02
3.456490982762133041e-02
3.091708577914628608e-02
2.945902099451133682e-02
2.769067121937735312e-02
2.394888295677819606e-02
2.370910670213210308e-02
2.266854479079280504e-02
2.210409998121513897e-02
2.144075628324009636e-02
2.052980237566309069e-02
1.894039919572279573e-02
1.821091966039995597e-02
1.725071264709514621e-02
1.705816772552321697e-02
1.674437768202661700e-02
1.574710803512662308e-02
1.532672821928151609e-02
1.475917320478095131e-02
1.467503172910131215e-02
1.451217685464047287e-02
1.443943347139568442e-02
1.383124428259351231e-02
1.354106848131700347e-02
1.281970072459077264e-02
1.267793251079854348e-02
1.236433265265376828e-02
1.233145964187000454e-02
1.179450840892612776e-02
1.170783278541885283e-02
1.145688501609401153e-02
1.104246699679442729e-02
1.082018771174325655e-02
1.075994246563312211e-02
1.065533615748938574e-02
1.044422603635538661e-02
1.042420157363172645e-02
1.016199837616973620e-02
1.013500111285933411e-02
9.811301627855054108e-03
9.740504256076686421e-03
9.643112786153330493e-03
9.349459649149868476e-03
9.117569508577373638e-03
9.037804177377446041e-03
8.896006473128168293e-03
8.799859356148846679e-03
8.772739854531379569e-03
8.704397578793732562e-03
8.640953685086964417e-03
8.413990124555844469e-03
8.214024475958555879e-03
8.143878269162338479e-03
8.088941670316807803e-03
7.817713451972060912e-03
7.773480226546727705e-03
7.746244748198433117e-03
7.639580013781915695e-03
7.607258354682680350e-03
7.503678548367519532e-03
7.472103102058896829e-03
7.410291176445661307e-03
7.288651058433934064e-03
7.121048131915178048e-03
7.028531901325049507e-03
6.927093169079364711e-03
6.845647980894721193e-03
6.779703850679353119e-03
6.708642290589965189e-03
6.647762445991418044e-03
6.623625056212096782e-03
6.595304570908420982e-03
6.527168667838974953e-03
6.442469437541639352e-03
6.406039907864161977e-03
6.355901026321020622e-03
6.208634619650268797e-03
6.201062324117739832e-03
6.055709467458034352e-03
6.040003197992825645e-03
5.973645291258690426e-03
5.914818626845153547e-03
5.857721834018059237e-03
5.850852343723120415e-03
5.805786503130541849e-03
5.734982454085277639e-03
5.722811324857851947e-03
5.670143389092777847e-03
5.623880167348866907e-03
5.516271502022530859e-03
5.420679429128690344e-03
5.415093809484772779e-03
5.377758652104089321e-03
5.295134245422395032e-03
5.277442235499927962e-03
5.226165822311743502e-03
5.208826850861815634e-03
5.120556267487906890e-03
5.115252373001018781e-03
5.095223441797578842e-03
5.075340382881997174e-03
5.059462050641765768e-03
5.042066290170772389e-03
4.893872746624043472e-03
4.845537797294122671e-03
4.805972809589628345e-03
4.793621211139534322e-03
4.705703233418507062e-03
4.697177709615170740e-03
4.678003709187945371e-03
4.657669045143945571e-03
4.583090113057375695e-03
4.570603221347254233e-03
4.518932492929002114e-03
4.511710916409769623e-03
4.454074516984983176e-03
4.426282304814383069e-03
4.411230440922689344e-03
4.379249463922000631e-03
4.369683240500816385e-03
4.298443736075667314e-03
4.287468895985766491e-03
4.194984628966863527e-03
4.180662106654987713e-03
4.160341528605259083e-03
4.125989900992750072e-03
4.095757383564439975e-03
4.088227423765761898e-03
4.064649465131695352e-03
4.043082229144397827e-03
4.000934889686948506e-03
3.977304350694263642e-03
3.964037898168426902e-03
3.949551360688439983e-03
3.927229440395737202e-03
3.895293225957070088e-03
3.866958862571240763e-03
3.796543685823185882e-03
3.773709612224582753e-03
3.757091752208172649e-03
3.736571565722759166e-03
3.716886260956972152e-03
3.674548950598236115e-03
3.669066726041822057e-03
3.617960862783270101e-03
3.600698251733093838e-03
3.587377710964869976e-03
3.541675799714305833e-03
3.533617450607464284e-03
3.503293696154013113e-03
3.499379716426752503e-03
3.486962267522202875e-03
3.471342300015393262e-03
3.431710826205869053e-03
3.424065009252898369e-03
3.365618041863636598e-03
3.347609604890593431e-03
3.336405655757559117e-03
3.329839534550014732e-03
3.302952850215940678e-03
3.299041246600582355e-03
3.247757449064656975e-03
3.239764296037915114e-03
3.208851029269270579e-03
3.176895779206236319e-03
3.171814508105971590e-03
3.166698429306037243e-03
3.124545086528190269e-03
3.103266659331657337e-03
3.097126289876773152e-03
3.083828511311797419e-03
3.074994911282173150e-03
3.054727098329072452e-03
3.033373387156787331e-03
3.005325659267503533e-03
2.985801593492774190e-03
2.960968775511152711e-03
2.954560075529604011e-03
2.918164614121911745e-03
2.910611852365974691e-03
2.907481748482279148e-03
2.877890862354277098e-03
2.840842827087164488e-03
2.835433610662883158e-03
2.798288806952765797e-03
2.794147858636973018e-03
2.783048696974193409e-03
2.767962617640569879e-03
2.763885037231558761e-03
2.760166587937207695e-03
2.709261002675424253e-03
2.704679575536278555e-03
2.682004011967743622e-03
2.674981139250903230e-03
2.668766253748341716e-03
2.653006150590040291e-03
2.645957734434933005e-03
2.616312440938713905e-03
2.599439250536890976e-03
2.591149762087842975e-03
2.576637371698171485e-03
2.567280327642103895e-03
2.543306625220136032e-03
2.521498662301495386e-03
2.502231357442829401e-03
2.471699826542845396e-03
2.466701079403474644e-03
2.458381530724335507e-03
2.446987812538573177e-03
2.434672718054634553e-03
2.430056326783208449e-03
2.407994784805514519e-03
2.404135471820399977e-03
2.364354515912021806e-03
2.362694221494036472e-03
2.352038543360088132e-03
2.340286475889279388e-03
2.325095000271769699e-03
2.312535463648806959e-03
2.302943565926445901e-03
2.279458507055776972e-03
2.267939582145040139e-03
2.241714911571758301e-03
2.239518364472167095e-03
2.232391490234078828e-03
2.192013428895750113e-03
2.184355590553138313e-03
2.168832500609752315e-03
2.162305328973239925e-03
2.159407464058635609e-03
2.145244427652528551e-03
2.143551378080726499e-03
2.131845409991645502e-03
2.128214552913242769e-03
2.119198557809181312e-03
2.097694024098645162e-03
2.093463207220860097e-03
2.071769203951235889e-03
2.059571694323807708e-03
2.038280172405802261e-03
2.037042724604095235e-03
2.034839185479133013e-03
2.019877076749452497e-03
2.005830499174483111e-03
2.002321631612168865e-03
1.979924816122766249e-03
1.973520149988063944e-03
1.968796645473190176e-03
1.951834701849151660e-03
1.945683745891615317e-03
1.936446275265755156e-03
1.920343584235295262e-03
1.906808449960863561e-03
1.903327673710204174e-03
1.891300483841945081e-03
1.887339916860984301e-03
1.881005788992386662e-03
1.866281798997691593e-03
1.845328111113834092e-03
1.838623132615384553e-03
1.804313540443413426e-03
1.792317924941835014e-03
1.787627424566898965e-03
1.778878825343698997e-03
1.760297929698222564e-03
1.757011277496589238e-03
1.750410530823561742e-03
1.748795125789016176e-03
1.740707191802294508e-03
1.733886633973071110e-03
1.722304686996817312e-03
1.703732212625867336e-03
1.702076924440012453e-03
1.693083718796308673e-03
1.667418047063657814e-03
1.664085173602576151e-03
1.648329389734782451e-03
1.641707977724548738e-03
1.638737011791445777e-03
1.623334618481499236e-03
1.617039461383864077e-03
1.605404256843041572e-03
1.599953985372063988e-03
1.585111525326475838e-03
1.583381440084516379e-03
1.571062341923067356e-03
1.569216036738807106e-03
1.560515097991889725e-03
1.557816850656733917e-03
1.549466161512104033e-03
1.548055884174607232e-03
1.532906357922478660e-03
1.522056882000140604e-03
1.518609123514277123e-03
1.508273808917718695e-03
1.506807711097517223e-03
1.488898661450912056e-03
1.486280286593186662e-03
1.482123822903130090e-03
1.462912592078558080e-03
1.449452741767912880e-03
1.444325824627024860e-03
1.440199314994712902e-03
1.436761370925133431e-03
1.426955431526953861e-03
1.409611109916659392e-03
1.399540776736930099e-03
1.393727294804197317e-03
1.384166225399935737e-03
1.368227052443936635e-03
1.362425050023189808e-03
1.357819658161772605e-03
1.348673248466979516e-03
1.345867521745823352e-03
1.341814090877167104e-03
1.335874535577971645e-03
1.325817574485481072e-03
1.323214245833447423e-03
1.319421336296094363e-03
1.310235106607276047e-03
1.302908098543941644e-03
1.292046911565074979e-03
1.285290328369807170e-03
1.273975911338409142e-03
1.264570405215140973e-03
1.254251821299997910e-03
1.242675768534010896e-03
1.240306124055828157e-03
1.238191555513456230e-03
1.235970829285091416e-03
1.227466578401014124e-03
1.225127379028420962e-03
1.215013264446389079e-03
1.209466294544032363e-03
1.206845424984852224e-03
1.201533996165177545e-03
1.199412722567378721e-03
1.193776645455368749e-03
1.185213861004931913e-03
1.184821502756339996e-03
1.179987842833472248e-03
1.175190940723008391e-03
1.154635098216843505e-03
1.152731932995065909e-03
1.144093374827758131e-03
1.138490506802842996e-03
1.132690123375258359e-03
1.130171347868403481e-03
1.123606478286713487e-03
1.121671116141723275e-03
1.113068182109120795e-03
1.105746774500794343e-03
1.103212919862244868e-03
1.094461433650442510e-03
1.084979445914833725e-03
1.076360171952486485e-03
1.072456456722504928e-03
1.064238199866044841e-03
1.062066684112648006e-03
1.055159221386353435e-03
1.054200563964627531e-03
1.041403320340620340e-03
1.039672682252601151e-03
1.034397695800891347e-03
1.029457108182158659e-03
1.019336990216928663e-03
1.013287902927971192e-03
1.006208244166125008e-03
9.940776927297237386e-04
9.892650649305804664e-04
9.837760939771613474e-04
9.776998075098990680e-04
9.761755817206677543e-04
9.727498329646777761e-04
9.700491048984982625e-04
9.626084964002827463e-04
9.581085210813509697e-04
9.514437634026985365e-04
9.489783396427613508e-04
9.401299933255144502e-04
9.374814019916480768e-04
9.285048274514755284e-04
9.263366571822115791e-04
9.239460169436283917e-04
9.124696325784620050e-04
9.112909199437798291e-04
9.086382557013969290e-04
9.009055610484563046e-04
8.938489795591830463e-04
8.932185681421380297e-04
8.903838872038824254e-04
8.839201559903056950e-04
8.825897398996557881e-04
8.779138989557575120e-04
8.705838640015458414e-04
8.704081287134286197e-04
8.655736161711184836e-04
8.554939789175163055e-04
8.521303698815446519e-04
8.481946010453875369e-04
8.471948471732579844e-04
8.395258503327145431e-04
8.385493702133317356e-04
8.353282451427598062e-04
8.330343846691719159e-04
8.295257742782636938e-04
8.283494093065186170e-04
8.190458242526889050e-04
8.141613778866657386e-04
8.109435147411178440e-04
8.010310544799498569e-04
7.883108664884730605e-04
7.871839204058547236e-04
7.799621770141425313e-04
7.789270011677541577e-04
7.764340422058331210e-04
7.747719709394870671e-04
7.657223252012473717e-04
7.627125331204738989e-04
7.613645823394732436e-04
7.569241416812580534e-04
7.543278450510813599e-04
7.510465215878193816e-04
7.460434587205715638e-04
7.383544871681618077e-04
7.335550382645953695e-04
7.322886792759735700e-04
7.292477696895651547e-04
7.207042780181267122e-04
7.201432658896676168e-04
7.169293857095645952e-04
7.149023468578989638e-04
7.075649784246200143e-04
7.046715005128033251e-04
6.993981919770511733e-04
6.858411654466159023e-04
6.843856458193388987e-04
6.788793057923649165e-04
6.771098778676424689e-04
6.753271512854701342e-04
6.717504386693083814e-04
6.688690528443043404e-04
6.687263377164140996e-04
6.677255597245690833e-04
6.632122949592218070e-04
6.599262101581219401e-04
6.535199148481830780e-04
6.443435751218881766e-04
6.421486297124608241e-04
6.382236346990070473e-04
6.347360599893212387e-04
6.325721795284742002e-04
6.305324525530757972e-04
6.288320758224638261e-04
6.272438834174434577e-04
6.236350020083751165e-04
6.152359110961306155e-04
6.145892483625446353e-04
6.082272660161041396e-04
6.054855497302406115e-04
6.032120189290872446e-04
6.029768521255734126e-04
5.997264659516520153e-04
5.994888072702481705e-04
5.963500689510553088e-04
5.911213358339315266e-04
5.869012507114691876e-04
5.855960906559253346e-04
5.789891204006746960e-04
5.785788336483676251e-04
5.752376290167339175e-04
5.734338449813114122e-04
5.710403764121220471e-04
5.678057452431668761e-04
5.672613384888462208e-04
5.638769783540972195e-04
5.543962835763778432e-04
5.527224851709340928e-04
5.450553261907348148e-04
5.424074737256146840e-04
5.410711387644489981e-04
5.356096115381903545e-04
5.310012406444392921e-04
5.276123432550693364e-04
5.249662466690584173e-04
5.222812911202009533e-04
5.162763232338249885e-04
5.148519081856183779e-04
5.105290329341027281e-04
5.084668881630736385e-04
5.026078646447872675e-04
4.993736433000758651e-04
4.979848881307990822e-04
4.948288642616764394e-04
4.920678625063470545e-04
4.899266841308047528e-04
4.877063062639536194e-04
4.863116258869882463e-04
4.822535735673946756e-04
4.796001970833716518e-04
4.750501831884474573e-04
4.737274722533609417e-04
4.715326963253183533e-04
4.691315633275927621e-04
4.667363987404483049e-04
4.618539159785215722e-04
4.601353241939461279e-04
4.578767208564745199e-04
4.512258774978081168e-04
4.488518056413661763e-04
4.473015488075321802e-04
4.446361283363378029e-04
4.431514644911705965e-04
4.403162129905791164e-04
4.344714056349431911e-04
4.329625163589911072e-04
4.273486351413280696e-04
4.268178992843884006e-04
4.212019102738116848e-04
4.173043543364006762e-04
4.148450904424862400e-04
4.127596089478286954e-04
4.116870831821789630e-04
4.064126584232157272e-04
4.053001514692087430e-04
4.034854310211426903e-04
4.026584319628027865e-04
4.013100800996811110e-04
3.965578471084211338e-04
3.927069919378062984e-04
3.914273910596527233e-04
3.865372966828183434e-04
3.853615191683561181e-04
3.831493782490265018e-04
3.799446099894605877e-04
3.771176203776374462e-04
3.758172253819260910e-04
3.743824247254768289e-04
3.696946664234668136e-04
3.691985274237861753e-04
3.635023376275191807e-04
3.553143343842674203e-04
3.521766451189805311e-04
3.510117625968872538e-04
3.468477146598244912e-04
3.455925548055463199e-04
3.448875982676228268e-04
3.396402918084445895e-04
3.388453055222667189e-04
3.362953451464147222e-04
3.337463572487589492e-04
3.312846386675163284e-04
3.280819485443706315e-04
3.258968387619848328e-04
3.248274721348920805e-04
3.198690100950961151e-04
3.187872331749938082e-04
3.150290935837157368e-04
3.116556757605349151e-04
3.049314611012833337e-04
3.009544468903467009e-04
2.975288908123682892e-04
2.962853378765785222e-04
2.920237854359129565e-04
2.914826791891814844e-04
2.889792357273486914e-04
2.857607231049085535e-04
2.826709530016527469e-04
2.807350380833601973e-04
2.760238272501543068e-04
2.749382873261872187e-04
2.737735252179250827e-04
2.732318905394706980e-04
2.696265232135923212e-04
2.685113031380404174e-04
2.637129209651388798e-04
2.626200175795393625e-04
2.607511469302590135e-04
2.544729714528050791e-04
2.539607952013822958e-04
2.508596859693446729e-04
2.412531951534663873e-04
2.396525113537196507e-04
2.334476986695370091e-04
2.300076601301700454e-04
2.248544248850123449e-04
2.246767565440200730e-04
2.233308925096975136e-04
2.230549237676349324e-04
2.187967734858454116e-04
2.152328435913590553e-04
2.129309356754866445e-04
2.105710752697993455e-04
2.086935296747705992e-04
2.064671691787147931e-04
2.049883554236487878e-04
2.009138807775326873e-04
1.993297911770103422e-04
1.975839597201812375e-04
1.886789966846115637e-04
1.870188601632560832e-04
1.844472196809681503e-04
1.823317684854773070e-04
1.807091905642182485e-04
1.769749331974808685e-04
1.733033425443756810e-04
1.690334134900266618e-04
1.675106107575640444e-04
1.663935605744418776e-04
1.586043986820323353e-04
1.581927330149304441e-04
1.550779819981872401e-04
1.466439723916289264e-04
1.407225136917062498e-04
1.341449717588551009e-04
1.333711545479881978e-04
1.316740380764564301e-04
1.282435886780719449e-04
1.265167919781523499e-04
1.165824493870486265e-04
1.147983681364406102e-04
1.100568268755441957e-04
9.769315680804436088e-05
9.392600906947239504e-05
9.345925273239417681e-05
8.905050135864730240e-05
8.682643177005204256e-05
8.572216782399378699e-05
8.038498332460205023e-05
7.943000388556827583e-05
7.572292279810274721e-05
7.358299637649141933e-05
7.275311042612698218e-05
7.001308466589508544e-05
6.800154278645039049e-05
6.625913821234005480e-05
6.384298207003662369e-05
5.660229236437329587e-05
5.573982278618222030e-05
5.008486004237380177e-05
4.758314778741835210e-05
4.490775852136160210e-05
4.227119482284705953e-05
3.955753230495360893e-05
3.511791155821108513e-05
3.337372180864399049e-05
3.172447077318468013e-05
3.142464138565583844e-05
2.925817906313620253e-05
2.701573960774830084e-05
2.602101398484738223e-05
2.568084230864061990e-05
2.257282096063894735e-05
2.107132058047368525e-05
1.738736446796592728e-05
1.585491022807464971e-05
1.414402540909439989e-05
1.371024543841115097e-05
1.173835807384737089e-05
1.151303993124301443e-05
1.127188540633353809e-05
1.104078904947700640e-05
1.002238537805614904e-05
8.375744806332452200e-06
8.059039040461247978e-06
4.517587078709283881e-06
2.092012898818930122e-06
7.590732997119376340e-07
2.993820094804745357e-08
1.713399373986796676e-16
1.821042170147137335e-19
