2.380346878998432780e-01
2.346796011448499253e-01
1.992054162448605448e-01
1.251499686882313889e-01
9.947994649228375508e-02
9.307952717697969003e-02
8.027912943690285186e-02
7.562542442279315824e-02
7.374066600552600659e-02
6.669507862830256761e-02
6.524510426886841186e-02
5.824253207057059067e-02
5.326937979516947752e-02
5.151045671514511287e-02
5.099144938684134487e-02
4.651111789361684484e-02
4.626801560401506280e-02
4.376041447743794777e-02
4.240962594370037420e-02
4.211860518877765663e-02
4.065795632234956575e-02
3.946710717867672746e-02
3.724079465027183011e-02
3.685624029088794412e-02
3.611496026012796234e-02
3.493420588945141819e-02
3.476604807372356970e-02
3.357199949076611345e-02
3.222765770909577498e-02
3.091958412992920277e-02
3.075058866364412807e-02
3.026890299371509316e-02
3.011484017912286967e-02
2.969307709283895008e-02
2.944404550546222618e-02
2.857666153746032250e-02
2.780133872153764049e-02
2.637351045257099041e-02
2.620893824151010118e-02
2.601145809065688944e-02
2.566974583320576556e-02
2.555848584631265422e-02
2.525695322618837918e-02
2.452802368619546106e-02
2.408122848849916786e-02
2.357974431385043493e-02
2.307184948646924180e-02
2.259043630737836081e-02
2.231877377597120404e-02
2.221528189292505326e-02
2.199222011979237723e-02
2.188873257066420788e-02
2.175960448364523681e-02
2.149095116023998220e-02
2.118788562964376079e-02
2.083886745204474936e-02
2.001558925497723407e-02
1.986940166978507644e-02
1.959057973616550041e-02
1.940226558844652602e-02
1.936022913343134894e-02
1.908122711645356823e-02
1.906664971669282810e-02
1.901731993709558644e-02
1.883443572456397833e-02
1.824219810322444402e-02
1.813741874790996550e-02
1.774602500502066998e-02
1.744682733641871389e-02
1.728931155483391310e-02
1.725437185747841218e-02
1.701109618539227777e-02
1.691388468647515159e-02
1.674752425283147078e-02
1.673795173971519279e-02
1.647257975606391048e-02
1.632032802130748209e-02
1.622515114326124330e-02
1.594915852268724912e-02
1.568717504660363180e-02
1.556952015986041125e-02
1.522501885215865949e-02
1.516251310599452291e-02
1.509281521690255048e-02
1.496810704600802337e-02
1.476639522230863664e-02
1.473263716844575369e-02
1.456824148422545748e-02
1.455174328342300101e-02
1.441272840389313040e-02
1.434575468420533004e-02
1.418829962124119361e-02
1.398677984673831788e-02
1.369794748741643385e-02
1.363052829740667680e-02
1.349330470759571923e-02
1.342293017945459660e-02
1.335202047986100600e-02
1.324279561888507505e-02
1.315797448411082544e-02
1.292071154030693080e-02
1.289652051125886149e-02
1.286700702192963668e-02
1.284201721742840412e-02
1.265912715623670332e-02
1.255669970333024056e-02
1.241040602102101362e-02
1.233237954448229180e-02
1.225324263854546229e-02
1.215676384889632748e-02
1.191217849431431934e-02
1.183622082369763240e-02
1.179504672599792497e-02
1.171695378663424082e-02
1.162273365067654184e-02
1.156164985090471324e-02
1.140508553803286189e-02
1.134743236970737340e-02
1.128148436695774158e-02
1.126325150541859256e-02
1.121813018724119801e-02
1.105512647494384312e-02
1.096910915465597325e-02
1.084274871875049069e-02
1.082376787161852018e-02
1.071636381110937716e-02
1.064190970333035030e-02
1.054505432852342189e-02
1.052725763199057786e-02
1.033026536896243519e-02
1.026851473658933062e-02
1.022957102931013398e-02
1.018441959838200725e-02
1.012227907851027606e-02
1.009405383064276678e-02
1.002330295861061232e-02
9.971055857410633314e-03
9.892387894510301649e-03
9.811941399227072647e-03
9.765258112570588886e-03
9.739295049437105695e-03
9.598730535551113635e-03
9.535528763326058324e-03
9.431835355874796170e-03
9.427907348796804934e-03
9.283488300030368068e-03
9.221450540184864680e-03
9.154520285305764449e-03
9.124688273761819360e-03
8.983510113811746592e-03
8.940056700288523395e-03
8.896348791449808571e-03
8.830047632454153875e-03
8.819670689965459706e-03
8.791663545302627614e-03
8.743608266830101353e-03
8.692700770712883523e-03
8.607949266126881105e-03
8.583608499684319479e-03
8.519157237026977331e-03
8.478741511495420380e-03
8.405442754348620843e-03
8.340132709416126638e-03
8.293589497695779203e-03
8.260659747321536309e-03
8.189954964167252272e-03
8.121905879613915136e-03
8.053239998538299152e-03
8.034202527980278258e-03
8.022550112161326921e-03
7.957045224647945475e-03
7.892544528247670901e-03
7.837734403750710663e-03
7.812061733718785733e-03
7.752365788440770782e-03
7.728584090041839584e-03
7.703339613188525149e-03
7.598485345820647600e-03
7.579318224304571264e-03
7.535605898497722312e-03
7.505531475444803501e-03
7.440249674076188438e-03
7.409068370941744759e-03
7.254252019027081222e-03
7.219721984980864357e-03
7.201849448235608103e-03
7.168058947884517126e-03
7.100938496555692613e-03
7.083116069120167467e-03
7.056114874576156770e-03
6.986079757617315311e-03
6.951198614475145691e-03
6.934333675178250105e-03
6.919468377102632774e-03
6.846413187233307829e-03
6.819850919520346715e-03
6.789148495040699463e-03
6.763679080528712910e-03
6.750515819260423725e-03
6.716090212224429951e-03
6.639320256665064840e-03
6.635105045862571202e-03
6.603881258342237173e-03
6.557254427442282298e-03
6.522202402775177307e-03
6.453337350456628957e-03
6.420774421450097663e-03
6.405244065197354501e-03
6.332424323269035364e-03
6.325236069695403668e-03
6.289656292216789200e-03
6.273738566526635557e-03
6.189197964863028464e-03
6.181541157071532462e-03
6.141467898582255759e-03
6.108030468449460182e-03
6.065046076786873887e-03
5.989442432727266549e-03
5.971968307063302978e-03
5.932113404988944433e-03
5.887125757785307591e-03
5.863018120484584338e-03
5.787928844997263476e-03
5.776097157625750128e-03
5.747937068449992908e-03
5.741083441362467531e-03
5.707203181938969201e-03
5.666855184097947980e-03
5.611252483465018620e-03
5.591096388233312946e-03
5.554915752658699801e-03
5.522692755614679386e-03
5.485274423629781480e-03
5.461857205173403958e-03
5.440419211479243129e-03
5.428781107228946787e-03
5.380023372908586225e-03
5.370759709582353068e-03
5.354401658560081420e-03
5.313953968340566318e-03
5.269905991477777558e-03
5.263317652104532694e-03
5.231993595020607325e-03
5.212131089202968852e-03
5.178186093109528321e-03
5.159963379022359554e-03
5.135204206820375046e-03
5.073389350414160559e-03
5.065644030526310869e-03
5.048370544621306327e-03
5.041453378089221816e-03
5.031478897535423406e-03
4.992765871512223202e-03
4.977849925210989755e-03
4.877112517036511982e-03
4.860335617121725599e-03
4.810190011516259946e-03
4.792937399682996487e-03
4.787529237877973833e-03
4.776773176386982928e-03
4.726595163498092771e-03
4.637487805759211122e-03
4.617125376137397839e-03
4.586617273375584621e-03
4.565308128674810950e-03
4.549456147450075920e-03
4.513520808710409435e-03
4.505425414541005223e-03
4.489496518488251403e-03
4.463202780907295740e-03
4.450843900989109175e-03
4.404204624646628798e-03
4.386000023732883855e-03
4.351495819816279462e-03
4.317192109248087217e-03
4.306357994567239569e-03
4.290541456981609818e-03
4.227972977803386850e-03
4.218081139846481878e-03
4.207672882008674405e-03
4.193004112799182496e-03
4.146166307716444947e-03
4.143699735709730804e-03
4.131683229685528119e-03
4.081684715682263806e-03
4.076466754046322721e-03
4.057367257561591070e-03
4.052408364008148675e-03
4.027642039913540903e-03
4.016171785638580037e-03
3.995519356405468833e-03
3.961331272224808894e-03
3.956362483056131280e-03
3.927771445830599908e-03
3.898724931653567774e-03
3.881487616260540299e-03
3.857264084025897790e-03
3.835597759112872873e-03
3.812023906969208391e-03
3.809145249964548952e-03
3.778671392977258747e-03
3.744238644175359315e-03
3.724122467003449649e-03
3.702230092123330596e-03
3.683482708949387119e-03
3.668375640302971863e-03
3.626591470482039802e-03
3.596310970779414019e-03
3.574747204746622515e-03
3.567018141729127491e-03
3.542961720094188124e-03
3.531914637853223512e-03
3.510948778796957759e-03
3.486984902976647711e-03
3.469396241799609874e-03
3.456655402020602889e-03
3.443442936069670245e-03
3.424072259586437208e-03
3.406520377619552935e-03
3.366995743993361073e-03
3.354344876166754155e-03
3.346740162108333659e-03
3.328005508902030091e-03
3.301583080480875298e-03
3.295156934451054769e-03
3.263607689600149953e-03
3.255239423321347643e-03
3.223652190529632897e-03
3.219803521717918681e-03
3.187323447408148876e-03
3.167265347790674569e-03
3.137575927228167163e-03
3.133261418876805236e-03
3.129612122131468933e-03
3.122368567113736979e-03
3.108537425045896242e-03
3.101355831561125164e-03
3.091921243375182066e-03
3.071910797491511375e-03
3.038614904767038879e-03
3.033017226114798157e-03
3.007711762954761153e-03
3.002729268455887283e-03
2.990907034979569702e-03
2.979237221806390126e-03
2.968359407908953418e-03
2.938829189158522620e-03
2.910578568629243554e-03
2.891388398265637861e-03
2.872650306663004482e-03
2.838925998015458425e-03
2.823896965662927444e-03
2.816477478720872361e-03
2.803865233901791602e-03
2.781581167934626259e-03
2.777689690774688171e-03
2.759210402688074514e-03
2.731154444463894035e-03
2.720281675316537674e-03
2.711515656968253949e-03
2.710389838675121652e-03
2.689760585336029453e-03
2.685453455890648988e-03
2.672217999426278450e-03
2.633970851009840089e-03
2.623652723637679481e-03
2.581199615960714892e-03
2.568390522584824195e-03
2.552167609062845014e-03
2.544720301033121922e-03
2.533730917271340578e-03
2.527263143834731531e-03
2.522223944695243993e-03
2.516648010803831156e-03
2.503666639272039262e-03
2.494948299294343086e-03
2.475151969581036206e-03
2.452627418387123750e-03
2.427542363361274210e-03
2.414111846339962557e-03
2.403608877740018041e-03
2.380408298087251153e-03
2.372906797579669557e-03
2.364209886486493082e-03
2.351447731642436739e-03
2.344254004938423844e-03
2.334499102313021199e-03
2.331824132560245903e-03
2.324781891532730609e-03
2.304230963956800226e-03
2.301992456074504218e-03
2.294807271534124449e-03
2.277839302618052831e-03
2.264327442558090875e-03
2.258242462845463493e-03
2.246502519054213720e-03
2.234398676902015629e-03
2.226825425861934243e-03
2.216829379516514157e-03
2.212455009482804189e-03
2.200888979065000316e-03
2.177511148263543833e-03
2.162914419511932293e-03
2.157959389754093675e-03
2.150721272777195766e-03
2.136898817150556344e-03
2.125520663178032989e-03
2.114273728757709407e-03
2.104893451489148193e-03
2.101342898546282485e-03
2.093414540545420963e-03
2.076663013840146337e-03
2.071111677842705622e-03
2.056600232101123485e-03
2.039007250044123660e-03
2.034591792417221340e-03
2.030374737068342279e-03
2.020799079595913834e-03
1.995314577780498994e-03
1.979574296058334536e-03
1.973992530651120635e-03
1.964051891755630788e-03
1.958463282630665530e-03
1.934588647803049373e-03
1.911595161298377523e-03
1.904181209745105198e-03
1.898955848627298772e-03
1.890805509730890269e-03
1.882372813215696383e-03
1.875189035585813355e-03
1.861307427508755155e-03
1.850943048434081041e-03
1.849203367666664259e-03
1.826403482872410991e-03
1.817764784383707651e-03
1.804247970456779098e-03
1.797752714343424591e-03
1.789474178197425665e-03
1.772178583101737589e-03
1.767112500613520626e-03
1.754544957936824074e-03
1.751716096300149879e-03
1.741757014769203032e-03
1.736441280737784174e-03
1.706696734658659162e-03
1.688283575350770340e-03
1.685794935673683506e-03
1.680641680092363147e-03
1.673586167194285454e-03
1.664211876762722178e-03
1.648336544871045013e-03
1.644173350602337168e-03
1.639944544516970743e-03
1.635789321272094988e-03
1.617291410725772271e-03
1.612279117446041923e-03
1.605919805305884617e-03
1.601461478777968213e-03
1.582844303374219327e-03
1.580608857786324232e-03
1.572115556924375554e-03
1.563317209726558001e-03
1.560355929330943395e-03
1.549372733685395890e-03
1.545445542021377976e-03
1.527703844957358902e-03
1.521994532622186411e-03
1.513567052283122443e-03
1.510295163684467496e-03
1.506701104229680489e-03
1.501332195549462444e-03
1.493901754848923989e-03
1.488164592001167425e-03
1.473034076173058982e-03
1.468289438967379599e-03
1.448342797705563095e-03
1.442309553151637034e-03
1.435190855040766088e-03
1.429276638256492087e-03
1.419087318909094311e-03
1.403093820681045262e-03
1.390907199438639035e-03
1.382458942425802799e-03
1.374352395900575253e-03
1.372620834908410380e-03
1.361317751823207982e-03
1.349783941723154117e-03
1.346227872519431459e-03
1.336140936329459480e-03
1.330610609533863353e-03
1.325556885860817513e-03
1.315296454796036638e-03
1.312897016292258060e-03
1.297528368433562354e-03
1.293479976915078286e-03
1.291312299885095894e-03
1.268891075804160547e-03
1.261524017481023769e-03
1.253527908402274349e-03
1.239815032161563357e-03
1.237810719921204243e-03
1.232665942907419871e-03
1.225521010996884425e-03
1.218787972836303307e-03
1.215076897648723194e-03
1.203263269577819474e-03
1.200470000776270247e-03
1.185268771117965010e-03
1.175247214863902202e-03
1.173834147838926116e-03
1.161450045513825850e-03
1.154044160632307272e-03
1.148478321820067208e-03
1.141249834594760702e-03
1.135861845971891226e-03
1.121318008036520505e-03
1.115918751012038830e-03
1.111953353102959575e-03
1.109684836688043822e-03
1.100285176176824973e-03
1.089729554997843040e-03
1.086011405758866401e-03
1.076698656144089213e-03
1.073932003623376003e-03
1.056811683518622509e-03
1.055878824116846708e-03
1.050809909024924549e-03
1.039197130891999447e-03
1.027058588302182324e-03
1.022021133234060413e-03
1.017350041220912299e-03
1.011091706436970539e-03
1.006411211495244953e-03
1.002161225767643623e-03
9.943695066210421485e-04
9.923542066460164669e-04
9.874500378014609229e-04
9.846256306447814452e-04
9.728772052036333039e-04
9.654567939892933198e-04
9.618237131538897797e-04
9.454273019769977556e-04
9.380564236326760768e-04
9.336210296640394925e-04
9.328872431545606964e-04
9.201622528069710802e-04
9.046935340832693972e-04
9.020055173887291848e-04
8.935793677191708993e-04
8.920186964023637914e-04
8.896895471169826179e-04
8.704146273979563057e-04
8.687355838599527180e-04
8.613703077681886212e-04
8.560838227947255774e-04
8.413919781349773466e-04
8.373154223524904806e-04
8.274361562550409943e-04
8.214962429861773045e-04
8.150517081236391664e-04
8.067263773238747418e-04
7.950472327034046206e-04
7.903669464912309057e-04
7.850903771505821473e-04
7.786380679534909326e-04
7.768699923515989163e-04
7.688571347682591215e-04
7.568481909686408183e-04
7.395075645756910270e-04
7.297304098002822988e-04
7.256175513360220994e-04
7.230649297112718777e-04
7.209548125431817145e-04
7.070174139231170246e-04
6.981772019386499589e-04
6.912876163745979106e-04
6.858530721138693951e-04
6.800366958735025577e-04
6.760725161564668526e-04
6.745757000312462524e-04
6.684614922464396499e-04
6.539191121725396877e-04
6.499059883461267206e-04
6.392534513856646316e-04
6.376128137841985226e-04
6.342584361971383708e-04
6.311811219185658193e-04
6.256959316543567488e-04
6.228460025047125080e-04
6.161878202153143157e-04
6.114250628812575687e-04
6.082774209019829216e-04
6.017309072369808262e-04
5.806210512475764099e-04
5.765044083284970268e-04
5.713341730979084590e-04
5.675509333696570615e-04
5.616956623620476645e-04
5.581240648656373956e-04
5.558133625609858446e-04
5.527740603726461355e-04
5.525123986951612073e-04
5.374409975610267617e-04
5.359112620638404895e-04
5.307508584335467660e-04
5.243755012108715190e-04
5.078441178210765967e-04
5.038518694469985935e-04
4.992210667902834782e-04
4.917513779912785921e-04
4.869171887182360933e-04
4.776019998117048051e-04
4.518646690687862233e-04
4.475108961442734556e-04
4.262484418516099900e-04
4.166673953478238824e-04
4.056310355909492345e-04
4.006373370324870084e-04
3.935665798378987028e-04
3.893531271125341459e-04
3.892555683180261837e-04
3.736001933534580555e-04
3.483337371987098871e-04
3.115246884773735080e-04
2.951233404899257506e-04
2.907624707678988581e-04
2.854621883186276177e-04
2.757724372620279927e-04
2.650604113245928349e-04
2.256043921954418844e-04
2.187653213721987876e-04
2.098279300164550103e-04
2.072685484781402196e-04
1.988790022565673063e-04
1.930720769205671896e-04
1.921267605084321726e-04
1.905264364785429773e-04
1.764235171585568519e-04
1.722364364504466478e-04
1.638930116078595551e-04
1.584433499535447133e-04
1.480306983019974746e-04
1.372273717878175930e-04
1.300519229975625546e-04
1.186687303668855378e-04
1.163086056352180948e-04
1.122096416070052325e-04
1.022997730392813143e-04
9.950127033393397114e-05
8.822164854034463173e-05
8.540882984815508351e-05
8.291038654462918136e-05
7.704844546556790087e-05
7.602084084848232065e-05
6.967654470675622384e-05
6.642597550797114275e-05
6.415041964294146339e-05
5.694771081646254999e-05
5.046181317119696719e-05
4.961649901706887837e-05
4.218828733707187740e-05
4.103777019417817636e-05
4.050907722417794742e-05
3.748934505186965845e-05
3.485623527409367756e-05
3.407329233443467855e-05
3.209778718313207463e-05
2.907328360811914429e-05
2.414073159218038011e-05
2.334124150996739542e-05
1.060341683377672705e-05
4.761983228764564164e-06
3.763021407885041490e-06
5.050751773445718331e-07
1.232226109663828176e-16
2.059029812625309254e-18
