3.771819183070444087e-02
3.226041323039804953e-02
2.359231335333883406e-02
1.796821162078362372e-02
1.401356437830120379e-02
1.279654822430989318e-02
1.136331520063538734e-02
1.020605878153660155e-02
9.734492903262835159e-03
9.143691186622827233e-03
7.933807028911327511e-03
7.819251843276295300e-03
7.449335130475716674e-03
7.295704062010318833e-03
7.072965523625364057e-03
6.742728249055506169e-03
6.236220967892408366e-03
6.006204295223099669e-03
5.689184218250042079e-03
5.624137036146704093e-03
5.516284289051025941e-03
5.188742195283937986e-03
5.060432283300844714e-03
4.847790294494204455e-03
4.841035310878697394e-03
4.781875761880881835e-03
4.762682783522980724e-03
4.572321369869565381e-03
4.473925954629702668e-03
4.222646420612014874e-03
4.178663207445403732e-03
4.073791646218152124e-03
4.056031963771510387e-03
3.893389596553633019e-03
3.850388476911874736e-03
3.790191488580706754e-03
3.639360374251522038e-03
3.569562266496820787e-03
3.551471618236181488e-03
3.502551537054423951e-03
3.447775784081926701e-03
3.438995365225145078e-03
3.348072415403662971e-03
3.340516948541143172e-03
3.246801699334765992e-03
3.223375184950865065e-03
3.175046283923804551e-03
3.088852746836315451e-03
3.009358499197685530e-03
2.981297448275403716e-03
2.931081502812053156e-03
2.896837063648403151e-03
2.892461545331357145e-03
2.869065013945877509e-03
2.842651253076821944e-03
2.782080061692520159e-03
2.713802401010211984e-03
2.681016290314017659e-03
2.675116556117948952e-03
2.577075589621681193e-03
2.565172324916017380e-03
2.554433083747649057e-03
2.517419307160885609e-03
2.508302660909049291e-03
2.476976202768682578e-03
2.468145954759110028e-03
2.443158148094798539e-03
2.409807592393865654e-03
2.358153776297277748e-03
2.324051657958078800e-03
2.287320522451987293e-03
2.258737500900598154e-03
2.235874706117185664e-03
2.213599104029758888e-03
2.186442089329622505e-03
2.181531181701525362e-03
2.173705755332862831e-03
2.152623726536024695e-03
2.128888706834820930e-03
2.116941919525648988e-03
2.096691637417425619e-03
2.055607779688661384e-03
2.046739162411907818e-03
1.998646183471355052e-03
1.993022361970333590e-03
1.977097770528644938e-03
1.950721808629566397e-03
1.931961217838100041e-03
1.929209848045335867e-03
1.916407583567044911e-03
1.890870831112581758e-03
1.889935207732000143e-03
1.873234592907379106e-03
1.858349701395592456e-03
1.825705922001395753e-03
1.795181934341233800e-03
1.788396807091764771e-03
1.776720655889658202e-03
1.747831989294740783e-03
1.743178258815968181e-03
1.724644750793036035e-03
1.718401791706883688e-03
1.688789022398124373e-03
1.685306259507542755e-03
1.681855753890595679e-03
1.675350666597255189e-03
1.674003995189268530e-03
1.662704590473302289e-03
1.617231341815112463e-03
1.604896038863195835e-03
1.587774501661032940e-03
1.585220903905838882e-03
1.554739353041186206e-03
1.551745330099009532e-03
1.546649762064326991e-03
1.537594213655614668e-03
1.513973218192976112e-03
1.510358354134750877e-03
1.490235121858365756e-03
1.488089096506093213e-03
1.469933819941186002e-03
1.461476645193695960e-03
1.458700988152836740e-03
1.447503452123879509e-03
1.444824254667328176e-03
1.423089507997594289e-03
1.418584600684651836e-03
1.384868868152002580e-03
1.384324378594332678e-03
1.374625576838661234e-03
1.363136077388393472e-03
1.351407047663713036e-03
1.351287104695991521e-03
1.342749827035079595e-03
1.334960923014860993e-03
1.322049884998169420e-03
1.312759646627497138e-03
1.311044120275453367e-03
1.303056734701765491e-03
1.294710545284427769e-03
1.286735846590545719e-03
1.280855774460277607e-03
1.255956079434690943e-03
1.246608900450638276e-03
1.242949270373450111e-03
1.234985358773162730e-03
1.229160507752046980e-03
1.214886705437568911e-03
1.213575889254265433e-03
1.194827456237890001e-03
1.189552880223705093e-03
1.187342590844846224e-03
1.171205428384892912e-03
1.165855262429306947e-03
1.156770965699728624e-03
1.154789910711385460e-03
1.151496288426954746e-03
1.147392760883460955e-03
1.133138899297949373e-03
1.132030942237461247e-03
1.112619183663219853e-03
1.107736526192908697e-03
1.104726592350660378e-03
1.101048178985228202e-03
1.091951036928357583e-03
1.091014306725116836e-03
1.073285366509809692e-03
1.070317870716634310e-03
1.060755886215735593e-03
1.050148852226601235e-03
1.049798746760592823e-03
1.045643428444430721e-03
1.032297547870195120e-03
1.026381319850321180e-03
1.025849485618926700e-03
1.018452143328337466e-03
1.017646325983122962e-03
1.012359063344022521e-03
1.001676068445137751e-03
9.937041497278785180e-04
9.869790861150870911e-04
9.797382963439129136e-04
9.768688984426443771e-04
9.655021215517937223e-04
9.627962545575683047e-04
9.622699895934040465e-04
9.526547310572693441e-04
9.387114703878544865e-04
9.379097206876727422e-04
9.238982473170374377e-04
9.233849960156025353e-04
9.204436942141158359e-04
9.137803902287404845e-04
9.128493936319944865e-04
9.113008210956883822e-04
8.966410015515920758e-04
8.950602460029423403e-04
8.873753248805505561e-04
8.844996447967849382e-04
8.830353173655878076e-04
8.782298983542190414e-04
8.760764293463834708e-04
8.661456489319809817e-04
8.621474683380870186e-04
8.568854418630800262e-04
8.533420823634021123e-04
8.495233958979185379e-04
8.428365105780940376e-04
8.331823423499195918e-04
8.282038905303856649e-04
8.173640373408965452e-04
8.156828911833498546e-04
8.136117629711016623e-04
8.103690776788824435e-04
8.069561623278277782e-04
8.044183172194327913e-04
7.962421380678729550e-04
7.957221897786088526e-04
7.828058324840416870e-04
7.824023008797624783e-04
7.790547161445049700e-04
7.743351745942663638e-04
7.701773372029876823e-04
7.653450163711174184e-04
7.621437733534666172e-04
7.557717594985578205e-04
7.504794584381547021e-04
7.416051600383097514e-04
7.409802228457825412e-04
7.389136151060835857e-04
7.237378271306386252e-04
7.220816505005529058e-04
7.169043068287804608e-04
7.147519977963909905e-04
7.142249598392603300e-04
7.107732543183599297e-04
7.097195883265015968e-04
7.044945002206758154e-04
7.041506230123719019e-04
7.008584194546565050e-04
6.960949838810503824e-04
6.928864319772921323e-04
6.860406769332156023e-04
6.820612590898722516e-04
6.752412734854710673e-04
6.742105229319485683e-04
6.736615114861554997e-04
6.705165642380963653e-04
6.642219681726759233e-04
6.633611372230407716e-04
6.556549697725673519e-04
6.537027817085667297e-04
6.531657097206105536e-04
6.473935796686243124e-04
6.429022036863160693e-04
6.394525267265953805e-04
6.353002120767158815e-04
6.316049237524171351e-04
6.302479373427924804e-04
6.259598043191432317e-04
6.240749248847518625e-04
6.226929214670075090e-04
6.187573007781490761e-04
6.110665177418977013e-04
6.097853244991489636e-04
5.975071715873949514e-04
5.936258204453608153e-04
5.926172674071819363e-04
5.896406699980917283e-04
5.840187742419551123e-04
5.823651704505656071e-04
5.777701590772016263e-04
5.775034595427193515e-04
5.755318529885688865e-04
5.734710357834033522e-04
5.701877604824342896e-04
5.644549987114958140e-04
5.640716658710835055e-04
5.609019642639208152e-04
5.528226167819821641e-04
5.498544231446170130e-04
5.471840033664503861e-04
5.439334924635258212e-04
5.412611188332077262e-04
5.374158628455152692e-04
5.362959758459312975e-04
5.322170584573300989e-04
5.297586781145235913e-04
5.254644311575917348e-04
5.238007153711991739e-04
5.207719254287050811e-04
5.200684951312884493e-04
5.171672893279824880e-04
5.164386159676545183e-04
5.151420775960176193e-04
5.124257581011365005e-04
5.076246441769363248e-04
5.034423129291442896e-04
5.032788681738374148e-04
4.994498852646142269e-04
4.992945256354495076e-04
4.931106814981325035e-04
4.927180971382584367e-04
4.909035547194546146e-04
4.850675504708657718e-04
4.798710741964137567e-04
4.786566805846573626e-04
4.771773758419759382e-04
4.757979619258903125e-04
4.718365407733069936e-04
4.665755426298513146e-04
4.630828330964614683e-04
4.618585334633597446e-04
4.569339193113138931e-04
4.533509790945164418e-04
4.524340612909599226e-04
4.489920081963429642e-04
4.465620333495873176e-04
4.462126542620180195e-04
4.446498704669968544e-04
4.423659918074821819e-04
4.386473416032281433e-04
4.378650001979961974e-04
4.366745104954464392e-04
4.337526389023008328e-04
4.319729090339833179e-04
4.277016568479986847e-04
4.249600586009274388e-04
4.220893420869475314e-04
4.182476221178707911e-04
4.157985961153534693e-04
4.116518322319676591e-04
4.113020836470021395e-04
4.106397824026521842e-04
4.092395763554109779e-04
4.069604122466302719e-04
4.050022521904225801e-04
4.043555022243906154e-04
4.008509601101115441e-04
4.006497336461724507e-04
3.981356861117352794e-04
3.977927590171693767e-04
3.953216784881558141e-04
3.921210964969429726e-04
3.918145029648380045e-04
3.905157601449498850e-04
3.892362191082356765e-04
3.825901492342543837e-04
3.819019058766716639e-04
3.787216130216376785e-04
3.767887457312018044e-04
3.749457666069680732e-04
3.745595844333325154e-04
3.723214342263081239e-04
3.718297153205447751e-04
3.682752328537776485e-04
3.663135263858071766e-04
3.643623576857153213e-04
3.628870000497279595e-04
3.576306577888948624e-04
3.560384322204070162e-04
3.546765684485372687e-04
3.522586830577739583e-04
3.510469998075906538e-04
3.494746067896219751e-04
3.492076972229228755e-04
3.451610740504106847e-04
3.442911140859668435e-04
3.419993915443297308e-04
3.398124453878949595e-04
3.370334827577974794e-04
3.344832103269988755e-04
3.336960532070069136e-04
3.285074964463452051e-04
3.277373886661158757e-04
3.256546754635410938e-04
3.239450087318387819e-04
3.232249715979382742e-04
3.216163147654629265e-04
3.209125275316796009e-04
3.192615097210130021e-04
3.183477788555727213e-04
3.152266593196704136e-04
3.137963464202196337e-04
3.113003151926486511e-04
3.109123612610792051e-04
3.093131897765373918e-04
3.073337253838185701e-04
3.065836413481427001e-04
3.022339483316082874e-04
3.017234224275586424e-04
3.002265262623202429e-04
2.975196497378010461e-04
2.971300313134892868e-04
2.954851633645583795e-04
2.944837732060479139e-04
2.926699775554692027e-04
2.925409217548732626e-04
2.912221179137735238e-04
2.885353954788769429e-04
2.879584193101554414e-04
2.869659923581884898e-04
2.834177387552830221e-04
2.824692621050562281e-04
2.806307125595901915e-04
2.804700939774847600e-04
2.782780518220819661e-04
2.778362320044816536e-04
2.764863545678255077e-04
2.761117306329336570e-04
2.751500564970512795e-04
2.743383705218279019e-04
2.707871630980548993e-04
2.693200398539502484e-04
2.681848407321637704e-04
2.648885819331533737e-04
2.621528610613839579e-04
2.608698691854363519e-04
2.594341820343115711e-04
2.581061418844878539e-04
2.568355587460235327e-04
2.567811470225979604e-04
2.541520316688046250e-04
2.528766126684158064e-04
2.518466182562289959e-04
2.510833902980560083e-04
2.495344946240172406e-04
2.487213966061798971e-04
2.462383631226160922e-04
2.445070898476448223e-04
2.429930172319261141e-04
2.424297394137332913e-04
2.414670579084052953e-04
2.389352065083206588e-04
2.383418988065772479e-04
2.376363267177055154e-04
2.361903483816098291e-04
2.347177837093335771e-04
2.341127151432954097e-04
2.321773998951567528e-04
2.281721316555370956e-04
2.267509638809687836e-04
2.249891408657501187e-04
2.247361470547130902e-04
2.237317885854980251e-04
2.224797013123125942e-04
2.219382866694571900e-04
2.217211212475133318e-04
2.214894628488973450e-04
2.197652645910896734e-04
2.187326867608649383e-04
2.167528479079450427e-04
2.132779822881118780e-04
2.129012871361890525e-04
2.116035494937026690e-04
2.106382762691258470e-04
2.096912150439906122e-04
2.085018241804023533e-04
2.079505142743988226e-04
2.074696581506057938e-04
2.068515864195541400e-04
2.046438610816456692e-04
2.039798433895198635e-04
2.015182388607262057e-04
2.006901366202271531e-04
2.004728134038201979e-04
2.001128946547251787e-04
1.989754817460570797e-04
1.989091157580685928e-04
1.974893662526614651e-04
1.963380428650848570e-04
1.950194028603259610e-04
1.941457871204233974e-04
1.919375968938498737e-04
1.918774270598559771e-04
1.905984158805476580e-04
1.900604117084534416e-04
1.897171096998936999e-04
1.878891916106742704e-04
1.877999454855968742e-04
1.873006273600378603e-04
1.839475942233276674e-04
1.839318421542852162e-04
1.807236404221120268e-04
1.798667758308754978e-04
1.792135553421684169e-04
1.781474665597321196e-04
1.757562590171051571e-04
1.753201969556201839e-04
1.737818236392859737e-04
1.733711747728238081e-04
1.710846837876801819e-04
1.704008912580283659e-04
1.693287856285506611e-04
1.689573706382694945e-04
1.667339386473224837e-04
1.652752234594801872e-04
1.648997332757200728e-04
1.640092054220884730e-04
1.637009030708793560e-04
1.623793932259751224e-04
1.617028780588857775e-04
1.615854107495868282e-04
1.601744191955481076e-04
1.591927256399846809e-04
1.578344172244748654e-04
1.574275114069120123e-04
1.563442492691818398e-04
1.557043196537073650e-04
1.549225401932398762e-04
1.534879702685531947e-04
1.530506747085532760e-04
1.525242363899113266e-04
1.492115378005836126e-04
1.491138232023455983e-04
1.483211706014659292e-04
1.476312399894408193e-04
1.471144187597574215e-04
1.462390906809952584e-04
1.438400329105792963e-04
1.432481085212852008e-04
1.418814329371313819e-04
1.415968903215154774e-04
1.398378379549785136e-04
1.384429742865412693e-04
1.380040715843386921e-04
1.369707488907022841e-04
1.368508656477189717e-04
1.349640896312247283e-04
1.347672484295767885e-04
1.341156749905839606e-04
1.334708660424838557e-04
1.330765280675512592e-04
1.321395369094585735e-04
1.302682777840717123e-04
1.301094610699745963e-04
1.285939232492231191e-04
1.278758790773360757e-04
1.272775703412069013e-04
1.262096027987847486e-04
1.250066627608525623e-04
1.249905672605123067e-04
1.242624004749174260e-04
1.230779678051042059e-04
1.223710050087045221e-04
1.211177201433981875e-04
1.183922812524698144e-04
1.173424017672709981e-04
1.165779759427164580e-04
1.154351961800658668e-04
1.147968012295432736e-04
1.147125087756072380e-04
1.129919207049283298e-04
1.125115128448465261e-04
1.120807787796306926e-04
1.111997279224920894e-04
1.107534920286795200e-04
1.089985672915435905e-04
1.084354272270916634e-04
1.081839383825370840e-04
1.066091949323964865e-04
1.059439420635439937e-04
1.044267273230259905e-04
1.033654347749084554e-04
1.015366093902250337e-04
9.952119574393650638e-05
9.897868788021729183e-05
9.858923238232032368e-05
9.716862383156144283e-05
9.705162222701354190e-05
9.625204366369523095e-05
9.504436474706852011e-05
9.424213912909039294e-05
9.367825167255312499e-05
9.163996300694105782e-05
9.151401098417575935e-05
9.112423401606702621e-05
9.082182445044213726e-05
8.995820903407818192e-05
8.968263389912335031e-05
8.767994405000764028e-05
8.737747243218537297e-05
8.693158866211954958e-05
8.460146907135907826e-05
8.452711353618033415e-05
8.374831204767598663e-05
8.045864737442073400e-05
7.977006871563419282e-05
7.751769753314627083e-05
7.675812751430670302e-05
7.521017402734770133e-05
7.504522367868928315e-05
7.457381435029269024e-05
7.440627239749330690e-05
7.305115531061590582e-05
7.199748680120016196e-05
7.107464459287282980e-05
7.044626782829684932e-05
6.975184925003219904e-05
6.884779827423536964e-05
6.849521120269845152e-05
6.718561356321945213e-05
6.653243062971564903e-05
6.613485836053388306e-05
6.330139223326082705e-05
6.275440105009782413e-05
6.173980706508555138e-05
6.102523282612964522e-05
6.028783054989116466e-05
5.923482731306709540e-05
5.798331878559215226e-05
5.667443723617886269e-05
5.633757701651618486e-05
5.571039320589986756e-05
5.307413641333713568e-05
5.283850774305015081e-05
5.197604438022194182e-05
4.915986050953206020e-05
4.715248545020365463e-05
4.505228409396436521e-05
4.470390794749001448e-05
4.419506057683412998e-05
4.318054938914427478e-05
4.204857687186288825e-05
3.858800770168315365e-05
3.818293165218311581e-05
3.655130718901974848e-05
3.294871266060806115e-05
3.119678196147809010e-05
3.117386693289506789e-05
2.993180599418628098e-05
2.884613599778772271e-05
2.846471233134954628e-05
2.678318369391088620e-05
2.646505025983927431e-05
2.516664044157667973e-05
2.457497842606031432e-05
2.423355782474358042e-05
2.325700762527322348e-05
2.266330338292876412e-05
2.207398779061596901e-05
2.118610831634418887e-05
1.888872733169202870e-05
1.852642763039147051e-05
1.666900598889970665e-05
1.578770362271455981e-05
1.493608153186298263e-05
1.405818927566247345e-05
1.322860555524481941e-05
1.166763618212572601e-05
1.111355831567849825e-05
1.057096177408762781e-05
1.049908672291948549e-05
9.779931438627650634e-06
8.993324546539159167e-06
8.629596876556504489e-06
8.586104760126772196e-06
7.482141662092865777e-06
7.058036742480898400e-06
5.786078897617974449e-06
5.280094425605598129e-06
4.758874615196795620e-06
4.573431164175006415e-06
3.900744172077875700e-06
3.859355341264344104e-06
3.760686710487837738e-06
3.702877900989613190e-06
3.365485213949541134e-06
2.811678455746259739e-06
2.710716635022719580e-06
1.483014315696745770e-06
6.889758219653341750e-07
2.517633784702806835e-07
1.075284726242951253e-08
1.283980348658715922e-16
2.758696358908838238e-20
