3.285600647003039665e-02
2.811439317494129897e-02
2.053594596389626478e-02
1.559278984070767982e-02
1.217130921126244845e-02
1.109474450877134463e-02
9.873913824346996701e-03
8.847649286704352065e-03
8.441359531019826043e-03
7.924612932815329469e-03
6.890216459521631906e-03
6.783156200667019714e-03
6.470871880922760520e-03
6.328762428055257835e-03
6.122656737708676890e-03
5.850353830800593229e-03
5.409897874147360716e-03
5.202532784439923771e-03
4.935253794793233520e-03
4.875375316977653695e-03
4.781973689823351345e-03
4.491839089395898744e-03
4.382870273710032585e-03
4.208343276587947664e-03
4.198056606016842968e-03
4.152777058761264808e-03
4.134362825388686151e-03
3.960213500922914881e-03
3.869801815510679355e-03
3.665887728539200807e-03
3.618579518957173047e-03
3.539687971791361919e-03
3.518910139742112073e-03
3.376083199121387123e-03
3.340328036104791946e-03
3.279165646189317451e-03
3.152740077832252158e-03
3.092759977259458299e-03
3.071809373385271484e-03
3.040491797007153617e-03
2.987292202445406258e-03
2.978051342266474499e-03
2.905692857381276303e-03
2.897816345408527408e-03
2.813651333894084602e-03
2.788043098746516204e-03
2.749819003761536790e-03
2.674857663272678203e-03
2.604090759373587759e-03
2.583135186108760206e-03
2.546618522987764265e-03
2.514842480679567970e-03
2.507815979802195151e-03
2.483197685072819575e-03
2.464542004196065925e-03
2.407375179925940259e-03
2.348417767993486293e-03
2.324120735343535461e-03
2.314594124901756585e-03
2.236563751324038580e-03
2.221303405798828127e-03
2.214022493873811157e-03
2.185320771036745012e-03
2.176524563905467887e-03
2.146158102122825394e-03
2.136904511421275788e-03
2.115140263225541353e-03
2.086319826472189404e-03
2.035338175913531389e-03
2.014366504793140521e-03
1.980457277290599040e-03
1.958843667277065242e-03
1.941033168893433738e-03
1.917464660322960174e-03
1.895774280257550484e-03
1.893300011002599544e-03
1.886014025349797658e-03
1.862244225053723366e-03
1.841531234983263517e-03
1.830294072312884084e-03
1.816470294588690398e-03
1.777272066832396268e-03
1.770914413429304415e-03
1.732237130818340071e-03
1.727222383894812903e-03
1.708232360983484056e-03
1.691918870012716538e-03
1.675158714712967354e-03
1.673198961704127881e-03
1.662143041250023837e-03
1.638272066679298446e-03
1.636199216899525974e-03
1.620143132002546150e-03
1.606748307152418374e-03
1.578355280432929301e-03
1.552710130497361512e-03
1.548872630564824713e-03
1.538982961956411599e-03
1.513223069885403843e-03
1.509490119831089112e-03
1.494241972090693850e-03
1.489465614620963212e-03
1.462516073875501062e-03
1.460797071630282225e-03
1.457188840712902609e-03
1.452285975071225359e-03
1.446502184594124392e-03
1.440958140416269320e-03
1.400889467801174314e-03
1.387095183260961392e-03
1.374353966023883315e-03
1.372051591687088864e-03
1.344932583415530585e-03
1.342714674720932614e-03
1.338316949324584422e-03
1.333102219010656037e-03
1.312470073287730311e-03
1.307792396459962628e-03
1.292383866861515325e-03
1.289941327357212045e-03
1.272027241022309109e-03
1.265182970402265817e-03
1.260988229844092322e-03
1.252984747602410055e-03
1.250076892865660235e-03
1.229757774728420464e-03
1.228119112049462763e-03
1.199416753785605355e-03
1.195371537408092830e-03
1.190713651555921774e-03
1.180318539670921311e-03
1.170016871950240161e-03
1.169665045974327498e-03
1.161556081729400161e-03
1.156716074786350631e-03
1.142966796923308411e-03
1.138475121765680775e-03
1.133756848274465731e-03
1.129416758560467752e-03
1.121364389355287722e-03
1.113446355503497440e-03
1.108009842677242949e-03
1.084976838366412399e-03
1.079940838441306771e-03
1.075265655169657620e-03
1.068436737376981605e-03
1.062878578074401238e-03
1.050914365727664748e-03
1.049347360984278230e-03
1.034356641213798585e-03
1.031391323300322703e-03
1.027605433010852446e-03
1.013243686196407464e-03
1.010881541611772507e-03
1.001488922989154104e-03
9.996336405455714339e-04
9.961283685734200356e-04
9.927749814372729010e-04
9.808885618092400439e-04
9.790261564643727363e-04
9.639727017661589700e-04
9.568057122647636876e-04
9.531951742139294125e-04
9.519807639415774807e-04
9.456352587182313089e-04
9.436901836909521646e-04
9.292447212904775093e-04
9.267744696888383874e-04
9.185762130310461951e-04
9.083524176165693300e-04
9.074712196258622821e-04
9.057059249548411566e-04
8.937387235828810452e-04
8.869042920227959096e-04
8.866488235661954638e-04
8.819373429679248488e-04
8.803759038627364739e-04
8.753308082962445082e-04
8.672800244855853298e-04
8.588262512648646343e-04
8.536739395736822004e-04
8.477145513058164912e-04
8.451950826084153080e-04
8.355420426326046852e-04
8.325458974922978926e-04
8.320159695263207398e-04
8.235886935940124002e-04
8.125764872501558796e-04
8.113926831571904039e-04
8.002186376953312206e-04
7.984472392923024249e-04
7.951917087390984393e-04
7.915419108897372167e-04
7.904731365999810881e-04
7.895008972867612225e-04
7.748661954414940746e-04
7.733295753173302428e-04
7.669086813936242062e-04
7.660794290319387955e-04
7.636732069806560080e-04
7.601418219014260264e-04
7.572975324195050598e-04
7.474206787558731720e-04
7.435341826825521503e-04
7.412612390729425441e-04
7.376021903344595274e-04
7.341123680351752329e-04
7.267898076202464327e-04
7.217011937868659426e-04
7.161906744799852219e-04
7.072952598394133695e-04
7.061374720086705577e-04
7.038702538860925912e-04
7.005625878011455991e-04
6.972121331063094000e-04
6.948871586227507204e-04
6.888459517928033132e-04
6.882365789812279261e-04
6.776004803814221315e-04
6.765756916976277836e-04
6.731428583664080629e-04
6.699130226640782502e-04
6.649285636430657745e-04
6.619634770267611955e-04
6.575293011334117305e-04
6.519676206514617980e-04
6.489408995720099584e-04
6.412766576084260239e-04
6.405863446028745110e-04
6.390552641260871308e-04
6.267398895522292585e-04
6.249751854730811740e-04
6.202450936707232590e-04
6.183062745748981901e-04
6.177067254543349350e-04
6.144428459250482000e-04
6.129015713241554170e-04
6.104530921471860994e-04
6.096174738947516885e-04
6.056473748367820122e-04
6.009467256376850195e-04
5.981740488380322875e-04
5.918106954719706088e-04
5.885326042677017488e-04
5.827481591662863909e-04
5.825670124048029684e-04
5.813114989066466183e-04
5.782869688427202557e-04
5.739348606418352618e-04
5.733123994061174213e-04
5.670443191484118546e-04
5.652542665654439321e-04
5.634361443315569640e-04
5.575908121242782603e-04
5.564877215702643005e-04
5.539761434508800502e-04
5.496478979114893066e-04
5.455115605848872553e-04
5.451009582945557643e-04
5.411041706214305465e-04
5.400445452749050301e-04
5.386116765829523532e-04
5.341397425975661110e-04
5.280352474351454476e-04
5.259991534237957794e-04
5.162608415499524931e-04
5.129760677184380105e-04
5.110182962646815348e-04
5.088650131876199965e-04
5.038347810184226660e-04
5.026076022914424896e-04
5.006606062211301465e-04
5.004850416983949030e-04
4.978555107965342572e-04
4.957170103955788314e-04
4.926230681545407976e-04
4.883574319515997329e-04
4.871252074532495479e-04
4.854196448912578084e-04
4.772372953841535364e-04
4.748666819583088916e-04
4.713511489457820392e-04
4.688951267411108677e-04
4.682213136198855969e-04
4.640846121710882053e-04
4.624909768120946695e-04
4.588960029566823491e-04
4.574920326922155152e-04
4.532949398795562096e-04
4.523200055108425751e-04
4.498054289773879074e-04
4.489706995687316985e-04
4.469660517259882687e-04
4.466286050707729115e-04
4.438227681675671740e-04
4.429594798739436268e-04
4.374094065120391313e-04
4.356107138913365199e-04
4.348739313263700365e-04
4.318556261939561491e-04
4.310250178510601220e-04
4.254777841055306189e-04
4.249854261476777037e-04
4.243570531604885874e-04
4.184085037745394957e-04
4.147851956565736051e-04
4.130542056189085570e-04
4.119327697230646367e-04
4.105589015464371086e-04
4.077599036815299401e-04
4.030729728209581000e-04
4.003809763926936783e-04
3.995870436592923488e-04
3.956769745179155532e-04
3.914464275174543728e-04
3.899736166662888894e-04
3.877956099545723880e-04
3.862340219341038410e-04
3.848164342443622125e-04
3.842525326361400208e-04
3.815493336258660986e-04
3.796757479033969823e-04
3.784107781877081513e-04
3.779584029596994780e-04
3.752215310674205263e-04
3.720567994556988559e-04
3.692809186576619736e-04
3.669796041993678083e-04
3.645230007067633217e-04
3.609559517871792789e-04
3.581090272591888396e-04
3.555205664281603549e-04
3.552178063632183418e-04
3.540875115314579794e-04
3.533381645983614408e-04
3.512355705860353773e-04
3.498935583105469292e-04
3.477640345343608035e-04
3.457416381544615070e-04
3.455307081109845963e-04
3.437021848813868216e-04
3.425031354631141115e-04
3.413242059056709860e-04
3.388874315511845002e-04
3.381666239903796450e-04
3.367813314810470652e-04
3.366781757079215513e-04
3.298074496234580351e-04
3.290744548364938271e-04
3.267230197124429501e-04
3.253324190230010384e-04
3.233668220840838652e-04
3.228395763962582546e-04
3.211701198466389230e-04
3.207287408906865796e-04
3.183326554160250017e-04
3.168306760809306470e-04
3.151445405882657784e-04
3.141733972235346119e-04
3.097267873070467278e-04
3.075160376995861029e-04
3.062488966558857295e-04
3.042047877883643581e-04
3.036672652784368903e-04
3.016638218544411931e-04
3.009194024598543121e-04
2.979960068472110825e-04
2.978423827438584021e-04
2.953344414390918931e-04
2.936276218253618987e-04
2.914830427507414108e-04
2.892982145279158926e-04
2.878893488460874820e-04
2.844042156928985291e-04
2.835517403634593377e-04
2.816022016530714028e-04
2.792465330453105577e-04
2.791434519615799579e-04
2.782524969123676903e-04
2.772587609728707162e-04
2.759928676418895647e-04
2.741378740186958861e-04
2.724625019325224631e-04
2.714949016344031518e-04
2.686948731616535350e-04
2.680468087645188177e-04
2.659259424985118791e-04
2.646431623831262668e-04
2.641063950692333585e-04
2.605609359800793159e-04
2.602395753422269311e-04
2.595550395684082467e-04
2.567666327851704142e-04
2.552714651435271593e-04
2.550563566773339139e-04
2.540429569452831650e-04
2.533828823755097568e-04
2.518147294425110579e-04
2.511493697363132251e-04
2.491366159634856832e-04
2.489839976613072298e-04
2.475530348270829693e-04
2.447725020626402483e-04
2.431954380004315835e-04
2.421045984005471973e-04
2.419292648166155701e-04
2.399487224555809555e-04
2.394763467588004885e-04
2.388623606864842108e-04
2.387061037894875172e-04
2.370797852007148977e-04
2.362154895019815250e-04
2.338320659552983857e-04
2.324820341300094480e-04
2.316922134111715236e-04
2.288773284607745272e-04
2.259463510746569299e-04
2.253366569922860398e-04
2.238509607975596697e-04
2.235719960978855354e-04
2.219794098459786850e-04
2.218431251378035992e-04
2.190533374261853592e-04
2.182976182538892739e-04
2.180096699520055940e-04
2.164031545958570795e-04
2.154728727893787468e-04
2.144079309135722027e-04
2.126512083890236824e-04
2.111021992082053912e-04
2.101437933987191297e-04
2.094417476758920810e-04
2.081162822187929834e-04
2.062290910623132824e-04
2.061660640483753860e-04
2.051118110458609593e-04
2.043785524078572914e-04
2.028210490947378254e-04
2.014864752711771384e-04
1.998480954732774787e-04
1.964002249848410364e-04
1.956464489654359041e-04
1.942578750599279814e-04
1.934998485528432240e-04
1.929794767412746823e-04
1.919077583928143458e-04
1.914851775455302259e-04
1.911760485565338892e-04
1.911025178449102236e-04
1.894404125489408122e-04
1.884457057654218828e-04
1.873272553258238692e-04
1.837871801149297058e-04
1.832106656561669085e-04
1.823886820327660549e-04
1.813317406041969632e-04
1.811259958240210067e-04
1.801818639246397684e-04
1.795963194641038993e-04
1.788112948269419326e-04
1.781901678604750315e-04
1.763168080461396405e-04
1.755553946695777084e-04
1.741029976730714432e-04
1.729389666406213645e-04
1.723720616459968288e-04
1.717610141783273059e-04
1.713624084035023857e-04
1.709078771760890163e-04
1.702943495560851200e-04
1.689473187738145489e-04
1.678066993325265117e-04
1.672356756611353382e-04
1.656609087373126226e-04
1.651372750858953753e-04
1.645371420137278448e-04
1.640927998735943480e-04
1.630112922467230119e-04
1.623290051521817789e-04
1.619785166614299339e-04
1.614440364609675540e-04
1.583886824517322534e-04
1.576751915388569295e-04
1.558819820384920504e-04
1.551184407017739168e-04
1.546713617426623787e-04
1.535530231613360609e-04
1.515141327419875948e-04
1.509703177710813393e-04
1.497447025014245669e-04
1.495694323796130474e-04
1.474123490084188490e-04
1.469978955338494984e-04
1.459078271347657063e-04
1.455293656204071414e-04
1.435726913316233910e-04
1.424834960907062726e-04
1.424435753816346087e-04
1.413738173283008272e-04
1.407778716319951209e-04
1.401052648318537814e-04
1.395721135763635355e-04
1.390934369389201764e-04
1.377057443314395392e-04
1.373901592324390129e-04
1.359406517877728726e-04
1.356836642732784412e-04
1.348114540769618024e-04
1.340128516028840264e-04
1.332900986188983322e-04
1.321870718484542153e-04
1.317067874365871697e-04
1.310196084873024153e-04
1.293375313243966826e-04
1.283754967989807140e-04
1.276244104107873961e-04
1.269813378137417111e-04
1.265644680647812594e-04
1.259911403064966121e-04
1.240048568341871121e-04
1.233054390632454635e-04
1.220589233740842551e-04
1.219380237757336169e-04
1.203214208658062782e-04
1.193832912910628634e-04
1.184882163580663721e-04
1.180523123735151980e-04
1.174158721448527698e-04
1.161171451434413735e-04
1.158116283227833489e-04
1.148629241544711014e-04
1.147369120470293245e-04
1.143668764487372713e-04
1.133719979374335312e-04
1.121630744109723823e-04
1.119145119637240590e-04
1.104848329479267861e-04
1.096816409361527935e-04
1.095671244143397549e-04
1.082658894495342421e-04
1.074077838664601683e-04
1.071406885750682009e-04
1.068899800150171489e-04
1.058230159424006044e-04
1.052560006997220829e-04
1.039448711026888761e-04
1.013623672257961547e-04
1.010228166737229605e-04
1.003927365553274688e-04
9.918240603166828917e-05
9.874013801119289402e-05
9.855419605462394333e-05
9.701423563601131673e-05
9.675699485635668514e-05
9.637917932011171767e-05
9.530616598317415741e-05
9.471121163479974067e-05
9.368166672039666466e-05
9.310032252053856885e-05
9.277768989941366225e-05
9.164967990525018607e-05
9.113202391958401326e-05
8.996279395556072364e-05
8.885284365628898977e-05
8.720428821612571664e-05
8.561910771184120411e-05
8.499561533645062534e-05
8.471286978521070450e-05
8.356073019833321503e-05
8.343644185061869362e-05
8.254913006956689139e-05
8.163730820912706149e-05
8.074680688951157558e-05
8.034980311015448256e-05
7.875041296809234305e-05
7.844816541420334950e-05
7.815920304862562405e-05
7.793617889282005264e-05
7.688978698501794016e-05
7.680469143442404428e-05
7.529092170887498737e-05
7.499215641370807911e-05
7.449870679635671618e-05
7.274122895478584891e-05
7.260986732235688785e-05
7.173307519124286604e-05
6.929552560814177442e-05
6.847884488590036802e-05
6.645438908045911940e-05
6.577546253317320657e-05
6.424782143547053018e-05
6.421082675119252760e-05
6.390142628509942030e-05
6.371843860112101415e-05
6.270912823484122865e-05
6.167337332992944745e-05
6.077767835404969464e-05
5.988895629582381230e-05
5.970269471519551864e-05
5.901690792773851737e-05
5.866194725238285527e-05
5.746967377908288255e-05
5.720448786125694997e-05
5.636029231304611262e-05
5.401991493617194269e-05
5.347343255761619844e-05
5.275233668426809719e-05
5.218108142178459844e-05
5.155831785925068313e-05
5.053479090688904753e-05
4.950059655275337335e-05
4.826811791182985579e-05
4.760653345355316581e-05
4.736835109414689688e-05
4.539312975049965510e-05
4.526303445408559774e-05
4.428877040715131579e-05
4.178778494092610512e-05
4.013425478567679479e-05
3.814735425992299086e-05
3.808817619798058864e-05
3.746978465192199903e-05
3.626795045724197364e-05
3.604087394306865709e-05
3.321419102837871399e-05
3.271127801207393239e-05
3.142529790239609533e-05
2.768629937258945128e-05
2.675472978917577818e-05
2.664468991132685685e-05
2.527629547377641383e-05
2.492792465530823697e-05
2.454828640490392931e-05
2.310525010844640792e-05
2.280906164787982262e-05
2.163563710668808693e-05
2.117208420145656080e-05
2.098261600448782290e-05
2.006871088113079438e-05
1.942774579820801334e-05
1.901092814721432400e-05
1.833569602133977236e-05
1.618813166902643554e-05
1.588307454526201261e-05
1.430138817442696609e-05
1.374033798925060150e-05
1.269166420138831973e-05
1.204768744089239669e-05
1.136369516546780219e-05
1.001181424200935569e-05
9.506562493500770919e-06
9.065540476193636535e-06
8.965149176340611874e-06
8.425807646120151483e-06
7.700361437526286748e-06
7.407179289677265244e-06
7.373532685576907030e-06
6.355680399792183888e-06
6.056975530725705380e-06
4.958376013494278404e-06
4.508758583507882792e-06
4.209379408258867391e-06
3.897397878001731630e-06
3.399165522524167783e-06
3.381692369251192186e-06
3.173763699932121784e-06
3.110091216869921884e-06
2.893411829356972861e-06
2.393319473493779803e-06
2.310598831213456590e-06
1.259650482638201350e-06
6.026256108936860402e-07
2.154601381892441500e-07
1.151020569390188512e-08
1.283313358472237321e-16
1.388571771260265201e-19
