3.828161478628557268e-01
3.756657248984319186e-01
3.245773628706779546e-01
2.029108479833029444e-01
1.622661111622205055e-01
1.505634453695376129e-01
1.312148419009606104e-01
1.273756957882039020e-01
1.245634111803815558e-01
1.058722219826999239e-01
1.035836535566121430e-01
9.611211672004495166e-02
8.715511266735428975e-02
8.638946657132134943e-02
8.135927466128656249e-02
7.669359883364479380e-02
7.407437527048221781e-02
7.227369168489458651e-02
6.998414127531450701e-02
6.888380046621775388e-02
6.706924575843010994e-02
6.372323613251063001e-02
6.184632767401435777e-02
5.988627019452114064e-02
5.980153754648386000e-02
5.701875408065867901e-02
5.626288154565733945e-02
5.419071241899571512e-02
5.247163245319881597e-02
5.102902802003728838e-02
5.041600693013367079e-02
4.984778248416196766e-02
4.956475534770875269e-02
4.932411816259012899e-02
4.897731827747682509e-02
4.616970849222985090e-02
4.539337682493114340e-02
4.384796035069647713e-02
4.266130024310182262e-02
4.246935301113462929e-02
4.210413530495121098e-02
4.148092581216830665e-02
4.084960163922065485e-02
4.043910760381028840e-02
3.946391694720930571e-02
3.822640136527134108e-02
3.724734563917352775e-02
3.705973658091974571e-02
3.667333667763145871e-02
3.638364640178372994e-02
3.630309791247193774e-02
3.608124723452519472e-02
3.575576800163901559e-02
3.550526469960642306e-02
3.471715634161372244e-02
3.417746453182366612e-02
3.321207427088675862e-02
3.274053173169289704e-02
3.177651998189579691e-02
3.169271269016208509e-02
3.150632993208767052e-02
3.142009592450186600e-02
3.133285010170619445e-02
3.060237283803592459e-02
3.036952899163563105e-02
2.982665299790898325e-02
2.929342151842717970e-02
2.877757119772545932e-02
2.873572704698338504e-02
2.848965374358487790e-02
2.821777133079651084e-02
2.803803011118317923e-02
2.793162716569990572e-02
2.752022177569774311e-02
2.741867425679350018e-02
2.718500458537074366e-02
2.714828878851182486e-02
2.677749211442916749e-02
2.641816926764338144e-02
2.579247040989631271e-02
2.557646967810923294e-02
2.504441030975341695e-02
2.488374472210308497e-02
2.454322688869279082e-02
2.430175262773221975e-02
2.424627529476535218e-02
2.407313807439756537e-02
2.394295554905017526e-02
2.355978781192183402e-02
2.333926573934054158e-02
2.318192734727657703e-02
2.300129167874986544e-02
2.281872349019704871e-02
2.261690702189834284e-02
2.241961576113297300e-02
2.228754913185573144e-02
2.218219462003223619e-02
2.193131136047754559e-02
2.162437600344378763e-02
2.158650037390447141e-02
2.156395607349364738e-02
2.131115462731859866e-02
2.123500360836351811e-02
2.103468999499594552e-02
2.095470388491287722e-02
2.075592211847673493e-02
2.058931519002846905e-02
2.018080286218041502e-02
1.988204443842172056e-02
1.965396564449946315e-02
1.947774166861540937e-02
1.937239123270692934e-02
1.905352568969200314e-02
1.892877045788139354e-02
1.891026588148009280e-02
1.888664414538200262e-02
1.874134447086563127e-02
1.865828989935845381e-02
1.838114358146268612e-02
1.831142690464438241e-02
1.817946128930038666e-02
1.809188310825197640e-02
1.791360765902672014e-02
1.783696375512766955e-02
1.779329185812606254e-02
1.774049757493251916e-02
1.756463124871961504e-02
1.736469905364210198e-02
1.731198520478707120e-02
1.725124454174764219e-02
1.689782325987306683e-02
1.686516223375042478e-02
1.685648199267839042e-02
1.667935075057595112e-02
1.651497546256750631e-02
1.650156726170017366e-02
1.641238737061133032e-02
1.635893057017241345e-02
1.611619275240747107e-02
1.604547496836640844e-02
1.580160080812972531e-02
1.559813965998517286e-02
1.559207124244650980e-02
1.536268124608073174e-02
1.526730676594892193e-02
1.516755631046739529e-02
1.499393844431660613e-02
1.490060720206257822e-02
1.485773005699226636e-02
1.475262226723756710e-02
1.467951579034939072e-02
1.463210199986223446e-02
1.456088247041757017e-02
1.447487669444774867e-02
1.445995945293915980e-02
1.444042013408227028e-02
1.432069912616911952e-02
1.421240528387888655e-02
1.420041483224570439e-02
1.402750438681674497e-02
1.400139355471586959e-02
1.389534088203090573e-02
1.378774554061700658e-02
1.372113519034569816e-02
1.355357091500768683e-02
1.340275981752252210e-02
1.333549500882861942e-02
1.322641985289168057e-02
1.317939191322284147e-02
1.316802069266339616e-02
1.305960959798828022e-02
1.295141108402243259e-02
1.292124828456560348e-02
1.287856327123774666e-02
1.285802383998556515e-02
1.269826639840891842e-02
1.254651500451259456e-02
1.248275787730809654e-02
1.234824455190620777e-02
1.221010434295427896e-02
1.219979080611470305e-02
1.204779471516937046e-02
1.198207197676543108e-02
1.193822241534886475e-02
1.187587042272216648e-02
1.182214586282780144e-02
1.171002190351768356e-02
1.165823796621971026e-02
1.159969455834846883e-02
1.158888995192837099e-02
1.156260285922161221e-02
1.149271732817917259e-02
1.145394010474011862e-02
1.141528330216880563e-02
1.130927453953467325e-02
1.126592638892588184e-02
1.122627962306337740e-02
1.117424870542322105e-02
1.114046536808393009e-02
1.104768838635325143e-02
1.092707158908072518e-02
1.086449534845247006e-02
1.080368440814275660e-02
1.078186431139849417e-02
1.070694467910326964e-02
1.059004051260884274e-02
1.044838726997348276e-02
1.041301779628688202e-02
1.037326653463620067e-02
1.032936870446840745e-02
1.027963978889314019e-02
1.024606940605865026e-02
1.021429204174989502e-02
1.017572773509527705e-02
1.004705833879471384e-02
1.002737439658017184e-02
9.883841397506695076e-03
9.810672842635724533e-03
9.734345965104080137e-03
9.710933494341033104e-03
9.650838314283431002e-03
9.613573745047034741e-03
9.508877334506633111e-03
9.470998127207030937e-03
9.435853570552274819e-03
9.430020943261873886e-03
9.357449860961425739e-03
9.274906810977603944e-03
9.243058120454903173e-03
9.202696123624287683e-03
9.169759233514197111e-03
9.081892237329882572e-03
9.067976835555519033e-03
9.040375241042918064e-03
9.006459784688929798e-03
8.972116579583935131e-03
8.896673128370552810e-03
8.875011530043819957e-03
8.787120828079407822e-03
8.736846937788918938e-03
8.728982107682648969e-03
8.676045598852231977e-03
8.587307600303007576e-03
8.568420631209871033e-03
8.516749176424674023e-03
8.455741290585207931e-03
8.404782523372174990e-03
8.358097263150022702e-03
8.335545269846606625e-03
8.309394977827970832e-03
8.244907440044944164e-03
8.201343900000795939e-03
8.177595035200864101e-03
8.142588674829795425e-03
8.042530609779299094e-03
7.954090300071964270e-03
7.939888307403225251e-03
7.901638427857524474e-03
7.873972041158937285e-03
7.820655605757915324e-03
7.749883500282836804e-03
7.723005068386974703e-03
7.700544201178234800e-03
7.575656109624229889e-03
7.536357238719973949e-03
7.459985784872807946e-03
7.442565513460840630e-03
7.423575873488165444e-03
7.407801480862227089e-03
7.329554613884642182e-03
7.258876681636391472e-03
7.244577322160648293e-03
7.205180233160002855e-03
7.163148049633985548e-03
7.132649630341983057e-03
7.049655546856831677e-03
7.039824533871628411e-03
7.010368746264730028e-03
6.974640209528501153e-03
6.964863465141451354e-03
6.892069744683598440e-03
6.883709618617097660e-03
6.813213192858349337e-03
6.802395550989041861e-03
6.779937945568011680e-03
6.754870080747063174e-03
6.725699593204349271e-03
6.674399514636610367e-03
6.668796951133905415e-03
6.642814981207710925e-03
6.614744537333282562e-03
6.506177634672986182e-03
6.470849434408312145e-03
6.451266038382564259e-03
6.435693561156302991e-03
6.393484631246262352e-03
6.355058622147489143e-03
6.320576691914740405e-03
6.275213182619305066e-03
6.265967030484782992e-03
6.193301880550811100e-03
6.171045910307457021e-03
6.136452435525584052e-03
6.095480331611268301e-03
6.090806678784549226e-03
6.000765723413681307e-03
5.978864490121576537e-03
5.916106410369532595e-03
5.871030080248454755e-03
5.859298564199195807e-03
5.845026088256101773e-03
5.822759742589858796e-03
5.774903708039071451e-03
5.741569598749458186e-03
5.735249521917543461e-03
5.689285344839463063e-03
5.635200460354670114e-03
5.624443080199175229e-03
5.585725732487751595e-03
5.576037516600959761e-03
5.560977594471720048e-03
5.511996943416299852e-03
5.484419732532475576e-03
5.449351508600050811e-03
5.416042956939762926e-03
5.403756506651834213e-03
5.398886988261705419e-03
5.373252419609761237e-03
5.299467080722679822e-03
5.268265175650511771e-03
5.238388684522005991e-03
5.228120982135211862e-03
5.199380148129890272e-03
5.169019901474189091e-03
5.154247876825527805e-03
5.124638906161205036e-03
5.098070578849631107e-03
5.071186243028885307e-03
5.067852632453164786e-03
5.034560246648509332e-03
5.008957950941697428e-03
4.983861994635348062e-03
4.935078628033052507e-03
4.903375916655575845e-03
4.890899970570305316e-03
4.885535781925349867e-03
4.849378916891902355e-03
4.838714784283822817e-03
4.814044339414384581e-03
4.775838794695981028e-03
4.720308401884584955e-03
4.715985437994505043e-03
4.664251770570912968e-03
4.628124123195047866e-03
4.605500504978934755e-03
4.583239169504599829e-03
4.570541895523143501e-03
4.537636276822947651e-03
4.517580371788275720e-03
4.505923185481220880e-03
4.473354830061105486e-03
4.447177300060990886e-03
4.425645335559283237e-03
4.369685196977333638e-03
4.360006619756649250e-03
4.303757888293472701e-03
4.284781577933668463e-03
4.257844105420539697e-03
4.215653136838969604e-03
4.208572191566813461e-03
4.186786306367479629e-03
4.173015161123229746e-03
4.161753082065978819e-03
4.151754998119680344e-03
4.123492105516077082e-03
4.113378262762152314e-03
4.096361406460284453e-03
4.066714215044270504e-03
4.037725901127523984e-03
4.023527655799394656e-03
3.988071444334147751e-03
3.982922137008152071e-03
3.944109085811430340e-03
3.930135619842859730e-03
3.905371741628442615e-03
3.892889306501564218e-03
3.867969194945522580e-03
3.818579466118595441e-03
3.811732706098288747e-03
3.798008996226769334e-03
3.785553469758182969e-03
3.783292621173719398e-03
3.759912718967201549e-03
3.727525375123514912e-03
3.707613813657041710e-03
3.704213201497763824e-03
3.682868717334552601e-03
3.673177113262417800e-03
3.643529169143430550e-03
3.641511790604909284e-03
3.636381941494593387e-03
3.623879007753668790e-03
3.603906928009116203e-03
3.579297589535780817e-03
3.572066352627264671e-03
3.524618534543937521e-03
3.512624752021037237e-03
3.489965702445870822e-03
3.467526931147454135e-03
3.452149281176476910e-03
3.435257309502630276e-03
3.390526339568123663e-03
3.384452269663286092e-03
3.360728020744284655e-03
3.354956750791574394e-03
3.329308885074912672e-03
3.317521616964504150e-03
3.304692482007697777e-03
3.270380054822870884e-03
3.244141324492014287e-03
3.227391171543057997e-03
3.211318687593793866e-03
3.189551994507998194e-03
3.176263351875130512e-03
3.161717872034423924e-03
3.140928516201148962e-03
3.126963752053824562e-03
3.113123736906571546e-03
3.095368966889231258e-03
3.078846009216310107e-03
3.051981595707197164e-03
3.028375584553962777e-03
3.027594421466157752e-03
3.003192634101937205e-03
2.987569996088869188e-03
2.978620981116329204e-03
2.962343050597670679e-03
2.939167391218786441e-03
2.921036214516937752e-03
2.914906308954318386e-03
2.902004720004752129e-03
2.896328769751816204e-03
2.869572596936333184e-03
2.842162778736455168e-03
2.831014484858190242e-03
2.809143077023085015e-03
2.807357220007332139e-03
2.765760423007348253e-03
2.747230770062057768e-03
2.735413420517824896e-03
2.730424594506782737e-03
2.723909194086766242e-03
2.710460598334950202e-03
2.692320920939125090e-03
2.682545816260996016e-03
2.669492003342634201e-03
2.663203485027670209e-03
2.641908450395171783e-03
2.633368456096757664e-03
2.617053233569121336e-03
2.606873928265294061e-03
2.589166571142751967e-03
2.577480936716368583e-03
2.566948728492864443e-03
2.550887339000437910e-03
2.545866076298531223e-03
2.531590500757543299e-03
2.509554347160915244e-03
2.507723145834820679e-03
2.501928662977815927e-03
2.489657693364347862e-03
2.480365605261624674e-03
2.439377118241905801e-03
2.429993428110518040e-03
2.413243718490900701e-03
2.387608559679103241e-03
2.365426884245017385e-03
2.358646669917171049e-03
2.345351259462812640e-03
2.330863187407162130e-03
2.315221001211021853e-03
2.307386132405663502e-03
2.286100130939512816e-03
2.282350492565574963e-03
2.276259064436965841e-03
2.265340294958276355e-03
2.252886038964125280e-03
2.219457342150663037e-03
2.214046053792165063e-03
2.198710173800331319e-03
2.181636657191034917e-03
2.164821028625207172e-03
2.160048169618443339e-03
2.130347694653624002e-03
2.125159943022977577e-03
2.122818458662546152e-03
2.116802790582638944e-03
2.109853568958440766e-03
2.078549871284056903e-03
2.051527308159896076e-03
2.041516519003547768e-03
2.029933596325218196e-03
2.017550268096128963e-03
2.011695323319279746e-03
2.008149831144705882e-03
2.000626312304825804e-03
1.979204657184902884e-03
1.958517387320323714e-03
1.932609367238337242e-03
1.928580252917484967e-03
1.921197701474886129e-03
1.910634669957142094e-03
1.906222113081418529e-03
1.889592877811488046e-03
1.875624554856947061e-03
1.861889542428213059e-03
1.853364490365645798e-03
1.834590995121912482e-03
1.832168710197655580e-03
1.827582914914405209e-03
1.807132644663880577e-03
1.801085422738599564e-03
1.782413891116777643e-03
1.773530900183954012e-03
1.748816459190266582e-03
1.732693279076070406e-03
1.731320074611689174e-03
1.721555869446614578e-03
1.716593389187552826e-03
1.704965991505632498e-03
1.689070687431922565e-03
1.682852736299044177e-03
1.679223697390135961e-03
1.665537610433648428e-03
1.641437058363110716e-03
1.635195536741352413e-03
1.626193072326272094e-03
1.616431535664867485e-03
1.612095749281221724e-03
1.585453063996682208e-03
1.582636108769520412e-03
1.550876336583915114e-03
1.543398591872261133e-03
1.539537533353505785e-03
1.524454778747200362e-03
1.512024229936226143e-03
1.494938889353895125e-03
1.491190013845966568e-03
1.476997714993216618e-03
1.473326974727033525e-03
1.470601595040694652e-03
1.434338150660670417e-03
1.424858167707045934e-03
1.421093645969731924e-03
1.394817503867308789e-03
1.389782078563904510e-03
1.380070034597518161e-03
1.373925365753348414e-03
1.367396781126065846e-03
1.357256269351321673e-03
1.349573604766801703e-03
1.349057973172975442e-03
1.313424701297256914e-03
1.302544582468512322e-03
1.295607241508495546e-03
1.263298461718431439e-03
1.256538298891319867e-03
1.254113955468803962e-03
1.239669418476015009e-03
1.208184650457612636e-03
1.200663977017156665e-03
1.190309886488758774e-03
1.189377618081577381e-03
1.181919373984025414e-03
1.172220181503500240e-03
1.163259739519701156e-03
1.158454489774751088e-03
1.148789422219976099e-03
1.142194465485579357e-03
1.139471741884738728e-03
1.128632585535544386e-03
1.121881547009742543e-03
1.106127019098159621e-03
1.103429723149299078e-03
1.080085855531200296e-03
1.068727361384374901e-03
1.066123354042319534e-03
1.048923416580190265e-03
1.046673899444795688e-03
1.028894523717175562e-03
1.024210848451671775e-03
1.012657367219415390e-03
1.008910636781977640e-03
1.000464952854590323e-03
9.834614468858787067e-04
9.817654367253311407e-04
9.630076281330763590e-04
9.530300522023446618e-04
9.423974657795824213e-04
9.396167238863174223e-04
9.336318897962693052e-04
9.178219040603850191e-04
9.114141194975115346e-04
9.069434493038759041e-04
8.890145113360992590e-04
8.711567232201487994e-04
8.682102040174173368e-04
8.657359794859248404e-04
8.467349129865249513e-04
8.384804038261863121e-04
8.314885861626681186e-04
8.054459723722571596e-04
7.956627340997545492e-04
7.860293273170099139e-04
7.779544869190431434e-04
7.665022859710354406e-04
7.103575664339132310e-04
7.057348439323257857e-04
6.932712030052640443e-04
6.626967759517452938e-04
6.493633244387478094e-04
6.431597403707604941e-04
6.318996854460910565e-04
5.824400048930670039e-04
5.648750912269902107e-04
5.133205195705155700e-04
4.805897382742615651e-04
4.544436244934995143e-04
4.500464718022960235e-04
3.735587332126834564e-04
3.702331835023528299e-04
3.503555343171007122e-04
3.453784355158314866e-04
3.301212480566612637e-04
3.281780703107931452e-04
3.263221416692901064e-04
3.074742276232768530e-04
2.920759933111481080e-04
2.880758589526852330e-04
2.699849005099061406e-04
2.517638162554053437e-04
2.379592572040140715e-04
2.238403240404463292e-04
2.055966388219486289e-04
1.989613882561998086e-04
1.919238441952387641e-04
1.854448324157793404e-04
1.633386560504287858e-04
1.616158900284831953e-04
1.499931571775248867e-04
1.432626339612445691e-04
1.338741357402964437e-04
1.280682374456529370e-04
1.202668883765124666e-04
1.184744419880489344e-04
1.153454892444422960e-04
9.796598304848972620e-05
9.227407950025284810e-05
9.063400586407871311e-05
7.538090984286303778e-05
7.093327399543677893e-05
6.919610012050203746e-05
6.546813461194904654e-05
6.289858880075406382e-05
6.130944946037440106e-05
5.969131413783402640e-05
5.533564236729046127e-05
4.944454993848880698e-05
4.260935250215330589e-05
3.843702922626728518e-05
1.712043483184962005e-05
9.291492864850345112e-06
6.267045341744352575e-06
1.371825131665753857e-06
1.901750219332216325e-16
1.753532281997171297e-18
