5.017698844783609058e-01
4.485476242297685712e-01
3.689103856088548627e-01
2.526399178157142100e-01
2.006897279521479005e-01
1.868849708898603912e-01
1.657696606618481172e-01
1.554707408091066667e-01
1.505229240771949473e-01
1.313075161776488253e-01
1.211214721292503960e-01
1.176455687892709878e-01
1.076844805787920967e-01
1.072773184363714355e-01
1.001922102786116653e-01
9.760979025541124954e-02
9.240034827326645828e-02
8.787917006022666344e-02
8.627254861061345315e-02
8.369167238392516417e-02
8.246819547722322730e-02
7.652990451328556265e-02
7.541137653888684012e-02
7.295207408837345309e-02
7.219225105699426936e-02
7.095857430221566564e-02
7.033051377503965473e-02
6.734805186628022022e-02
6.643555697728868725e-02
6.278629394886396653e-02
6.200029673837513522e-02
6.103447337085092517e-02
6.063796699015491093e-02
5.935102237122000246e-02
5.828558227868374519e-02
5.727052936487508211e-02
5.397389074079602528e-02
5.314681562607504600e-02
5.234217773285653602e-02
5.164141964327727957e-02
5.147018642255057896e-02
5.090796031452959197e-02
5.075312009728298601e-02
5.028750979033750484e-02
4.858609118903944868e-02
4.796863622930216259e-02
4.612349654722460585e-02
4.557590250701516049e-02
4.509025338670548388e-02
4.479995385608482455e-02
4.441279768454313437e-02
4.401831102099532794e-02
4.337771584899046545e-02
4.309196963595048752e-02
4.261636708002809054e-02
4.176896223838682393e-02
3.987370080150633850e-02
3.945889698359495573e-02
3.930390366533543373e-02
3.859417425738382451e-02
3.847882527748871379e-02
3.837230924852028102e-02
3.814565176715696559e-02
3.775352033770529303e-02
3.768122942004936693e-02
3.703333803138015440e-02
3.663616025021800698e-02
3.558382848494567874e-02
3.534311026885297857e-02
3.497879638278810627e-02
3.460337783030437847e-02
3.393886609391849607e-02
3.383813520303281114e-02
3.342188914834815644e-02
3.332580378740886140e-02
3.290670110037439283e-02
3.276264671761682651e-02
3.253261760450096990e-02
3.223553626665372901e-02
3.132741474689349631e-02
3.092064838043091790e-02
3.077927320207972037e-02
3.022330617074296330e-02
2.992817019707956841e-02
2.974506839465212299e-02
2.963198423159636372e-02
2.938972595800020543e-02
2.934122586207601677e-02
2.895676385140294462e-02
2.893264631834795847e-02
2.859365320144684197e-02
2.834282802388842296e-02
2.806223517943513129e-02
2.784374918267490395e-02
2.748356605581071463e-02
2.728713508464751872e-02
2.703667004213815284e-02
2.687597973454071767e-02
2.657037087730148434e-02
2.643189240636996049e-02
2.601464158341288205e-02
2.588524212600062935e-02
2.580944134474035673e-02
2.575459882010013718e-02
2.550521218831372505e-02
2.518198505766634093e-02
2.476633262654778789e-02
2.450071727986355766e-02
2.429790369640289979e-02
2.410730575237524792e-02
2.404052836489160502e-02
2.353062584703587493e-02
2.332652892074872295e-02
2.329639165878891541e-02
2.305580572098683140e-02
2.294242170754250826e-02
2.285492944202512089e-02
2.274983951819652475e-02
2.263301232005491756e-02
2.258243529764815058e-02
2.250335511408399838e-02
2.233563468946880501e-02
2.215334578828760670e-02
2.181849143067291288e-02
2.166999272896167825e-02
2.152538334035895146e-02
2.128184215478435420e-02
2.124851382131776045e-02
2.110720911059190200e-02
2.096592283287618957e-02
2.078406757436304653e-02
2.058285540034440406e-02
2.032250427680328334e-02
2.023522520864983604e-02
2.021212412742226169e-02
2.012701198953409376e-02
2.001369508548960646e-02
1.969721551323026093e-02
1.958611458170040134e-02
1.951120033056415876e-02
1.931008269052216994e-02
1.923530250799253272e-02
1.893853464734797376e-02
1.881942980329758333e-02
1.860080819316671172e-02
1.838470342821847681e-02
1.830315649318213500e-02
1.821932021351780479e-02
1.813835520949989150e-02
1.810410871551241391e-02
1.795894923444263380e-02
1.792747269340896898e-02
1.780010470967377176e-02
1.776030470207726891e-02
1.772060090917216071e-02
1.765585678658457974e-02
1.752272064399254536e-02
1.749411324453030089e-02
1.738826140439406892e-02
1.709516515157107411e-02
1.705675700239560680e-02
1.693934646433456828e-02
1.686583201319564324e-02
1.664150324724911548e-02
1.655169235367577596e-02
1.641639441226822038e-02
1.636589440885092075e-02
1.625070848543446259e-02
1.603821135603407735e-02
1.592330156943350117e-02
1.589087112533313709e-02
1.582233485902347428e-02
1.576325582940825767e-02
1.567544557311405587e-02
1.557751887335229700e-02
1.543438784449589936e-02
1.539759381091257602e-02
1.516801287004840466e-02
1.508687061570478972e-02
1.492526906787822703e-02
1.481516771252834250e-02
1.479867790958407613e-02
1.469399358097180260e-02
1.457061783562488277e-02
1.451056055309139087e-02
1.446432076122290342e-02
1.434704141411004795e-02
1.430816236686085346e-02
1.416196971947673855e-02
1.411562935014150193e-02
1.405583391468193805e-02
1.402821776771365561e-02
1.399960969178359708e-02
1.393450661143650141e-02
1.386315058876659741e-02
1.380668367100423323e-02
1.377590156088285070e-02
1.369951766614368495e-02
1.359270473673100839e-02
1.345225283460816865e-02
1.328570919414525514e-02
1.325275887036306624e-02
1.318710038132107389e-02
1.310507277280028443e-02
1.306073041771353173e-02
1.300999704820085708e-02
1.287667159064015930e-02
1.281545614850533241e-02
1.253172478231186736e-02
1.251909561014328230e-02
1.249427317079229542e-02
1.246932684551523875e-02
1.244317326002837218e-02
1.239078028352411792e-02
1.229682182595763854e-02
1.213118273460071263e-02
1.207603358446860363e-02
1.199161286948927617e-02
1.189945011782507847e-02
1.183567039360813346e-02
1.176498716676222835e-02
1.175384577824177372e-02
1.168285994180738065e-02
1.154369298969047837e-02
1.151108725638621405e-02
1.142058792518979918e-02
1.135870103875346281e-02
1.132090316773509686e-02
1.129000673483195744e-02
1.122799505949217784e-02
1.115768032667231562e-02
1.108439013575064115e-02
1.100139789394012982e-02
1.097783473145296819e-02
1.096087481313852072e-02
1.091211261896028045e-02
1.088076244989375461e-02
1.085633356419323653e-02
1.076393261285431280e-02
1.071172811240953503e-02
1.067735418274425724e-02
1.062420993881974321e-02
1.056481186174439667e-02
1.048923845496575399e-02
1.041463974673693775e-02
1.034705818827548127e-02
1.024318523399850994e-02
1.019809118872934753e-02
1.016923414359686972e-02
1.011811911688766628e-02
1.009548284309189255e-02
9.927154512420585664e-03
9.882487163628250401e-03
9.820093229115157626e-03
9.804179037034675345e-03
9.737048734825622109e-03
9.687511609162726550e-03
9.655893378990594578e-03
9.585224625456630759e-03
9.531204562255446780e-03
9.486717421672017161e-03
9.420848561229227050e-03
9.402846896582292210e-03
9.302729324500937438e-03
9.169915667895324821e-03
9.156439740643914846e-03
9.115447780823668356e-03
9.063729784355227873e-03
9.034456514769502802e-03
8.965007224668379918e-03
8.936194866249049656e-03
8.886425336395050584e-03
8.833348910962395342e-03
8.787527970412377029e-03
8.774650774261890870e-03
8.635858090435058476e-03
8.615289980576432485e-03
8.584855715341236509e-03
8.559761162908291823e-03
8.503965297649049987e-03
8.484326350193931512e-03
8.445582642907751431e-03
8.402554420933443929e-03
8.358443885628461315e-03
8.331786191352030455e-03
8.299431132117635751e-03
8.246932175485766764e-03
8.158375514500243453e-03
8.130998176175564113e-03
8.091063448283185647e-03
8.002555145566263642e-03
7.958100961752452920e-03
7.912662983496741506e-03
7.849604719481201656e-03
7.826616413391499633e-03
7.816371656092021766e-03
7.767532076051458269e-03
7.746263638669141638e-03
7.711014204300787635e-03
7.653932211534815282e-03
7.555992326590168194e-03
7.547025376733443661e-03
7.529599722003343931e-03
7.437288611295826690e-03
7.398424421887627930e-03
7.378276463167017345e-03
7.309227211522388752e-03
7.281768329063579431e-03
7.271751632476069691e-03
7.213767934723512402e-03
7.181284460159201993e-03
7.150073673437862612e-03
7.103255254292972255e-03
7.000324926660693101e-03
6.927830303296507973e-03
6.894852771908114610e-03
6.861671504820678925e-03
6.840940564265490451e-03
6.836443440973539142e-03
6.797426579426321669e-03
6.761812396739383391e-03
6.736645556465806900e-03
6.723650143849582705e-03
6.662377386866102230e-03
6.634526739865104043e-03
6.610411674283286389e-03
6.582859948289357561e-03
6.567592738890209135e-03
6.526425463102193507e-03
6.483836932431745297e-03
6.455308105316745655e-03
6.439055159369949481e-03
6.395492010048360598e-03
6.374873803536077604e-03
6.331434402265290022e-03
6.321782828735239036e-03
6.276549804805358831e-03
6.206476109001434448e-03
6.189353432620404646e-03
6.165113468051077773e-03
6.143932389794591956e-03
6.087170501171661717e-03
6.060254874832154796e-03
6.039246508772340948e-03
6.008702287569066096e-03
5.987658455590611981e-03
5.939257271145723799e-03
5.908510514287701465e-03
5.851665683084364931e-03
5.809632034272805418e-03
5.789372207835604724e-03
5.763717581072882318e-03
5.756475298318978508e-03
5.738416618762421165e-03
5.710403576389451105e-03
5.647097065913526601e-03
5.617642020635114225e-03
5.589869774175393845e-03
5.532757680587393860e-03
5.514020588848178236e-03
5.475450061273407984e-03
5.399819819174791515e-03
5.368905101056224358e-03
5.316562539893736859e-03
5.303581936258060583e-03
5.288978494936788337e-03
5.262801823890120301e-03
5.237043924391250431e-03
5.222860502952305847e-03
5.163555053469834691e-03
5.148718737862472555e-03
5.103362862651034115e-03
5.097189200413943487e-03
5.077129689716101610e-03
5.063668839298469601e-03
5.051545402003221677e-03
5.015586232436163028e-03
4.991159709414665253e-03
4.958572104755363738e-03
4.956023030974407440e-03
4.934037470500246027e-03
4.910909327546074225e-03
4.857325860342087513e-03
4.822739146091065826e-03
4.806898433261603230e-03
4.776409625007766585e-03
4.760349748595598361e-03
4.704310689134342215e-03
4.694642285492802748e-03
4.677965041417121543e-03
4.667964215667562942e-03
4.617088778497585068e-03
4.604001045729696866e-03
4.580670058092462492e-03
4.576801330852616270e-03
4.558457007056087619e-03
4.536904408904976309e-03
4.499002740069726197e-03
4.467114388975333174e-03
4.454470208491505615e-03
4.430001708049894141e-03
4.418503635515967816e-03
4.384052909553483139e-03
4.358711110869109388e-03
4.342852910003363806e-03
4.319368410050334478e-03
4.284312865309903781e-03
4.268477117059570926e-03
4.249467773863073276e-03
4.229336426360304907e-03
4.198447813359322718e-03
4.187969929477328157e-03
4.150220809688090484e-03
4.135187449211666366e-03
4.096116335145124666e-03
4.072929179810451557e-03
4.060474521610426407e-03
4.038332627719501758e-03
4.015245578283714936e-03
3.968001665321486786e-03
3.938578404103177007e-03
3.897898550528078754e-03
3.879236872967253055e-03
3.847035454457706227e-03
3.836470781812416700e-03
3.829879993476902316e-03
3.825326289264784855e-03
3.804643501535481896e-03
3.784781567575333603e-03
3.762243319883879986e-03
3.727842686951738423e-03
3.710307913804500313e-03
3.682713304500148839e-03
3.657555527018011097e-03
3.654148985283240704e-03
3.641344656901284588e-03
3.616523745450175506e-03
3.607823710552686587e-03
3.593512004478546969e-03
3.572090705577564244e-03
3.552295742791281193e-03
3.511856698043510847e-03
3.503332761304691224e-03
3.491564406525559262e-03
3.466675662597915996e-03
3.451403375283753749e-03
3.422521323310708050e-03
3.401516908385332494e-03
3.383868222939220849e-03
3.368690419025707067e-03
3.339341808475316219e-03
3.334968586276619053e-03
3.321339229011113000e-03
3.312677445488787335e-03
3.298292320444666005e-03
3.274658690141559522e-03
3.268465477489827103e-03
3.244091837047244613e-03
3.241220380789304988e-03
3.210893486153444144e-03
3.198603177779294707e-03
3.180713827323327844e-03
3.163317223617083309e-03
3.149977272256216689e-03
3.123496247714858953e-03
3.116932493221559724e-03
3.106153403571575849e-03
3.082444070443945538e-03
3.068868686470879042e-03
3.065510381823716764e-03
3.045894216339945903e-03
3.019226894891884408e-03
2.990986233156571038e-03
2.969659629130465966e-03
2.945148853805376523e-03
2.930820275043350721e-03
2.902985121805913733e-03
2.888397341167814065e-03
2.882580857394049026e-03
2.852347279762591867e-03
2.847371219990666759e-03
2.834644924666019413e-03
2.792877478236590987e-03
2.773213984610700331e-03
2.758655429432471835e-03
2.736033188915442012e-03
2.720249581731488606e-03
2.711302946850679962e-03
2.697612492854791540e-03
2.688115881874643225e-03
2.665289105020760257e-03
2.639833830521666046e-03
2.632655902528459324e-03
2.608430175658382495e-03
2.601460339609106345e-03
2.580447368859980356e-03
2.575679491919803492e-03
2.559925214205823439e-03
2.554402559266443808e-03
2.533829151043221362e-03
2.510953528383839950e-03
2.502785889344661709e-03
2.493811713158904184e-03
2.488932044449220903e-03
2.478034687260886708e-03
2.459377778235999085e-03
2.424836946081384767e-03
2.416786706108567644e-03
2.381100169887440197e-03
2.372596109771210604e-03
2.340776326438914669e-03
2.334865543866683230e-03
2.321524814323970825e-03
2.310957441134270374e-03
2.283264776866355660e-03
2.280148605309228159e-03
2.274366461080257629e-03
2.262647973230155329e-03
2.246950982851706000e-03
2.237579999914769864e-03
2.210647883547792267e-03
2.198036998427241491e-03
2.188461839559425505e-03
2.175450133025939436e-03
2.160498417604448697e-03
2.148740881153204333e-03
2.123993877914164777e-03
2.113458074607608636e-03
2.107718557107503537e-03
2.095790657557473902e-03
2.078915039385638170e-03
2.072898473728844015e-03
2.069852476693734896e-03
2.061377777967928447e-03
2.048408699019902551e-03
2.036178477880363786e-03
1.996528625270844667e-03
1.984205644476723027e-03
1.975514231325896635e-03
1.958191712721827054e-03
1.936819085719094580e-03
1.924452241813829050e-03
1.915681677411706831e-03
1.896184261516503525e-03
1.884540082476722587e-03
1.883219099335973470e-03
1.872368505431194850e-03
1.854312276373937729e-03
1.826330962197578048e-03
1.814183452496153856e-03
1.799424445106176298e-03
1.788739062503297587e-03
1.784554952706302782e-03
1.761801835621115177e-03
1.746359094660236960e-03
1.733292544497598477e-03
1.712037336130938208e-03
1.708757604592999130e-03
1.696572037085692730e-03
1.681219671513381649e-03
1.643744709246140918e-03
1.641396565338447975e-03
1.633990946048372549e-03
1.620314201928127083e-03
1.614482790797924089e-03
1.578248992461936395e-03
1.573790800042677331e-03
1.552139523508881333e-03
1.544703990890112502e-03
1.535834476950277694e-03
1.519445920788783455e-03
1.499554046835915736e-03
1.494730607183793799e-03
1.478352673491088254e-03
1.475132764210292146e-03
1.460110471580551876e-03
1.456103983596300369e-03
1.429960363013674110e-03
1.416373875040623578e-03
1.401310145588978819e-03
1.384968835421256355e-03
1.363009847656532084e-03
1.356932609261504675e-03
1.350166277435509545e-03
1.336436195949647658e-03
1.321767524167537450e-03
1.311555683357703162e-03
1.307894233194167736e-03
1.294172349523974117e-03
1.291981276113202386e-03
1.280623047145500442e-03
1.253914262239806546e-03
1.248807938808158598e-03
1.241120545880631133e-03
1.238055314512074212e-03
1.220650334595826947e-03
1.208106003421921841e-03
1.206836462787346182e-03
1.166885731154379329e-03
1.153605457318615957e-03
1.129058524400606547e-03
1.115070292265994299e-03
1.110502141801811803e-03
1.105599325913952588e-03
1.088575514443309395e-03
1.079807638923639592e-03
1.068069276892415296e-03
1.052588803139978268e-03
1.050913998225757153e-03
1.026878640509821996e-03
1.007642891812690535e-03
9.895033820378866529e-04
9.707715977053362269e-04
9.535108707124824445e-04
9.351699134510983074e-04
9.113966474169928186e-04
8.931360362567558392e-04
8.852119923025701968e-04
8.507287606462233392e-04
8.318996764542723561e-04
8.249290003980833293e-04
7.985088127065002612e-04
7.912513871750216209e-04
7.549158380235052902e-04
6.882519019082320930e-04
6.197397730169510247e-04
5.822989690119458528e-04
5.635541050394680821e-04
5.540707714381207802e-04
4.629734239662330387e-04
4.615767542978750290e-04
4.417992155812402403e-04
4.335499187544191477e-04
4.137109962203622477e-04
4.119436448569561461e-04
4.105554804485185907e-04
3.781335236729272938e-04
3.635998130532422314e-04
3.610534890154575363e-04
3.311372917407315731e-04
3.208337825879216268e-04
2.882582334298505397e-04
2.736091478070290560e-04
2.524327047752843818e-04
2.499339807718890848e-04
2.348419428603338178e-04
2.259474641586889116e-04
2.027255162879739424e-04
2.014605445278800202e-04
1.920093345297970225e-04
1.777735755673103316e-04
1.599664618222806326e-04
1.553613544889772267e-04
1.488507605684973555e-04
1.482907066507846048e-04
1.369717226181914403e-04
1.232344800873815579e-04
1.164318762226966374e-04
1.067835890880669390e-04
9.261178800702505448e-05
8.655730930781603202e-05
8.352136474540871030e-05
7.921866699369038115e-05
7.557769187583232681e-05
7.436959621782634968e-05
6.950179930921389360e-05
6.698922388387456585e-05
6.184366235212900595e-05
5.365263424599695679e-05
4.439272877703741331e-05
2.062806971913501945e-05
1.288603848765677189e-05
6.734085942409258865e-06
2.074116227521271135e-06
1.660662880627562194e-16
2.134119355277975905e-18
