5.227015842293199210e-02
4.469494674016945973e-02
3.824916038239870031e-02
1.344899180537077049e-02
7.699125694203110166e-03
6.834989870446562567e-03
6.597121285475984059e-03
5.086542644414402368e-03
3.443305448319569639e-03
3.280098465764629510e-03
2.942512244005023644e-03
2.554622865376240601e-03
2.400805823568010443e-03
1.867604382127987812e-03
1.642810563580314985e-03
1.444168460497614447e-03
1.204431313556899794e-03
1.152527900161318076e-03
1.006211614034080003e-03
8.767644223765351519e-04
8.112352223486346157e-04
7.336035139098045664e-04
6.206646615337372327e-04
4.898755151253639901e-04
4.250286290841439186e-04
3.907387706648467835e-04
3.302639701266633747e-04
2.997273650446283266e-04
2.561599678599008924e-04
2.167451215207935762e-04
2.018604894815349978e-04
1.747542518358571276e-04
1.700041733152739102e-04
1.556883716577112434e-04
1.272067149350016230e-04
1.052675997596784382e-04
9.928256427977822014e-05
7.883542459116651979e-05
7.057392420814774634e-05
6.955882228108413868e-05
5.814417971327715527e-05
4.580606895885073652e-05
3.901160283933186241e-05
3.111205274223904595e-05
2.685207326447267440e-05
2.229886583795357924e-05
1.795245760974245776e-05
1.464929874433660430e-05
1.188623660014522508e-05
9.489037996627496714e-06
7.408383269448921806e-06
6.773778953101896837e-06
3.121583826427545266e-06
8.780496648640821883e-07
1.283670197463059558e-18
5.123639055108568924e-19
-1.351897093647287403e-06
-3.741627775457563760e-06
-6.389513812271377606e-06
-9.621459224029721977e-06
-1.882518092482680033e-05
-1.953940799070416224e-05
-2.476040227088990817e-05
-2.853700100879445926e-05
-3.742293358863504421e-05
-4.348184862273400035e-05
-4.771807559092093945e-05
-5.968240261862439592e-05
-6.374983644679704125e-05
-6.399975796539224141e-05
-7.114659287816988407e-05
-7.792470199403861767e-05
-8.435439945377917585e-05
-8.987517485515909529e-05
-1.016702816881934895e-04
-1.089978953010185570e-04
-1.196806291045824532e-04
-1.434308894275159319e-04
-1.501013543495065023e-04
-1.618196241233447249e-04
-1.921923882956259779e-04
-2.057864179346472692e-04
-2.177851735085700768e-04
-2.432581249684982445e-04
-2.549825704128928696e-04
-2.648304351248445456e-04
-2.946715406420198527e-04
-3.247812291868889829e-04
-3.414749780464673592e-04
-3.490904322631614969e-04
-3.578430759072914616e-04
-3.782087249887044816e-04
-4.229480060177243268e-04
-4.688206352857178039e-04
-4.823348473233084210e-04
-5.252385763216180616e-04
-5.490517301180085309e-04
-5.849483541217823102e-04
-6.423548271813814790e-04
-7.142196778380817661e-04
-7.538943658949328035e-04
-8.177870887318621851e-04
-9.366392103414708731e-04
-9.665576541361383181e-04
-1.119140503337870537e-03
-1.185399481827850146e-03
-1.320823777579930181e-03
-1.405882305460588256e-03
-1.574856706503452875e-03
-1.832781550610939562e-03
-1.918901734248189359e-03
-2.032493405617969567e-03
-2.312185411908170354e-03
-2.372952921964978108e-03
-2.549886017077948770e-03
-2.651431636073206793e-03
-3.364445478366177595e-03
-3.856804082124752446e-03
-4.852604651728193060e-03
-7.622742883624699511e-03
-8.347743805662083405e-03
