-3.197070510674891840e-18
-2.098483100527814479e-18
-1.267544125542951262e-18
-1.128392609459661880e-18
-1.032536643199147932e-18
-8.582093433312140436e-19
-7.625141338619937154e-19
-7.234664285101091124e-19
-6.251187499322991755e-19
-5.982308127915180024e-19
-4.970338284866621115e-19
-4.550716225226338211e-19
-4.270977535820972067e-19
-4.016236918698895785e-19
-3.882738365864692390e-19
-3.518646539693482817e-19
-3.306515398193451425e-19
-3.078729282345977341e-19
-2.848613894329290694e-19
-2.636036321095988450e-19
-2.594373524087534916e-19
-2.391558380750655937e-19
-2.241868742851105328e-19
-2.172216531386907093e-19
-1.916689325793162372e-19
-1.838619929092027131e-19
-1.799151219053323813e-19
-1.667542612881021284e-19
-1.582542879033762643e-19
-1.421479499118795326e-19
-1.297785438059819565e-19
-1.253082280350859318e-19
-1.173527072414824948e-19
-1.073993882927669541e-19
-9.537821959524895013e-20
-9.056030256641282752e-20
-7.990638841144137608e-20
-7.232567937953366551e-20
-6.417037898590563086e-20
-6.124783852727901007e-20
-4.933477910999418936e-20
-4.695385874860575967e-20
-4.460619511124338111e-20
-2.834825783933730229e-20
-2.355961839722477524e-20
-2.214642889589611181e-20
-1.395344143619894068e-20
-7.516989144679037477e-21
7.309996605659779144e-22
4.240519957672925461e-21
1.110723931646519193e-20
1.551125478953082530e-20
2.250551161157908859e-20
2.812869246744971151e-20
3.584745908773080299e-20
4.142295783435625797e-20
5.580329532717256059e-20
6.021648794483978559e-20
6.532783564608949186e-20
7.689764204390470137e-20
8.237311729369970780e-20
9.221845481295405838e-20
1.012709301534639853e-19
1.096467326137985133e-19
1.319027225588875469e-19
1.367548109960606616e-19
1.527234956861414885e-19
1.570013274350191203e-19
1.679645093943027091e-19
1.734854680149688349e-19
1.816649872252625826e-19
1.969400253327545604e-19
2.079013732339889216e-19
2.115971720217481374e-19
2.333196060739175342e-19
2.520097900759431023e-19
2.678595345602062012e-19
2.839915674058945463e-19
3.106256401880050837e-19
3.183599143696156369e-19
3.604410564717848735e-19
3.722973383129423043e-19
3.957810167554863978e-19
4.618261569659610960e-19
4.747802033022610800e-19
5.227049799104233796e-19
5.500153303696978462e-19
6.414761843315027027e-19
6.857802359701970612e-19
8.963878860987441240e-19
9.756649023503084642e-19
1.028617318543067215e-18
1.396715714044351130e-18
1.437014740634401881e-18
1.952338300901602174e-18
2.943665210199170495e-18
1.480688872763989563e-06
1.848986462238070699e-06
3.291638505088673956e-06
4.560513636493453992e-06
7.439778116075496186e-06
8.931088012240617554e-06
1.361562913909645043e-05
1.388241234934913604e-05
1.759474143680014738e-05
2.035769475776917311e-05
3.314362814294978863e-05
4.106971579748183683e-05
5.882566880256188865e-05
6.145632115188221693e-05
1.150745698175687295e-04
1.780993929914897230e-04
2.103875648947902365e-04
2.598395855034050269e-04
2.767156079066863841e-04
6.217148790905114219e-04
6.682913955126165836e-04
2.085243996858800880e-03
1.023804724725943527e-02
1.360632463249921570e-02
4.777179836641030908e-02
