8.853233704740796168e-04
3.366542848751554671e-05
6.563063050415059174e-06
5.259662635364214743e-06
3.802178896690849696e-06
2.327148164995273812e-06
1.899155901277926731e-06
1.528040892747959867e-06
1.359526362669727971e-06
1.265961288203702108e-06
6.681239296745231351e-07
4.966268928103350026e-07
3.837630362270734312e-07
2.274442163624305433e-19
-7.564669971254416189e-20
-1.481193042404764343e-07
-5.664177386064050343e-07
-9.582797216402747682e-07
-1.386782841630085909e-06
-1.715687752981188332e-06
-2.415061285333597604e-06
-6.179232479068372324e-06
-8.444365268618060245e-06
-1.439013103812066135e-05
-2.091093355845786869e-05
-2.311129572314280124e-05
-2.329286272680369948e-05
-2.840567006245136249e-05
-2.948538709974808902e-05
-3.188438169607293686e-05
-3.489639770435003582e-05
-3.566547929359572281e-05
-3.856665177406616530e-05
-4.170876079157274008e-05
-4.747217909605060734e-05
-5.099088449379694826e-05
-5.538921796506616314e-05
-5.840014124164312682e-05
-5.971014675046098819e-05
-6.338765745438675742e-05
-6.589278777801968240e-05
-7.021489994899664721e-05
-7.445858446856242624e-05
-7.631489601576427163e-05
-7.757449656631546420e-05
-8.077921538276378228e-05
-8.155709221597802309e-05
-9.193596354857288633e-05
-9.407960995370559076e-05
-9.619352870070968248e-05
-1.023235396537209777e-04
-1.044672115545090737e-04
-1.076619867920101091e-04
-1.144592134371776775e-04
-1.294148350537086131e-04
-1.396453664137652236e-04
-1.439127564020872331e-04
-1.475016008788938111e-04
-1.527604316220679693e-04
-1.736746207255959685e-04
-1.794825245501054328e-04
-1.860002852545421497e-04
-1.911558453682291492e-04
-1.998617720136475521e-04
-2.105076501364737320e-04
-2.245835169442101634e-04
-2.425010379343237607e-04
-2.574496763227034969e-04
-2.626073701134830894e-04
-2.693756519535989375e-04
-2.721570142402519659e-04
-2.887515736230864363e-04
-3.207701404264212577e-04
-3.266728487847336522e-04
-3.492557964596833915e-04
-3.513527756109687677e-04
-3.729769391516519149e-04
-4.169122131155396697e-04
-4.381597917726960494e-04
-4.478524774788717562e-04
-5.354982300574575964e-04
-5.410874793042187020e-04
-5.531733194243448415e-04
-5.759501687341825370e-04
-5.955942693289638249e-04
-6.581391516757199118e-04
-6.823980121904313573e-04
-6.910254874690852306e-04
-7.173519076099575372e-04
-7.227548631669689300e-04
-7.415277097088892764e-04
-7.861356372714194260e-04
-8.414385445704037616e-04
-8.737070938232800255e-04
-1.009589162544756490e-03
-1.023899193716696970e-03
-1.113029270943510004e-03
-1.173433145385859803e-03
-1.222481217043255202e-03
-1.266057814313772132e-03
-1.331502749380383517e-03
-1.358163221674074401e-03
-1.480355411942813233e-03
-1.514708562029415439e-03
-1.568596431564956957e-03
-1.727506999289273038e-03
-1.743850826415205496e-03
-1.974000884307863107e-03
-2.068952840380658062e-03
-2.109267003254585576e-03
-2.402638147085169908e-03
-2.546983352601274193e-03
-2.721398980065527738e-03
-2.748969470995292225e-03
-2.897407076841717298e-03
-2.983944045456117695e-03
-3.166332900296252480e-03
-3.650358469705982691e-03
-3.859390760287417961e-03
-4.021176384094152755e-03
-4.129943248399083056e-03
