-1.243416702897223169e+00
-1.681614196606419642e-01
-1.295467282594058855e-01
-5.556180908263044782e-02
-4.024670532277659085e-02
-2.264362524573582461e-02
-1.815804665901459003e-02
-1.620087701704555141e-02
-1.268928349338668132e-02
-1.092866900275519387e-02
-9.006326286584888027e-03
-8.075376892635573525e-03
-7.710848716661999891e-03
-7.534428332811849392e-03
-5.014217618630040924e-03
-4.005172161841224002e-03
-3.220460011650331383e-03
-2.922743427618840293e-03
-2.548732232011261065e-03
-2.273145604158638335e-03
-1.692272816932127071e-03
-1.526703401300894556e-03
-1.341165519863132642e-03
-1.220065152422401301e-03
-1.112313489757809585e-03
-9.601312830363587002e-04
-7.540823297082326071e-04
-7.040318906854112040e-04
-6.484296650144877674e-04
-5.527809680985252844e-04
-4.241908943431302770e-04
-4.059110337057555908e-04
-3.510730340183171663e-04
-2.506374714118987266e-04
-2.184060463101806886e-04
-1.863256182791348014e-04
-1.806856523469006553e-04
-1.637472764455811375e-04
-1.410843318607112268e-04
-9.123798574296022000e-05
-8.669280745387416523e-05
-5.838029888868084773e-05
-5.565313470418639435e-05
-4.455982724573712649e-05
-4.001054530385356330e-05
-3.525150832268565270e-05
-2.652878321999629224e-05
-2.008701962438085836e-05
-1.819124328312473745e-05
-1.319902321944370700e-05
-9.513486166131620932e-06
-5.592121025832950742e-06
-9.179249011863959959e-19
6.781590699693357542e-18
9.355320208425137971e-07
1.574817555019041500e-06
5.293126031256915541e-06
1.475260020164792620e-05
1.879719862949111330e-05
2.714445384321713040e-05
3.075991030832463867e-05
3.813345052972895026e-05
3.978179511190518743e-05
4.098087238547407183e-05
4.940416224920777903e-05
5.233802711958197683e-05
5.764353315911823747e-05
6.836320841648807023e-05
9.678072876688951869e-05
1.109635329558911177e-04
1.197029903660633960e-04
1.314921503608406479e-04
1.449154559478525164e-04
1.549930440072437837e-04
1.800385326271895727e-04
1.875323820370971000e-04
2.193722716296676921e-04
2.379394693339457307e-04
2.452168222820209345e-04
2.745960086575611027e-04
3.346396028736971099e-04
3.808025135892526870e-04
3.850910122895825492e-04
4.092951100499715809e-04
4.186490224624768073e-04
4.982225179873065726e-04
5.254799053964643186e-04
5.993515492657006593e-04
6.867292665129225886e-04
8.110800217897519079e-04
8.925610706048739927e-04
9.602791909781611002e-04
9.945586156555883458e-04
1.085000780378459146e-03
1.200984892770476245e-03
1.249772264881150339e-03
1.260512748574045723e-03
1.675669184098866216e-03
1.871851003004795528e-03
1.974045688705416707e-03
2.279750758845541618e-03
2.810054534581215430e-03
2.967854861606993022e-03
3.138911942815866482e-03
3.472100806313201636e-03
4.085098964737407697e-03
4.161653362630339352e-03
4.703785572165544368e-03
5.560925550408361666e-03
5.927265933489027534e-03
9.378038462917771823e-03
1.063831146865278424e-02
1.127247501398144156e-02
1.347876034168575196e-02
1.807866475385319985e-02
2.868576774029614820e-02
3.098364062440326847e-02
3.973589219721354593e-02
6.301677884680298436e-02
1.001209595134187752e-01
1.546715818450992430e-01
