-3.405881053489817623e-01
-1.465223609901990798e-01
-1.353631384721154240e-01
-5.887756142371098483e-02
-5.423650369408525296e-02
-5.319157656503204629e-02
-3.405383809190512534e-02
-3.171974501303059107e-02
-2.856410764395657040e-02
-2.824997830460197756e-02
-2.471494283794550134e-02
-1.908279800363741480e-02
-1.659475129603510055e-02
-1.571599271257836591e-02
-1.221313497376290760e-02
-1.205818270874223913e-02
-1.031269645842597046e-02
-1.007106414935325135e-02
-9.490372877719092243e-03
-8.382537317043973341e-03
-7.807440928561028975e-03
-6.865306977060963226e-03
-6.768393645443928491e-03
-5.950308128449422612e-03
-5.912988099793800058e-03
-5.485234080002576035e-03
-5.065778268205258297e-03
-4.565633287386679055e-03
-4.069013102609436369e-03
-3.670276439366251808e-03
-3.466337392274853983e-03
-3.327589307459861111e-03
-3.116020608356286949e-03
-2.914903318361815147e-03
-2.829717443025938674e-03
-2.649381488978548322e-03
-2.422007418046919457e-03
-2.307511037188452775e-03
-2.131505416778413115e-03
-1.945233741661386373e-03
-1.917714859415735025e-03
-1.619799564915356789e-03
-1.571099035638054637e-03
-1.552146247218172707e-03
-1.453884549944112941e-03
-1.405252433233040435e-03
-1.172219929578899051e-03
-1.104969965117315192e-03
-1.078410540207001443e-03
-1.010657552860685492e-03
-9.652495061829399108e-04
-9.431779515506129481e-04
-8.764071960000143413e-04
-8.527338853758187169e-04
-8.197523646773657597e-04
-7.834639680407359807e-04
-7.174139949116293971e-04
-6.686241586822569373e-04
-6.382004591999264646e-04
-6.170141897791044713e-04
-5.881665638497596271e-04
-5.429304016558052486e-04
-5.119814686620863557e-04
-4.983947390498232781e-04
-4.885012767744160121e-04
-4.285852463758782938e-04
-4.127270544438995780e-04
-3.708060026221679994e-04
-3.228810488705496028e-04
-3.117223703380833958e-04
-3.019559404925036103e-04
-2.867050026270649612e-04
-2.775211789183041375e-04
-2.668871723981716335e-04
-2.469526273482705982e-04
-2.391098878210932445e-04
-2.328869919224615058e-04
-2.232918376529906452e-04
-1.942716084230060791e-04
-1.828830659725064873e-04
-1.810314371578384748e-04
-1.608936614627153364e-04
-1.525039659653513134e-04
-1.499463586917886774e-04
-1.413520891987511121e-04
-1.404552809377167982e-04
-1.168729203828617231e-04
-1.030412406913927927e-04
-9.513573257898279008e-05
-9.097871736125065143e-05
-8.409341994849758970e-05
-8.224458258887851398e-05
-7.455100186379195592e-05
-6.239184601831397755e-05
-6.051504517688291787e-05
-5.339978053068744114e-05
-4.451376928923317172e-05
-3.135093468776024438e-05
-2.121434895045797993e-05
-1.550863401448049467e-05
-5.945146489068826957e-06
-4.076400532542430024e-06
-3.320028814899542740e-06
-2.211653204227650703e-06
-1.310600547905233609e-06
-3.570017820209556343e-07
-1.853127772144283294e-18
-1.448465622022914886e-18
8.870548619767990266e-07
1.179747610004124228e-06
1.454809533415028769e-06
2.888833755254586264e-06
3.125617002033922223e-06
3.658027726545208377e-06
5.169899513070587992e-06
5.621892898981136667e-06
9.880051241606532461e-06
1.388597638384380501e-05
1.766070962060306958e-05
1.811474096998496133e-04
5.555838858455044299e-02
