1.899967158832924913e-02
1.167920824115208610e-02
2.525758924716455227e-03
9.668297039548824461e-04
8.688656722952290594e-04
8.425660633782453566e-04
4.000462814978115360e-04
3.058999374807268843e-04
2.070286079070656664e-04
1.401995127270429557e-04
1.028585476436552745e-04
5.956122891599907268e-05
4.981570275529431571e-05
3.777189779313200069e-05
2.832943668337694783e-05
1.634764270286786581e-05
1.513528521318599170e-05
8.481157271078950999e-06
7.052235963838298467e-06
6.353615159155639837e-06
4.622508363628559594e-06
3.863140209351186609e-06
3.625217296239797665e-06
2.793782543179665568e-06
1.920071757218295195e-06
6.724369448255621014e-08
1.620439313622159772e-19
-2.925928843639826114e-19
-8.203253165222328068e-07
-3.869665972727903905e-06
-4.386914479505467746e-06
-8.980587667455753155e-06
-1.215103541684301456e-05
-1.551221042027920281e-05
-2.156195909215778342e-05
-2.378490965090702996e-05
-2.917115833649767671e-05
-3.555355482843128930e-05
-5.057909047721667275e-05
-5.522229962202968885e-05
-6.179179799622884809e-05
-6.743139625968376950e-05
-7.097717941769009101e-05
-8.258345353460534385e-05
-9.015050817946642584e-05
-1.001300762206576932e-04
-1.096095748198361937e-04
-1.205101604271871968e-04
-1.359301188935466815e-04
-1.386205498718718016e-04
-1.464225284443507256e-04
-1.527655135105296358e-04
-1.730520523756159522e-04
-1.784444035079702699e-04
-1.894658563244886568e-04
-1.933116075555971604e-04
-2.079516171625835454e-04
-2.237095807795060260e-04
-2.407939432602135320e-04
-2.674888957616470653e-04
-2.700833973119871390e-04
-2.779765798225737258e-04
-2.861406886478321671e-04
-3.175459875671336708e-04
-3.333970215440830659e-04
-3.660831291173580930e-04
-3.818105055243250969e-04
-4.241387801421516823e-04
-4.492870286239219004e-04
-4.526988061138335299e-04
-4.809766932906578852e-04
-5.159624896899824833e-04
-5.342686642708677647e-04
-5.737323941179591630e-04
-6.437797164386290481e-04
-6.532298381688856053e-04
-7.107001231327354351e-04
-7.515887328644318749e-04
-7.877686815421147334e-04
-8.055912472079611655e-04
-8.242173659774727464e-04
-9.337718514349424223e-04
-1.002871862742139028e-03
-1.069838951784574804e-03
-1.138971141144919444e-03
-1.199827023193140866e-03
-1.237797382623499406e-03
-1.426177769238089503e-03
-1.436261092368684841e-03
-1.563560029398098619e-03
-1.722192155375899640e-03
-1.804834360185646669e-03
-1.837597704155761102e-03
-1.920858738218015260e-03
-1.971940809401602317e-03
-2.167996760351284698e-03
-2.264053504630968335e-03
-2.413002057251802720e-03
-2.560501524346052004e-03
-2.687527392753896564e-03
-2.744437895150018090e-03
-3.147278886996318723e-03
-3.311995999130212896e-03
-3.353783631973405403e-03
-3.620627002040030431e-03
-3.812752116860964463e-03
-4.141218635319660057e-03
-4.251235431984151485e-03
-4.744132897222552193e-03
-4.925325317617215010e-03
-5.067120742347725436e-03
-5.449179370451920183e-03
-5.832057177532736642e-03
-6.560302035429045608e-03
-7.202807602810251675e-03
-7.461145193914045168e-03
-8.448703275445897110e-03
-1.038117568451005397e-02
-1.103891264574222847e-02
-1.168091643372199187e-02
-1.194248282170792819e-02
