-4.673798249484709122e-02
-3.839076860472410979e-02
-2.456702369725959068e-02
-2.111958491704465576e-02
-1.792053439188223338e-02
-1.537440894218949569e-02
-1.320787292942190473e-02
-1.158428861829532280e-02
-1.001713039770319238e-02
-9.363565518794149042e-03
-8.466478227046205993e-03
-8.305124494131706572e-03
-7.682162203747495630e-03
-6.096265510409652928e-03
-5.461731975804423427e-03
-4.651930212640096804e-03
-4.221073014001652801e-03
-3.841465116871379398e-03
-3.213536202107479100e-03
-2.979600461405368557e-03
-2.811344608240390255e-03
-2.555024668247323286e-03
-2.302010231159035657e-03
-2.040301966580097218e-03
-2.002483322393934246e-03
-1.638632250960967828e-03
-1.550029490445554471e-03
-1.311609179016333913e-03
-1.278584387563252468e-03
-1.221735105936470585e-03
-1.192005467879129858e-03
-1.056997321950173827e-03
-9.303330906833641228e-04
-8.937478026287334074e-04
-8.053751174171030515e-04
-7.992463694389113048e-04
-7.089619832258534137e-04
-6.863245008334443618e-04
-6.250250045085081231e-04
-5.535113878706366709e-04
-5.005482942138637405e-04
-4.587838804072477445e-04
-3.730236828716138519e-04
-3.351653169515973535e-04
-3.275987995329440999e-04
-3.146890688522957133e-04
-2.869623991899002461e-04
-2.271250216276780333e-04
-2.220246616930144550e-04
-1.887556099629966744e-04
-1.846490391834564200e-04
-1.658461293522497883e-04
-1.628024457057117085e-04
-1.520691203873490531e-04
-1.097726614886170883e-04
-9.736788872718179046e-05
-8.413397070161502452e-05
-6.967496504784421942e-05
-6.253295217847872685e-05
-5.505186311109382525e-05
-4.643027444096422461e-05
-1.942659022802164273e-05
-1.472512356255179747e-05
-8.170896662076776706e-06
-3.138929325370700261e-06
-1.750784360602791435e-17
1.556832004650458610e-17
1.882055478660542352e-06
6.354345356366253739e-06
1.308329147729825730e-05
1.505569283738301630e-05
2.023036470700700695e-05
2.524260835138227005e-05
3.026984247811381285e-05
3.828311272241150264e-05
4.494221497538892151e-05
6.049237229335408661e-05
7.050001590344469131e-05
8.000371135131299099e-05
1.098105206774593261e-04
1.421156001833535681e-04
1.591427514186778518e-04
1.726655098465236569e-04
2.062094251408505335e-04
2.427527610751449864e-04
3.105839265708945727e-04
3.313857446544859271e-04
3.844734251383986911e-04
4.320787651465836984e-04
5.247115515109959140e-04
5.598661594554373618e-04
6.612021451083498723e-04
7.656161743290362288e-04
1.003521447561791288e-03
1.136194453509156970e-03
1.347124850761485890e-03
1.497075039488660660e-03
1.831236377432091198e-03
2.234882738053216734e-03
2.851709101794760136e-03
3.488401013416147015e-03
3.638958076405891025e-03
4.738245420604058830e-03
5.479033725529860489e-03
6.602814288152761453e-03
8.157495018688423055e-03
1.084963142852326916e-02
1.309220747987375338e-02
1.840349803465831172e-02
2.015689149810537956e-02
2.219124039780620908e-02
2.680227005392760153e-02
2.766053136683437746e-02
6.780504464334645431e-02
7.981270785520951094e-02
1.299711820017026287e-01
1.410793186381108788e-01
3.387905735759669801e-01
1.215089326118625523e+00
2.882849451346158887e+00
6.418031995677043966e+00
