-3.615176488247978659e-01
-7.104337386418431433e-02
-2.960132441189933933e-02
-2.590647892242982017e-02
-1.891491037998073443e-02
-9.760089728875129961e-03
-7.054437768934590687e-03
-5.778935396762937410e-03
-4.995683680474243687e-03
-3.482330570119758321e-03
-2.899899285919561951e-03
-1.792403813013805939e-03
-1.484401337567912418e-03
-1.218824681200309130e-03
-1.032075053403091764e-03
-7.598052487914026343e-04
-6.503438036212405744e-04
-5.119436838487065582e-04
-3.909197317555542514e-04
-2.660490409573094571e-04
-2.205020651159758139e-04
-1.769177045762936171e-04
-1.619226367440133906e-04
-1.201549950979111103e-04
-8.043530455380937510e-05
-6.891787758178326187e-05
-5.441638895329790963e-05
-4.605013652843912913e-05
-3.747324379308333505e-05
-3.338643388353207094e-05
-2.190719009918831560e-05
-1.846292047527164063e-05
-1.306606427390631470e-05
-1.166045186229452487e-05
-7.747873776589091641e-06
-2.274150992470504214e-06
-8.202454712812632046e-07
-5.049196323384384257e-19
1.282092213918456136e-18
3.284136941430049314e-06
7.407160583347207116e-06
1.154760103109579627e-05
1.506808382155918093e-05
3.771244231221947146e-05
4.592676345562310257e-05
4.784763826596006116e-05
6.114621689546580793e-05
6.841429360425210239e-05
7.749483184927912979e-05
8.458361032815750621e-05
1.220767724280636649e-04
1.641456880775138654e-04
1.731835841077662903e-04
2.006404943180333141e-04
2.169009070580128339e-04
2.413224044556650091e-04
2.679289092875301588e-04
2.949934025399077783e-04
3.213976035358131903e-04
3.536106903665764303e-04
3.664878066090790929e-04
4.072121502729961445e-04
4.411791118049959650e-04
4.844812240388706652e-04
4.961257317364752700e-04
5.576837537827278660e-04
5.948791342697748582e-04
7.011299417066643508e-04
7.736503421538747528e-04
8.492718651208223859e-04
9.329359783997676417e-04
9.515890523693502565e-04
1.038083780885331632e-03
1.086418622296721117e-03
1.151526870641669158e-03
1.275428182546978293e-03
1.319754958373076017e-03
1.476506485355414105e-03
1.575404471692156772e-03
1.625062261673030284e-03
1.813561477724029381e-03
1.909480300370043366e-03
2.279514431259268160e-03
2.503158608943188961e-03
2.666010088665975077e-03
2.901027330800866333e-03
3.055266014931750772e-03
3.269723586808452511e-03
3.387267470605688762e-03
3.588438087453932768e-03
3.931229145099283777e-03
4.346311799086772718e-03
4.816098861943074634e-03
5.154964431137954058e-03
5.985932243049486151e-03
6.291191233595942733e-03
7.177094850898438697e-03
7.514238644744319906e-03
8.872790912657706544e-03
9.577768056721846363e-03
1.029222108794838192e-02
1.109087131808008525e-02
1.235362311524594754e-02
1.480369741127803181e-02
1.500863295691476883e-02
1.670452522139809562e-02
1.792138467469965926e-02
2.024246244325020663e-02
2.223233155448029602e-02
2.748103964577057468e-02
2.965770407753579724e-02
3.664207409835608387e-02
4.643122133285478015e-02
4.919394345494831899e-02
7.907927923558491501e-02
8.094475345651502840e-02
1.262171043585595953e-01
1.388648245868993047e-01
2.524816788427289294e-01
2.952655815794419381e-01
4.454772921025590970e-01
