-8.234549192612812263e-01
-1.336872952229456735e-01
-8.145608493741324230e-02
-4.733636798034198540e-02
-3.352692310044937812e-02
-1.635744977189183477e-02
-1.351657266702620784e-02
-1.182167263708298888e-02
-9.760649819751589240e-03
-8.400609477113367765e-03
-6.720947572832183282e-03
-6.150580760514176917e-03
-4.212368603049666815e-03
-2.652731251469032416e-03
-2.389591665647428607e-03
-2.167896984111199101e-03
-1.891258604759806514e-03
-1.806503401687642018e-03
-1.683385198340168424e-03
-1.314260109446539542e-03
-1.054123312623279169e-03
-9.651936389111306393e-04
-9.063165724970006533e-04
-8.536707409081313461e-04
-6.830830108039423953e-04
-6.038318078857198967e-04
-4.551594285462136086e-04
-4.270090419424437712e-04
-3.847871391593176826e-04
-2.878248821355517263e-04
-2.438857196639332913e-04
-1.968087304433932202e-04
-1.831419588915179735e-04
-1.264175239438021417e-04
-1.171182837043695935e-04
-1.080578349868508738e-04
-7.355635069678270169e-05
-5.444584608673787350e-05
-4.777344039345842033e-05
-4.275877906292091128e-05
-3.354427193913765384e-05
-2.829617621537217361e-05
-2.535851171146732437e-05
-1.948093971054372354e-05
-1.322706132878807889e-05
-1.028355637784183867e-05
-7.008077114472724500e-06
-3.477698243248426344e-07
-1.209912963222200482e-18
3.195957698142723088e-18
3.374292613756603522e-06
7.543490767138438147e-06
1.667282376639377448e-05
2.424308286665781206e-05
3.869937468056422692e-05
4.637148187975692962e-05
5.379698511521116403e-05
6.845845896504797461e-05
8.122545759309066635e-05
8.441628083916934285e-05
1.011406121237475204e-04
1.264940847959072738e-04
1.500942281249953241e-04
1.892654513636241953e-04
2.030388072455659415e-04
2.159186529249384015e-04
2.410272988689052319e-04
2.943795837103920822e-04
3.019362599586385360e-04
3.625689849806901254e-04
3.844077397852093498e-04
3.948563137679719066e-04
4.232970037551799739e-04
4.851329756775292642e-04
5.202537210604360040e-04
5.703071355575544798e-04
5.978177477318378716e-04
6.282333180895928199e-04
6.926635627698144110e-04
7.125780162384020688e-04
8.574220246035051509e-04
9.508537716050515388e-04
1.036282938392117615e-03
1.073413591645709262e-03
1.215031930154843219e-03
1.335429679970317422e-03
1.440640920616724323e-03
1.507778049407875126e-03
1.629752431155519861e-03
1.694403939430888040e-03
1.708956236976952574e-03
2.079314035159103135e-03
2.141476076714634007e-03
2.345887773857589613e-03
2.640663747925950898e-03
3.186723410327354372e-03
3.650939901930460186e-03
3.997072551339276268e-03
4.373802995468449410e-03
4.763748531108417603e-03
5.498583044550848717e-03
5.741160736808128759e-03
6.625083335727408040e-03
7.593843869186578041e-03
7.868230595019152368e-03
8.972530540577564745e-03
1.054276498168744795e-02
1.145565423380950909e-02
1.299525578673378819e-02
1.631199014213411194e-02
1.812659992389883262e-02
2.268431522002735401e-02
2.514588750994265279e-02
3.157930343071414098e-02
4.728042200443362958e-02
4.877652526604529110e-02
6.938688634575103376e-02
7.384389850744438322e-02
1.232673431248842433e-01
1.697720397826307792e-01
2.301176485926889614e-01
