-6.884750530795467226e-16
-2.321732517273303564e-16
-1.738037817394890236e-16
-1.491801535486001991e-16
-1.294139225665930988e-16
-1.096099930419932295e-16
-9.366241557911453613e-17
-8.575049910383343647e-17
-7.727721217570623807e-17
-7.451412814323253348e-17
-6.399769969243441089e-17
-5.573650772399238960e-17
-5.516261496213962839e-17
-4.765297232558292410e-17
-4.436261289727182408e-17
-4.014552685982435080e-17
-3.909803152949733840e-17
-3.436694246953952910e-17
-3.310412470612118601e-17
-3.269205364454807651e-17
-2.730858435011942196e-17
-2.572262475902819145e-17
-2.355442057480609424e-17
-2.261423439381210254e-17
-2.055523106461084366e-17
-1.862494957091365564e-17
-1.802173144634873111e-17
-1.726520685751572842e-17
-1.575053145357208631e-17
-1.544990080491510568e-17
-1.426653758451596250e-17
-1.268977985622624105e-17
-1.177093185236075815e-17
-1.113366655308490906e-17
-1.036263432995946798e-17
-9.274747168075191930e-18
-7.574069687512316398e-18
-6.957870426826071634e-18
-6.027897172773025230e-18
-5.423866459035553542e-18
-5.122217044849346094e-18
-4.238339359017979902e-18
-4.100915048823685984e-18
-3.195969667034508203e-18
-2.804352429150539305e-18
-1.432516088227698136e-18
-1.283214179931513385e-18
-4.301142276580616161e-19
-1.035542486903366931e-19
8.658503934825070989e-19
1.308065232020573076e-18
2.055581462216305014e-18
2.419742403741659277e-18
3.663925251397261221e-18
4.416304634973347717e-18
5.017158115526206923e-18
5.238016327743978954e-18
5.913791707555247953e-18
6.316018255078214354e-18
8.424541077261390026e-18
9.152763643428299747e-18
9.604420295831078360e-18
1.024977220679332943e-17
1.130451139381217771e-17
1.189976480509245279e-17
1.261272780411704663e-17
1.384289011757772034e-17
1.524955035803691776e-17
1.693773591888628623e-17
1.771487085884797029e-17
1.832967589614617041e-17
1.904164896638702009e-17
2.080448645573492706e-17
2.341437888700146259e-17
2.410885560468744638e-17
2.586220161047663197e-17
2.787851683150118513e-17
2.998786578470613262e-17
3.483640335036944088e-17
3.520228593698409008e-17
4.149782793025621862e-17
4.483720020484195562e-17
4.798322552090329911e-17
5.034685123312708577e-17
5.379798289548496235e-17
6.175654502957439293e-17
6.536663283421195922e-17
7.029095145115419923e-17
9.163262653538611595e-17
1.061423061883533813e-16
1.080359972747078530e-16
1.101336117156660147e-16
1.520802201634180417e-16
1.726282624027395137e-16
1.926593166767819920e-16
1.972798516139718922e-16
3.676458870179071447e-04
4.691922714483386363e-04
8.611177533730466748e-04
1.347417343015737401e-03
1.884530769958663162e-03
2.636284819351899719e-03
2.841892450899300045e-03
3.580278778838546280e-03
4.160921342845539002e-03
6.479628234923226135e-03
7.996760345486568500e-03
8.914628597776285898e-03
1.281380538055544062e-02
2.065151601424677213e-02
2.835053530292144103e-02
3.137009601523359226e-02
4.088900125617844772e-02
5.786024401457381949e-02
6.094910015357273003e-02
9.266689949289946826e-02
1.301753606650976336e-01
2.953155106382483464e-01
9.331630500452992028e-01
2.168202856550242696e+00
4.325965892892133624e+00
