6.051816571266410011e-02
6.023958802670179025e-02
4.173438866288681909e-02
1.704692506609279540e-02
1.019788347348081839e-02
1.013017497438899357e-02
8.648018182758062528e-03
5.644220150049619571e-03
5.328069726503572960e-03
5.019518651399329165e-03
3.564447214611317534e-03
3.070502952870365204e-03
2.847302701499995585e-03
2.613667447838067918e-03
2.137044749424680569e-03
1.926321794490161964e-03
1.688062520914471436e-03
1.575091383682192822e-03
1.429139738690123236e-03
1.377137336598884465e-03
1.085397380712990962e-03
1.030223288583062211e-03
9.669134588204856369e-04
7.466616149936638764e-04
6.976467470898538564e-04
5.902229401150382816e-04
5.287731159861326592e-04
4.953871757672375893e-04
4.553953137957837227e-04
4.066744512995103928e-04
3.782697313822428885e-04
3.673571853758985642e-04
3.359449975647128220e-04
3.147416858037983540e-04
2.604706380217357091e-04
2.409609112366431591e-04
1.970084622892399374e-04
1.785064345320641816e-04
1.575864293283583788e-04
1.445733678704103488e-04
1.272850624329134248e-04
1.163796286993416834e-04
9.884906410304742980e-05
8.290742594517084196e-05
7.480850604851504212e-05
5.932360604003884634e-05
5.452376868438955720e-05
5.047894324651410581e-05
4.699179105626389414e-05
3.137119862582669823e-05
2.619390492806936960e-05
2.386244679294713861e-05
1.975236221010675654e-05
1.931927432471276581e-05
1.402715018564699951e-05
1.343970614709394845e-05
1.131006900405367832e-05
1.041376871252114140e-05
7.489927803286059351e-06
5.267913890011423281e-06
1.473855910838313938e-06
4.232669210642742949e-07
6.397165691470913015e-19
-8.589715441896346763e-19
-8.871293135437369976e-07
-2.592938745714589635e-06
-4.569623012707715813e-06
-1.086499918460501081e-05
-1.362409740897543938e-05
-1.678548755438708391e-05
-1.830445027962813464e-05
-2.098067977751021405e-05
-2.581332373161083913e-05
-3.349652694685636083e-05
-3.835786787724389235e-05
-4.060797288669445006e-05
-4.906837578445889407e-05
-5.686720009470171562e-05
-6.849138963985678882e-05
-7.121276336967357994e-05
-8.589793644749588977e-05
-9.379745022025277206e-05
-9.602008563900779950e-05
-1.028309619980480782e-04
-1.086180613900882534e-04
-1.291309322322138197e-04
-1.324575297615350640e-04
-1.343377081999868792e-04
-1.465116006544675640e-04
-1.574329374413285766e-04
-1.828609324106697184e-04
-1.982550838489278468e-04
-2.115521513180273865e-04
-2.236286681411613422e-04
-2.592670204981589255e-04
-2.710761481431129888e-04
-2.847054767740641364e-04
-3.086280211335270304e-04
-3.172587579709776535e-04
-3.636699966247120149e-04
-3.870640644975484757e-04
-4.302296784923054338e-04
-4.949225740017454021e-04
-5.251878409319108961e-04
-5.599936990306309632e-04
-6.171320270994454628e-04
-6.678853791074127865e-04
-8.050381603016272232e-04
-8.709601031000018933e-04
-9.337877525936056494e-04
-1.004841489825541046e-03
-1.121900634736795787e-03
-1.202266369029038242e-03
-1.334341378651814937e-03
-1.395782796189111961e-03
-1.451445041758678105e-03
-1.742042788446685614e-03
-2.445400028750519678e-03
-3.114238572364163952e-03
-5.483509910869888322e-03
-6.043679186489749576e-03
