-2.459557244437532795e-06
-1.484375005196891532e-06
-1.176927466551713015e-06
-9.692729862535133898e-07
-7.206187921722711644e-07
-4.600600268795373535e-07
-4.121505856958723996e-07
-3.462495564665671855e-07
-1.573324892453241633e-07
-1.450982208496120540e-07
-4.451269520584021118e-08
-7.340285093826704540e-09
1.174471668828928136e-20
1.213675267159608141e-18
2.732093830900667416e-07
3.939408806367445856e-07
5.574914500741316520e-07
7.263039651418386535e-07
1.025012647492323671e-06
1.879972451436321404e-06
4.147897918206975879e-06
5.590213262760358926e-06
7.839301858903470986e-06
9.369174195007496774e-06
1.010272712073725491e-05
1.092201938308748442e-05
1.290670909427637052e-05
1.361918738492389691e-05
1.477749925028231608e-05
1.678901131615479492e-05
1.733019635402158898e-05
1.869802981064066003e-05
2.056095056875843457e-05
2.105597862378627669e-05
2.416431168808773829e-05
2.599854655586880485e-05
2.646537413545559255e-05
2.997119623520564803e-05
3.066387413213961835e-05
3.168272418204728198e-05
3.524641949365977394e-05
3.697936998162761648e-05
3.986214420763041429e-05
4.203052243742329470e-05
4.280450857785591406e-05
4.359181436106687903e-05
4.776386609997835370e-05
4.993286739643737308e-05
5.178332931399298110e-05
5.422495761155292842e-05
5.703680750755720728e-05
6.355523604351609685e-05
6.434950822036979005e-05
7.436716840593112865e-05
7.913782017603827586e-05
8.182635521203365466e-05
8.397866765574590355e-05
9.135625907737412120e-05
9.332151376669446728e-05
1.057316019680375858e-04
1.092535936988504094e-04
1.148625571652612333e-04
1.160978905685515852e-04
1.351004257695579607e-04
1.382435195032231522e-04
1.428724620278201338e-04
1.488183904636292815e-04
1.554671036211552565e-04
1.636713626192707910e-04
1.653319872880439415e-04
1.859693630671527254e-04
1.900943720932879303e-04
1.938628475635479319e-04
2.109301499153876547e-04
2.530870316752344140e-04
2.600543781585551570e-04
2.708673207016052938e-04
2.861554187750727928e-04
2.992307550931224617e-04
3.409185249671154100e-04
3.428763328263187936e-04
4.011131770015421462e-04
4.378556428020325374e-04
4.648319882259170275e-04
4.849973819419062487e-04
5.045996218978694627e-04
5.209350925358007846e-04
5.361750642751208790e-04
6.186003233121526237e-04
6.241232090408126284e-04
6.577968971522174134e-04
7.449526833870169030e-04
8.017830354591041087e-04
9.085356368210846089e-04
9.518320885803490056e-04
1.048318766550864140e-03
1.099024324255766646e-03
1.200438549970058713e-03
1.320218634045361092e-03
1.451894257647520304e-03
1.469343748142202827e-03
1.637207698534497288e-03
1.701641804795224868e-03
1.940213069363881703e-03
2.138224607230692579e-03
2.393707867963501112e-03
2.815267226928827495e-03
3.116432358668883799e-03
3.627229798354047845e-03
5.019348697746879237e-03
5.495022796641784238e-03
6.221427155345241738e-03
6.510306470523428805e-03
7.848860863486949516e-03
1.018184839490398133e-02
1.347473686152756041e-02
1.370147423898682680e-02
3.276421007123661577e-02
6.223550924184608618e-02
7.349755283372189085e-02
3.055705933611501113e-01
