-2.286733038380204044e-02
-1.814594561953151650e-02
-1.171581181657233017e-02
-1.119562089305421206e-02
-8.998087125956590743e-03
-7.610050553441058754e-03
-5.374928597525687086e-03
-4.263475574353425140e-03
-3.914267326402896818e-03
-2.828141012540537347e-03
-2.368709035757516398e-03
-2.009242386090123907e-03
-1.889636313522499072e-03
-1.699490296277932641e-03
-1.560766793344027297e-03
-1.252335607806236368e-03
-1.165801880420837960e-03
-1.017269124486266029e-03
-9.580281907146710350e-04
-7.933303309884789977e-04
-7.208583303074894786e-04
-6.267480725986642734e-04
-5.350753511601865232e-04
-5.085960032946604909e-04
-4.335714629569095702e-04
-3.840689941657714039e-04
-3.522362774872625176e-04
-2.903558736963654800e-04
-2.730483605721980948e-04
-2.498910467719868064e-04
-2.381409306626310193e-04
-2.028845270829654263e-04
-1.655584821664173099e-04
-1.411257486691845642e-04
-1.258425324186190181e-04
-9.841184092137988319e-05
-7.864792538952819717e-05
-5.536038592812986541e-05
-5.290721045183982687e-05
-4.648249292744303755e-05
-3.861555980060828901e-05
-3.461276119471268302e-05
-2.560542439084696799e-05
-1.238117835906598312e-05
-1.064604522748988411e-05
-8.158568887266150899e-06
-5.704566949661459726e-06
-1.572595673509562594e-06
-5.196539238532441482e-07
-3.187535252109343327e-07
-2.030533508788669179e-07
-1.398623863335566340e-07
-1.082144049208226345e-07
-6.596919406844066145e-08
-2.321365065244031243e-08
-5.877948108051933834e-09
-2.063072475633432945e-09
1.426258950616556852e-18
5.865868090379325935e-17
1.423371362966117348e-09
1.854980281086749625e-09
3.609645353694371098e-08
1.880541068848504124e-07
4.507874908906956824e-06
4.739074101969025218e-06
9.218223203626836244e-06
1.222592785629217931e-05
1.510883840773220002e-05
2.296538026873396629e-05
2.893202504987740824e-05
3.918865230558228922e-05
4.725717666835732350e-05
6.034794294933529648e-05
8.754569471391430090e-05
1.143696138652429959e-04
1.250231575307171345e-04
1.694006392775667801e-04
1.807805331438143209e-04
2.128791755092408137e-04
2.465540045730334781e-04
2.685639535294813765e-04
3.045134923182594728e-04
3.424995224351123305e-04
3.871912952433534199e-04
4.713847091165536559e-04
5.453543587128662244e-04
6.385768646031604080e-04
7.567117939588098021e-04
8.413313295217481709e-04
9.177884818057774601e-04
1.024414050259892135e-03
1.241802841610582407e-03
1.359062176501516601e-03
1.515670826612339987e-03
1.640022040749333256e-03
2.025896956624361010e-03
2.191177890989736299e-03
2.322988574911285468e-03
3.721730262575672927e-03
4.241364867785422585e-03
4.512955412721191342e-03
5.244909283118797359e-03
6.076784268705554340e-03
7.908873387273075012e-03
8.895622403763110350e-03
1.229934656958756728e-02
1.430880511384281795e-02
1.732468313162575241e-02
2.197438047957724419e-02
2.387008984558584151e-02
2.618960861986655356e-02
3.742116742078574476e-02
5.747916600054565894e-02
7.819107884886458693e-02
1.098141601652768973e-01
1.500757938270617098e-01
1.945448248589017881e-01
3.616610023366968463e-01
1.759647660310813322e+00
4.668452616443451220e+00
1.148564896465897789e+01
