3.183451290658896593e-03
2.316988509697123777e-03
1.237467075112183958e-03
6.337220876017194728e-04
4.500775838512082187e-04
2.888149660514680180e-04
2.536393671057611023e-04
2.186972943077684331e-04
1.320081465634933844e-04
1.247991535372840785e-04
1.052320037789454841e-04
1.026664119755666668e-04
6.193489714412740005e-05
4.959048473578988957e-05
4.409681884493825877e-05
4.352744558607434341e-05
3.228896352667476040e-05
2.955912686926483204e-05
2.947189397972705085e-05
2.682131517690876488e-05
1.511545189665398942e-05
9.742140895590068649e-06
7.569662941884048137e-06
5.666920594662399103e-06
5.206865352541269894e-06
1.846730079299104614e-18
1.709165835118876381e-18
1.502919595481992967e-18
1.352300194587482019e-18
1.215641482084604329e-18
1.065028493217567364e-18
1.035308775068887493e-18
9.598631365751491235e-19
9.373687473651174849e-19
8.953366051554019693e-19
7.886731269628038131e-19
7.550088157143374612e-19
7.120028450437580329e-19
6.661277378967215787e-19
5.789639231529992768e-19
5.716778777780602729e-19
5.103058533705404389e-19
4.805386110667519492e-19
4.408973114028769263e-19
4.282255045267894559e-19
4.176936214954935481e-19
4.101315069885036105e-19
3.571876040203410401e-19
3.259823119271190952e-19
3.049546811090284374e-19
2.998174694859727787e-19
2.851002706108247805e-19
2.769799743564236244e-19
2.284240885669846241e-19
2.182831442344519439e-19
2.109948141567029976e-19
1.888401619216172162e-19
1.781616038620047881e-19
1.646543651734793437e-19
1.457544664211628478e-19
1.393014520699032006e-19
1.265805106976798062e-19
1.124453160569238467e-19
1.043268002399877822e-19
9.200016006452517580e-20
8.581128020359280207e-20
7.704513849177639677e-20
6.595778223091038177e-20
5.329756609979940001e-20
4.501303055363295281e-20
2.781231365642492773e-20
1.871139481143213600e-20
5.497937538213436107e-21
-2.667754571644815976e-21
-8.034808839374227148e-21
-2.018700395329569339e-20
-2.904060150855695070e-20
-3.911182217425498472e-20
-5.059787101837622665e-20
-6.159450565524034635e-20
-6.645399715168827965e-20
-8.194554091930772811e-20
-9.147355512803608280e-20
-1.032977594235218835e-19
-1.053454360108729121e-19
-1.137726192731796152e-19
-1.370697290212276412e-19
-1.502515697537730102e-19
-1.590532839607584046e-19
-1.719546041296744174e-19
-1.776563222472789499e-19
-1.920082233570682761e-19
-2.246617348329482199e-19
-2.430620227087759405e-19
-2.486677395239220975e-19
-2.718099581037669986e-19
-2.915294849198629885e-19
-3.274618683575672101e-19
-3.681596399289064498e-19
-3.842299776563405887e-19
-4.022910121672510990e-19
-4.237233340625142381e-19
-4.725921596459790967e-19
-5.353425166490319016e-19
-5.519538105365359394e-19
-6.090815486894167020e-19
-6.518696415302652569e-19
-6.757290450172784472e-19
-7.312206821039952713e-19
-7.715644492912179936e-19
-8.396997257664331308e-19
-8.981087775331103021e-19
-9.313919153489002748e-19
-1.007237976333008289e-18
-1.048073044299134250e-18
-1.063222086023417703e-18
-1.237858366851147043e-18
-1.443404799630607375e-18
-1.824848291094380782e-18
-1.882785344551760291e-18
-2.746277593271406684e-18
