-2.272009580443218324e-02
-1.833326776977272851e-02
-1.206183838256119807e-02
-1.137474559047342917e-02
-9.083237920525757264e-03
-7.769401454657235036e-03
-5.438655795425578407e-03
-4.332868200129102662e-03
-4.021003850638553076e-03
-2.916702500147791421e-03
-2.428163448992677782e-03
-2.087840757795691310e-03
-2.023542378397897787e-03
-1.747697516712932086e-03
-1.632936335530311414e-03
-1.369273904226965500e-03
-1.266684498849984016e-03
-1.102585144596777370e-03
-1.040327156990939307e-03
-8.539155155853491667e-04
-7.685635412376386850e-04
-6.486958829540583060e-04
-5.701319158815644711e-04
-5.429995756429337747e-04
-4.895409594756800105e-04
-4.155491011334165575e-04
-4.042723889263554306e-04
-3.755010927285128380e-04
-3.462286032196638550e-04
-2.978044638829036982e-04
-2.734142286715887530e-04
-2.614487808705318181e-04
-2.297107535230793226e-04
-2.041172734518507600e-04
-1.850253168333509620e-04
-1.512570259425989182e-04
-1.501441728506868389e-04
-1.261272268364813142e-04
-1.129922844230092248e-04
-9.495808544056083013e-05
-7.907347735812353601e-05
-7.169636004450808222e-05
-6.089057798427203734e-05
-5.750273364557506253e-05
-5.136568673433880187e-05
-4.533077308726393890e-05
-4.062650140053301130e-05
-2.892191743263010245e-05
-2.601995055178073292e-05
-2.218203467039192231e-05
-2.000398137509409193e-05
-1.561261344272793893e-05
-1.059895350531840210e-05
-8.275853937752245641e-06
-4.259746169423894393e-06
-1.084473068077184059e-06
-3.808258739813994388e-07
-2.514982462016148857e-16
-5.817063074106074301e-17
5.713759790857708975e-08
1.167971438090518200e-06
3.093478744327292347e-06
5.996648618993288719e-06
1.080645874988283446e-05
1.246624559206594783e-05
1.524469138296245410e-05
1.895954595055151029e-05
2.638904816335979969e-05
3.120082066249194838e-05
4.005361854356356800e-05
4.296260423735657390e-05
4.828224913576813692e-05
7.839434951272070823e-05
9.653050287346027927e-05
1.230540437496999259e-04
1.362978196691463993e-04
1.794847575222134595e-04
1.850418707577821688e-04
2.355510448452067260e-04
2.508545848852465252e-04
2.786526908994193825e-04
3.057189338148484344e-04
3.730672344779615538e-04
4.435071269994291421e-04
5.119309494330986140e-04
5.729451096662418509e-04
6.551621936887465055e-04
7.539442023163545233e-04
8.521165227004648185e-04
9.728419062391297509e-04
1.040967599623854756e-03
1.249344199973241197e-03
1.348434876525279576e-03
1.527557669892822770e-03
1.639916945228722276e-03
2.041909326260257698e-03
2.199637842169461718e-03
2.352375740083404148e-03
3.732413403644499732e-03
4.244908797073439731e-03
4.510218505409208274e-03
5.287000061294582290e-03
6.047123577417512844e-03
7.874121563249075403e-03
8.893974065571663354e-03
1.227707934480995293e-02
1.430475737798927137e-02
1.730464292017929936e-02
2.211798358582555551e-02
2.400157404365103539e-02
2.629452268810153134e-02
3.881987462128952404e-02
5.690989804226372767e-02
7.842166363119659755e-02
1.089331649595952356e-01
1.516464404529693222e-01
1.940025283797373046e-01
3.648846772977301089e-01
1.759636788824853193e+00
4.652334261680075578e+00
1.144659237778147087e+01
