6.741412359969130297e-02
5.991962679328440011e-02
3.733822143385456815e-02
1.752748941789996490e-02
1.255117932559163610e-02
8.334337412286460869e-03
6.588374641328991789e-03
4.495451742972872596e-03
3.960360424936716466e-03
3.909602735951618092e-03
3.428047854224959470e-03
2.696410519773152683e-03
2.066044683927209091e-03
1.843838835608237322e-03
1.480276072480080302e-03
1.334569142493979149e-03
1.057182022467591416e-03
9.096156212235787745e-04
7.961771458023266098e-04
6.538888348550857092e-04
4.153832785696546658e-04
2.915447539553893581e-04
2.050845385131900038e-04
1.722757264876245340e-04
1.422427364281346712e-04
1.649501427979619932e-17
1.218266617908435726e-17
1.139803514455493868e-17
9.704728468449202657e-18
9.258787330449125243e-18
8.735702174492002653e-18
7.483101141438319273e-18
7.050479834731588182e-18
6.717253521090360437e-18
6.316599569759911449e-18
5.884859101925656263e-18
5.555153557783838560e-18
5.201125617134709350e-18
4.866350296309878939e-18
4.228553235779507293e-18
4.079959911536006541e-18
4.002581130584068972e-18
3.757851686251960653e-18
3.581179104197718903e-18
3.466603358524520777e-18
3.152633993391538523e-18
2.944138946539764108e-18
2.689225076386525458e-18
2.591513633564458057e-18
2.277097794677287534e-18
2.187704658548584686e-18
2.042352729916626684e-18
1.972129362921501267e-18
1.750548520475213994e-18
1.621704908798571511e-18
1.472016687975923276e-18
1.435620100588537980e-18
1.377656847526165280e-18
1.330526622078577542e-18
1.185726937074387220e-18
1.057679801608271339e-18
9.389073581394728114e-19
7.641984229009163231e-19
6.834461293424507485e-19
5.904863850722100926e-19
5.289606789827469673e-19
5.078704703573149093e-19
4.306024374199539304e-19
3.669147148261274593e-19
2.834932006180925305e-19
2.262714995543808332e-19
1.839167256427369322e-19
9.419211501383930589e-20
4.629408352225708203e-20
4.243269483627145868e-21
-1.032453304251390382e-19
-1.405760676439187734e-19
-2.056462046903377819e-19
-2.318929072689310913e-19
-3.187216725647858930e-19
-3.550439680936466357e-19
-4.509780313755462071e-19
-5.420159870666926485e-19
-6.355506068664104059e-19
-7.548895440151054467e-19
-9.684704409896706354e-19
-1.019663590018165857e-18
-1.113419051821204967e-18
-1.216245894920301780e-18
-1.293351584752964993e-18
-1.478638171640496263e-18
-1.513163259579571497e-18
-1.775946826130863832e-18
-1.832948121216204681e-18
-1.947215852977587431e-18
-2.132647568834510417e-18
-2.442602951045161998e-18
-2.521623814999455471e-18
-2.710703274678768568e-18
-2.795948275430113633e-18
-2.908399374858563539e-18
-3.022574281471021348e-18
-3.195367264227636983e-18
-3.327807681274378806e-18
-3.486606075072779812e-18
-4.130672037061860624e-18
-4.160108022595756464e-18
-4.373117860691340261e-18
-4.775319029932375151e-18
-5.162331841972161427e-18
-5.260163870741774724e-18
-5.366285723420421224e-18
-5.807946658781728243e-18
-6.294559105597542066e-18
-6.956136614383041878e-18
-7.464232846439416359e-18
-7.820585215223043581e-18
-8.440263822816477670e-18
-9.514100021248265164e-18
-1.050019214926260118e-17
-1.410512087388085769e-17
