-5.983105679883039880e-18
-4.786710429211366754e-18
-4.156970871984397839e-18
-2.170131735002428397e-18
-2.031366126088069919e-18
-1.547960999140609747e-18
-1.386781102933034603e-18
-1.225339963985970221e-18
-1.051996292594546665e-18
-9.664209415672252728e-19
-9.206102510934780614e-19
-6.816099665783587518e-19
-6.228474272505859463e-19
-5.913803622702446308e-19
-5.500274302705536167e-19
-5.465315622962377088e-19
-5.032205390797131408e-19
-4.625788619300886368e-19
-4.539100548807973918e-19
-3.887795038318545769e-19
-3.790539034813993776e-19
-3.697241811598193473e-19
-3.625410545875605303e-19
-3.115774278605149203e-19
-3.035553589079257547e-19
-2.943877091610776060e-19
-2.686186548441082646e-19
-2.619209906639724369e-19
-2.387977721119485738e-19
-2.286305795278699085e-19
-1.965515608572627513e-19
-1.709794916944061105e-19
-1.626031629149383876e-19
-1.479869051650486621e-19
-1.329829986060449152e-19
-1.236914924873952088e-19
-1.112695558100770993e-19
-9.429290966933179473e-20
-9.050744306550219424e-20
-8.624649387056352359e-20
-7.181910332182580147e-20
-6.535040292437368312e-20
-5.101478784244351043e-20
-4.472781386711321329e-20
-3.886972390674005984e-20
-3.089365385174271230e-20
-1.776448620048196683e-20
-1.556467901618048632e-20
-1.062718034228726688e-20
-2.613891767878609013e-21
5.404582555752724999e-21
7.889138242302802365e-21
2.217962472082038304e-20
3.743112360649117757e-20
4.500721159349233630e-20
7.034398018218930259e-20
7.489549211483250127e-20
7.927592450056460067e-20
9.282554733143494656e-20
9.857072466484961867e-20
1.058866067602375359e-19
1.233081134288344631e-19
1.385582797791378618e-19
1.408072574679772649e-19
1.510580570379382578e-19
1.588014703195340129e-19
1.717256569730992207e-19
1.818372522779196013e-19
2.149924367143649753e-19
2.248546010829432813e-19
2.291930340538244093e-19
2.451779499622509947e-19
2.574085594836571824e-19
2.822832810467959577e-19
3.078153772860993711e-19
3.267708421158210915e-19
3.432186010894661966e-19
4.068101276197344983e-19
4.228633244329794367e-19
4.412241284202356648e-19
4.603697846499434528e-19
4.917070654393604158e-19
5.491010561018515603e-19
5.910580980289851908e-19
6.152154403125436217e-19
6.944995263037993975e-19
7.735761822627319790e-19
7.913606020511707010e-19
8.838978330440901802e-19
1.018182616849396789e-18
1.060083519763262743e-18
1.441855388816803452e-18
1.726636862987371571e-18
2.154663729349240977e-18
3.182361982088954916e-18
9.585951981454206761e-18
2.023812460878439121e-06
2.483434872703365242e-06
4.499659032946303437e-06
6.229212568613884022e-06
9.981456541490863922e-06
1.208688598426268973e-05
1.830934172415002513e-05
1.865645152989447002e-05
2.379288893685587954e-05
2.767854248606496865e-05
4.458610098422214718e-05
5.601718110465865672e-05
8.228773997610241313e-05
8.289654064779958774e-05
1.557576856698811903e-04
2.419115316337120780e-04
2.858982299157431612e-04
3.508567286746565599e-04
3.758598478926374834e-04
8.579656203853548799e-04
9.111463467397540360e-04
2.928233123499869757e-03
1.507093647340107014e-02
1.939377160410356987e-02
8.537932278520857232e-02
