4.938383424654972827e-03
3.507774868520218380e-03
1.879372652900213308e-03
9.818498120078228766e-04
7.306486123027087273e-04
4.603066368776598835e-04
3.984127184729832627e-04
3.428834141636871139e-04
2.111342815570278026e-04
1.998764194282205166e-04
1.680660959814484834e-04
1.643210663229486125e-04
9.890898889260455818e-05
8.013477717346057145e-05
6.988713844613243732e-05
6.599720882677527424e-05
5.011507955999008993e-05
4.630092886477153063e-05
4.529805908499860467e-05
4.150056205166239253e-05
2.420388507761225279e-05
1.485154530230635512e-05
1.178577495585177864e-05
8.843602941790411223e-06
7.775072056385918970e-06
9.535680375691769563e-19
8.267001288920757486e-19
6.825113928295269574e-19
6.745992402966502706e-19
6.133939725402550272e-19
5.836943903038649439e-19
5.253334932926827339e-19
4.715950253466645013e-19
4.437112894162554724e-19
4.341833946839400307e-19
3.980010706238578629e-19
3.870294485832955350e-19
3.480113152288202979e-19
3.391656519207593309e-19
3.200199225756797540e-19
2.997667362065867975e-19
2.816160287092943728e-19
2.707380973140850002e-19
2.454392876264568708e-19
2.252814091466702746e-19
2.173484737675940545e-19
2.091645756775498161e-19
1.918444512678263333e-19
1.863040385783824203e-19
1.822037252419770379e-19
1.673132064500189830e-19
1.653572955706667147e-19
1.576985497593004164e-19
1.396222771286194484e-19
1.280403131755090471e-19
1.277803206747378790e-19
1.118722536181302113e-19
1.014797398131639783e-19
8.821637146753281989e-20
8.251786120042272879e-20
7.791828210714479241e-20
7.550500609789223874e-20
6.093141678453973564e-20
5.675813046857141651e-20
4.485438182164800083e-20
3.991314723378671633e-20
3.728851868562628777e-20
2.861312811066782081e-20
2.167836592916951804e-20
1.643116145567090058e-20
1.292974590232607553e-20
8.095538322668959038e-21
7.800660259712953114e-22
-3.474758734832066725e-21
-7.610692762015716083e-21
-9.310754369171754547e-21
-1.429245356675247148e-20
-1.810992240096794113e-20
-1.900377204893448672e-20
-2.811871354379106002e-20
-3.931689174299826840e-20
-4.041710972383807568e-20
-4.327935099776896170e-20
-4.990818060181129789e-20
-5.359895992193980656e-20
-7.206665582145342187e-20
-7.744406129899932406e-20
-8.104188614308580914e-20
-9.175651817603359794e-20
-9.867181203758847445e-20
-1.051194241466369353e-19
-1.171376398155405320e-19
-1.399696565475511060e-19
-1.467077670536791914e-19
-1.645487453616961339e-19
-1.749676251792759554e-19
-1.919235524094516451e-19
-1.993016952842443195e-19
-2.158132856817581957e-19
-2.355570503591660362e-19
-2.468392112478832716e-19
-2.562087502293806121e-19
-2.611396582558567563e-19
-2.955587430105880935e-19
-2.977110297624537641e-19
-3.220054814507489533e-19
-3.459351107107979505e-19
-3.686342139511651334e-19
-3.958805910904095638e-19
-4.050404956728670447e-19
-4.353428003296073567e-19
-4.438889587936267069e-19
-4.691894306656481099e-19
-5.131790235518950523e-19
-5.526702761157520218e-19
-5.925522040521429505e-19
-6.111544191150849510e-19
-6.892414227012454542e-19
-7.568060903154600976e-19
-8.309388532600888598e-19
-9.723277184176094487e-19
