9.762688297853424593e-07
6.862887580802707523e-07
5.531331191928744996e-07
4.024708437881717451e-07
2.737112942478130572e-07
2.152577230765506906e-07
1.832282358193995662e-07
1.434185992004276060e-07
7.354105266904845507e-08
7.254948894395271368e-08
3.269479246990947646e-08
6.816105891483682061e-09
8.173643291756085562e-21
-1.292200163223958867e-21
-9.845321033097948302e-08
-1.670935156437839917e-07
-2.571694111767914463e-07
-2.660187098919197356e-07
-3.616117620115591999e-07
-7.366540984918518209e-07
-1.637963335658696560e-06
-2.546270654292316297e-06
-3.317678749734794208e-06
-3.566170657362365795e-06
-3.808447314701964298e-06
-4.910806349558927088e-06
-5.071918595722456737e-06
-5.415176964852757328e-06
-6.061814099062459927e-06
-6.498173617895030286e-06
-6.667329672864575584e-06
-7.348267198910338743e-06
-7.637633195145670790e-06
-8.258869577435030084e-06
-9.540542818099730999e-06
-9.688258207070978576e-06
-1.032619080331707589e-05
-1.080858344261862715e-05
-1.125722764414619650e-05
-1.204440213436435180e-05
-1.268586832509108160e-05
-1.283996429892640647e-05
-1.350530216763247699e-05
-1.383242525692939254e-05
-1.409321025971522622e-05
-1.503122977553019041e-05
-1.537145142305678826e-05
-1.603326213643216315e-05
-1.713504938353310172e-05
-1.748727152949891152e-05
-1.924314640767177159e-05
-1.970464263633012289e-05
-2.047956764043106344e-05
-2.134522345547530095e-05
-2.350102301347343161e-05
-2.472588458152016945e-05
-2.693067569071224548e-05
-2.744068070307144946e-05
-2.776471341398020491e-05
-3.105220134841459891e-05
-3.345763039478505342e-05
-3.358343419502177451e-05
-3.676163499095453475e-05
-3.728488995444927730e-05
-3.941357375800929425e-05
-4.245943648384714126e-05
-4.541103997774943940e-05
-4.550528962557102926e-05
-4.644091232442035169e-05
-4.675855317205144775e-05
-5.210002608838301967e-05
-5.617633332580627286e-05
-5.648169846564968764e-05
-5.907128479279726599e-05
-6.607314641829292495e-05
-7.059968047526838384e-05
-7.341846791128871577e-05
-7.605297969847693541e-05
-8.896988531892269963e-05
-9.180141404725719796e-05
-9.378322751733218342e-05
-9.866720514855109657e-05
-1.003069978273133007e-04
-1.080908899499009808e-04
-1.147497527149680550e-04
-1.157510424876308827e-04
-1.166847838342009247e-04
-1.272666850733180179e-04
-1.301828033520341550e-04
-1.325752546516969837e-04
-1.422557743996826841e-04
-1.455391060764743766e-04
-1.620362589119528362e-04
-1.659023505633726000e-04
-1.877866273340830176e-04
-1.909805464979358444e-04
-2.113408046845441964e-04
-2.129995703001144364e-04
-2.219324763737828572e-04
-2.288359246852850074e-04
-2.380134219298125670e-04
-2.584801818971252428e-04
-2.655181739594727097e-04
-2.984719597594723316e-04
-3.080972609902878816e-04
-3.166862127068198734e-04
-3.343432009300311520e-04
-3.920876464554606160e-04
-4.106190444669147220e-04
-4.118527083467709822e-04
-4.609031406397969834e-04
-4.796128124181161536e-04
-4.947414763244900896e-04
-5.305707997167233552e-04
-5.430735667115006802e-04
-5.871574372704986078e-04
-6.042090451706708890e-04
-6.693437291773005494e-04
-6.957196723945051169e-04
-7.676808433835801727e-04
-8.081535115745024176e-04
