5.122013124436153569e-04
5.083039418321965309e-04
4.452195368720605418e-04
3.887543550297290298e-04
3.857918215731615192e-04
3.424070038502074554e-04
3.073743775611300537e-04
2.995114734992004326e-04
2.902361031588737814e-04
2.754659887154998457e-04
2.678333625430153386e-04
2.514129571918192530e-04
2.232861177929762225e-04
2.207076941303152918e-04
1.872828168707718036e-04
1.747907805763284804e-04
1.682421586210487024e-04
1.646683258554756620e-04
1.477450782012956071e-04
1.408884411745774579e-04
1.304287596099797672e-04
1.267899016322593950e-04
1.216702345430557998e-04
1.192803114104350193e-04
1.179772725394587327e-04
1.061111082657213673e-04
1.032054252806727642e-04
9.257269184374003305e-05
8.879874144498806044e-05
8.031976241649225882e-05
7.836056176952770785e-05
7.193296174164557949e-05
7.148679449419395810e-05
6.919498691293062562e-05
6.478141032799010718e-05
6.400698643399614206e-05
6.310357092015899023e-05
5.975105594164466547e-05
5.496105372270605039e-05
5.333346369322347917e-05
5.080003226954135642e-05
5.051204761363319696e-05
4.969553996166200290e-05
4.210207413763775158e-05
3.945959268451886367e-05
3.737556628276981525e-05
3.546858031111406971e-05
3.268595180201548840e-05
3.109862855262689765e-05
3.086682604317166854e-05
2.835835665474083781e-05
2.536058755786081882e-05
2.530656233023513595e-05
2.471930216960985816e-05
2.470848137115681388e-05
2.299164600236793928e-05
2.113988231806177777e-05
2.049604010045458493e-05
1.986782719049333266e-05
1.859410110859185811e-05
1.789450509416924353e-05
1.706553045370122444e-05
1.517542586193314158e-05
1.474080501991197249e-05
1.463479839647140152e-05
1.361787180023456616e-05
1.274382019313582062e-05
1.165647208303586228e-05
1.104783882540451164e-05
1.068429437788651290e-05
1.013408526221785030e-05
9.392787304792436369e-06
9.219874776042675637e-06
8.845901285512658839e-06
8.223463741544950284e-06
8.084227210486445787e-06
7.529496607813679064e-06
7.430063674522994950e-06
7.312137016443868416e-06
6.961626080297063060e-06
6.873889148108981348e-06
6.522699844022159333e-06
6.044272647031166020e-06
5.633046561209581281e-06
5.517970781811214609e-06
5.265493018225833071e-06
5.148774095352932681e-06
4.455848449160901173e-06
4.032682875579085274e-06
3.898663534334069483e-06
3.495241625872567730e-06
3.417734076395161048e-06
3.277967889913669964e-06
2.907930533440365912e-06
2.751800623432600790e-06
2.633304584292044633e-06
2.032178934558874272e-06
1.866017624018527774e-06
1.751075049526912377e-06
1.373068118608105283e-06
8.254281061998868173e-07
2.946004824396683918e-07
2.046389981698059419e-07
1.321932851785878967e-07
1.291258907910637223e-07
8.455849317484500108e-08
4.638368099470455634e-08
5.165805735116899251e-21
-3.624470977749684093e-21
-1.087659747077424762e-08
-3.123374928641246139e-08
-4.382501606254216211e-08
-5.096737434232695858e-08
-1.006085677983371575e-07
-1.169056663989276969e-07
-1.459541227518488676e-07
-1.649461824391705675e-07
-2.916303464446324848e-07
-3.151031818785790556e-07
-4.743307532688176234e-07
-5.862707064705938649e-07
