-4.105574076716388844e-17
-2.706307249111317763e-17
-2.405467102759689580e-17
-1.662323743794195392e-17
-1.484953051310411898e-17
-1.276054443632983133e-17
-1.145575816709082469e-17
-1.049900270058604636e-17
-9.094125395993634554e-18
-8.104625141246411870e-18
-7.343603393809417284e-18
-6.979518954961124149e-18
-6.022363906415093764e-18
-5.519393224612010042e-18
-5.208453882635968300e-18
-4.888462783440050192e-18
-4.683468440020297407e-18
-4.467344293512450178e-18
-4.321355553993039367e-18
-3.811021166035213734e-18
-3.516452405561519630e-18
-3.160762180145724068e-18
-2.843063727965631847e-18
-2.561286690868841905e-18
-2.436269479967927861e-18
-2.269587241105156018e-18
-2.190703571281768421e-18
-1.909664229061372902e-18
-1.788771369796025567e-18
-1.708939278111826144e-18
-1.462038718467024194e-18
-1.389765921073748397e-18
-1.188678201384824415e-18
-1.144520175134353612e-18
-9.941030770691703792e-19
-9.341115106636721417e-19
-9.060057672420809196e-19
-8.387078758746183490e-19
-6.934468237732205911e-19
-5.807628339929976883e-19
-5.388081023550173603e-19
-4.627109700272439410e-19
-4.380577341968534113e-19
-3.353371274874902269e-19
-1.750199301839052094e-19
-1.188028993125870409e-19
-6.954921961442315965e-20
-1.475302733075902353e-20
7.840088795604840281e-20
2.002502993362493975e-19
3.009571459792421894e-19
3.642435527251785619e-19
4.198222160332589134e-19
6.026796652309061340e-19
6.353640720708558224e-19
7.367240961478643752e-19
8.403737955263958014e-19
9.420898443585862330e-19
9.482666922478804801e-19
1.083494829966345701e-18
1.262134526947071289e-18
1.301691543207334159e-18
1.348775275683922331e-18
1.474097755343363843e-18
1.609577307994647903e-18
1.773452907481541840e-18
1.917993992413412165e-18
1.956186097940081535e-18
2.243815604073118930e-18
2.492186065451552816e-18
2.566744576008017623e-18
2.667272465028525338e-18
2.723972068951838130e-18
3.137553485129281433e-18
3.288881577541569228e-18
3.551265222202658052e-18
3.638836034547384878e-18
3.735488505153059094e-18
4.045476150161205514e-18
4.238410121418242140e-18
4.613365941335498355e-18
4.810571130645980036e-18
5.265254455354925403e-18
5.721183645134458704e-18
6.274891970571900303e-18
7.260523575249539670e-18
7.433622865111884770e-18
7.962021982315682665e-18
8.704333441605816981e-18
1.029855944277926450e-17
1.130158571130824194e-17
1.330324632783598528e-17
1.483077668026972022e-17
2.351917491792133266e-17
3.220072990103291509e-17
3.907861677231869782e-17
2.847041033454431416e-05
3.591396441431292218e-05
6.294780705349203452e-05
8.798804017592126345e-05
1.428495302716885525e-04
1.714794160599775565e-04
2.648527346837633613e-04
2.664522025924028446e-04
3.377897801381167736e-04
3.955242321268780657e-04
6.326956609401487071e-04
7.889616186750189001e-04
1.114684634369758663e-03
1.182310229522361405e-03
2.205240738354034835e-03
3.356329792472974739e-03
3.874066215907458807e-03
4.925038328170196385e-03
5.259339977032109759e-03
1.141309962234485394e-02
1.234768379878804258e-02
3.623557967486719378e-02
1.529039614685929749e-01
2.117224941867741073e-01
5.616379718878103944e-01
