6.748151502432604698e-02
5.993071184644361421e-02
3.734363219729393973e-02
1.753423487142385245e-02
1.255874166169840093e-02
8.336425418157900405e-03
6.589084311816859919e-03
4.495710267298056069e-03
3.961362586229259970e-03
3.910111417199959444e-03
3.429659782104830384e-03
2.698088286350285026e-03
2.066442458469374809e-03
1.844849952836576752e-03
1.480742650648355242e-03
1.335027693478787114e-03
1.057449660841625148e-03
9.099275822369068444e-04
7.963372431625526365e-04
6.543209318282011992e-04
4.156808439083882977e-04
2.915963005823811742e-04
2.052211594284513764e-04
1.723176463944123445e-04
1.422872097036496290e-04
1.551339618482947669e-17
9.630135275896107400e-18
9.293829750521042161e-18
8.613334960606577570e-18
8.278595583444526229e-18
7.502575179355086001e-18
6.887704803437857900e-18
6.662363597087257270e-18
6.029751629632086463e-18
5.958343915861073645e-18
5.666992500563113959e-18
5.373742827082362837e-18
5.077353237935963023e-18
4.826431205507409616e-18
4.345586975175383553e-18
4.269622624258921341e-18
3.977775188396093806e-18
3.640847338162087468e-18
3.507497517662147779e-18
3.229261588060366960e-18
3.113810741124447085e-18
2.962497627963051726e-18
2.665075047938529911e-18
2.578658590462334105e-18
2.407366625358985940e-18
2.176792185315636165e-18
2.042813753495374352e-18
1.922270288800158725e-18
1.823721917682789225e-18
1.616360012621301670e-18
1.489289030291207799e-18
1.361863394294555342e-18
1.242922955377259838e-18
1.138127774893036330e-18
9.697112247533433778e-19
8.415536495288910843e-19
8.184245609662748664e-19
7.459701288214856272e-19
5.971982797018573048e-19
5.280326916421384872e-19
4.552182174181358643e-19
3.417656011333076045e-19
3.009221948972366511e-19
2.164717688683144900e-19
1.606210902368880222e-19
7.908849352667642699e-20
-1.303602027152196322e-20
-1.837947602883350763e-20
-1.115914108979067555e-19
-1.631578840611065185e-19
-1.968229485522715849e-19
-2.875615653574479004e-19
-3.641487138023548281e-19
-4.941412372219863963e-19
-5.425195131834196787e-19
-5.945139987092522451e-19
-6.309549824243328814e-19
-6.715166698890862669e-19
-7.258837118415317763e-19
-8.532130838976720675e-19
-9.720370046423955358e-19
-1.001667280319084303e-18
-1.147801806634872470e-18
-1.322892617011210663e-18
-1.404546579572716658e-18
-1.489778359483090513e-18
-1.573075847488785006e-18
-1.633731973599416839e-18
-1.980453572139669583e-18
-1.996388296837400197e-18
-2.091225530229318951e-18
-2.336787301867415607e-18
-2.420340852667330455e-18
-2.492281239074493829e-18
-2.715435834156517307e-18
-2.858879676720708822e-18
-2.975462390867641818e-18
-3.160729884030891889e-18
-3.285644283071792090e-18
-3.601071295985405998e-18
-3.928554617895953215e-18
-4.314463299081899648e-18
-4.765890568849853317e-18
-4.941574411033679284e-18
-5.152406915931320664e-18
-5.381531318274416807e-18
-5.980526070615698496e-18
-6.253580042485664177e-18
-6.846100892474331654e-18
-6.929708364728322032e-18
-7.458169276080783941e-18
-8.153155919523739017e-18
-8.554588379421019957e-18
-8.884179128299441223e-18
-1.009427622657606496e-17
-1.865756204700529554e-17
