1.800964640330069944e-06
5.334052073698838172e-07
3.573255901504236030e-07
3.137255541515392332e-07
1.879732797409462972e-07
1.511479994535762908e-07
1.226142864259131208e-07
1.031130207553866406e-07
5.684641268809090451e-08
5.151929921682639788e-08
4.255907590975581463e-08
1.467423536986719350e-08
7.221306585809428305e-21
-2.230736301077557179e-21
-3.698075579688725681e-08
-7.827008776833527165e-08
-9.111795894384272729e-08
-1.261638435391464271e-07
-1.892482765582089764e-07
-2.819328346568979205e-07
-8.081880784106984321e-07
-1.056507193894781582e-06
-1.407251098067243104e-06
-1.782020779334676838e-06
-1.999506850000445696e-06
-2.599383746843939328e-06
-2.684038239860040365e-06
-2.813553798950337884e-06
-3.250410165444871620e-06
-3.288405502612801641e-06
-3.381303399924061565e-06
-3.808961566516660450e-06
-3.995455757867704395e-06
-4.421322065200387899e-06
-5.025395560411407478e-06
-5.199939266016845684e-06
-5.473179023484559803e-06
-5.578483712667592650e-06
-5.720310998827995434e-06
-6.398198973535111773e-06
-6.559559839900249864e-06
-6.853704504205061966e-06
-7.147528553860528185e-06
-7.253742906341519557e-06
-7.385387833798060745e-06
-7.497388012741511831e-06
-8.122542484329411223e-06
-8.821990957925977798e-06
-8.998440252722026986e-06
-9.149611023546558487e-06
-1.003655821037233154e-05
-1.051150813305537545e-05
-1.085374869004580263e-05
-1.093300638620205151e-05
-1.245177104149628532e-05
-1.353946700291227658e-05
-1.418444599955606843e-05
-1.439192927008699864e-05
-1.472492447590788315e-05
-1.687469123668879317e-05
-1.737113760892979193e-05
-1.843315349184891498e-05
-1.963439115358540479e-05
-1.978996355576470418e-05
-2.094528280362274074e-05
-2.276983445740934480e-05
-2.420937569750729573e-05
-2.450674641861876938e-05
-2.501221288564646237e-05
-2.513403004644195149e-05
-2.743134618781252248e-05
-3.045445598751532137e-05
-3.077209896495411375e-05
-3.246879431254652473e-05
-3.377119554415222648e-05
-3.667084295360447397e-05
-3.733697824651199690e-05
-4.144726876989682587e-05
-4.708384141915925844e-05
-4.971202190563365304e-05
-5.019808746203549424e-05
-5.212112376759968927e-05
-5.328757941196950068e-05
-5.780680924480974177e-05
-6.003391039195534362e-05
-6.250827592969504585e-05
-6.287113394942494497e-05
-6.739085846435803465e-05
-6.951000911756804589e-05
-7.022942110253033599e-05
-7.593802253715601020e-05
-7.671111640658905744e-05
-8.366378874206635845e-05
-8.602013875979386346e-05
-1.001472002875317737e-04
-1.026397597049977267e-04
-1.123866065231006554e-04
-1.138895596067683613e-04
-1.188106008239331091e-04
-1.242719942481770781e-04
-1.273459368039680931e-04
-1.345784480113617037e-04
-1.454559288719769030e-04
-1.509665737878706148e-04
-1.595859652794029426e-04
-1.646181181348691034e-04
-1.836519832247102341e-04
-1.894139508019194941e-04
-2.068915620498558026e-04
-2.104963912666372116e-04
-2.481058822799533437e-04
-2.496519298681938769e-04
-2.622704750172516561e-04
-2.792625972427260428e-04
-2.836689019495087821e-04
-2.895187148764990365e-04
-3.143103882482574819e-04
-3.561041579622464099e-04
-3.710814669235155245e-04
-3.993992023736475053e-04
-4.218635277548746015e-04
