-3.208666305102695153e-17
-1.422591535692281087e-17
-1.123633016297005339e-17
-9.701215911303308941e-18
-8.539332409602650091e-18
-8.163498012016480071e-18
-7.763351462134582203e-18
-7.256197806953428419e-18
-6.755519469192701066e-18
-5.836441044443756277e-18
-5.611509566104941230e-18
-5.030255805544233044e-18
-4.839100325078873880e-18
-4.494527136710993251e-18
-3.990115465797438812e-18
-3.801548369554211436e-18
-3.569254292000162867e-18
-3.332187965051563663e-18
-3.213495951180340926e-18
-3.097250284546581866e-18
-2.833469422075864344e-18
-2.741018802539831865e-18
-2.659026771467422716e-18
-2.382657836838701559e-18
-2.184449156186896169e-18
-1.983099458078553031e-18
-1.893807038976327280e-18
-1.758668796546092885e-18
-1.662046041627682463e-18
-1.636271180066764389e-18
-1.526996301134140815e-18
-1.363664572958973431e-18
-1.187921077013079938e-18
-1.120332462226837926e-18
-9.930516262126136999e-19
-9.288641983723078500e-19
-8.488669542300678294e-19
-7.541042148320824555e-19
-6.856189019345300632e-19
-6.106579925292535603e-19
-5.105067854899404649e-19
-4.747461432492076219e-19
-4.533487393466766358e-19
-4.003338937005668259e-19
-3.478287926401553795e-19
-2.972717503128547730e-19
-2.111978806334851586e-19
-1.273876236551140109e-19
-5.100026961532936331e-20
-3.358823676984689133e-20
2.198404640921529645e-21
9.814976972641048221e-20
1.238110193312316430e-19
1.651436689020289984e-19
2.896085643224396586e-19
3.613724674529952540e-19
4.131318533964429621e-19
4.651676305155705717e-19
5.913317284777412382e-19
6.468042013421912948e-19
6.736663138415264397e-19
7.824374198381351196e-19
8.989438925395551738e-19
9.639808118909980914e-19
1.073573984389123302e-18
1.225388416384051326e-18
1.342070848518943142e-18
1.417156689732975481e-18
1.560718038419828320e-18
1.693873247337337196e-18
1.753301074685133526e-18
1.901042212502185117e-18
1.947015180407355763e-18
2.136877220612677655e-18
2.296166627815659967e-18
2.502618414081680868e-18
2.633977374160101253e-18
2.930624228027692479e-18
3.134555511596536130e-18
3.294000791875628034e-18
3.731133377601082990e-18
3.955894221252736870e-18
4.219338516772449374e-18
4.535783284633251950e-18
4.735615612014316369e-18
5.006881852149669454e-18
5.179000376569140976e-18
5.644272117374442178e-18
5.859961940905134290e-18
6.030968494215733345e-18
6.704731617286087052e-18
6.876334288136190082e-18
7.389094819691880556e-18
8.901557051282990675e-18
9.697217066830091553e-18
1.119893809992719690e-17
1.821988659041705498e-05
2.219020844198624554e-05
3.911268809705846587e-05
5.580430387623793028e-05
8.816862653534336854e-05
1.101875382780926385e-04
1.607127145543892121e-04
1.648207990825121118e-04
2.092917547917015652e-04
2.452679118556697698e-04
3.829975096001974819e-04
4.622155281411293869e-04
6.905799985116139713e-04
7.130772580228645794e-04
1.329550798688969434e-03
1.956432976082339657e-03
2.199577040564790111e-03
2.899066256077832172e-03
3.098933111153927538e-03
6.470533982867565648e-03
7.076794731102339225e-03
1.953317047450400454e-02
7.156231463260320780e-02
1.058134943363224223e-01
2.142484869707088624e-01
