-8.262490391844600565e-16
-5.699314069340779085e-16
-4.489684452198435637e-16
-3.388352421562340092e-16
-2.848486151107446690e-16
-1.924075088379638182e-16
-1.699646331441240678e-16
-1.554015956419593552e-16
-1.382052704180203225e-16
-1.281617665369606512e-16
-1.225550831766945347e-16
-1.053938069572872669e-16
-9.867639135595998614e-17
-9.400534995121041703e-17
-8.125469722993939168e-17
-7.924583008071481044e-17
-7.193540325489929044e-17
-6.384353907447260046e-17
-5.818048359036456885e-17
-5.706790320688040072e-17
-5.411742310163080336e-17
-4.651680271354251308e-17
-4.324362902269901619e-17
-4.054647276264833665e-17
-3.338462622815497340e-17
-3.072745976455446985e-17
-2.849700154614819988e-17
-2.664385983332856036e-17
-2.642226550091818699e-17
-2.371150150501890620e-17
-2.178705753409988557e-17
-1.845590802571338622e-17
-1.732177962078324176e-17
-1.603348452899438160e-17
-1.494714935903337820e-17
-1.410293676928171655e-17
-9.655157526833330953e-18
-8.940233068476123780e-18
-6.457555570544796626e-18
-5.616139057424566395e-18
-4.127504523580244907e-18
-2.534948681286335152e-18
-2.036887670921234950e-18
-1.834436681684550283e-18
-1.420927753512628145e-18
-8.167877531358177871e-19
-5.141493067104206093e-19
-8.804081616671974316e-20
-4.957513138596728282e-21
3.077931104961108361e-20
8.692273770229415268e-20
3.731219387507062637e-19
8.277541080945253291e-19
1.550677166328303760e-18
1.902280360223954650e-18
5.428586877136108799e-18
6.052931617562042123e-18
7.377083662672139891e-18
1.012106040950111047e-17
1.106407773043278519e-17
1.319627471894051318e-17
1.394944298230421641e-17
1.631301491609551823e-17
1.828555083735228418e-17
2.062607506545201410e-17
2.166578159176472522e-17
2.427804192375403980e-17
2.731759518937296696e-17
2.961737336591308479e-17
3.271538514525344886e-17
3.470319882554215749e-17
3.847693287022704379e-17
4.124436966590173562e-17
4.340016093024638902e-17
4.697869750937424515e-17
5.363662145549437015e-17
5.588953804492228955e-17
6.143008708969573407e-17
6.680711461227987849e-17
7.135153468177859948e-17
7.755540368296617361e-17
8.313168323569720193e-17
8.607956540679355706e-17
1.090153197434472594e-16
1.157067144323220952e-16
1.260188897698823984e-16
1.448051734351334287e-16
1.554615601270327426e-16
1.666117557095351373e-16
2.084991456977213317e-16
2.166889298029992671e-16
2.568836783412943928e-16
3.067770226332321195e-16
3.682920321589991398e-16
4.167791764661932874e-16
6.036353070864600231e-16
2.329947270407702650e-04
4.760823051251082986e-04
5.744807778930290055e-04
9.179481465954021863e-04
1.220257999507016848e-03
2.017519176991901773e-03
2.457100041314284281e-03
3.339299286639584030e-03
4.201084773481179174e-03
5.142890102681027531e-03
5.604550550745312880e-03
8.088179141986982096e-03
8.895985014979908290e-03
1.747640830360215614e-02
1.914732880766317064e-02
3.490539143516576542e-02
5.091425089392345033e-02
5.425248113861440291e-02
1.005177569686715733e-01
1.042370421005451298e-01
1.746294153620318035e-01
3.218203995295774167e-01
1.638619028751299167e+00
4.640131311156178384e+00
1.043064264075895409e+01
