1.046550310967597763e-02
8.270450245858543964e-03
6.227237480239572985e-03
4.535701121887410377e-03
4.118566578285971780e-03
3.180359441834536630e-03
2.641779871738230562e-03
2.576467365574939064e-03
2.127567523556707016e-03
2.088021506527627368e-03
1.869035148455532166e-03
1.725992515147406481e-03
1.450946174460885458e-03
1.370502315351785705e-03
1.247675020943899349e-03
1.237603888701931804e-03
1.138286678527360238e-03
1.104538558411525314e-03
1.039242788213268209e-03
9.127614300109107744e-04
8.575242160565907205e-04
7.246229182937740992e-04
6.734053146283940517e-04
6.619880463495377790e-04
5.534808307438305718e-04
4.911980817923180176e-04
4.665616477023698679e-04
4.347118150006853260e-04
4.131682187881453687e-04
3.694911390197654836e-04
3.291516937995656164e-04
2.915362464909840995e-04
2.717728773009907913e-04
2.614037565956611265e-04
2.421769628019542994e-04
2.312943881962690464e-04
2.147174108337339328e-04
2.061316500505522276e-04
1.770840088317732989e-04
1.673863396618822518e-04
1.493094404841654760e-04
1.423383740060371778e-04
1.282761343257910803e-04
1.167994169072867060e-04
1.087835725867470509e-04
1.001748019522193057e-04
9.337415387888634900e-05
8.858340735079633910e-05
7.763450011838758950e-05
6.587583732760603000e-05
5.481219701268912471e-05
4.782245720185232269e-05
4.472360590010071357e-05
3.837465534067816312e-05
3.095491327620494826e-05
2.565577965898543111e-05
2.236073173959510427e-05
1.996089828815421368e-05
1.880507797171218995e-05
1.484867384025443578e-05
1.220320156301943026e-05
1.115714054931612953e-05
7.880162736066369995e-06
5.334397870510777190e-06
2.613249683385196431e-06
5.916703180523168765e-07
-1.843772466733652480e-19
-2.499583225823275690e-19
-3.894560632884705767e-07
-3.909329036379080143e-06
-6.860006189816116955e-06
-9.999410043189300469e-06
-1.203835173045048583e-05
-1.344763030538722443e-05
-1.541432119984105913e-05
-2.079796599026702909e-05
-2.219944706354623604e-05
-3.012404431852713820e-05
-3.290827731847015980e-05
-3.525509100811733630e-05
-4.395846734026163819e-05
-4.983200307146926701e-05
-6.212859697638927359e-05
-7.027773497728998496e-05
-7.875253630432874010e-05
-9.006649108100652217e-05
-9.808749514372865552e-05
-1.074172268825643089e-04
-1.340019126743322074e-04
-1.442990037945419599e-04
-1.560153669528637822e-04
-1.827595868896096675e-04
-2.183220096984834590e-04
-2.525559642679107010e-04
-2.785489743638248027e-04
-3.017632138354442287e-04
-3.329662105636024935e-04
-3.668808881401938596e-04
-3.925708798076211429e-04
-4.678990999614769490e-04
-4.720297533907158102e-04
-6.149100447071984259e-04
-6.994120961060794252e-04
-7.408632728702450876e-04
-8.776276322039507213e-04
-9.483898944171216408e-04
-1.133502021042506920e-03
-1.248025673787244577e-03
-1.425058582590636638e-03
-1.500290519347553505e-03
-1.571970802804774706e-03
-1.780168524808465290e-03
-2.027496170132313778e-03
-2.089438674575657805e-03
-2.286385144896098311e-03
-2.533330884023437223e-03
-2.867954859950950543e-03
-3.748892573139286661e-03
-5.079659288955397194e-03
-5.761688039585690681e-03
-6.587566220497522579e-03
