3.478875554153303302e-04
2.491746733667780369e-04
1.314769194994938519e-04
6.841778211416502326e-05
4.949504912203255203e-05
3.148450624265036486e-05
2.730226504798643789e-05
2.347988767025098415e-05
1.431503152437387500e-05
1.350766432301633391e-05
1.144648122991563415e-05
1.115788728290388809e-05
6.767522635141145391e-06
5.417750491890972899e-06
4.753912436715018765e-06
4.616653227563280341e-06
3.448786753598272957e-06
3.171586663866310416e-06
3.145118276108112726e-06
2.863113349019090209e-06
1.641983151472390577e-06
1.035369860760120810e-06
8.181496269310205757e-07
6.142920441163346085e-07
5.465612100939336117e-07
1.298118999040021056e-19
1.134592930400020111e-19
1.051234757250219992e-19
9.733110791850044090e-20
8.914878562873861764e-20
8.191214385111986308e-20
7.161538045535397495e-20
7.065900906381216431e-20
6.322150116926038428e-20
5.846561482199639266e-20
5.675199913922435786e-20
5.583177280961133181e-20
5.364910840293204271e-20
4.688602405611363572e-20
4.276336701650463392e-20
4.170669419836076332e-20
3.818125158649340182e-20
3.778950942627698585e-20
3.572058924022703759e-20
3.357774011205521353e-20
2.945969168368293687e-20
2.741339326339564831e-20
2.538482007937267059e-20
2.491639727529740169e-20
2.129564492350278725e-20
2.095558411653512413e-20
2.037632537502406333e-20
1.724566823690995258e-20
1.640724938688786909e-20
1.572332776863512753e-20
1.499316002212520563e-20
1.477977035880299801e-20
1.369940354127952046e-20
1.285523114938401446e-20
1.091966789026414340e-20
1.032211634366304107e-20
8.946544287829126997e-21
8.034080732983652295e-21
7.486335264189321126e-21
6.241196236067197794e-21
4.898568864657549997e-21
4.367838289547067805e-21
4.242469510569548560e-21
3.066893125781812100e-21
2.997632777364692392e-21
2.377397944539629273e-21
1.590511488905404852e-21
8.140563785036946217e-22
7.882488435904425831e-22
1.997272705872460823e-22
-6.939426382326721597e-22
-8.691213734155270620e-22
-1.986782168045589606e-21
-2.453470539915131737e-21
-4.271651404456452190e-21
-4.451914684599772140e-21
-4.782665793912608426e-21
-5.010576041760047592e-21
-5.646155379920591442e-21
-6.068431945737386792e-21
-7.724024241640343100e-21
-9.548831036063432408e-21
-1.013256001375344251e-20
-1.151099225400440913e-20
-1.182086072689907858e-20
-1.402750477974544077e-20
-1.451666704868161132e-20
-1.598410164855212585e-20
-1.710684831625565878e-20
-1.918021483418976361e-20
-1.985408510494841140e-20
-2.079264649084886429e-20
-2.222521837050335471e-20
-2.465599479959987626e-20
-2.581352128628230811e-20
-2.678371259177284996e-20
-3.034767577472175914e-20
-3.126763013536456009e-20
-3.276888853809970745e-20
-3.473677578649403732e-20
-3.754922960364832646e-20
-3.858885741506777797e-20
-4.204439844348354121e-20
-4.688115379285498591e-20
-4.946503013390020626e-20
-5.007331046169894715e-20
-5.668006082022081440e-20
-6.289075254460129097e-20
-6.732102691296899551e-20
-7.069855173740352689e-20
-7.615906022174082240e-20
-7.922188732058085427e-20
-9.604123866440010942e-20
-1.101434142250488953e-19
-1.116591407775783958e-19
-1.434774577393121562e-19
