-6.644203381916427009e-01
-1.147068042264316468e-01
-5.890610189230565535e-02
-4.219082642758828494e-02
-2.967054594318316654e-02
-1.442478830394760582e-02
-1.140585596200105294e-02
-9.189930975666020865e-03
-8.137632440736218900e-03
-5.708570462062695014e-03
-5.226953321066043004e-03
-4.300315853191764501e-03
-3.420816717598559268e-03
-2.119476712603865151e-03
-1.802914764867618539e-03
-1.546188740588387697e-03
-1.239067234076828830e-03
-9.107186935825864688e-04
-7.591536756841963524e-04
-6.874034085154152396e-04
-5.890815394232264439e-04
-4.735017991818919747e-04
-4.382774370840795334e-04
-3.991367859197485191e-04
-3.176952940591286096e-04
-2.298655607242888548e-04
-2.025806442612900979e-04
-1.910759773686312004e-04
-1.690670406954152580e-04
-1.424930581127876051e-04
-1.374792833914645406e-04
-1.052164179914261838e-04
-9.037219927497727853e-05
-6.747778084506412242e-05
-5.738974555696963852e-05
-5.163367311839523583e-05
-3.476909679393405905e-05
-2.787566498737585724e-05
-2.364851201796163026e-05
-1.815480580253587189e-05
-1.552917032380541688e-05
-1.142187765307745609e-05
-1.117574261743190581e-05
-5.779689463082389530e-06
-4.915846710811522831e-07
-1.681857953585614480e-18
1.073742900457763586e-18
5.805706584321417996e-06
1.150388294898945864e-05
2.098265640350709005e-05
2.914694713161876811e-05
4.139178585968107156e-05
4.472914870672416523e-05
6.463861046843906465e-05
8.804754439204932220e-05
1.035271874239671069e-04
1.131182070679446832e-04
1.500161259761199927e-04
1.668500993925549943e-04
1.826353027710582813e-04
2.090669802275028661e-04
2.295038228952079359e-04
2.831179552687424113e-04
2.999416624796702089e-04
3.175284119354378275e-04
3.521604210431005205e-04
3.999009470991030449e-04
5.046345764737995843e-04
5.320014140669924356e-04
5.749590347350343970e-04
5.994649802240945664e-04
6.665376504175442914e-04
7.245112282284472656e-04
8.331005168020045410e-04
8.847665361433473211e-04
9.342555028534901222e-04
9.796841137161547454e-04
1.000116381955205207e-03
1.051151383499241429e-03
1.258411227162739001e-03
1.374799909564630111e-03
1.511600650840839218e-03
1.641888387677729964e-03
1.748888932442478139e-03
1.839809380621046158e-03
2.157725168886116124e-03
2.273714126213262094e-03
2.372002784384329849e-03
2.472713083130157353e-03
2.599339538459019550e-03
2.909771357426893003e-03
3.067048964705700910e-03
3.339409871224639521e-03
3.674284499992742405e-03
4.032738271234669394e-03
4.898646155429359043e-03
5.303677846870792807e-03
5.466302394442920307e-03
6.317221083568686293e-03
7.040118841112684434e-03
7.978464947687644720e-03
8.755779023792993609e-03
1.024719667155859007e-02
1.038341356004625522e-02
1.238114811611402619e-02
1.283431866343478535e-02
1.556409422725861351e-02
1.569743302292225459e-02
1.682436952486723175e-02
2.238523088512018103e-02
2.501509486673373847e-02
2.909449307844095417e-02
3.467783596120986578e-02
4.150114281554596884e-02
6.151801003848014066e-02
6.401493351753780037e-02
8.672569544844813128e-02
9.917700172408726311e-02
1.621679354957271668e-01
2.193352512629836437e-01
2.647230586658227969e-01
