1.655816723312842145e-02
1.573399703194023475e-02
1.534660884881532648e-02
1.277780553178953400e-02
1.203700464758278646e-02
1.062041618473414523e-02
9.615134673234614765e-03
8.207497754619375030e-03
7.188997142481925486e-03
7.033527623039438105e-03
6.528667922069374130e-03
6.209685376100044715e-03
6.162626264444016205e-03
5.394253257027855492e-03
5.301517707289950081e-03
4.434461220697319579e-03
4.280943624227062996e-03
3.903144039136541982e-03
3.857722056344211909e-03
3.585596635307362629e-03
3.380140685978100506e-03
3.345430121966840638e-03
3.260717905634471277e-03
3.028686587353872188e-03
2.844405880972617276e-03
2.747296827181248177e-03
2.627391607556184370e-03
2.359449917589564235e-03
2.252579888810514984e-03
2.190206126523553450e-03
1.917755058956002127e-03
1.894031730527901206e-03
1.741252560722446763e-03
1.637361914468498042e-03
1.575519772202325355e-03
1.387193027014768350e-03
1.342690610487284756e-03
1.280804584290541051e-03
1.211014848546224446e-03
1.138858242634924927e-03
1.092015804930243986e-03
1.025249965445756105e-03
9.823007053233428869e-04
9.727329470059601106e-04
8.785752179254584238e-04
8.245900854836321538e-04
7.466816148642830935e-04
7.144846290008512266e-04
7.067209445161508211e-04
6.363219672049465810e-04
5.990084196591858147e-04
5.592895537588210564e-04
5.288466639766430067e-04
5.172626835058354760e-04
4.888019404832860551e-04
4.631558475833912015e-04
4.514979414189421820e-04
4.303494847907716634e-04
3.995052907460905920e-04
3.802375323289382660e-04
3.473000315916170027e-04
3.244513006881050176e-04
3.091635950318348341e-04
2.845521826523406085e-04
2.755869551706122828e-04
2.670590753674250751e-04
2.453649730953592054e-04
2.257561173569780019e-04
2.145884960213770341e-04
2.075302451310859079e-04
2.033305771057126034e-04
1.955095315126796141e-04
1.838164824404075050e-04
1.683931427890882234e-04
1.585529170767468272e-04
1.516331037558172278e-04
1.432983110019196205e-04
1.315936276013496319e-04
1.251518509023656525e-04
1.029586128724780677e-04
9.380115536727879439e-05
8.467310924651085219e-05
8.183586228983672048e-05
7.206344787657890027e-05
6.585896093913421899e-05
5.842431665856449060e-05
4.940832972404068544e-05
4.052790131843813824e-05
3.832516725242953343e-05
3.218102312108825087e-05
2.472510030707354806e-05
1.848535712436383027e-05
1.325278344586940008e-05
1.310418723446348023e-05
1.003262894886985949e-05
5.667065927804039339e-06
2.878935177396467427e-06
2.499544294487203941e-06
7.145523779608234024e-07
4.679930227174907613e-19
-1.137731912577337376e-19
-4.828302891296079316e-07
-1.981524724898831456e-06
-2.800540255944230542e-06
-3.768363442814343347e-06
-4.469781873603504792e-06
-6.400116339898624043e-06
-6.962257219117643723e-06
-8.468713934773754279e-06
-1.108104383400491857e-05
-1.409335780961624122e-05
-2.815464792773263064e-05
-3.532012057046414938e-05
-5.628389725416518195e-05
-7.577957621923769665e-05
-1.401385553178392308e-04
-2.127033794215303132e-04
-2.242490818567594490e-04
-2.882489220467634398e-04
-4.496993562199504742e-04
-7.083408136024312062e-04
