-5.680221972047313423e-16
-2.524250456995531698e-16
-1.939905173120396930e-16
-1.687964978409645578e-16
-1.509680558748062615e-16
-1.397380483895891098e-16
-1.282597506082028174e-16
-1.079902760446623217e-16
-1.056161337071450913e-16
-9.783650021948049732e-17
-8.795222004022007224e-17
-7.668608358868053067e-17
-7.094934444415239140e-17
-6.666011782456072030e-17
-6.163006759576414209e-17
-5.885803916920011019e-17
-5.132617429412935618e-17
-4.650545675898953096e-17
-4.341735182982919670e-17
-4.141319938503732538e-17
-4.049349193701077130e-17
-3.411257942321314365e-17
-3.086901957396845808e-17
-2.713759739663963241e-17
-2.633648314143542237e-17
-2.484480107889979698e-17
-2.234203791892927337e-17
-2.100952727763638131e-17
-1.959930693466148140e-17
-1.712957297254451069e-17
-1.633629615847375602e-17
-1.441688002363284566e-17
-1.378937049739967539e-17
-1.224319512356745936e-17
-1.161719973382402178e-17
-1.088303932491442497e-17
-8.510644962703466431e-18
-8.468427457383037599e-18
-7.172897812187711413e-18
-5.710523309871283627e-18
-4.990982374567371998e-18
-4.503231082160115507e-18
-3.697129296443964049e-18
-2.832305049910388426e-18
-1.590814478657428193e-18
-7.580082487718299958e-19
-2.885055752371383862e-19
5.875443896018032772e-19
8.059603404421370706e-19
1.882244074847220121e-18
3.236113563716848074e-18
3.510264603695779966e-18
4.177082386072164161e-18
6.046084585838394473e-18
6.849397727688255542e-18
7.627078448577173343e-18
9.719627318496747393e-18
1.020715839643877960e-17
1.077394595924938852e-17
1.227073754735462364e-17
1.323040208048575011e-17
1.437744246925898137e-17
1.593469038505334691e-17
1.616346294760829282e-17
1.706863541130059906e-17
1.935833584802915503e-17
2.056369026322113771e-17
2.188121656574815061e-17
2.291165933897337184e-17
2.515845659200644462e-17
2.709187554074199901e-17
2.878407726081729517e-17
2.939172691298346648e-17
3.079191841951936703e-17
3.524421540048669765e-17
3.746796261545060573e-17
4.099132902375581406e-17
4.349775975915662492e-17
4.507617981820664184e-17
5.519912651636258161e-17
5.828914313143998975e-17
5.977242607306694465e-17
6.319375561286807025e-17
6.601282388795113493e-17
7.062535789329345609e-17
7.379380427116926963e-17
8.185860568189776873e-17
9.174624123312877797e-17
1.011812365095919235e-16
1.245658801136026491e-16
1.561232068841317307e-16
1.720316214620319923e-16
2.050675758914461178e-16
3.025874324170501133e-16
3.510255753635369975e-16
4.886780423210124327e-16
4.137046414297395995e-04
5.256831701974577862e-04
9.308483404356835116e-04
1.459951986931376164e-03
2.178442225728950774e-03
2.941540555496308974e-03
3.085609108216473117e-03
4.017642321450692541e-03
4.858526779187292109e-03
7.443940139171718005e-03
8.863569836648694730e-03
1.008530685545147750e-02
1.455667393199912112e-02
2.445862499756848440e-02
3.269344984052530850e-02
3.319365246022622923e-02
4.590013823049653857e-02
6.918777939020413770e-02
7.413343868831029360e-02
1.057445600131167313e-01
1.533812372741664432e-01
3.560398767232392236e-01
1.252441324919387533e+00
2.970705742963921203e+00
5.775099164894699655e+00
