-2.668116540273162210e-02
-2.539972727595566152e-02
-1.535452750411691811e-02
-1.286157557564210872e-02
-1.048043182113916026e-02
-9.305250849601088420e-03
-8.524891563334479477e-03
-6.699194972399538824e-03
-6.188113214716020431e-03
-5.088587450045809965e-03
-4.621872225401875943e-03
-4.217485245883564361e-03
-4.066957613234253692e-03
-3.151254301606408285e-03
-2.928878622338877691e-03
-2.819446947069977321e-03
-2.389064523659827077e-03
-2.220805378282021333e-03
-2.045693836939475960e-03
-1.626776783033626137e-03
-1.592287833401594003e-03
-1.534483895985987991e-03
-1.253110980399998586e-03
-1.140037091501600996e-03
-1.034908187460437329e-03
-9.263002679542742387e-04
-8.497464690077855898e-04
-7.980671567226597669e-04
-7.025068541320442662e-04
-6.146596756316257716e-04
-5.931701609053620199e-04
-5.600767888564385684e-04
-4.939245290665732896e-04
-4.776685562709745902e-04
-4.214402569703128436e-04
-3.951386935088519185e-04
-3.740846772507603604e-04
-3.486592599242186743e-04
-3.083380911900151893e-04
-2.609307179097990290e-04
-2.449641701474673176e-04
-2.341274583559386157e-04
-2.209153988016942453e-04
-1.914454069169180966e-04
-1.709955955725288876e-04
-1.663967972327873789e-04
-1.170787917170115229e-04
-1.028365876843697583e-04
-8.941892418297925328e-05
-8.555189254822496644e-05
-7.562565693718613629e-05
-5.883395959867497989e-05
-4.276797645921883324e-05
-4.170042390045587189e-05
-2.444656861213659245e-05
-2.130865763226601605e-05
-1.914510771242901362e-05
-9.300114221905865242e-06
-3.648561581774681901e-06
-1.571609897040193962e-06
8.079678871625048467e-18
1.835079218409310166e-17
1.740766983091314179e-07
8.865923372421869602e-06
1.293090159698393169e-05
1.585527924742872514e-05
1.876207563225395321e-05
2.336690259621610727e-05
2.900400977051571444e-05
3.576360824326019119e-05
4.214050817793332050e-05
4.646945404948603684e-05
6.874198758244846180e-05
7.580615251248836860e-05
8.635228797118715491e-05
1.157951825181138345e-04
1.378501991446757829e-04
1.734651137079867183e-04
2.146869311489028669e-04
2.408099923107949805e-04
2.697396929451336875e-04
2.870588017454336893e-04
3.380378834610022875e-04
3.983763370213482566e-04
4.726671695912223244e-04
5.576660248828180927e-04
6.336703418727703506e-04
7.090729348826233999e-04
8.761302826275278559e-04
9.007256545153709444e-04
1.091657232651775883e-03
1.163657378147163555e-03
1.283807512505065604e-03
1.477416094836893823e-03
1.549670388667853498e-03
2.005191472701934804e-03
2.109431522386269377e-03
2.557090824625312623e-03
3.487475730697700126e-03
4.119214745549317110e-03
4.450790198961436343e-03
5.465066958586985157e-03
5.942361877809434687e-03
7.345542163787128868e-03
8.743241208628052888e-03
1.182494747515499579e-02
1.387673305530374122e-02
1.677575243343417191e-02
2.179967388786521743e-02
2.439932206551126068e-02
2.654050375735083137e-02
4.368392953636264509e-02
4.823999202366906908e-02
7.888606292945900267e-02
9.944014155408509303e-02
1.550662799298518635e-01
1.841544413264099844e-01
3.638975207976032911e-01
1.569317246863219939e+00
4.089808971826258244e+00
9.657231317964583894e+00
