-2.261594310026440735e-01
-5.501025374972517284e-02
-4.174360444386660679e-02
-2.998515845076487468e-02
-1.249382070299694635e-02
-1.227573687520527694e-02
-9.645724120078042613e-03
-7.429943494209692752e-03
-6.194156911142321455e-03
-5.784572738294985889e-03
-5.293862034179639894e-03
-4.841225374669909896e-03
-3.579860938852133870e-03
-3.046369701660762205e-03
-2.783681901205377774e-03
-2.357112616466549865e-03
-2.111002970285897912e-03
-1.914871491422920867e-03
-1.664474972360265861e-03
-1.590755908081611762e-03
-1.448189196482325752e-03
-1.420528172979401964e-03
-1.282394659596453913e-03
-1.192172104456357216e-03
-1.075723556414073887e-03
-1.010230430263849271e-03
-9.457183381329383300e-04
-8.706652364319986126e-04
-7.972270994910121786e-04
-7.353969102911725496e-04
-6.488303669620279100e-04
-6.151718049477324611e-04
-6.077612737126557958e-04
-5.301542048976185320e-04
-5.129373911656075940e-04
-5.017586830373629327e-04
-4.732725949818359940e-04
-4.555700598067660700e-04
-4.293962622314349917e-04
-3.991553518727746202e-04
-3.413086753421268045e-04
-3.389331436489926327e-04
-2.948621605466025526e-04
-2.820522798082823680e-04
-2.674853818475278044e-04
-2.576524293662190985e-04
-2.522162912425801140e-04
-2.083736261312897522e-04
-1.928235184145417162e-04
-1.886433527974504633e-04
-1.827918018092478407e-04
-1.645968572568692315e-04
-1.621236289747503680e-04
-1.546049535797038325e-04
-1.473873714543074884e-04
-1.407551795474786677e-04
-1.368152872597003310e-04
-1.293242734991664538e-04
-1.150002214159493672e-04
-1.144593295774657380e-04
-1.081256422485433414e-04
-1.038735573593320676e-04
-9.249673368179258271e-05
-9.071309117935918520e-05
-8.380905755141114315e-05
-8.066553840852535185e-05
-7.829292185960184003e-05
-7.159413362490780282e-05
-6.397177831232073555e-05
-6.264626410455260898e-05
-5.644158346247433642e-05
-5.374258155666345702e-05
-5.126181700935972512e-05
-4.960248291256641825e-05
-4.711158876238386793e-05
-4.339319884445974693e-05
-4.260899763939733832e-05
-4.188141127263689213e-05
-3.975353722425142323e-05
-3.641772791298398539e-05
-3.429607700270445651e-05
-3.142106925882525386e-05
-3.039784708934368423e-05
-2.976909966137998795e-05
-2.638512117636283055e-05
-2.590873526346425233e-05
-2.397566354485393685e-05
-2.083279592973242747e-05
-2.015908019560834084e-05
-1.857599068807441671e-05
-1.715925798647999074e-05
-1.670032204944835047e-05
-1.473312691664436532e-05
-1.352070844497164645e-05
-1.258550289123423218e-05
-1.083774450718827361e-05
-1.001857875397074084e-05
-8.504084002483415909e-06
-7.819101108338578993e-06
-5.547813106791428155e-06
-4.116166825485243909e-06
-1.842400513550282566e-06
-9.790505588475859353e-07
-6.319322813617552091e-07
-5.453147167386545640e-07
-3.809931934862004200e-07
-2.489908992676169232e-07
-5.400182098708132726e-19
3.742975962323222688e-19
1.628203862521640134e-08
7.612267517678650801e-08
1.609996838467613017e-07
1.664825637400441881e-07
3.533228866973965602e-07
4.357635210267097478e-07
4.769525766244345613e-07
7.327408165747761539e-07
1.015710687802686310e-06
1.511333595046887759e-06
1.858581371122272972e-06
2.805581270168688631e-06
