-2.388672173943919191e-16
-2.247359496559408986e-16
-1.127129772020303670e-16
-1.057858504259355081e-16
-7.927324507094774556e-17
-7.214700042149296366e-17
-5.717448685439905115e-17
-5.702836922461760612e-17
-5.336427924542925683e-17
-4.891541279426955557e-17
-4.440163584035548270e-17
-4.290491286305031275e-17
-3.637304171725543593e-17
-3.479933321793740075e-17
-3.322858847877054737e-17
-2.927401782298726774e-17
-2.722584599238876595e-17
-2.516405756447334444e-17
-2.386621946951620123e-17
-2.303406482826512878e-17
-2.251793080509393719e-17
-2.047023803270396123e-17
-1.946584863335509819e-17
-1.769522055153719625e-17
-1.646658267950469958e-17
-1.557344409988563020e-17
-1.519102116490286661e-17
-1.357449507852667714e-17
-1.336639664895226870e-17
-1.264778083673681844e-17
-1.068746343896526135e-17
-1.028280863773476140e-17
-9.813501865259574508e-18
-8.351520154655761456e-18
-8.118366842989538699e-18
-7.265559346627433166e-18
-6.478130911058660546e-18
-6.132792368078008147e-18
-5.443492303865068017e-18
-4.698023516712730916e-18
-4.214471168438733435e-18
-3.411889077343336184e-18
-3.171927267998579765e-18
-2.860284123019871262e-18
-2.442566669229852778e-18
-1.752559752485092335e-18
-1.422677232199668255e-18
-1.149947241591526014e-18
-1.123943693289805130e-18
-2.487998311350050368e-19
1.714335337229683507e-19
8.259480831583890432e-19
1.698058578050483715e-18
2.516464352765897912e-18
2.737441491105699538e-18
3.449179491715637479e-18
3.773612106410526034e-18
4.559793481948686468e-18
5.419124142946614761e-18
5.884212659963034128e-18
6.250915975488147529e-18
7.535647817791727529e-18
8.184492104683204825e-18
8.998618516411105052e-18
9.186015733915378725e-18
9.656801525540192398e-18
1.056406570841837907e-17
1.083994436381663644e-17
1.141604008503273338e-17
1.228948365658024644e-17
1.237851488149434083e-17
1.530095470264871876e-17
1.564481317353726729e-17
1.655814283270865630e-17
1.713232014187507648e-17
1.822405700663944411e-17
1.944482187802369986e-17
2.042683832713452504e-17
2.257224141150934126e-17
2.422394140442534129e-17
2.587011755932979947e-17
2.758744495275764070e-17
3.146643737543344906e-17
3.254647926859326341e-17
3.534183521071423341e-17
4.066734511875925647e-17
4.546185368630033453e-17
5.163073123080778877e-17
5.311303078958262515e-17
5.778066436435932922e-17
6.463241358410098507e-17
6.741040775056931144e-17
7.319398464027159727e-17
8.597132752558226839e-17
9.908959368288887684e-17
1.827588764603939276e-16
2.361722369253036640e-04
3.076484509202658001e-04
5.963889374594464384e-04
9.232878722444379845e-04
1.190042956174859872e-03
1.754069675570657603e-03
1.967138787145275829e-03
2.365617666969422814e-03
2.637398487072934068e-03
4.476390563173637295e-03
5.659362316616465931e-03
6.038182633303422302e-03
8.531917437093677198e-03
1.490117617704815774e-02
2.337397666170087929e-02
2.431133115440235401e-02
2.917743965931130987e-02
3.928386279820599708e-02
4.137897496100246403e-02
6.822686352992041181e-02
8.649240136258230793e-02
2.424105050576297882e-01
7.489085042764084266e-01
1.356722029512837935e+00
2.536506371802849991e+00
