5.995278775401328281e-02
5.920690610815759064e-02
4.160559450289830208e-02
1.679150896623796824e-02
1.000360339868840154e-02
9.901986217307168561e-03
8.598358967261347796e-03
5.612690713778739279e-03
5.244877966167969634e-03
4.942359090366505413e-03
3.538232798529257137e-03
3.041181475088477245e-03
2.827961246431487125e-03
2.572987745834923439e-03
2.119940911633129074e-03
1.906277315389972443e-03
1.655160774321219695e-03
1.533278193592771486e-03
1.409933439374136616e-03
1.366850326367604783e-03
1.071096512254997865e-03
1.012338513208279689e-03
9.543960756183856187e-04
7.257527216392357537e-04
6.853494829626381171e-04
5.738450783945189771e-04
5.102876444991246438e-04
4.871835767486736414e-04
4.317065644260785376e-04
3.969493197082964143e-04
3.728584109973791423e-04
3.474292988101340359e-04
3.262441921905154035e-04
3.073025267401298323e-04
2.560230495011494613e-04
2.236990218094523568e-04
1.924154253261400915e-04
1.721875348737058155e-04
1.536934668429208685e-04
1.384733067443591210e-04
1.238510267963058601e-04
1.120003843302182022e-04
9.540567691217511520e-05
7.946775610500681473e-05
7.259584436596154110e-05
5.751261696444310396e-05
4.988654185313637834e-05
4.793508106091926946e-05
4.234012419165949045e-05
2.846215908238031823e-05
2.509186476663126627e-05
2.281656305333611614e-05
1.804802625618168453e-05
1.625980911805081688e-05
1.231152674801297298e-05
1.175924017192178120e-05
9.735930767557397382e-06
8.837775457388992808e-06
6.833522658917360096e-06
2.042902327199129008e-06
5.726033106358975660e-07
9.285210905387220961e-19
-9.530056365821890870e-19
-5.595969999467912214e-07
-2.178104609011743310e-06
-3.943006717930621438e-06
-5.634152273482590427e-06
-1.240835069351875541e-05
-1.593805960534527925e-05
-1.878602005270681565e-05
-2.187947576222064051e-05
-2.343020812268926646e-05
-2.842568135029679687e-05
-3.674189317164421558e-05
-4.106640446465393787e-05
-4.383769645603093561e-05
-5.421789465024708674e-05
-6.233909624010395374e-05
-7.276402026857399291e-05
-7.709140209269159198e-05
-9.074211751777331030e-05
-1.003074862832148135e-04
-1.066547287230689610e-04
-1.118391046085079294e-04
-1.255616948715559380e-04
-1.354341335834856677e-04
-1.408583043752379034e-04
-1.455211026042123356e-04
-1.603274675525462789e-04
-1.651188536217365697e-04
-1.917124210669501026e-04
-2.102932397236396077e-04
-2.232277084915748383e-04
-2.326029494280963564e-04
-2.707467000694316643e-04
-2.855898755607752960e-04
-3.078802500016645659e-04
-3.290405214992921080e-04
-3.433605037976253816e-04
-3.823677311594246651e-04
-4.023479562983910628e-04
-4.510843654696063262e-04
-5.170738885515609434e-04
-5.503840677960126267e-04
-6.121882896644132788e-04
-6.491892712574962769e-04
-7.067919746599020652e-04
-8.402256915031672269e-04
-9.146328779863460278e-04
-9.844192221729491411e-04
-1.073461781427617438e-03
-1.183536773336982565e-03
-1.263582365500518596e-03
-1.396626902193249566e-03
-1.468014736176745990e-03
-1.503212205620586828e-03
-1.852440032446896851e-03
-2.544309102556058504e-03
-3.237981387973555211e-03
-5.640889022922092669e-03
-6.206640390770662603e-03
