-5.800959939033352633e-16
-3.746438754907282338e-16
-3.222135606536635208e-16
-3.125596840446061224e-16
-2.476323041001881965e-16
-2.257280007180351360e-16
-2.051288296690755432e-16
-1.968420910425819207e-16
-1.715002657851157661e-16
-1.590433206136844170e-16
-1.403944248290560522e-16
-1.216215930144892659e-16
-1.142334404071923547e-16
-1.087035129294008956e-16
-9.649457130267401157e-17
-8.873226387434063881e-17
-7.894974649967004146e-17
-7.782439587650065036e-17
-6.778243323407594004e-17
-6.272683829132160953e-17
-6.082407102569678352e-17
-5.458847821398919207e-17
-5.326715478848746632e-17
-5.007722298145915246e-17
-4.187323289174287772e-17
-4.058518265240567935e-17
-3.292748847256336541e-17
-2.976222631178961515e-17
-2.791664247690095078e-17
-2.705394355023528501e-17
-2.624522724813137858e-17
-2.347080841197897688e-17
-1.923147083033540338e-17
-1.857630767469038216e-17
-1.656672017579194821e-17
-1.508973656034424987e-17
-1.366659739339395185e-17
-1.131779084961612816e-17
-9.974759465880905350e-18
-8.824592357239607620e-18
-8.603109253500426011e-18
-7.017186819644812884e-18
-6.603146892221207166e-18
-4.785409539190092040e-18
-3.256372484364717736e-18
-2.123038124902235810e-18
-1.431534214557290621e-18
-6.775979021406474870e-19
-3.656565695116204128e-19
-2.164237163030955497e-20
1.175600882244515086e-19
3.150369558728866080e-19
4.805277137394405315e-19
1.360497179611076759e-18
2.099695028949070748e-18
3.410275916284906725e-18
4.748140575062603872e-18
5.395833512701735275e-18
6.235796198639523917e-18
8.129530128525998596e-18
9.288170014397628661e-18
1.079219993798396827e-17
1.349775770124562825e-17
1.406114186633471272e-17
1.673068508930964197e-17
1.791317161916307461e-17
2.120483171435600498e-17
2.220275722775702514e-17
2.375263260807312567e-17
2.797638413255121647e-17
3.006276450659409408e-17
3.064091773367274576e-17
3.712564062984255930e-17
3.922175296241741710e-17
4.082407385954117290e-17
5.073638771690604792e-17
5.195438159026940622e-17
5.294531616669113762e-17
5.647495514562249431e-17
6.343126492845874318e-17
6.920855214073156412e-17
7.757486051455535274e-17
8.294150245416743869e-17
9.400519167923137307e-17
1.019609002133512355e-16
1.089626906787080868e-16
1.176396718394674215e-16
1.227879708354047735e-16
1.346674925756793808e-16
1.704053822965614601e-16
1.816688438425559780e-16
1.960463725523415502e-16
3.213617994336970999e-16
4.338852158593766980e-16
6.799792771858092139e-16
1.332518202393286185e-15
4.372726928803393636e-04
5.259322456639290919e-04
8.345285057568713498e-04
1.081495376573562289e-03
1.273377757107267087e-03
2.249361619401725292e-03
2.532021457971595727e-03
3.336611979852181342e-03
4.334280848910504642e-03
5.142106405988994614e-03
5.727354753531361045e-03
8.515712173546704719e-03
8.939622358788944234e-03
1.750304178141021128e-02
1.984614329250803874e-02
3.489536687413380411e-02
5.091601067706948841e-02
5.600099949454993842e-02
9.968631744530523364e-02
1.048030041538782625e-01
1.749333198755856078e-01
3.260858936012466236e-01
1.638908903503154324e+00
4.626171917786562560e+00
1.039498992337829364e+01
