6.714848857113048242e-02
5.986287205977955383e-02
3.731813565228024598e-02
1.749776100386215422e-02
1.251499229939486216e-02
8.323518807031601505e-03
6.584954162687948684e-03
4.493823634389454251e-03
3.954788060015862819e-03
3.906385474481821087e-03
3.421210317722334169e-03
2.689114651608894707e-03
2.064432399176052181e-03
1.839162266217957056e-03
1.478398233675030623e-03
1.332557291268038607e-03
1.056074592286058685e-03
9.083685106492132367e-04
7.955562536040769721e-04
6.524402604694651232e-04
4.142238947393934913e-04
2.913728280975533941e-04
2.045569662663249534e-04
1.721295630390410410e-04
1.420360346341648734e-04
1.361822654063975404e-17
1.046359143147032103e-17
1.018031071654451244e-17
9.988841624030257540e-18
8.181960308606004894e-18
7.359818024861417116e-18
6.982146354132610194e-18
6.561009577384157878e-18
5.779994844911332122e-18
5.560742984663757262e-18
5.331613256053763544e-18
4.889977994166990031e-18
4.728507979324705878e-18
4.336664677523215664e-18
3.974263760834205743e-18
3.817403554719305903e-18
3.582172490761015572e-18
3.356159395118036456e-18
3.088408009971269264e-18
2.926800874133637224e-18
2.846161816619698370e-18
2.721748060145519118e-18
2.678806343774018160e-18
2.458344692034810722e-18
2.297368187432359635e-18
2.260890298317381645e-18
2.015154474709194239e-18
1.893591989342691524e-18
1.664723732928903302e-18
1.595507721658824575e-18
1.518985031949790887e-18
1.464296566841068843e-18
1.207384713584405443e-18
1.109416507321850125e-18
9.969976209367581053e-19
8.677458675113441550e-19
8.472935811466435772e-19
7.718196883412431436e-19
6.685059537504109412e-19
6.152795151224407355e-19
5.419421372546373719e-19
4.573862913335749176e-19
3.725819337900153797e-19
3.583246920787446924e-19
2.999813959803857793e-19
1.603030180078888157e-19
8.501717822692653365e-20
5.914484652154759889e-20
-2.496424718488140940e-20
-7.216521462331711541e-20
-1.393105310803925348e-19
-2.090323368542637901e-19
-2.798357018665781831e-19
-3.266833299011805518e-19
-3.411021096847205086e-19
-5.091302372129744826e-19
-5.939391568723982286e-19
-6.878106825940738313e-19
-8.064134662997574123e-19
-8.887651159063569205e-19
-9.433630374091390951e-19
-1.153115173577022808e-18
-1.245490448628084449e-18
-1.359108601470473391e-18
-1.424090535886444503e-18
-1.478776380950489279e-18
-1.639691529048593675e-18
-1.686848625059344739e-18
-2.050847252690753266e-18
-2.087819198130024678e-18
-2.173911347754291700e-18
-2.257988194173983711e-18
-2.531503213576661826e-18
-2.632486013731733315e-18
-2.835916354805919993e-18
-3.023775725479732037e-18
-3.346423293653292958e-18
-3.614718424634483161e-18
-3.723270507147567267e-18
-3.828860951066860472e-18
-3.894184369954495119e-18
-4.299338596495235083e-18
-4.584999371879713827e-18
-4.921805088329543013e-18
-5.307477205814851843e-18
-5.591749669635403151e-18
-6.158731665643967722e-18
-6.456098268724534523e-18
-6.721311785879322841e-18
-7.003783859022286835e-18
-7.262399251507992310e-18
-7.849168606458405189e-18
-8.522166700768819138e-18
-9.047631878856230931e-18
-1.130924028341553229e-17
-1.680783014701195655e-17
