4.578755200639798156e-02
3.594215861152141173e-02
3.382271344487908921e-02
1.142267465599174081e-02
6.904405159259422234e-03
4.930865721513451837e-03
4.472323126722154742e-03
3.675763231946957161e-03
2.622345483021459520e-03
2.346301382257152002e-03
2.174310002165156120e-03
1.992886486239327584e-03
1.609901045633180348e-03
1.524179362656426229e-03
1.275263685545115905e-03
1.012891461809469710e-03
9.511487523883397494e-04
9.258253263107091595e-04
7.012369607653740977e-04
6.756260376741909414e-04
5.328632596863739235e-04
5.058395870915725206e-04
3.898120957035442792e-04
3.690633491785173586e-04
3.248060557353077741e-04
2.694961541278455600e-04
2.446287853841459456e-04
1.926338571269202177e-04
1.680709692857444498e-04
1.397137107930002456e-04
1.272286817327303082e-04
1.068183148890683584e-04
9.288478838054156856e-05
7.072169141852034083e-05
5.755696682813614195e-05
4.685831374585103362e-05
4.344440383578822084e-05
3.932883506244852490e-05
3.019991787048409302e-05
2.535733415328071010e-05
2.214436949915520747e-05
1.841766071713877659e-05
1.516913954976904869e-05
1.129665738513568163e-05
8.517648113536669831e-06
7.931376667406802978e-06
7.416933628874884762e-06
5.006114695624227564e-06
4.356938417431974598e-06
1.521114707684984766e-06
1.660849204962515855e-07
7.746127901120220731e-19
-5.257207617851781563e-19
-3.099331242056919931e-06
-4.353602953870899939e-06
-5.532677318643250029e-06
-1.194378515458829152e-05
-2.118500648649456692e-05
-2.296396139729324737e-05
-2.783107764887703532e-05
-4.407691612599334743e-05
-5.130701833202575257e-05
-6.145743559946495048e-05
-7.095919542132726905e-05
-7.300048158127572459e-05
-9.596576813483349746e-05
-1.095190738373289576e-04
-1.226758008362241177e-04
-1.290798363211241042e-04
-1.309283639092352831e-04
-1.351740068291787736e-04
-1.558113014564835037e-04
-1.647001954832796747e-04
-1.770925612254604779e-04
-1.895187431090391303e-04
-1.995286490033363204e-04
-2.088747345636856006e-04
-2.231842739398730334e-04
-2.537371694558966076e-04
-2.878598051578271392e-04
-3.100954609625300061e-04
-3.171472869275024191e-04
-3.465587401994880859e-04
-3.882870208565155886e-04
-4.020819857847061853e-04
-4.097361833031527216e-04
-4.739345274001600223e-04
-5.294952938882982983e-04
-5.474790835682228924e-04
-5.776546308920828612e-04
-6.166912826063403966e-04
-6.341349350951046033e-04
-6.591164281607612497e-04
-7.747167333284038070e-04
-8.199605080061609036e-04
-8.437038629526020725e-04
-8.668345582086496885e-04
-9.832269919635293516e-04
-1.097922188252546455e-03
-1.184564814396402242e-03
-1.291512276979506690e-03
-1.423800667030683097e-03
-1.518059164150728805e-03
-1.602137182416354597e-03
-1.691616847437673373e-03
-1.855155917379920118e-03
-2.013219770613375748e-03
-2.179201066511999435e-03
-2.321135030872490540e-03
-2.697494936492131172e-03
-2.950667003271829989e-03
-2.966594266703553254e-03
-3.442787315740962559e-03
-3.723703339966710681e-03
-4.128045464317765118e-03
-4.414458905270518714e-03
-4.960088618033280453e-03
-5.900995929934581621e-03
-6.961530732757705703e-03
-1.002012729952232381e-02
-1.103347103635248655e-02
