5.006885378500442602e-02
4.793119815600156708e-02
3.312475085845520417e-02
1.396099521816535419e-02
9.344797504779053798e-03
6.968440590266452260e-03
5.697064516253622264e-03
3.740024435392759385e-03
3.379152574343317113e-03
2.781137677880084896e-03
2.670374965102224798e-03
2.016820779865146317e-03
1.850479062223030257e-03
1.433684831335216769e-03
1.173291665378319417e-03
1.048241120003072470e-03
9.084214963802706225e-04
7.327415156322338204e-04
6.981911786194047731e-04
4.973385464368958956e-04
3.052131517214688099e-04
2.548350412205438735e-04
1.604841382426764381e-04
1.508908951323015746e-04
1.143841453579403462e-04
1.397288535312639531e-17
8.964801908610897889e-18
7.730919693431736864e-18
7.577704775932470794e-18
6.586889399816495924e-18
6.173884806423123011e-18
5.842271248706895087e-18
5.489728117167543838e-18
4.938238728781273679e-18
4.324530355849302961e-18
4.281883974597536031e-18
4.010782311257197153e-18
3.648191273897293511e-18
3.417074398658777187e-18
3.222690837746999230e-18
3.147651651365871680e-18
2.910860189308817356e-18
2.717481357535628386e-18
2.672978250110779660e-18
2.485981583680500412e-18
2.332414407176580260e-18
2.154593295876314084e-18
2.082592954018272302e-18
1.941498594606621567e-18
1.863099042224811322e-18
1.688828253723884828e-18
1.609875611964197145e-18
1.511575698483841687e-18
1.486796095580248191e-18
1.337525818734165726e-18
1.311555866154417145e-18
1.170718321701762665e-18
1.057646380860929291e-18
8.895241019090493870e-19
8.213764037283188992e-19
7.669533754894859567e-19
7.003294529933035966e-19
6.389499000572096027e-19
5.175103688991630372e-19
4.590903423240491464e-19
4.047156065972928838e-19
2.753956047500577194e-19
2.636338214338400696e-19
2.169713456750465768e-19
1.873987356242881161e-19
1.580079397916158665e-19
1.115022842010141137e-19
2.189946846834659963e-20
-3.544013973006830614e-20
-8.739438444536915162e-20
-1.375504930130312902e-19
-1.573956169535947352e-19
-2.307631632494582679e-19
-2.747251095164456545e-19
-3.845507350638719282e-19
-4.628525315564457617e-19
-5.005030403609603567e-19
-5.988851994568483798e-19
-6.506691803216754071e-19
-6.693651434691346432e-19
-7.938203002081552925e-19
-9.671111026675105144e-19
-1.102311758965725187e-18
-1.187944868791361248e-18
-1.229539306561198048e-18
-1.308831667719812538e-18
-1.410513567120384659e-18
-1.560548177532485898e-18
-1.701972806302092776e-18
-1.874729808068242523e-18
-2.010420783835159030e-18
-2.145707545087916528e-18
-2.170278644730118976e-18
-2.430787819612665050e-18
-2.581274153077869583e-18
-2.651579104161773301e-18
-2.817328732800267553e-18
-3.008513482985350116e-18
-3.100869418089427999e-18
-3.321824750579948899e-18
-3.476695761557277096e-18
-3.543322529756085301e-18
-3.841777426947824039e-18
-4.142295661435080035e-18
-4.273581389742199251e-18
-4.411750521666529478e-18
-4.786110575487324695e-18
-4.967395213735329884e-18
-5.363929622235627237e-18
-5.824606955260779366e-18
-6.200190391143078761e-18
-6.622729384712447300e-18
-7.155072426926395429e-18
-7.274977129541538481e-18
-8.078696650710681271e-18
-1.182976523716594070e-17
