1.038654293462286035e-02
8.226587764166536088e-03
6.151816926417442814e-03
4.492694047716194912e-03
4.072272052387398283e-03
3.141899197830166392e-03
2.612579847370990072e-03
2.544809830146853476e-03
2.105403529243034862e-03
2.064912828961100628e-03
1.848076759119401599e-03
1.705305439844254610e-03
1.439859711867521241e-03
1.354363363427055515e-03
1.233234211221504633e-03
1.225124166392805962e-03
1.125331350238677284e-03
1.090517924978768758e-03
1.031284781976217653e-03
9.005075902188324020e-04
8.484982719645960732e-04
7.155523407568864080e-04
6.672751785938114489e-04
6.593577354252795489e-04
5.475581342286039987e-04
4.865153687459596835e-04
4.612332872204484547e-04
4.304058378756550033e-04
4.092572582339702334e-04
3.642799190494386166e-04
3.257556859183285383e-04
2.872293935999749976e-04
2.680666384451747299e-04
2.583860810919181086e-04
2.401095232815336788e-04
2.287468985652811235e-04
2.121061102099721079e-04
2.037398561975567370e-04
1.749699887601591415e-04
1.656067429018712319e-04
1.471822426313825838e-04
1.407773166857602680e-04
1.267408064777177199e-04
1.154165674845107387e-04
1.074526611271316108e-04
9.875343103263720297e-05
9.219347234272765111e-05
8.733873294311326194e-05
7.599001258320922355e-05
6.467604353214710037e-05
5.388192204022557782e-05
4.707641924344252817e-05
4.374164829249519413e-05
3.762155205858508237e-05
3.014730369706587580e-05
2.522104558437081979e-05
2.179808764918982698e-05
1.939968353669185264e-05
1.854556872837194234e-05
1.447115985948255362e-05
1.176882360100634199e-05
1.073790231395429819e-05
7.649768661452802362e-06
5.070739833148427673e-06
2.445737896092960145e-06
5.166406166989785865e-07
2.145047199805900330e-19
-6.678846054241236259e-20
-7.090326318911224996e-07
-4.129749937368466765e-06
-7.112700221955203666e-06
-1.023450793942287031e-05
-1.226683282987060290e-05
-1.363434360338427083e-05
-1.566429436336954023e-05
-2.123697296074924498e-05
-2.237420984346437844e-05
-3.070962623299850885e-05
-3.339522609344097438e-05
-3.570438266928117980e-05
-4.449810305920116042e-05
-5.048608295473682714e-05
-6.262123964829165808e-05
-7.088966824450366902e-05
-7.933796642828794439e-05
-9.175130496308210007e-05
-9.899685521196969454e-05
-1.083142684699518293e-04
-1.343759867084011017e-04
-1.447400272137238145e-04
-1.566842148515032668e-04
-1.838219371106797730e-04
-2.196655968132769855e-04
-2.533381137450516052e-04
-2.793698005651307496e-04
-3.024847630714443017e-04
-3.341474209625212139e-04
-3.673731826249394708e-04
-3.935755854375510426e-04
-4.687074369007095771e-04
-4.731550626188657733e-04
-6.160669220426493375e-04
-7.008185449308320910e-04
-7.419223080362643587e-04
-8.792891788531473568e-04
-9.502810719694394998e-04
-1.134758442161865749e-03
-1.248607658197040809e-03
-1.450049272008897740e-03
-1.522818999773382573e-03
-1.575579299382094331e-03
-1.782223483744094575e-03
-2.029295187900468159e-03
-2.090594184455915258e-03
-2.288079524113301091e-03
-2.537735896691814715e-03
-2.869382326419557365e-03
-3.750084356464590801e-03
-5.081731882022012640e-03
-5.762457013485415384e-03
-6.587307622820488470e-03
