9.425489189497818047e-04
9.278184463561434114e-04
8.666192980138877691e-04
7.108749502594964272e-04
6.982124732427479703e-04
6.342558558383342478e-04
5.782897692058921839e-04
5.623422154609496095e-04
5.214352723474842974e-04
5.137823900244033529e-04
4.985272184690406208e-04
4.501328748553662710e-04
4.306371760479332745e-04
4.069557917291027655e-04
3.412415374666604730e-04
3.269955094969408485e-04
3.198962198113294722e-04
3.041026045056725120e-04
2.685205596345790861e-04
2.615760463061469229e-04
2.420287346687929853e-04
2.322586416738827277e-04
2.263411282055596331e-04
2.194175338475808502e-04
2.168334027502764503e-04
1.959099252868960913e-04
1.913450641893663789e-04
1.722678963986192142e-04
1.680875296361828710e-04
1.468849059291979628e-04
1.445342000266432343e-04
1.361768799675699808e-04
1.319571668392534422e-04
1.301651062776031304e-04
1.187258956006144483e-04
1.183529409412292376e-04
1.153702912964776228e-04
1.107329744221449653e-04
1.023792542900440355e-04
9.952616414636268963e-05
9.475236345567852111e-05
9.283070165233350151e-05
9.122642757694749153e-05
7.725254173804369147e-05
7.525955842455446033e-05
7.116275908340498660e-05
6.745629442088116117e-05
5.939051598120335338e-05
5.698702934547926827e-05
5.663072840748842459e-05
5.315715302577809722e-05
4.722560471322921415e-05
4.684583506347404059e-05
4.586049210889078527e-05
4.565347460061237541e-05
4.276430501663504286e-05
3.963123902516526176e-05
3.808183317739566407e-05
3.699534306997788338e-05
3.421685760943711898e-05
3.373869999902872702e-05
3.145508502613402461e-05
2.864984420885166195e-05
2.777393996491191216e-05
2.721907563493545674e-05
2.483246540229372510e-05
2.373844977143815726e-05
2.234302010942373182e-05
2.056366171177210003e-05
2.001123400736627499e-05
1.932842900831530767e-05
1.787665038135656168e-05
1.739828095773042043e-05
1.609012827036084849e-05
1.586262357903141354e-05
1.511486105156689138e-05
1.424033352569217098e-05
1.389315309370450125e-05
1.359362572440795849e-05
1.290175850393580010e-05
1.275532046094783980e-05
1.216066059714274664e-05
1.134228990507758561e-05
1.090098096444095464e-05
1.037847385393415680e-05
9.758356091610754477e-06
9.645768281826310782e-06
8.303056833477299436e-06
7.680679615987099439e-06
7.428148674824574968e-06
6.755529718672054117e-06
6.639811087882524927e-06
6.085278311173586473e-06
5.563569713038890790e-06
5.120164211619307716e-06
4.937172702526907227e-06
4.005325093195124072e-06
3.611626874180188622e-06
3.537230680676745128e-06
2.586029516580712468e-06
1.648662381696141865e-06
7.556989226917651684e-07
3.789420191005733525e-07
3.076113352384219456e-07
2.651174367238837776e-07
1.707739826322915186e-07
1.089886362052338602e-07
1.220439424114800354e-20
-2.674979661682501657e-20
-3.085899788638095469e-09
-1.903095139433582570e-08
-6.396209457481349614e-08
-7.141512212134301553e-08
-1.411771267934571617e-07
-1.776630765469776983e-07
-1.985345528448874526e-07
-2.678940176136666472e-07
-3.781189234051709158e-07
-4.544094008342684763e-07
-5.438843638876001293e-07
-8.853512805306073864e-07
