-1.160750363954246911e+00
-1.637101964977943080e-01
-1.205800447299794353e-01
-5.482794300706562984e-02
-3.970083138134099243e-02
-2.152275135338006795e-02
-1.759384476887885379e-02
-1.577719642716211151e-02
-1.223901576089529361e-02
-1.068461059971225965e-02
-8.769809400737181224e-03
-7.638884304134503471e-03
-5.809081176148542594e-03
-5.442557293973728817e-03
-4.931673482611773594e-03
-3.783885781518105292e-03
-3.073925013721177761e-03
-2.796169874538488326e-03
-2.443771923898892251e-03
-2.172574225617223721e-03
-1.618200547381015708e-03
-1.441545374542763363e-03
-1.296687342892852927e-03
-1.180387256464637694e-03
-1.076853707665745242e-03
-9.134827195595513405e-04
-7.028889969732207048e-04
-6.633808646810673967e-04
-6.115393135788831569e-04
-4.963096999841428141e-04
-3.979927073884261630e-04
-3.895813683780620590e-04
-3.227101758501630768e-04
-2.326388644211166814e-04
-2.049850475252112004e-04
-1.752697225572446465e-04
-1.464389286572449170e-04
-1.365386291903720442e-04
-1.186946875010402543e-04
-8.588606527234298848e-05
-7.425857319957964483e-05
-5.789591782589122404e-05
-5.133755015700330757e-05
-4.635917010369737111e-05
-3.648097593065780317e-05
-3.293127931536684970e-05
-2.365794547989196001e-05
-1.891619745046066830e-05
-1.781312874776669352e-05
-1.074427196072023775e-05
-5.976961364196347893e-06
-3.243731214968442763e-19
4.705340020674668859e-18
6.498813470888537653e-07
3.082835258451361140e-06
7.666255143036771602e-06
1.687037332793573402e-05
2.351225428629655952e-05
3.399630913177415197e-05
3.940129344054047302e-05
5.102383690481290953e-05
5.263203260739209455e-05
5.980146627961622845e-05
6.395574752401903700e-05
7.946329460163591390e-05
9.193601824008366019e-05
1.068939688391236679e-04
1.200650157724162065e-04
1.472281717300369635e-04
1.681020380427931699e-04
1.868587937839927249e-04
2.075389227874826885e-04
2.308466729654782841e-04
2.477768017086287989e-04
2.973081357808627701e-04
3.261968566270535851e-04
3.309011366038997772e-04
3.544587772385707452e-04
3.853975091860026032e-04
4.405247869631922835e-04
4.578570339843611057e-04
4.961728138289575856e-04
5.586270027231923481e-04
5.943995850000799658e-04
6.727530568043199296e-04
6.854314575441510220e-04
7.640679985476456128e-04
8.541960685956800177e-04
9.860802766478301510e-04
1.047983268417376594e-03
1.156172165747470885e-03
1.206986861711963240e-03
1.414087464207089070e-03
1.455415484070931610e-03
1.521650096035713495e-03
1.723874005032547318e-03
2.161749134321858459e-03
2.528305932966818173e-03
2.892488741833357246e-03
2.979338489456209715e-03
3.340226650666144187e-03
3.541272661514425525e-03
4.115287612614914985e-03
4.628303959578792572e-03
5.091804930400762631e-03
5.247234824025250738e-03
5.665565604163973201e-03
7.030251582938530294e-03
8.261966056918115114e-03
1.101899828292132733e-02
1.214437835521015897e-02
1.364215675145986732e-02
1.571663576741821541e-02
1.947745708345095458e-02
2.725842426071454355e-02
3.279986817026527002e-02
3.697928944953088326e-02
4.565938603196581513e-02
7.456891985632824182e-02
1.130898247291356323e-01
1.671902603906583740e-01
