6.082870965656789197e-02
6.035728216941757540e-02
4.176173930993051092e-02
1.711163027435048251e-02
1.024801542638735519e-02
1.018947228993330109e-02
8.658828409261774134e-03
5.652094323050126448e-03
5.346423818605960249e-03
5.036168043574499632e-03
3.570358548920719681e-03
3.077769723012938313e-03
2.851402777641461918e-03
2.622799958310852858e-03
2.140501439030060085e-03
1.930775836879144568e-03
1.697243557518682234e-03
1.584179223704823775e-03
1.433431780437157592e-03
1.379145186802808922e-03
1.088277785599480775e-03
1.034524616639320542e-03
9.697459871177819841e-04
7.519006902176942047e-04
7.001289210032478989e-04
5.951028792157626087e-04
5.337216711968973456e-04
4.974090280459632103e-04
4.623056009992595680e-04
4.091554126620514163e-04
3.796554129034250568e-04
3.722517639095035630e-04
3.380155092200902976e-04
3.162593727425470555e-04
2.614111381496084198e-04
2.449243237318480117e-04
1.981511557730772247e-04
1.801350264923553971e-04
1.584937740781403200e-04
1.461418014853055011e-04
1.281230181043364771e-04
1.173478789774249839e-04
9.967731423827774762e-05
8.377790384570210722e-05
7.542596968591167603e-05
5.973494091684536790e-05
5.568756997136479407e-05
5.119262114101069000e-05
4.809903961784107979e-05
3.262777296783283187e-05
2.652811000526694745e-05
2.419959180170905101e-05
2.079858152202657048e-05
2.006636308375675266e-05
1.475992026920581933e-05
1.383619288369774540e-05
1.174382377091886870e-05
1.077530554729285814e-05
7.771783374713859784e-06
6.206914224659057444e-06
1.851963482045278675e-06
6.507407606377202201e-07
1.156686769776388998e-18
-5.340981240131101397e-20
-6.777170197748648889e-07
-2.193275572654391967e-06
-4.311092649844413941e-06
-1.027793833210840923e-05
-1.285527231642845672e-05
-1.594232846701600792e-05
-1.766737748120261238e-05
-2.063578668118453473e-05
-2.521586751595778023e-05
-3.264694400363896311e-05
-3.758293481458122644e-05
-3.988027444735663661e-05
-4.740468930218913468e-05
-5.546904160580766664e-05
-6.681382960641923192e-05
-6.994341176157419600e-05
-8.465774484061794791e-05
-8.834764831703318245e-05
-9.370884773537365732e-05
-1.007402693783223839e-04
-1.060391550053923706e-04
-1.261189669905960365e-04
-1.304587568240841869e-04
-1.326947138268453035e-04
-1.440622688170382134e-04
-1.555742108288452519e-04
-1.807373266466693901e-04
-1.949983174282236993e-04
-2.085195383793437109e-04
-2.215937547081614349e-04
-2.561284032605059863e-04
-2.666392306943728314e-04
-2.786998474450067833e-04
-3.034642793644590632e-04
-3.119827546227487108e-04
-3.588550247259795567e-04
-3.832009593995287788e-04
-4.250620415164191312e-04
-4.893648859882840938e-04
-5.184589822925245173e-04
-5.475151926180206463e-04
-6.091577080247865140e-04
-6.583213140659336477e-04
-7.958987406717632496e-04
-8.598567450148815895e-04
-9.210320387051065165e-04
-9.871473862046382160e-04
-1.106094773260254613e-03
-1.187302948698384280e-03
-1.317779862775900245e-03
-1.376733412235913367e-03
-1.439223607740127862e-03
-1.714699874608865884e-03
-2.419104435965250492e-03
-3.081845217585054732e-03
-5.441742562055052086e-03
-6.001936246523615140e-03
