-1.207535747636144796e-01
-8.363792417629126175e-02
-7.345302953962690173e-02
-5.471322583356558883e-02
-5.333081566342889879e-02
-4.298290257999807379e-02
-3.885582782881871061e-02
-2.813205438102212366e-02
-2.650859747005003542e-02
-2.340993784196241517e-02
-1.979128217402535000e-02
-1.778589285706782402e-02
-1.613509207674402451e-02
-1.404078169844878189e-02
-1.221875225801703074e-02
-1.150445151444676878e-02
-1.055913827515178420e-02
-9.421184050438511856e-03
-8.538475567245363759e-03
-7.705997041333575472e-03
-7.128307489640199439e-03
-6.030817424520361521e-03
-5.414874192148593120e-03
-5.031509034649920935e-03
-4.268821009399516656e-03
-4.114267115972087413e-03
-3.653434679174961171e-03
-3.586797663682743387e-03
-3.273349331057026895e-03
-3.125794712540470085e-03
-2.877216585199294987e-03
-2.595675426127650506e-03
-2.413680109598063776e-03
-2.340961163950880993e-03
-2.205927792794638853e-03
-1.938409951626127170e-03
-1.846599109967453313e-03
-1.761155385328466326e-03
-1.515264573177942933e-03
-1.390046697814186893e-03
-1.277855684704158005e-03
-1.204166453284029239e-03
-1.101317140861370189e-03
-1.015383072559007541e-03
-9.866197371115365163e-04
-8.462813441282836463e-04
-8.230978577960230795e-04
-7.832214963814688753e-04
-7.197824803735580713e-04
-6.267495552933306444e-04
-5.888062095626304731e-04
-5.479924249641382819e-04
-4.695460521044816926e-04
-4.452964916623887806e-04
-4.143252067749042208e-04
-3.673739554232514134e-04
-3.587920074338688719e-04
-3.237746979027538515e-04
-3.145539740310858445e-04
-2.704540704305934823e-04
-2.576595887777211654e-04
-2.208058347586838049e-04
-1.937912139091153981e-04
-1.703408275205503194e-04
-1.382002275631413161e-04
-1.290507721665248050e-04
-1.088906943744032954e-04
-9.719790989216511021e-05
-8.228004599761788327e-05
-5.753262228819185287e-05
-4.335659381522006866e-05
-3.063434182301417395e-05
-1.839456238346180454e-05
-1.321537980921929053e-05
-7.722377186996070086e-06
-4.585454677538444651e-06
-1.276134985490213870e-06
-4.700624623182502960e-18
2.281458821031314152e-18
3.596216144922178414e-06
5.297239070584902859e-06
8.573814379294336047e-06
1.316127716188091780e-05
1.578444341033480983e-05
2.374818962652526394e-05
3.204183593352789741e-05
3.324623064602465867e-05
3.824874646130322096e-05
4.879220570854799741e-05
6.255045780109633722e-05
8.330336737335212885e-05
1.011129935620407229e-04
1.090631972534175073e-04
1.473678474496629347e-04
1.550467983542581018e-04
2.234064354388548633e-04
3.480367517021801835e-04
3.946717048778804323e-04
4.393249803896376879e-04
6.257202217251426604e-04
6.876175159774834634e-04
7.318417077411330622e-04
8.156842788843910634e-04
1.197833759590937819e-03
1.290728345422229549e-03
1.804793372739251639e-03
2.704488120348005117e-03
2.935606868144948183e-03
4.822447200473162048e-03
5.509037303256930466e-03
6.837953473447983856e-03
7.933980836489520211e-03
1.034229211236854969e-02
1.343876143765462307e-02
1.986636130024390171e-02
5.089847368727763027e-02
5.824405563004014103e-02
1.615301334804076783e-01
4.611042754824742351e-01
1.123465312722853326e+00
2.754144688738421998e+00
