2.742445285444237643e-02
2.602922056887819677e-02
1.378907358293986370e-02
6.947039023341790645e-03
4.572985717038429397e-03
3.518193879244999912e-03
1.887785718149037530e-03
1.681764697183434770e-03
1.493645403390847243e-03
1.300297703088450912e-03
1.069823307717747462e-03
9.153937885056418790e-04
7.370430772036162727e-04
6.540007242410930547e-04
6.076991700023686924e-04
4.416154955769090108e-04
3.382911082753855690e-04
3.090233056679086402e-04
2.449126516587373501e-04
2.203341644665999610e-04
1.994867083779928681e-04
1.803020520865992440e-04
1.361395218803857410e-04
1.215889793159247834e-04
1.136485303577286884e-04
8.056058458816383434e-05
5.770291769756726767e-05
5.292399206016975275e-05
4.990359295614906561e-05
4.071646372083677563e-05
3.381641965463190930e-05
2.662957861601592877e-05
2.256211712910986285e-05
1.777246350726818287e-05
1.336920057987277971e-05
1.280463691695857772e-05
1.052552870243242514e-05
7.070619232396424125e-06
5.948260762475325289e-06
4.108278374897692105e-06
2.195661004583782305e-06
1.642688539091986079e-06
3.124929558013434820e-19
-2.762343208143583772e-19
-5.856521439306260975e-07
-2.051483544131078126e-06
-3.417535406795273093e-06
-5.639967954432458396e-06
-7.899163621841090766e-06
-1.227595417840233841e-05
-1.645220241178998037e-05
-2.698974396314894104e-05
-3.513718313344691677e-05
-3.965323245298568765e-05
-4.224150910027223800e-05
-5.521754369546221072e-05
-5.610454983114527763e-05
-7.289058529329557514e-05
-8.014745226617300215e-05
-9.045510446548518581e-05
-1.052840660065025406e-04
-1.128627657790057904e-04
-1.274746590880087855e-04
-1.296377241461437303e-04
-1.409893130941180974e-04
-1.492902312788743635e-04
-1.645963519780232055e-04
-1.697092484531307743e-04
-1.856592070696329441e-04
-2.090434689701822519e-04
-2.235018364122066123e-04
-2.330033610483825076e-04
-2.767368902402314416e-04
-2.841108252207672782e-04
-2.936970922314869779e-04
-3.061748724394456516e-04
-3.090250026171066622e-04
-3.559885969179427622e-04
-3.628174152825114286e-04
-3.899113508874645388e-04
-4.244384317933203553e-04
-4.734105829666422540e-04
-4.953805080006671571e-04
-5.440305105588542347e-04
-5.816898483595279523e-04
-6.296122767970960829e-04
-6.703490431100140277e-04
-6.790657798147075631e-04
-7.135584463445207928e-04
-7.647514259504420561e-04
-8.107090251778117191e-04
-9.144748869003603087e-04
-9.664860083310630691e-04
-1.023257757769287929e-03
-1.051432749187823255e-03
-1.076425818106201701e-03
-1.250298810476669666e-03
-1.409253172980588255e-03
-1.468327716672861421e-03
-1.578191377964621028e-03
-1.783748710412236130e-03
-1.891061355233288836e-03
-2.021782759954967625e-03
-2.171116363945041483e-03
-2.299358238279936625e-03
-2.342143374043332855e-03
-2.542327073760197644e-03
-2.732499084690295788e-03
-2.873019609152847615e-03
-2.938731975751437530e-03
-3.203075342885330478e-03
-3.687457599211378320e-03
-4.008292302051061351e-03
-4.847089109485404855e-03
-5.351004353264901189e-03
-5.428629636926605995e-03
-6.530965161684429421e-03
-7.485211630370915484e-03
-8.093211104663907210e-03
-1.025468451029491745e-02
-1.099754096462441516e-02
