6.091011063692065158e-02
6.037837292744958895e-02
4.176903191272739874e-02
1.712752747035916484e-02
1.025877031694205459e-02
1.020298758261830620e-02
8.661375808572208124e-03
5.653928054469768011e-03
5.349978600811941890e-03
5.039931019783141369e-03
3.571764843414936691e-03
3.079563972190571541e-03
2.852461176094978589e-03
2.624854020539877774e-03
2.141358820487682460e-03
1.931809738380052023e-03
1.699556705852482003e-03
1.586224383966900169e-03
1.434356275327772646e-03
1.379633374412084570e-03
1.088966030850661458e-03
1.035561424549605270e-03
9.703960479566131787e-04
7.531413243959409138e-04
7.007178387959146770e-04
5.963816642167510396e-04
5.349036247498853815e-04
4.979422840414160631e-04
4.640340402960143511e-04
4.097431844404501194e-04
3.800331531720424851e-04
3.733545368364856419e-04
3.384599839833326868e-04
3.166022639998209483e-04
2.616315750976405869e-04
2.458775547062386018e-04
1.984161563902691759e-04
1.804965900616763196e-04
1.587136528892803418e-04
1.465034025741325887e-04
1.283206953311402860e-04
1.175694881420883135e-04
9.986617940255336902e-05
8.396307526149456892e-05
7.558407149721513079e-05
5.982613750247473103e-05
5.595833522810296230e-05
5.136374485494521540e-05
4.835514930558392182e-05
3.301760441605510751e-05
2.662185971450918898e-05
2.430149500332871818e-05
2.114647779339773545e-05
2.018686276499422592e-05
1.495124925274530814e-05
1.392695761992766066e-05
1.185374140898627412e-05
1.086000964821540434e-05
7.865310494753499391e-06
6.403733816650761909e-06
1.948335993076753531e-06
6.997760216214443587e-07
-2.884985236367590057e-19
-9.517572167762188348e-19
-6.330475335507630224e-07
-2.094145041676323415e-06
-4.250876345967219605e-06
-1.011712694013464264e-05
-1.266989163534980583e-05
-1.573944840507839095e-05
-1.754655284152232137e-05
-2.056262017647497774e-05
-2.507382991457675347e-05
-3.244492558560698885e-05
-3.739310299979278968e-05
-3.971771757343463142e-05
-4.697292403469137054e-05
-5.513514378032859884e-05
-6.633995698975246071e-05
-6.966870355372303640e-05
-8.433585585882303292e-05
-8.686478723377472370e-05
-9.330590254903998288e-05
-1.003114920891315777e-04
-1.055272806391294155e-04
-1.253380329139170194e-04
-1.300811197610688905e-04
-1.323112948662839242e-04
-1.435358619235965966e-04
-1.551661444245362254e-04
-1.802374609637296191e-04
-1.942460416910835790e-04
-2.078143809747594296e-04
-2.210955545328281409e-04
-2.553586951168058754e-04
-2.655572746628007824e-04
-2.773653245543276523e-04
-3.022595946898073613e-04
-3.107752644134127739e-04
-3.577982999822886759e-04
-3.823459221088491562e-04
-4.239142813166521095e-04
-4.881051372395262379e-04
-5.169158898781081113e-04
-5.446681017878848667e-04
-6.073194145023015590e-04
-6.561429522607551334e-04
-7.937274089748066423e-04
-8.574194351139103948e-04
-9.180773955429341257e-04
-9.830545321288450267e-04
-1.102438254624356394e-03
-1.184021654352789563e-03
-1.313931878468191806e-03
-1.372386040542232727e-03
-1.436412838516529190e-03
-1.708542904410948002e-03
-2.412713470173338988e-03
-3.074088149072813549e-03
-5.431318147887417673e-03
-5.991516417300001528e-03
