2.602622738837742579e-04
1.887552624933092386e-04
9.963036217169334474e-05
5.100212383044595545e-05
3.703522951675607838e-05
2.334729153198748027e-05
2.038514535217938469e-05
1.764846649824841434e-05
1.077673740748773972e-05
1.022932218774726576e-05
8.579447779818622790e-06
8.303529749914848539e-06
5.029692678131244587e-06
4.052092155812286119e-06
3.569299781843583636e-06
3.377233365874099724e-06
2.553171796023811514e-06
2.352904271152867306e-06
2.324632835984601201e-06
2.131522257979409797e-06
1.225971312111560705e-06
7.608427170036017278e-07
6.036090791739627110e-07
4.534748398835523765e-07
4.029717870976395377e-07
1.331944536523000263e-19
1.198798629479965179e-19
1.005394156510340612e-19
9.160543866373423857e-20
8.866016782008611471e-20
8.120781466382785390e-20
7.267856428598427862e-20
7.209559180342471919e-20
6.245098594073458546e-20
6.085248268072222210e-20
5.916702507575442305e-20
5.507012652390150086e-20
4.751129669067622450e-20
4.693583018493671876e-20
4.616516053292905911e-20
4.309078480578319676e-20
4.136540813492283584e-20
3.856803823987486706e-20
3.730062727652245812e-20
3.468801671350054968e-20
3.215798574935670877e-20
3.031775325137254444e-20
2.732049633355247289e-20
2.481691617856739511e-20
2.310535729700616056e-20
2.171291190655717028e-20
2.070078784778817349e-20
1.866067023009642807e-20
1.787287201963519814e-20
1.706423210365744769e-20
1.602793306030565880e-20
1.471535021068046046e-20
1.321888588269734768e-20
1.162740651736200610e-20
1.070469206752736146e-20
1.010768126461778330e-20
9.094379030930229200e-21
8.514430919668606605e-21
6.466453902986664594e-21
5.739035912398105652e-21
5.408364507291337820e-21
4.162625231987209525e-21
3.632396315397835475e-21
3.042821675200487309e-21
2.516785686920364227e-21
1.847484382978349913e-21
1.205282834683838886e-21
3.030994162044884141e-22
-1.296963723416607199e-22
-7.314671239890002609e-22
-1.294592817038330056e-21
-1.490114877423499255e-21
-2.500083008515723943e-21
-2.552830845750963550e-21
-3.597354781502148645e-21
-4.264987382163095885e-21
-4.868189147110348113e-21
-5.942992978686674048e-21
-6.797172724668188498e-21
-7.994875892056538435e-21
-8.709383672302084273e-21
-1.013214385520312146e-20
-1.066260137020018220e-20
-1.168800360705666634e-20
-1.297553881748835092e-20
-1.360509066391478490e-20
-1.688577632058456769e-20
-1.882876571655795056e-20
-1.933216638186231682e-20
-2.043264687452379992e-20
-2.064496181983819094e-20
-2.335164224827129174e-20
-2.618948973105545660e-20
-2.814099883739691725e-20
-2.849668471033466899e-20
-2.942394112591299852e-20
-3.250191490374967847e-20
-3.597251077174451273e-20
-3.708908931794987743e-20
-3.956267648664888919e-20
-4.080397907729471583e-20
-4.403534398695728910e-20
-4.738737442751926515e-20
-5.176279782530596970e-20
-5.508233397801613541e-20
-5.764583249691835678e-20
-6.398706971396601478e-20
-6.528267917145032812e-20
-6.842710797416339762e-20
-7.575988270158535860e-20
-7.961077332308731006e-20
-8.823539060917248990e-20
-1.005179044457238153e-19
-1.045021435299162028e-19
-1.192989324076946892e-19
-1.339591948293663839e-19
