-1.280163875185936551e+00
-1.699413582898645914e-01
-1.329422749790725167e-01
-5.586283631670598687e-02
-4.047477053648841638e-02
-2.307457493677290278e-02
-1.836959364559632990e-02
-1.640304759344086288e-02
-1.290976405466600155e-02
-1.103202692031719605e-02
-9.115344928800768118e-03
-8.928023009883224656e-03
-8.393521915039588513e-03
-7.770624547869687399e-03
-5.041487653425763028e-03
-4.078801511726150124e-03
-3.264958044631207680e-03
-2.962541988383737227e-03
-2.584181612483531405e-03
-2.298705122694216611e-03
-1.714611886950451886e-03
-1.549286214037928853e-03
-1.352890011083122523e-03
-1.231405688534000301e-03
-1.120958105132386761e-03
-9.732025021178345586e-04
-7.704795192575923483e-04
-7.132131961677665773e-04
-6.559674715592442654e-04
-5.668531993179780045e-04
-4.324730733721649021e-04
-4.087636252966286333e-04
-3.572637083570874214e-04
-2.552887570092460864e-04
-2.227699419579138446e-04
-1.894993216267287046e-04
-1.865400226722319977e-04
-1.707096075910177627e-04
-1.460812221052217193e-04
-9.061536948447614906e-05
-8.814092832994874021e-05
-5.846976473146746703e-05
-5.190669666513579784e-05
-4.114450488410836181e-05
-3.608973471000252601e-05
-2.218624532793577581e-05
-1.755920107284906077e-05
-1.689743912153235695e-05
-1.386270286020034283e-05
-9.412490328987657091e-06
-7.452021934792025062e-06
-5.614335597561949644e-06
-1.517677777253739206e-07
-4.099984711194550676e-18
1.705064446988203467e-17
3.901737366904383719e-08
1.690633288116810510e-06
5.941747175721725362e-06
7.383693768500331748e-06
1.107897959295558850e-05
1.235821420013562306e-05
1.446664018618136626e-05
2.182160029311530544e-05
2.479644274644873363e-05
2.776800528860742136e-05
2.887595269228755422e-05
3.314014625439625302e-05
3.694856646742208180e-05
4.327775307615292302e-05
5.370671186985741084e-05
6.148058317453924558e-05
7.271493888328921132e-05
8.610908563389114403e-05
9.805368699902580081e-05
9.904610696284355746e-05
1.099625060564488093e-04
1.328973094155909255e-04
1.364284454718759287e-04
1.556597871479580833e-04
1.762938764279063241e-04
1.845841170622191372e-04
2.087747392883064392e-04
2.474712335342718118e-04
2.905731038180268998e-04
2.987142003578267379e-04
3.457864208903768037e-04
3.730298977496728148e-04
3.873244793931796470e-04
4.668090316078396052e-04
4.822875456382775877e-04
5.452360259780106994e-04
6.304529261800671976e-04
8.112370514104452627e-04
8.216968103911211942e-04
8.302859791027309084e-04
9.084415434144327674e-04
1.017597588648428255e-03
1.114968041884017774e-03
1.187765824622761049e-03
1.258228875159803258e-03
1.665195145902898010e-03
1.880996565601438528e-03
1.939297843350761604e-03
2.350380201518891422e-03
2.625814288053426350e-03
3.119666705416851340e-03
3.767918485773051867e-03
3.878306270456489003e-03
4.415027158107693792e-03
5.071845210451924289e-03
8.155890397890544138e-03
1.022152377334647338e-02
1.066220219252340430e-02
1.223449284967603398e-02
1.766416174910247910e-02
2.778755837430851514e-02
2.958382951378091610e-02
3.948469439897168282e-02
5.960351558795438931e-02
9.682911319180259602e-02
1.530191342324995762e-01
