-3.357894525618929216e-16
-3.053363190601020302e-16
-2.523672544901555958e-16
-2.342319177340835890e-16
-1.921658857040180777e-16
-1.740042520713410363e-16
-1.531940573609195720e-16
-1.476768187262166291e-16
-1.264303841738075542e-16
-1.156697224831344396e-16
-9.399889015700146559e-17
-8.739639344231390904e-17
-8.318669549593523663e-17
-8.096052702179326306e-17
-7.493410023395363056e-17
-7.277605666627731827e-17
-6.384625494801131859e-17
-5.935183401772187182e-17
-5.563092205928663216e-17
-5.173085482766138977e-17
-4.999733843395748812e-17
-4.233539094837129731e-17
-3.929120120257981984e-17
-3.784794175914819142e-17
-3.412533834425560000e-17
-3.043068655485860822e-17
-2.896761493957820067e-17
-2.679328365699553992e-17
-2.589987219812043512e-17
-2.498182146589991440e-17
-2.388188034853708254e-17
-2.346586019610596341e-17
-2.060896062478049911e-17
-1.817359854909734234e-17
-1.702259257823534387e-17
-1.665231582833488474e-17
-1.572744116783930499e-17
-1.363743619868446480e-17
-1.239227761242631084e-17
-1.217511413952430310e-17
-1.053107979251835596e-17
-9.240896973939294167e-18
-8.171456392376417426e-18
-6.749854253141123361e-18
-5.327139700026342082e-18
-2.832815142890055882e-18
-1.711412325514683507e-18
-1.439392552045165268e-18
-6.890933275882106450e-19
-3.095905942825898189e-21
1.751957380044892031e-18
2.233497712157892902e-18
2.707815785582259809e-18
3.211534869854368104e-18
5.959839504375355800e-18
6.488429527494264201e-18
7.986571916415148982e-18
8.531011344409500138e-18
9.769649134121078738e-18
1.192045128602777690e-17
1.240730167319007019e-17
1.377569241563017333e-17
1.507218589995621598e-17
1.670265904288704528e-17
1.713995746403662138e-17
1.844420925202308132e-17
1.889473556748266441e-17
2.136533457804389288e-17
2.471051336308168356e-17
2.646638224969041004e-17
2.791536516773802293e-17
2.951077968292233797e-17
3.273384156067325324e-17
3.395992801317098119e-17
4.253667977079994305e-17
4.290776927807182081e-17
4.482657855067531566e-17
4.940082931896771292e-17
5.287474417993011715e-17
6.112045157534174365e-17
6.261271761216772493e-17
7.635178608695926055e-17
8.223811268694536749e-17
8.521937124762921130e-17
9.926894863237117627e-17
1.045806003657374918e-16
1.082564588746846228e-16
1.200106566880911001e-16
1.266036853849286510e-16
1.433627979797436302e-16
1.567312222899848513e-16
1.998521090296592011e-16
3.019860863482894232e-16
4.482133490116010955e-16
5.650094016766023638e-16
1.090234834936057188e-15
4.579677874495340605e-04
5.588144854380101357e-04
9.885105077604660045e-04
1.514924290830772400e-03
2.317798408890629075e-03
3.013806293943457199e-03
3.299733679566440887e-03
4.391047869825817629e-03
5.213737176386385938e-03
6.941988554000029510e-03
8.982111836578004008e-03
1.032827790387665264e-02
1.449881894495570235e-02
1.926375665679633600e-02
2.561081359439798880e-02
3.465911322234650760e-02
5.014509750384741477e-02
6.929940442231731501e-02
8.948304629222210427e-02
1.084701770309580288e-01
1.734671890074265810e-01
3.425541790403712206e-01
1.490545541719764833e+00
4.092267121825874376e+00
8.702839863665907671e+00
