1.187305689006813367e-02
9.039440895435436885e-03
7.368322287814732183e-03
5.233619306066764065e-03
4.860108915724423509e-03
3.857059917875432266e-03
3.141556057688607139e-03
3.099102584416443470e-03
2.526310108585176368e-03
2.506559436507478818e-03
2.227875518993518988e-03
2.087919444330475771e-03
1.710395977137315910e-03
1.624407100589093282e-03
1.494460009606712100e-03
1.449411147945598105e-03
1.364951422011626480e-03
1.337368384670182229e-03
1.185141432257610580e-03
1.107498359984479021e-03
1.002685654403912257e-03
8.790976410765839787e-04
7.866085634749730082e-04
7.044708795536347955e-04
6.536624564881145108e-04
5.792263750474911784e-04
5.538225079212519709e-04
5.069379961706494981e-04
4.961764956517764318e-04
4.468923666836547974e-04
3.977689342911890145e-04
3.622756422929587924e-04
3.266695997700484310e-04
3.181807706071662330e-04
2.787222491747217280e-04
2.719065305062294763e-04
2.521717648745595581e-04
2.472842606265703057e-04
2.132077664954492311e-04
1.987708225473623852e-04
1.901860153194976895e-04
1.660570680141829081e-04
1.572427903679488059e-04
1.437117280403685314e-04
1.362291829758806219e-04
1.241600830439809839e-04
1.117095915207116686e-04
1.087763510458318383e-04
1.041142137133765851e-04
8.730309457166956100e-05
7.234348648223761326e-05
6.414756555936275016e-05
6.149745236838153445e-05
5.334556489579418221e-05
4.622630063362056509e-05
3.989487129582380771e-05
3.293014421548264616e-05
2.839630151687974570e-05
2.336136138592853918e-05
2.163924202963316576e-05
2.115461130114499604e-05
1.590893020670956960e-05
1.295787159191786780e-05
9.204835033141454368e-06
6.900472026686302728e-06
3.529369536597545390e-06
1.507214381193739852e-06
2.867350942310877701e-07
2.701278721254689384e-19
-4.691152947033641426e-20
-2.898416862905080150e-06
-5.734293071737023115e-06
-9.266889430350329587e-06
-9.770794220208432263e-06
-1.136158059498929838e-05
-1.553132623858275650e-05
-1.728246014782571787e-05
-2.218491080298595227e-05
-2.750405761254630469e-05
-2.873134451672947220e-05
-3.685023937838833528e-05
-3.882566946756459093e-05
-5.031008002014577396e-05
-5.979246419308334437e-05
-6.305024487521444006e-05
-6.761645301506350207e-05
-9.019378207469013311e-05
-9.638271742171650267e-05
-1.239286405116319973e-04
-1.364218200924183319e-04
-1.428056447468442646e-04
-1.625665471741631857e-04
-1.992090994445035179e-04
-2.401613153667697198e-04
-2.629227195129035365e-04
-2.842536908336537279e-04
-3.116014723824954793e-04
-3.567956092569586602e-04
-3.715254675532329918e-04
-4.498555155819230025e-04
-4.515299575230852279e-04
-5.830915017426920900e-04
-6.688200341482812995e-04
-7.181938740551986611e-04
-8.393341198219198126e-04
-9.060134846536450166e-04
-1.041896087720499539e-03
-1.111645945003663510e-03
-1.125042644790726597e-03
-1.231680726551443762e-03
-1.543875830684439312e-03
-1.742306928265301537e-03
-1.989477332062357991e-03
-2.067139285222229471e-03
-2.247452526479779087e-03
-2.435626959450910844e-03
-2.837846478790837911e-03
-3.727021566652817617e-03
-5.021419025327737359e-03
-5.734542510014888420e-03
-6.574439989677501907e-03
