5.513511745895174898e-02
5.421368596809206242e-02
3.479562836602183296e-02
1.535174211825702378e-02
1.057190833377879072e-02
7.511582607744945669e-03
6.068807650674951266e-03
4.077069300996872397e-03
3.634988253803877242e-03
3.193498920140470671e-03
2.955663787180208470e-03
2.263757832479394803e-03
1.947418378098318302e-03
1.591039250143483222e-03
1.304475212278106803e-03
1.172054059157307372e-03
9.681081859340863460e-04
8.055269977625700330e-04
7.373847891219578819e-04
5.562453204425713742e-04
3.462882329375914048e-04
2.703679052320562336e-04
1.777518682463839956e-04
1.592148682407357879e-04
1.260388477222748659e-04
1.122434059849843981e-17
8.574521305873336317e-18
8.077505191401088234e-18
7.503242999080715955e-18
7.190438202639422930e-18
6.622428901256007897e-18
6.216248537893627217e-18
5.671833036916132153e-18
5.446716084369107109e-18
5.169387211286434674e-18
4.509120553186596279e-18
4.290546902890629944e-18
4.150736680979659685e-18
3.778897011127331324e-18
3.613250222617244269e-18
3.423376085701610300e-18
3.272279940593515711e-18
3.123417550598292853e-18
2.836843908110263425e-18
2.777972684961982475e-18
2.556053026923919422e-18
2.354721357039890180e-18
2.211107816786278680e-18
2.143746211652338330e-18
2.064981475565137430e-18
1.945918714182729979e-18
1.803450576873076929e-18
1.639130343473400612e-18
1.517096920915790337e-18
1.297956041797259707e-18
1.155489976459626769e-18
1.128017757988917347e-18
1.071141232862229595e-18
1.054288770085484438e-18
9.780338991262402989e-19
7.957716589455626096e-19
7.112520240233674380e-19
6.106475360150359158e-19
4.170410675690037106e-19
3.865458434923394943e-19
3.379900048561217794e-19
2.477986764333687432e-19
1.680124759555080818e-19
8.837773795788980706e-20
5.900119455143988438e-20
1.264044421820309667e-20
-4.129515350667600748e-21
-6.605330128483642971e-20
-1.347784185978029028e-19
-1.642138149596091121e-19
-1.890479774075251927e-19
-2.880956677476984266e-19
-3.461520767957027421e-19
-4.400175704368092673e-19
-5.413542234711815479e-19
-5.644900262831592396e-19
-7.273467816308713344e-19
-7.878450619717274443e-19
-8.346349970005315986e-19
-8.755267201666140023e-19
-1.070969101801545750e-18
-1.136161790776332243e-18
-1.242433772087174661e-18
-1.429860145783950338e-18
-1.450688194616446153e-18
-1.529580771598774783e-18
-1.599987474146007600e-18
-1.716355623115848357e-18
-2.013170777678439249e-18
-2.112692997471565100e-18
-2.221205704641874276e-18
-2.226797139187998131e-18
-2.585080741741564615e-18
-2.726125156568775473e-18
-2.780761517244787685e-18
-2.861782174604730935e-18
-2.985878381007242045e-18
-3.229669424664697313e-18
-3.401224711406846733e-18
-3.756149492388624802e-18
-3.922407858291357329e-18
-4.178888053010171556e-18
-4.299917180059236415e-18
-4.615025744663918198e-18
-4.696686605155022560e-18
-5.071477224320574057e-18
-5.218128632996034419e-18
-5.437321722490343428e-18
-5.765777904622568611e-18
-5.919321540161653696e-18
-6.691141655976098387e-18
-7.331866230350416411e-18
-8.021491129910732258e-18
-9.100618251010107004e-18
-1.078565957035369091e-17
-1.109800109438673593e-17
