1.458896873245052288e-02
1.053579153377784752e-02
9.263770704213497575e-03
6.796151326573833355e-03
6.089264368879430088e-03
5.732302791844628813e-03
4.699018718503006342e-03
3.979525327876055549e-03
3.823630730987283462e-03
3.460775633877479721e-03
3.127797096263186527e-03
2.939849866728403045e-03
2.437529108815096601e-03
2.339873107344190521e-03
2.173136166928456726e-03
1.912475471572842260e-03
1.888197149787470717e-03
1.819421844378945989e-03
1.642628811348142027e-03
1.538539526376853572e-03
1.335805306527648771e-03
1.253820199557347751e-03
1.150239768899460977e-03
9.717426333740696032e-04
9.003760981057302862e-04
8.746857218013782617e-04
8.129134096732436397e-04
7.801700426993559388e-04
6.995259665646782251e-04
6.469943126493040353e-04
5.772089843383490645e-04
5.541382503641938129e-04
4.922131533658705930e-04
4.734102937146082539e-04
4.228859106331896915e-04
4.035057640661951538e-04
3.806049599373181012e-04
3.555113659970274764e-04
3.482753902317940850e-04
3.411008244416305758e-04
2.864219939168188302e-04
2.772314024076515961e-04
2.467928219102294017e-04
2.450429320757408110e-04
2.257811237280658639e-04
1.977607576899287063e-04
1.850097730473841120e-04
1.702066836279625644e-04
1.605357096933090371e-04
1.482231649518221737e-04
1.388233922017915469e-04
1.263909634416001142e-04
1.218418881073481211e-04
1.021158260363428906e-04
9.537514053417294976e-05
9.256590343810200394e-05
8.790705563850207630e-05
7.210145668033317735e-05
6.082469447817733676e-05
5.289000452278387756e-05
3.978547953545629883e-05
3.642810331194584197e-05
3.318119610296677767e-05
2.774926165069225718e-05
2.135170153617344495e-05
1.838538770264869324e-05
1.564172596079364428e-05
9.630993175471786453e-06
7.608311957096720712e-06
3.478522338327368659e-06
1.533256447223172094e-06
1.414217363127326749e-19
-2.172808159212917861e-19
-1.620996075315535204e-07
-3.196038870570092720e-06
-4.680636716041535440e-06
-7.087145753098845922e-06
-9.068615120366608232e-06
-1.262979536077650293e-05
-1.348001188996065811e-05
-1.503127756517822782e-05
-1.951643819980442232e-05
-2.365616244936892036e-05
-2.470522489622258746e-05
-3.333602245961722198e-05
-4.221794228108168598e-05
-4.817477073593488910e-05
-5.820144753136765079e-05
-7.338803211416729201e-05
-8.058415468788058698e-05
-9.860699601007397500e-05
-1.114645722933486991e-04
-1.390607549064442814e-04
-1.547699418672377077e-04
-1.723852988062691128e-04
-1.945489960321730076e-04
-2.116978791236479322e-04
-2.680644195248051273e-04
-2.849031167884232040e-04
-3.075256171076033067e-04
-3.456759885386386281e-04
-3.793140999336705585e-04
-4.323827700227515975e-04
-4.538862095448163649e-04
-5.037256660918460740e-04
-5.922695780184351758e-04
-5.956421135043380496e-04
-6.792978891577971254e-04
-9.682047154147166868e-04
-1.035170106525491957e-03
-1.265947736714323349e-03
-1.486750919624759163e-03
-1.571192516703661312e-03
-1.714728911770126629e-03
-1.799705862745714030e-03
-2.041506321782725255e-03
-2.514741751966910639e-03
-3.408250127182698222e-03
-4.324651750897706530e-03
-5.142173799640324325e-03
-5.940426031342475877e-03
