-1.284279732755390979e+00
-1.703309928334325596e-01
-1.338050430550072611e-01
-5.592964962157805781e-02
-4.051806606619125228e-02
-2.318249193124777285e-02
-1.842005750224436772e-02
-1.645678042436589730e-02
-1.297307872925547098e-02
-1.106002961174103703e-02
-9.230090385857901009e-03
-9.079200058425137068e-03
-8.686929210618596700e-03
-7.780357811876243215e-03
-5.046988566725943599e-03
-4.094760579863645188e-03
-3.274201066673026496e-03
-2.972419795374616446e-03
-2.590960377357140118e-03
-2.302495954860279710e-03
-1.719137938714864226e-03
-1.554613889071161572e-03
-1.354136089774069397e-03
-1.233408540747838724e-03
-1.123513782042647249e-03
-9.755788452436871651e-04
-7.741337863431702482e-04
-7.142137769071317272e-04
-6.584650038927100527e-04
-5.694334550911467818e-04
-4.334325130776745644e-04
-4.086599597195121592e-04
-3.571631412028790017e-04
-2.560213223773987498e-04
-2.230603329091917185e-04
-1.905425891697173869e-04
-1.826984588408428077e-04
-1.669675229076487022e-04
-1.478680379223399927e-04
-9.075125919127288135e-05
-8.509730037419432371e-05
-5.798644499772660500e-05
-4.850834444170426806e-05
-3.934547626160688367e-05
-3.251286273261908531e-05
-1.644588172057278075e-05
-1.341991234307179412e-05
-8.633263033261367309e-06
-5.824548978149230575e-06
-2.932591968769669798e-06
-1.057658489222228974e-06
-4.165777160553610297e-08
-2.410901005207902177e-09
-5.392332419908046529e-19
3.017994148754106799e-18
3.164987759983888689e-10
5.612441634075357299e-09
2.291376896780678078e-08
4.147925775657026814e-08
8.662012816816872211e-08
1.531217087859205913e-07
2.247495796037591876e-07
2.758839145304350236e-07
4.918763660718720501e-07
1.140423889189317015e-06
1.294683882984129515e-06
3.258390609243664838e-06
7.929366603324911598e-06
8.982933036933999499e-06
1.521308688903821586e-05
1.979674576642678763e-05
2.324306322524891352e-05
2.928225164189706317e-05
3.843237037040100884e-05
4.069867404182820746e-05
5.218715313604856051e-05
5.966452978605200664e-05
8.528170912234765981e-05
9.353390815628400703e-05
1.022137867192841789e-04
1.145564432879767931e-04
1.282490998272329446e-04
1.479599202957859727e-04
1.686532936345003404e-04
2.016871761201124264e-04
2.233980220060992859e-04
2.642023564994562600e-04
2.997699168562455705e-04
3.703745715396965666e-04
3.810183561595840876e-04
4.324202896947542795e-04
4.964153836998215323e-04
5.882203314140591489e-04
6.423665074727075283e-04
7.744653904441519505e-04
8.213831441991572462e-04
9.050590321177060058e-04
9.985386176798289291e-04
1.120203745655793575e-03
1.160369502570480962e-03
1.562301600146916635e-03
1.636726889953055066e-03
1.874840855843269965e-03
2.055173290740601282e-03
2.452847948183226132e-03
3.069123195545895438e-03
3.677349862350739323e-03
3.815403133694355263e-03
4.326716158837475706e-03
4.900941062719217645e-03
7.730386630584269378e-03
1.011025580209059908e-02
1.036952073782516914e-02
1.182575268890103184e-02
1.757682113936810675e-02
2.747799993319889264e-02
2.895048511491988066e-02
3.855029814142026806e-02
5.802353895928924477e-02
9.562262217908518158e-02
1.490987211409628421e-01
