-6.597264291994637923e-03
-4.141291652385960427e-03
-2.390840732351131974e-03
-1.287348656380698933e-03
-8.183822673939632935e-04
-4.947286114636237093e-04
-2.307809665380292552e-04
-1.585058922849771348e-04
-1.025512172672681291e-04
-7.939152829217351569e-05
-3.333383092342059222e-05
-2.645902935784801629e-05
-1.935039873974320876e-05
-1.767085429443182850e-05
-1.456702837361348642e-05
-9.960220600604189581e-06
-7.451598518119209583e-06
-6.013654767177512318e-06
-4.612851386089916744e-06
-1.100939231480192322e-06
2.739293118112199308e-19
4.169499650413214565e-18
1.498673581304240397e-06
5.914129122063513307e-06
7.619797652253762427e-06
1.269187042255992694e-05
2.641080249325592177e-05
3.541311399032385452e-05
4.377428475888267724e-05
5.081409143850250642e-05
6.465193998149190951e-05
8.344485938272929522e-05
1.013997628734545617e-04
1.071601209669634534e-04
1.284226967710392741e-04
1.365497572617915454e-04
1.637440051421323081e-04
1.763551186519388885e-04
1.985734290652909305e-04
2.090256993764097568e-04
2.313897480047399111e-04
2.538573066210411851e-04
2.795499235713169478e-04
3.229223582360537864e-04
3.363482128951301130e-04
3.714061800146103293e-04
4.098242346013151387e-04
4.179891614242984741e-04
4.498981992441287991e-04
4.931621355989584997e-04
5.591082140100887311e-04
5.723116485530577646e-04
6.176461279505567406e-04
6.369015922237773351e-04
7.056158070493869948e-04
7.474917871978819421e-04
7.753025462991136509e-04
8.746402557168118626e-04
9.582728259692812819e-04
9.792246246217101505e-04
1.057484536752817785e-03
1.083570757675192181e-03
1.152607580070571158e-03
1.182484583062254433e-03
1.290257385874641867e-03
1.448140209538332753e-03
1.507069875586909170e-03
1.596359522672571342e-03
1.728366186531042408e-03
1.868019080831937124e-03
1.921961162711428341e-03
1.978445502393023567e-03
2.101633176089984061e-03
2.247734662363545886e-03
2.536511378770472426e-03
2.611523322297424135e-03
3.018791074419850760e-03
3.142674677019077767e-03
3.159403439892962632e-03
3.287288968961233921e-03
3.817247596589066518e-03
3.910969879757511883e-03
4.262348667200578645e-03
4.654211942788986749e-03
4.700463059673154649e-03
4.930312164506529121e-03
5.183344257853064740e-03
6.055504380172951895e-03
6.527099526912115250e-03
6.753919508739196324e-03
7.824109558312322688e-03
8.421089134121272773e-03
9.201471996503134479e-03
9.795586403451470373e-03
9.815987449838251694e-03
1.205183159127270684e-02
1.336641636062618418e-02
1.384954009680985920e-02
1.550838744595679254e-02
1.639999067989017512e-02
1.772562581308018831e-02
1.905434474108065948e-02
1.970402685738874282e-02
2.196100339079511826e-02
2.270111378005191041e-02
2.761187266116924693e-02
2.963227562591877126e-02
3.373921622253105157e-02
4.097797821262792739e-02
4.965318560883605348e-02
5.127378169442521616e-02
5.938116256680339711e-02
6.493653008787184100e-02
8.191020554661040953e-02
8.831836442654367181e-02
1.140014978223491959e-01
1.408028882729941700e-01
1.460519781390834104e-01
2.835384203114325596e-01
3.632004542589816198e-01
4.473598008645170432e-01
