2.275266099665454456e-02
2.244018205163748544e-02
1.430580024856912581e-02
5.964081561276509194e-03
3.909734547387189174e-03
2.983992795162431974e-03
2.678909964006229161e-03
1.842738958147135866e-03
1.559637506355297321e-03
1.495675643879108580e-03
1.051556481095525545e-03
1.039225366693648060e-03
6.027725347026127072e-04
5.260633183674378894e-04
5.029331083098721429e-04
4.399980834190824982e-04
3.632172612111534446e-04
3.292051939028322162e-04
3.247617016668213419e-04
2.389804222298906643e-04
1.301610759554634657e-04
1.160058250688003069e-04
7.413130583538704371e-05
6.250174739607177962e-05
5.167583428348002366e-05
4.662796623124473046e-18
3.756334009772106291e-18
3.487125439265914363e-18
3.390093231761744636e-18
3.100993571092441372e-18
2.812674231953042950e-18
2.662750972525533364e-18
2.549145143713564373e-18
2.330343260862164680e-18
2.227498829175275572e-18
2.029063022684997845e-18
1.899395976890116893e-18
1.822741944606860775e-18
1.728474655825301042e-18
1.659222642671565619e-18
1.599005416701867766e-18
1.501510739761007434e-18
1.451395475272064385e-18
1.421925467055263460e-18
1.368940155672995418e-18
1.232336755528357400e-18
1.178253928799765525e-18
1.049246979843065384e-18
1.018528971342546757e-18
9.682300733637791181e-19
9.229065450942423911e-19
8.292488415266647508e-19
8.013907462610721337e-19
6.881500017008735456e-19
6.754902787470817286e-19
5.899031215692876920e-19
5.738234944003419000e-19
5.606232540573251628e-19
5.177135500034860468e-19
4.732350075281470633e-19
4.404268104565955411e-19
3.899671209203411766e-19
3.119386188863060491e-19
2.867953615668455617e-19
2.438837811617612861e-19
2.033502598281927889e-19
1.923233704847974089e-19
1.807026727666594141e-19
1.026037396547899280e-19
8.445097959611009068e-20
6.866437045173270649e-20
5.497433612913098702e-20
3.157845196387471798e-20
-4.983079525862392617e-21
-1.442690400717953435e-20
-7.278579139085104585e-20
-8.859151608041848443e-20
-1.165438617152023442e-19
-1.317496556213290076e-19
-1.797385985281407627e-19
-2.340086373120488319e-19
-2.553846786035992028e-19
-2.923420696588865729e-19
-3.380382932329350903e-19
-3.520505173533799917e-19
-4.133745935648590369e-19
-4.464623970378110024e-19
-5.035903005573305366e-19
-5.551417101350956455e-19
-5.854854519980264780e-19
-6.085335921246743019e-19
-6.652420445062969231e-19
-7.221138030618552101e-19
-8.178165233042005181e-19
-8.554877803238587479e-19
-9.059672293233484639e-19
-9.808447441988217946e-19
-1.019002969635999587e-18
-1.034199481629327817e-18
-1.106247883853129275e-18
-1.190289616150479782e-18
-1.247369285173033426e-18
-1.305095524123828487e-18
-1.412715581903244808e-18
-1.461346590521469269e-18
-1.603943338632780034e-18
-1.674316812364322084e-18
-1.827095664435474147e-18
-1.880591130324085161e-18
-1.983516330075719000e-18
-2.021441882139785204e-18
-2.278634619856521549e-18
-2.335156571314611794e-18
-2.495256386339546602e-18
-2.708203153462525337e-18
-2.939710589211790317e-18
-3.041371444080490308e-18
-3.250167688208376033e-18
-4.105359650544528291e-18
-4.627906223481834653e-18
-4.734798034748341270e-18
