5.881592090954309432e-02
5.555727636608416564e-02
4.126190049750140532e-02
1.602690515177539882e-02
9.365002266408068224e-03
9.229868904463374435e-03
8.433836589310858903e-03
5.550124815133589996e-03
4.938672916043545559e-03
4.661238011896939870e-03
3.465727388646086277e-03
2.965999680662351548e-03
2.775977318582223321e-03
2.453538415960435266e-03
2.065405571232735785e-03
1.851290504773114810e-03
1.578137701457808578e-03
1.392284851844007151e-03
1.363534752972306915e-03
1.319389850591348246e-03
1.027148359113002870e-03
9.592660308916284078e-04
9.168759322889751245e-04
6.777553973086225710e-04
6.235566157145923123e-04
5.370839665133866252e-04
4.624919061023919438e-04
4.550593036299446000e-04
3.831407756103542839e-04
3.662179123824213576e-04
3.551484643967811302e-04
3.049608675632102441e-04
2.981017019127778982e-04
2.653052931686864522e-04
2.373420917277711633e-04
1.799739041142084329e-04
1.609191271609009585e-04
1.498300298321886877e-04
1.372306314392065445e-04
1.187552719950643810e-04
1.138516665859637183e-04
9.496061029063005614e-05
8.302671216919559212e-05
7.095950544014374142e-05
6.687856079082772122e-05
5.054643333895986266e-05
4.170029165199070904e-05
3.559768938485956665e-05
2.905290204849151790e-05
2.279507747120347488e-05
2.162045856228376299e-05
1.628055987459717724e-05
1.394225935138807232e-05
1.189086418457216360e-05
9.152482782432363358e-06
8.083008109724326704e-06
6.732933845347454825e-06
4.414282104235343566e-06
9.019700002590067630e-08
1.064294836308120370e-18
-1.232376036846739021e-18
-7.842330408142348173e-07
-1.820510018192674690e-06
-3.925283528518883801e-06
-7.805307540153922272e-06
-8.722950536916889759e-06
-1.013397142984305305e-05
-1.640977652891928610e-05
-2.111124973529319038e-05
-2.331534581189307050e-05
-2.722819302799971640e-05
-3.559471241029657908e-05
-3.949964711629584045e-05
-4.784758002103718579e-05
-4.965786445185870347e-05
-5.794080674606860780e-05
-6.848245971824568881e-05
-7.808160999158718948e-05
-8.478665490135306178e-05
-1.002507788773164543e-04
-1.112748350665210647e-04
-1.170058783247577281e-04
-1.288875735341524632e-04
-1.359105598807003594e-04
-1.514488517073783345e-04
-1.631457396649438070e-04
-1.688799911644437400e-04
-1.816397207728708994e-04
-1.911190343829404078e-04
-2.086893022157131148e-04
-2.311066162156407626e-04
-2.439039596691032843e-04
-2.571965822137311738e-04
-2.792717075353962010e-04
-3.093589310539462088e-04
-3.298556626829478419e-04
-3.675899099938055494e-04
-3.858164096906442370e-04
-4.424526215812055316e-04
-4.499994670117632174e-04
-4.588002194443960703e-04
-5.338387723190114991e-04
-5.988377240495986647e-04
-6.313060800624972031e-04
-7.463436465991718895e-04
-7.967092162280846367e-04
-8.690415375571168511e-04
-9.645706445156591478e-04
-1.064355999526520697e-03
-1.175101185354879675e-03
-1.311699857735035713e-03
-1.392369123912139952e-03
-1.499785030418962928e-03
-1.609858710556915208e-03
-1.696703680781843152e-03
-1.720166318302347123e-03
-2.279961075523147251e-03
-2.883570281292697265e-03
-3.669958277605557973e-03
-6.184271386420896015e-03
-6.784275761550262289e-03
