1.077506648555014851e-02
8.441619041518501343e-03
6.499783897822449495e-03
4.693783672065157848e-03
4.291250829264083543e-03
3.327683736947592043e-03
2.752597087365195230e-03
2.698168716680026877e-03
2.215618633776680804e-03
2.179983167359467785e-03
1.949351445277359247e-03
1.807945490141846636e-03
1.499827293117930553e-03
1.431505759818516715e-03
1.304201553799680217e-03
1.285639071075212435e-03
1.188343826049471572e-03
1.158996030150829994e-03
1.071064629308470396e-03
9.590518902873109309e-04
8.917025136706492779e-04
7.597527816181983730e-04
6.986683149427643045e-04
6.719250617196007589e-04
5.766670898910382977e-04
5.104570227495817004e-04
4.869319932717360369e-04
4.513974170114453148e-04
4.287941382692288857e-04
3.894152235245719506e-04
3.432712172887654586e-04
3.080041788036381968e-04
2.850361864438760305e-04
2.739266807598873376e-04
2.500091328322306592e-04
2.410902620733659492e-04
2.240353052575211432e-04
2.155438386999186575e-04
1.852546128072263623e-04
1.744514800565533476e-04
1.582213728626187120e-04
1.479967440114193789e-04
1.347897735448589859e-04
1.224200828087559565e-04
1.141726827310362197e-04
1.060885154425975037e-04
9.791321913707434061e-05
9.339017161984443296e-05
8.391653792888702289e-05
7.059062105718994222e-05
5.854304615696545513e-05
5.116846018750673521e-05
4.852974690382371088e-05
4.161910978224296409e-05
3.409890069191183926e-05
2.789268219725830894e-05
2.485841977347726106e-05
2.206135503748452706e-05
1.980488888111753059e-05
1.648255934101287083e-05
1.411181815015755418e-05
1.245897266409734992e-05
8.915064520005110609e-06
6.385697603123806994e-06
3.436688678740445147e-06
9.742228005219080759e-07
6.851726154768758403e-07
1.133811997102710199e-19
-1.104494648504371877e-19
-2.962461851444166512e-06
-5.863482223353744096e-06
-8.978327500804893368e-06
-1.123451667060399832e-05
-1.260520769815337798e-05
-1.439768698435821069e-05
-1.919014117774642158e-05
-2.138191203614379934e-05
-2.742311907766889316e-05
-3.139842891049541093e-05
-3.352455656987859712e-05
-4.186117187391204600e-05
-4.699899458838371734e-05
-5.991122320492236873e-05
-6.794052411793828931e-05
-7.557800407283943756e-05
-8.264133761286352538e-05
-9.551890442558348693e-05
-1.043286233239573176e-04
-1.317892672496022986e-04
-1.421763021044864894e-04
-1.529920795658036407e-04
-1.774538128569096271e-04
-2.131584860009081588e-04
-2.493325425428566194e-04
-2.747610059805147970e-04
-2.976107150707573996e-04
-3.278209889669976389e-04
-3.639161659321829144e-04
-3.874691650498944735e-04
-4.634115788627773177e-04
-4.667654355629663986e-04
-6.076220845590106631e-04
-6.921415624339616671e-04
-7.347512205689683221e-04
-8.686764478275836934e-04
-9.377721831035078530e-04
-1.126785842618770704e-03
-1.243073870387794962e-03
-1.332614354761932915e-03
-1.407028983091740014e-03
-1.562542029123741710e-03
-1.769223857372616802e-03
-2.016425325068490863e-03
-2.082455313349133516e-03
-2.275866318992884278e-03
-2.507434623416840511e-03
-2.858497392213599914e-03
-3.740730240307512007e-03
-5.062776897574262046e-03
-5.750883898439605735e-03
-6.579290820614377457e-03
