-1.283780769160036028e+00
-1.702591298212795812e-01
-1.336375024499893427e-01
-5.591422322911442089e-02
-4.050937136988030929e-02
-2.316366038586356590e-02
-1.841062452867763682e-02
-1.644528194555324938e-02
-1.296352304665304538e-02
-1.105507390143880414e-02
-9.203751825306640336e-03
-9.063634378295853944e-03
-8.642255362993674778e-03
-7.778558350846751478e-03
-5.045800736144787947e-03
-4.092335700349996642e-03
-3.272374708637383785e-03
-2.970520220769115160e-03
-2.590164613694239792e-03
-2.302128140532566994e-03
-1.718282083823871468e-03
-1.553520700802136448e-03
-1.354106634921143108e-03
-1.233036780276141513e-03
-1.122792877602871294e-03
-9.752903651826871174e-04
-7.735499756194395143e-04
-7.142202673607365255e-04
-6.577950142641423572e-04
-5.690336614484110562e-04
-4.334519173574022345e-04
-4.085702472372338594e-04
-3.574398649388876338e-04
-2.560315332822765623e-04
-2.231501305903009730e-04
-1.903718562572226207e-04
-1.835497322566134455e-04
-1.696774235900256808e-04
-1.475253371798161261e-04
-9.065313567581837297e-05
-8.597677162052174164e-05
-5.810913298047492762e-05
-4.937190955051206108e-05
-4.022583034518510865e-05
-3.325715666929621259e-05
-1.837673286040650037e-05
-1.673063468131970780e-05
-1.205668967031609334e-05
-8.225585206169705148e-06
-5.961636503754954304e-06
-4.461218278904453497e-06
-1.209355331973941434e-06
-7.720875918088850418e-08
-4.552200629401292281e-19
1.046064537349598624e-17
3.306914730298216361e-08
1.645130860406728080e-07
8.185375133241937086e-07
1.565750720195587815e-06
2.827629236764035580e-06
4.816791259823128767e-06
6.118971592295815732e-06
8.100111927630208102e-06
1.030552668933095482e-05
1.143312317670485261e-05
1.381656341935946253e-05
1.874210817500771668e-05
1.967139106084754498e-05
2.308534199596743767e-05
2.633729867469459442e-05
3.475221018958583120e-05
3.906385529744860348e-05
4.023354190482898588e-05
5.122531797796660784e-05
5.817361277203869077e-05
8.345193864418451143e-05
9.247622754340303810e-05
9.744815424339003918e-05
1.063189606732049342e-04
1.181453892429608490e-04
1.287411119854790559e-04
1.379304421443835267e-04
1.643396328607299938e-04
1.747788421405436869e-04
2.081414734181704002e-04
2.338027077190537662e-04
2.710443026747897072e-04
3.321875708457508328e-04
3.761178471947011965e-04
3.898761941346966459e-04
4.409478442386290022e-04
5.074853056837556626e-04
5.858739496732960498e-04
6.880492958483181050e-04
7.823673677640338112e-04
8.385059911610741367e-04
9.238639244822259350e-04
1.044557338376260382e-03
1.126155621811146621e-03
1.168570189136713738e-03
1.599442281612128329e-03
1.657765879596762243e-03
1.861118410575508851e-03
2.114471695033616309e-03
2.501723399074908503e-03
3.075641457747320135e-03
3.687001559184215939e-03
3.819258404432702026e-03
4.340147026481153136e-03
4.934701775498601638e-03
7.836577256368142813e-03
1.013842365229616557e-02
1.041214491855030691e-02
1.188810019519788604e-02
1.765388078542649147e-02
2.754542456563088132e-02
2.908529088530126608e-02
3.882199538731697513e-02
5.833960460942633208e-02
9.588338022275602612e-02
1.501632418476147868e-01
