-1.673677542842629817e-01
-1.240384721438811955e-01
-1.219470724224329117e-01
-7.986986916728680552e-02
-7.714586517886123929e-02
-6.904671745574209041e-02
-4.997454407658986908e-02
-4.520531356150350732e-02
-4.364951377520225745e-02
-3.872364995151016120e-02
-3.435057637071217695e-02
-3.043705871401262628e-02
-2.804143254171712757e-02
-2.190692287639267946e-02
-2.127698400898411779e-02
-2.097157618065433049e-02
-1.820592074532271371e-02
-1.658756079066529138e-02
-1.558011148048586356e-02
-1.520044035295188382e-02
-1.341675927016622479e-02
-1.193245838862555357e-02
-9.924465810588254874e-03
-9.596852277917129748e-03
-8.890671917013013431e-03
-8.513022540871013205e-03
-7.838991802876364365e-03
-7.656767173986215279e-03
-6.714621561304629990e-03
-6.390871013174872876e-03
-6.198099506103352252e-03
-5.677073890782620771e-03
-5.075202391585734336e-03
-4.702377587240968299e-03
-4.178603917197187476e-03
-3.882553236393561803e-03
-3.587513546209013856e-03
-3.266054536350197334e-03
-3.041860434609515874e-03
-3.011696762226669707e-03
-2.949225184885866363e-03
-2.511487955942068740e-03
-2.471838304341723337e-03
-2.307891380544796044e-03
-2.090753402450441344e-03
-1.909112755619528671e-03
-1.858478841644768849e-03
-1.817242945464805567e-03
-1.653808439534419595e-03
-1.601662376901145067e-03
-1.446185858034166509e-03
-1.375442644023693473e-03
-1.196706215084047216e-03
-1.160854658542779779e-03
-1.155038600290879446e-03
-1.011215731393362528e-03
-9.626893839067822032e-04
-9.170656688776313448e-04
-8.440625479945189271e-04
-7.971570311302908886e-04
-7.172675365927129194e-04
-6.940893704673483690e-04
-6.404945145830141361e-04
-6.137668960615119554e-04
-5.591240641148716509e-04
-5.233796560512762701e-04
-5.005306444267777896e-04
-4.596976012111797581e-04
-4.313378392977401470e-04
-4.083173822430519358e-04
-3.579523076600934508e-04
-3.328057793286341606e-04
-3.064109779666736961e-04
-2.736917702158412529e-04
-2.647498404931775476e-04
-2.460249441184241340e-04
-2.251373407282752481e-04
-2.026139916529177737e-04
-1.734020070029646053e-04
-1.522672886094924357e-04
-1.405118077096658444e-04
-1.305221176967385805e-04
-1.068353196805028567e-04
-8.752123536573840534e-05
-6.983454407260285713e-05
-6.045332583344313821e-05
-5.516284026929774994e-05
-4.592718851190223748e-05
-3.796701331586187906e-05
-2.525233732444157088e-05
-1.051722792864067238e-05
-9.063945311847987859e-06
-1.726942152493469486e-06
-1.377588040891015607e-18
2.180879677138790683e-18
1.564493418936196201e-07
4.509500339874989527e-06
6.406008693217567438e-06
7.696437074379675037e-06
8.759665203926169803e-06
1.053294876646575850e-05
1.485760270714127708e-05
1.688134912588128427e-05
2.106246487909553146e-05
3.806457538211523758e-05
4.028642624881949140e-05
9.213486431289558273e-05
1.040438675535063627e-04
1.400484768428521894e-04
2.368694703109753977e-04
3.438852924771448167e-04
4.867195656677472215e-04
8.345103071305105900e-04
1.404597517957632997e-03
2.356908663136407338e-03
8.282680704467250757e-03
8.945077335492544399e-03
9.743022710293470362e-03
5.934097487021423867e-02
3.148519754290153294e-01
9.867087819692204054e-01
