-7.963460085910149864e-16
-6.803223444712452221e-16
-6.315245662058992448e-16
-3.002726711437508967e-16
-2.502432134572085685e-16
-1.820964621653771963e-16
-1.655634360938699511e-16
-1.536768061974276691e-16
-1.450963127599726162e-16
-1.302422050941253495e-16
-1.129660616027521293e-16
-1.040605529949114950e-16
-1.003219569911110328e-16
-9.040468074841949011e-17
-8.325029231711484467e-17
-7.068656457131211435e-17
-6.917756848199755167e-17
-6.439043278664936641e-17
-5.847705422739870467e-17
-5.634782451736015950e-17
-5.070908725716944652e-17
-4.869765993799851303e-17
-4.820259293444403011e-17
-4.226780898196083995e-17
-3.959208883904381436e-17
-3.534132047250886158e-17
-3.321367637044018184e-17
-3.109592869009354130e-17
-2.927619201932812364e-17
-2.871697970712234455e-17
-2.566007361820022881e-17
-2.482361605831161441e-17
-2.110137203380981944e-17
-1.754926820346824294e-17
-1.591190219099743220e-17
-1.539798332035129050e-17
-1.369593801037768976e-17
-1.123697237239306334e-17
-1.095691169389555979e-17
-9.404748635490047436e-18
-8.109637849541032852e-18
-6.711315767197725755e-18
-5.833522870973921267e-18
-5.513224799937129299e-18
-4.689705273978055753e-18
-3.690955065072950661e-18
-2.431989096597758710e-18
-1.804371989346079875e-18
-1.150583714363822453e-19
5.633144752776055750e-20
4.318824030371263123e-19
1.205252915097890854e-18
1.888622573873514546e-18
2.594894314207571995e-18
4.142968529773589838e-18
5.003517450898861651e-18
6.618161029917261451e-18
8.469072943908096135e-18
9.310480022797367193e-18
1.041106210897868435e-17
1.151547883762519415e-17
1.201966768668142233e-17
1.330153740704266534e-17
1.473382553596715772e-17
1.784939456761251046e-17
1.874750484102698360e-17
1.999226590887328342e-17
2.239069486587255943e-17
2.499218476396455703e-17
2.842088445553283382e-17
3.160014755821114572e-17
3.232667735085446916e-17
3.596785793033908614e-17
3.754520918973741636e-17
4.624118805701659191e-17
4.690329123235773666e-17
4.879449838388583639e-17
5.399985688619139438e-17
5.960694273705895576e-17
6.665816216422923737e-17
6.849771648152645604e-17
7.428336869223189436e-17
8.159245263710008124e-17
8.913092222226273339e-17
9.686283839649392979e-17
1.046572742350982611e-16
1.208468275963006740e-16
1.357205205991995344e-16
1.499096313404750949e-16
1.548626183780553745e-16
1.821803961220712028e-16
2.499432656349216796e-16
2.954838531359197752e-16
3.221915508614876135e-16
3.670119601255986508e-16
5.715914847250536879e-16
4.609261857994269621e-04
5.451122804283174434e-04
9.553559156229709604e-04
1.395942633000081881e-03
2.030046381806933486e-03
2.703493270557412367e-03
3.325620349306656568e-03
4.148912176380953505e-03
5.105681370316866516e-03
5.561576973938986250e-03
7.094142188895711035e-03
8.941586433965078781e-03
9.343979390888275394e-03
1.763277707895630902e-02
2.130365510315920807e-02
3.483047397593608957e-02
5.069499639619512443e-02
6.063110216607422304e-02
9.623374415255173120e-02
1.058408604123423774e-01
1.749664880359096397e-01
3.306279397326563618e-01
1.592392622385581991e+00
4.470425609154209390e+00
9.868013018874551179e+00
