-3.012168311762114664e-05
-1.610413160536761556e-05
-1.054070598200820736e-05
-9.581001917370395130e-06
-5.736867403055618402e-06
-5.092884346261854038e-06
-3.391696308415314883e-06
-3.093363087993188411e-06
-1.599588032918566468e-06
-1.399187890645595377e-06
-1.167484023642577621e-06
-4.781693747005774619e-07
-3.931256226780726865e-18
5.822217553194397344e-20
7.853815981380172248e-07
1.984602445004784358e-06
2.664026673185353587e-06
2.719844489097240348e-06
5.191081757107772178e-06
6.485689532987222981e-06
2.065849159446969191e-05
3.171945672060888185e-05
4.200369582833540511e-05
4.482167298056428451e-05
5.498195364696544684e-05
6.178559754414985423e-05
7.253593538936505415e-05
7.867653013760955542e-05
8.103748499352516179e-05
9.202698400572696040e-05
9.462253682381363551e-05
1.033747091288021231e-04
1.144313073510231748e-04
1.189086860137575943e-04
1.402801184312209987e-04
1.499865938919095107e-04
1.531875197978415108e-04
1.575362488265617084e-04
1.681606978108373415e-04
1.838154712305508785e-04
1.893796650659978424e-04
2.085517561893271822e-04
2.321123002369486683e-04
2.383837387724245538e-04
2.466629874642862065e-04
2.565668357968158811e-04
2.692005173327407033e-04
2.899023588525170684e-04
3.002978447225557266e-04
3.039147162498827184e-04
3.161151438499052455e-04
3.649708040181165675e-04
3.738161301062882785e-04
3.939419803990858366e-04
4.526088696201897290e-04
4.765939643751089397e-04
5.000609101943080323e-04
5.281662680109854187e-04
5.486237309949414803e-04
5.814345564358417697e-04
6.148778260760482794e-04
6.578729523639062623e-04
6.734845466669533683e-04
7.225725827457022722e-04
7.908266912950457370e-04
8.160507794269044419e-04
8.626502675483235186e-04
9.118202461171584809e-04
9.452232447346534680e-04
9.580678245597860649e-04
1.071555872461282550e-03
1.090557548777777806e-03
1.124569272550293058e-03
1.202188204931706021e-03
1.462534694973826894e-03
1.523261890369543648e-03
1.547811870963082754e-03
1.599769193926558856e-03
1.730203624317940047e-03
1.941073342429438077e-03
2.006754741540088365e-03
2.337963020135526253e-03
2.539876532722700527e-03
2.694111874780634550e-03
2.790424845533207368e-03
2.912256577250866250e-03
2.969948082222910370e-03
3.114315015635318006e-03
3.530476159579763306e-03
3.587568500679857563e-03
3.663682777884922411e-03
4.354302907408212804e-03
4.595850222050236120e-03
5.262686702430577172e-03
5.342747784354059254e-03
5.869968119282128159e-03
6.419662207732940683e-03
6.829806935647568002e-03
7.588672586495665701e-03
8.355336402508914753e-03
8.490971598719452423e-03
9.242923910031231038e-03
9.686646332232262679e-03
1.116326076497199150e-02
1.187343910839535298e-02
1.383198462552125141e-02
1.664987117613151921e-02
1.755074388219217060e-02
1.974682540095644423e-02
2.916391308059882934e-02
3.253202189870858796e-02
3.387336471805904581e-02
3.506933925546925485e-02
4.209897691797505337e-02
5.754891362864386628e-02
6.786630211900965270e-02
7.505374027467073828e-02
1.658515305223506320e-01
2.664646876082507609e-01
3.320265891509707745e-01
7.456725047063526013e-01
