5.537892468834567511e-03
5.485466497491846803e-03
4.685143571866792755e-03
4.216618887679991247e-03
4.194769489584094721e-03
3.708407535424067866e-03
3.320015848614992458e-03
3.216607178912077661e-03
3.176816017088346638e-03
2.974654052130967265e-03
2.899410781660656609e-03
2.753617831836216966e-03
2.413005129202503481e-03
2.374732155101908371e-03
2.048981451576703614e-03
1.894513963913080010e-03
1.805149438513437834e-03
1.785579419861128749e-03
1.613525282858146396e-03
1.529710768124649053e-03
1.409172473676525289e-03
1.383915723330916316e-03
1.319383779255643447e-03
1.297920354805858888e-03
1.285660436900905529e-03
1.154849774194819474e-03
1.118867063113696729e-03
1.002441323254286802e-03
9.589031935216363149e-04
8.752417136880584307e-04
8.530409953464705057e-04
7.807807959441655189e-04
7.655923085934696233e-04
7.482348589381789027e-04
7.031842675973392883e-04
6.946834993355485797e-04
6.901983837236409097e-04
6.461804095229427888e-04
5.949089807536798785e-04
5.761278263778353646e-04
5.546768287036315821e-04
5.450461535742921575e-04
5.390170464933678914e-04
4.587633549705224839e-04
4.210411239186872515e-04
4.000626715299027765e-04
3.803687982381668241e-04
3.553062479967873341e-04
3.386455942507237099e-04
3.333966664794847374e-04
3.058438688375514705e-04
2.769720890256620631e-04
2.746186505563826008e-04
2.683733800741401566e-04
2.662762414411325184e-04
2.482087829981597781e-04
2.286212745475803949e-04
2.213317208793474120e-04
2.147135252766132780e-04
2.029006021232210733e-04
1.912440501317279524e-04
1.860719115286372399e-04
1.634098606392808098e-04
1.589913153124523188e-04
1.566402185726231266e-04
1.489483048056702169e-04
1.375366889599372294e-04
1.247458382346513129e-04
1.205287864790976902e-04
1.137341274912948030e-04
1.079091860246879359e-04
1.006071396955513311e-04
9.870500135519316351e-05
9.664160981209403531e-05
8.938690811320407453e-05
8.431915701705326662e-05
8.168436115956842383e-05
8.004896873250972678e-05
7.839524048018189418e-05
7.514896102338584948e-05
7.398309693472001605e-05
6.966021155550653225e-05
6.456663050918950064e-05
6.029200450174825607e-05
5.902586828598322500e-05
5.673319039734320995e-05
5.525810578713044423e-05
4.817216149435283543e-05
4.239805675242311041e-05
4.116551576963895583e-05
3.698790803973147013e-05
3.584991421948833612e-05
3.513658472893646403e-05
3.092617504282393301e-05
2.925530232852496058e-05
2.783071625453754583e-05
2.170603173169528976e-05
1.955696035425485028e-05
1.704007530135360216e-05
1.440310510727772029e-05
8.361240060654623205e-06
2.553688140613606306e-06
2.019712597016211121e-06
1.258591513023594028e-06
1.131907460812517493e-06
8.555751190066577499e-07
3.237577995373003601e-07
2.170798327297095015e-19
-1.110314258881047592e-19
-2.013882310893544525e-07
-5.174091501611166376e-07
-6.165832559694427423e-07
-7.101750470365711802e-07
-1.366907178246053313e-06
-1.410588179718349683e-06
-1.928807746905107221e-06
-2.341995798546334118e-06
-3.475850744593389022e-06
-4.293227320619916980e-06
-5.884843872083334360e-06
-9.990816906255605152e-06
