-2.256240573928406518e-02
-1.961853854391829716e-02
-1.311083398838427082e-02
-1.170230867170247990e-02
-9.362150646370307611e-03
-8.149429020010704600e-03
-5.668151517075220927e-03
-4.704936972860051907e-03
-4.453300807549085208e-03
-3.487503818710538037e-03
-2.714814528978194870e-03
-2.688530561220883741e-03
-2.298119341006819080e-03
-2.050369662397244497e-03
-1.931104278633817952e-03
-1.860628724484598854e-03
-1.710346608159219340e-03
-1.512274832488614152e-03
-1.417992589822674289e-03
-1.180569187048641135e-03
-1.140809544460697671e-03
-1.017698973995238886e-03
-8.968545718504997762e-04
-7.583723879835348354e-04
-6.928685994399081055e-04
-6.697799419886683956e-04
-6.118126016405861902e-04
-5.375362040276504853e-04
-5.141947380940727758e-04
-4.252898531803462234e-04
-4.229078261744839500e-04
-4.110345955771091235e-04
-3.695769122657274102e-04
-3.210408368361961258e-04
-3.069186163397301121e-04
-2.704334555339836261e-04
-2.438472013022147231e-04
-2.091772269246465065e-04
-1.797280536873339951e-04
-1.626857701427835356e-04
-1.500641836196029940e-04
-1.439862889932478436e-04
-1.177122383675321070e-04
-1.144761611575584418e-04
-9.833658047305687095e-05
-8.062585643347156678e-05
-6.848419498384306710e-05
-6.824203902699150603e-05
-5.600595445719320896e-05
-4.841090287404049088e-05
-4.226784690949271761e-05
-3.433670432747674441e-05
-2.987786173132739352e-05
-2.779266577047585297e-05
-1.021524742729162861e-05
-7.909140380028537972e-06
-4.130300742232180643e-06
-8.303254731026353932e-07
-5.582258486499705971e-17
4.225066176373735732e-18
9.294299408967738181e-07
3.174470177601769876e-06
8.021353549074151733e-06
1.216089466581845525e-05
1.716719677861451785e-05
1.870600475560624829e-05
2.209505987394253256e-05
2.980316062245317622e-05
3.266273937586631825e-05
4.511378689706873181e-05
4.756471564508265725e-05
4.880272134050041120e-05
7.962370558905663043e-05
9.734809004042465068e-05
1.211929014940365802e-04
1.354709720246853263e-04
1.683210364619446594e-04
1.875051903120220293e-04
2.369171154023725354e-04
2.549709840222893586e-04
2.952001641731406508e-04
3.467740133385404473e-04
3.648061761209594675e-04
4.510557276243909257e-04
5.647646313058711206e-04
6.121734598753337045e-04
6.999619604144582778e-04
7.653117268437027026e-04
8.889745688219812198e-04
9.801412595087431821e-04
1.167138517101350094e-03
1.272511752534791901e-03
1.322736384062606291e-03
1.560747263740034502e-03
1.634760466841947988e-03
2.066000727336255588e-03
2.192927983334809310e-03
2.484371856242743783e-03
3.711858066594258057e-03
4.233897153319149398e-03
4.524478400792537360e-03
5.457064778515296685e-03
5.936033329263272311e-03
7.756299773668851559e-03
8.866569605131416690e-03
1.217949658589969827e-02
1.422229285781258235e-02
1.718678430495160919e-02
2.225031080174863507e-02
2.422111993186787035e-02
2.642450497962400141e-02
4.189429836811860847e-02
5.469499761654882802e-02
7.878147867325149822e-02
1.058603445982466973e-01
1.535047744308921103e-01
1.917006174637619909e-01
3.647132676907232085e-01
1.702285641035853114e+00
4.489931627502575573e+00
1.089035253579702811e+01
