1.911846846960418844e-02
1.309648390264345381e-02
1.223974722334734457e-02
9.687367642074218993e-03
8.772146839924938391e-03
7.945622536358665222e-03
7.093567651756607292e-03
5.763058885907298631e-03
5.476780563534419319e-03
4.792278245834526856e-03
4.332977794054281538e-03
4.073689055827707170e-03
3.511245522306675419e-03
3.330536599273743736e-03
3.092833415697686904e-03
2.704662651331092831e-03
2.651714474838517792e-03
2.515127833852263527e-03
2.278687561306981090e-03
2.127570837404844321e-03
1.876276566870684797e-03
1.786318905384613265e-03
1.758237162113056220e-03
1.575303564451404790e-03
1.470681456153317100e-03
1.319492631494306517e-03
1.145766103343985815e-03
1.079290894034990464e-03
9.917955177951428766e-04
9.689619025899481571e-04
8.716073269237896264e-04
8.403755044512964661e-04
7.600097439052758879e-04
7.345573811181198591e-04
6.919060571660730352e-04
6.052776169822968351e-04
5.886571518106416658e-04
5.502014827205703841e-04
5.414874375541940503e-04
4.886065981951716103e-04
4.651895945231311592e-04
4.156215184461026419e-04
3.865315037486423714e-04
3.772551257177101736e-04
3.402238782410206639e-04
3.092916219155374645e-04
2.977813502841593720e-04
2.783102466996783013e-04
2.563302167253348157e-04
2.389558179419992115e-04
2.282149104751609431e-04
2.221116810028639517e-04
1.990123969236907314e-04
1.860334401423442013e-04
1.684685733613631759e-04
1.524082450223385545e-04
1.519958628624167008e-04
1.335590401600458886e-04
1.214282481721322486e-04
9.914973337587904998e-05
8.602575434038945952e-05
8.244058929419501502e-05
6.866140855295763102e-05
6.423449990968924182e-05
4.971596748347645816e-05
4.343781844068872694e-05
3.304452381234338518e-05
2.613237147588802749e-05
1.769516715158279971e-05
1.636638505836341136e-05
1.280356876508175201e-05
8.595695755456426757e-06
5.084943639950004012e-06
2.708161914971801198e-06
2.348684079549507792e-19
-1.056404623116274859e-19
-2.093798242283215257e-07
-2.921378372565440227e-06
-5.160651100489848952e-06
-5.457498762787141162e-06
-7.637498125601418816e-06
-8.324272231987054938e-06
-1.087551235578312211e-05
-1.289632175324216769e-05
-1.514446595821289070e-05
-2.318177824453490383e-05
-2.497493200467833702e-05
-2.756257019940871729e-05
-3.760388310770039618e-05
-4.143854549229506395e-05
-5.247678430032442359e-05
-5.947140392876720452e-05
-6.543527206082972890e-05
-7.088932827287453269e-05
-7.467084282181369822e-05
-9.878726296105649549e-05
-1.157641875811159216e-04
-1.374415423380992895e-04
-1.470415356501139626e-04
-1.664684884392173686e-04
-1.878690804069462785e-04
-2.199858808794554941e-04
-2.490690617658076751e-04
-3.088172101044869985e-04
-3.418388235843135021e-04
-4.545486429699044633e-04
-4.552815654476746656e-04
-5.668033347001292122e-04
-8.403375822153065933e-04
-9.025164732987751891e-04
-9.704780338759510768e-04
-1.061485334506786452e-03
-1.349526830667830942e-03
-1.439649731159610381e-03
-1.576098661762656561e-03
-1.917099249485421271e-03
-2.309597540138764483e-03
-3.213596136982767998e-03
-3.765069081745422291e-03
-4.681625028372172689e-03
-5.548399098120158565e-03
