6.350845068329079302e-02
5.892307003794253206e-02
3.697559274664831419e-02
1.698653605349477111e-02
1.199698577143986158e-02
8.158449546940421682e-03
6.518444307270087820e-03
4.442950755533628913e-03
3.910365659497358481e-03
3.708624135842569173e-03
3.302504675323237378e-03
2.571118322786021277e-03
2.042537435645624695e-03
1.778402011201486461e-03
1.447170147650350290e-03
1.301380863063630964e-03
1.040005478608154290e-03
8.877813455037259199e-04
7.860832808793637421e-04
6.263849639207996365e-04
3.951052780554871425e-04
2.881110753694326120e-04
1.977698476492710153e-04
1.698137844487692836e-04
1.387523636717067515e-04
1.644952173781904927e-17
9.658741396778180560e-18
8.771407465860971570e-18
8.350826681833312692e-18
7.143229583046907420e-18
6.914478966694582934e-18
6.452211408609005821e-18
6.209088779120647068e-18
5.792461379597722457e-18
5.561767007526060318e-18
5.102674006641249124e-18
4.929486030422767996e-18
4.543104984601496746e-18
4.485670227421557727e-18
4.170712472176613701e-18
3.928186967577700289e-18
3.724468394830848749e-18
3.688738776070773068e-18
3.503822565413776441e-18
3.444692638988316720e-18
3.055900285076611099e-18
2.993407329827963981e-18
2.559632425413947289e-18
2.290054911971300344e-18
2.172716440562899961e-18
2.009088252035516436e-18
1.940682329955911676e-18
1.801092889248285303e-18
1.684518493803607168e-18
1.521098829663124650e-18
1.472367615995239023e-18
1.439666627628169505e-18
1.362550154247998032e-18
1.255777189810565847e-18
1.060833155912974404e-18
8.556151832262731463e-19
8.299135043310298782e-19
7.807364068891429703e-19
6.423166570304871050e-19
4.969868244959335519e-19
4.613223509625973625e-19
4.323453603527373196e-19
3.172408811539185231e-19
2.795295314548470263e-19
2.192464381310012047e-19
1.263240930065313756e-19
4.409226768281291820e-20
-1.932697063147587858e-20
-4.367030133238241293e-20
-7.885990010713285697e-20
-1.121821439209657502e-19
-1.881934722588426167e-19
-3.163346681552594849e-19
-3.685729251503725881e-19
-4.831642906986049079e-19
-5.365237476795551077e-19
-6.322208503848628221e-19
-7.302433319091356526e-19
-7.879570334266868893e-19
-8.529148512611242099e-19
-9.493518379254201740e-19
-1.183758961976334289e-18
-1.238683494751529063e-18
-1.377449904063399322e-18
-1.421145710135269005e-18
-1.626425008322483701e-18
-1.697362934118178342e-18
-1.815110045201594096e-18
-1.945504207784752317e-18
-2.080205945816993268e-18
-2.291161637406432638e-18
-2.368345825828040362e-18
-2.580531747662457385e-18
-2.665716600993694785e-18
-2.919367893805822416e-18
-2.998136427811515896e-18
-3.231979974149303891e-18
-3.388467137043961395e-18
-3.511357340053441351e-18
-3.638846213592810819e-18
-4.008597894165585687e-18
-4.255380444156054255e-18
-4.729855287490212817e-18
-4.885866527929224880e-18
-5.084418074678721834e-18
-5.252490232895155299e-18
-5.670907808174693124e-18
-6.148806652861054948e-18
-6.752034427205601317e-18
-6.978255749331938530e-18
-7.204382261056914578e-18
-8.113175243987363275e-18
-8.576563527772696710e-18
-1.019687406909105158e-17
-1.167763078306558419e-17
-1.663737853552838721e-17
