6.620879453508357604e-02
5.962115149557382227e-02
3.722445513181899673e-02
1.737306239449562875e-02
1.238372520078612725e-02
8.280754600764068246e-03
6.567635140546478588e-03
4.480694646254596188e-03
3.933022359786759840e-03
3.874387980275594608e-03
3.392166215288886389e-03
2.660175129498393645e-03
2.058304070233061937e-03
1.822835642854667149e-03
1.470672196509816574e-03
1.324786432718588714e-03
1.051767952200879886e-03
9.032027593463310159e-04
7.929974729984975036e-04
6.461601916186844683e-04
4.095805685036230212e-04
2.905518256272119466e-04
2.027498034505072222e-04
1.715150233955046229e-04
1.412213777513172009e-04
1.351884311907108397e-17
9.177071416532146332e-18
8.340707820634843798e-18
7.812034744749968220e-18
7.568560082755746967e-18
6.776123181827768698e-18
6.144157812650826415e-18
5.962142203602053299e-18
5.499047393439701040e-18
5.170790103490381480e-18
5.050988617117144756e-18
4.857945263968102005e-18
4.328369123748462035e-18
4.102385270941568922e-18
4.016806495095144829e-18
3.808010837669152890e-18
3.705933615836748507e-18
3.371667557451832627e-18
3.294444635794327303e-18
3.136159574453703011e-18
3.074983518321254631e-18
2.884531109921746902e-18
2.662731037622588079e-18
2.500130881910282898e-18
2.391973886065290583e-18
2.251420088437653873e-18
2.077274683406241814e-18
1.926386869655586067e-18
1.905959434852616479e-18
1.712328970693851102e-18
1.509764372721803708e-18
1.483647509297080780e-18
1.253942277418113682e-18
1.173109241779791506e-18
1.113985106034352050e-18
9.458385522113965792e-19
8.445482462103595434e-19
7.376583819448536270e-19
6.328705773849574319e-19
5.578789353744148794e-19
5.147829707067121131e-19
4.451161657859550635e-19
3.270065669471993532e-19
2.733815213151731374e-19
2.249245043561943354e-19
1.059483392340790015e-19
5.581273665755848987e-20
4.706198891724515168e-20
7.198529501366124878e-21
-1.050725667644121703e-19
-1.369712291827789409e-19
-1.743020989994243838e-19
-2.709843680544698400e-19
-3.432421325980234669e-19
-3.961078273285565272e-19
-5.146026451283591628e-19
-5.347194560977725325e-19
-7.475452496780567639e-19
-7.629420617462548414e-19
-8.545826136836645227e-19
-9.705010615461438277e-19
-1.044402117608169485e-18
-1.214642181538904570e-18
-1.352656440206768502e-18
-1.424982379854420114e-18
-1.551025395965053423e-18
-1.607392440007916264e-18
-1.747574494968593507e-18
-1.829634362412044314e-18
-2.029954016094408851e-18
-2.206023010041279875e-18
-2.437131938301864424e-18
-2.471901407844013689e-18
-2.782562170532765573e-18
-2.942914558747568817e-18
-2.981326312641208065e-18
-3.224242260886876695e-18
-3.447376999762706082e-18
-3.546342895710552195e-18
-3.798788798818408159e-18
-3.871067843242703510e-18
-4.041842068445091818e-18
-4.609391668953234951e-18
-4.654038181846630425e-18
-4.824714308566526396e-18
-5.174674919588713717e-18
-5.803172287792799217e-18
-6.159175349822310729e-18
-6.493127931293631707e-18
-6.721746334299917709e-18
-7.737702847205952017e-18
-8.273930288146672350e-18
-9.207680299296894743e-18
-9.650053202227958772e-18
-1.084127335222562413e-17
-1.462863107940096208e-17
