-7.378749543229596277e-16
-6.718042147967378796e-16
-2.826260570262066784e-16
-2.398409193121635808e-16
-2.253662641908858639e-16
-2.079805604779955257e-16
-2.023453420919364531e-16
-1.622978413802230516e-16
-1.474451651081915016e-16
-1.342955236436654947e-16
-1.243926490301668369e-16
-1.148334759952995670e-16
-1.053543582607044064e-16
-9.679011187221850904e-17
-9.009976409705928660e-17
-8.446472529557298807e-17
-7.868265866267809533e-17
-7.344364902584848691e-17
-6.568300390311659850e-17
-6.080211256056806110e-17
-5.514852022312661533e-17
-5.254719659260312721e-17
-4.596635901006127281e-17
-4.326676585324140460e-17
-4.157600166295284607e-17
-3.798087251243506694e-17
-3.325840153266634201e-17
-3.166124723706388712e-17
-2.876534533257230390e-17
-2.530623732577002151e-17
-2.312538523773675982e-17
-1.997490370280624460e-17
-1.853583758800934296e-17
-1.717587109177203011e-17
-1.476549624552433413e-17
-1.238896884768833477e-17
-1.083180971918568237e-17
-9.114847042391248419e-18
-5.927879482213076168e-18
-4.712037831417141208e-18
-3.533409085658107262e-18
-2.325611177162522107e-18
-1.239842723148766826e-18
-1.606483194821843698e-19
-2.144240572517721265e-20
-5.861102653520359759e-22
7.892462781360124471e-23
1.351826418589149551e-21
3.455412388580829408e-20
1.406814331945960422e-19
2.307918078189034400e-19
3.014829087852456068e-19
2.184841093670471069e-18
2.967569571425536125e-18
3.291706305798009233e-18
4.828925108883372984e-18
5.067016403729755244e-18
6.073689219341739570e-18
6.274002414531368493e-18
8.276634968818666675e-18
9.883136515550483099e-18
1.224868318070625881e-17
1.296367746190422673e-17
1.417721578975466531e-17
1.745663632771359634e-17
2.051026230818652801e-17
2.083415669675019906e-17
2.212976279704426858e-17
2.582611567721051434e-17
2.946496723163317590e-17
3.297366517334475348e-17
3.531111082737206362e-17
3.811603960954029892e-17
3.888996035395397162e-17
4.562214494285530860e-17
4.811680528505861233e-17
5.162442636963702326e-17
5.854084830120692936e-17
6.366281120395685852e-17
7.333801543864535396e-17
8.305177291474484359e-17
8.993863639233626815e-17
9.840725667320572607e-17
1.067718955359595305e-16
1.179800939284966457e-16
1.213669346708271267e-16
1.346438191292044831e-16
1.529785925100322448e-16
1.776028196052496167e-16
2.186737713712501623e-16
2.537767479455332544e-16
3.140493734637996952e-16
3.515297789479180572e-16
3.782534486489709817e-16
4.258658016492788139e-16
5.594869095549709340e-16
1.537645436250276165e-04
4.696350130309562905e-04
5.651051918400967506e-04
9.099630619352168989e-04
1.205078081048893777e-03
1.979048249917316187e-03
2.434754399790405987e-03
3.339676659247154018e-03
4.166756538602869528e-03
5.133879248838750867e-03
5.565298788719764619e-03
7.957090563471073616e-03
8.890105774648406761e-03
1.745999423201398046e-02
1.896258483527451036e-02
3.490840525688072848e-02
5.090327559447425931e-02
5.375875036791551848e-02
1.006490289892130879e-01
1.040620087141124750e-01
1.745521978402503338e-01
3.203031895522248096e-01
1.636161548844259572e+00
4.640236944276567854e+00
1.042767762062820935e+01
