1.036676731435070414e-02
8.214852703135759604e-03
6.134139173144147715e-03
4.482236510398923332e-03
4.061192981800900922e-03
3.133185289464021465e-03
2.605816137510408390e-03
2.537642519716288778e-03
2.100246857649725601e-03
2.059502825733189671e-03
1.843185687672089200e-03
1.700844079589480373e-03
1.437313893334227514e-03
1.350704452116004237e-03
1.230033775460936517e-03
1.222228652096269894e-03
1.122311384308524642e-03
1.087358618649144140e-03
1.029520557051895411e-03
8.976604222684662817e-04
8.464537193838661110e-04
7.134030140170417996e-04
6.658893029683191815e-04
6.587715657932555072e-04
5.462303714023940618e-04
4.854951850799904089e-04
4.599660011586912192e-04
4.294052392464322351e-04
4.083277813894148106e-04
3.630788064508776712e-04
3.249462802196552078e-04
2.862449663175827604e-04
2.671780355622330313e-04
2.576692186203847373e-04
2.395986128066166952e-04
2.281493450646250945e-04
2.114506311090288504e-04
2.031624674627405041e-04
1.744802202644872558e-04
1.652070537077436347e-04
1.467125490061460600e-04
1.404140920157009680e-04
1.263781642225317748e-04
1.150802408510331036e-04
1.071481400641281269e-04
9.843172362718575358e-05
9.192006029413685804e-05
8.705332026488005399e-05
7.560098531051238750e-05
6.440607690358218231e-05
5.367726150706296040e-05
4.691801244647707692e-05
4.352524648102927259e-05
3.745182378480142548e-05
2.995419673538788008e-05
2.513212904183940468e-05
2.166577301415950550e-05
1.927015290967952024e-05
1.848320542004877818e-05
1.438439564720509025e-05
1.167356743485484572e-05
1.063096398576037518e-05
7.599362954377500255e-06
5.006010410074294401e-06
2.411546670273878583e-06
4.996541722930317335e-07
1.515198902441562263e-19
4.174755115716937668e-20
-7.824868371396208100e-07
-4.180181221744305403e-06
-7.172170409904246041e-06
-1.028583609248323389e-05
-1.232412958145633808e-05
-1.367648689796715456e-05
-1.572491695448772272e-05
-2.134004390404246583e-05
-2.241713040529136846e-05
-3.084124767686046451e-05
-3.352107899066624836e-05
-3.581517706362645124e-05
-4.461968647962658973e-05
-5.062026264759072184e-05
-6.274259391414279048e-05
-7.104052544302469981e-05
-7.946897954014264798e-05
-9.212982108739699251e-05
-9.926028372772502525e-05
-1.085499633775913582e-04
-1.344694588543200893e-04
-1.448321510694861969e-04
-1.568515087600807286e-04
-1.840297649107768311e-04
-2.200092920769321529e-04
-2.535462157151412263e-04
-2.795748980463117297e-04
-3.026629908926292169e-04
-3.344506816927376026e-04
-3.674864110071325552e-04
-3.938293952221098133e-04
-4.689080934047110258e-04
-4.734570770824751045e-04
-6.162910062403922484e-04
-7.011729031847441316e-04
-7.421613152999437853e-04
-8.796606679549792956e-04
-9.506481008403333804e-04
-1.135134876130508086e-03
-1.248769579278790134e-03
-1.454914380547284516e-03
-1.527357703754514753e-03
-1.576714136052888467e-03
-1.782800702596739869e-03
-2.029724313379973558e-03
-2.090944927211719692e-03
-2.288559230926861740e-03
-2.538550533067346435e-03
-2.869855552251072278e-03
-3.750550536727523601e-03
-5.082449537234004847e-03
-5.762785075833985228e-03
-6.587493647691231198e-03
