1.812386831221159122e-02
1.246350699079289658e-02
1.205192678015368224e-02
1.084148961939021029e-02
1.043958398013058314e-02
8.303953134971011132e-03
7.892161608198054387e-03
6.635832987359815797e-03
6.328546251312698080e-03
4.874849653471893460e-03
4.745987304453908387e-03
4.234531301715393700e-03
3.878653102529589121e-03
3.655404308826140994e-03
3.255517122022990109e-03
3.088226054730229368e-03
2.997790307313855096e-03
2.823152491256276323e-03
2.621244055046586651e-03
2.562666774186011642e-03
2.249053866580638401e-03
2.139236280883240367e-03
2.083889676166635931e-03
1.901862556383091983e-03
1.766484790902226112e-03
1.603124724293841742e-03
1.451367355675212654e-03
1.346671813572999574e-03
1.245847732202114925e-03
1.212359837257019884e-03
1.130649085385420803e-03
1.034725036481567127e-03
9.960623489226533896e-04
9.071219015891147713e-04
8.666317454502131448e-04
8.206025880046752524e-04
8.008374401178053629e-04
7.060565640199222828e-04
6.839777411694154471e-04
6.673953136813442349e-04
5.690201207437019801e-04
5.548036367548335197e-04
4.866617010440631814e-04
4.583770604856686579e-04
4.334971582310657556e-04
3.987098414042827485e-04
3.882049605614754789e-04
3.783121858493953952e-04
3.534783045921949512e-04
3.334054095928408153e-04
3.316873889465220141e-04
2.937544189836027698e-04
2.880375234821882548e-04
2.546972257427160421e-04
2.301006097552216927e-04
2.207549754198242652e-04
2.046607623978135909e-04
1.838673448848696795e-04
1.673252429008097782e-04
1.628246841232753618e-04
1.458154989427497316e-04
1.309789584616358963e-04
1.246659473553935274e-04
1.197258108368362821e-04
1.089234746034442055e-04
1.016886281729269031e-04
8.899291374269025369e-05
8.056540621349723194e-05
7.676884623905790722e-05
7.201275187958928407e-05
4.486845694207427105e-05
3.515352611506094123e-05
3.357507353372391271e-05
3.000718587349734167e-05
2.658185607162074553e-05
2.200987158163072625e-05
1.603651800050118662e-05
1.371875593200542405e-05
6.290707410986884183e-06
5.424568332501654858e-06
3.415150509204236027e-06
1.496535785731486313e-06
-1.028537559523186587e-19
-3.227538302597042756e-19
-3.751792331147431847e-07
-9.737764549473720762e-07
-3.699450544551526939e-06
-5.275251844848658758e-06
-6.231969988262574054e-06
-7.548438517781473736e-06
-1.015587366000463686e-05
-1.401995236960474588e-05
-1.878000455471184223e-05
-2.093582465391161996e-05
-2.297014236219723144e-05
-2.794838301239795528e-05
-3.537712017748068219e-05
-4.842697903321249210e-05
-6.386676485446616755e-05
-6.923911212111454961e-05
-7.946720633517705633e-05
-8.289799187623085076e-05
-1.238925151537855819e-04
-1.826735154406076533e-04
-1.923914153886202647e-04
-2.260158401651125675e-04
-2.646722822420167348e-04
-3.159301510222800417e-04
-4.025251561398832350e-04
-4.502365753578629328e-04
-5.661337064630839102e-04
-6.901385600155460600e-04
-8.982634715490970265e-04
-9.551919915506644747e-04
-1.004116228540012862e-03
-1.391510812437997836e-03
-1.610865957020425751e-03
-2.309181389073447499e-03
-2.349500652041472924e-03
-3.154281980617491821e-03
-3.950039631949219324e-03
