-7.779723141382954843e-02
-2.442347892219749045e-02
-1.614663977285869106e-02
-1.373129955015894160e-02
-6.267174459739076157e-03
-6.107727376404780036e-03
-4.956365311699236637e-03
-3.745017551467532020e-03
-3.155960198967144598e-03
-2.912483065343608128e-03
-2.866772326252912343e-03
-2.562784095101379271e-03
-1.839412335001375503e-03
-1.589258125158179037e-03
-1.521808586828174090e-03
-1.255366998844504017e-03
-1.099622739668925471e-03
-1.022163797620109912e-03
-8.990597382648541020e-04
-8.142232587641853045e-04
-7.845585243810980925e-04
-7.509039621586678735e-04
-6.824619882520657765e-04
-6.307845094373417142e-04
-5.775883754528500979e-04
-5.292942001404300854e-04
-4.968381697190005610e-04
-4.449944711598134098e-04
-4.150960627219532802e-04
-3.959480447838144312e-04
-3.348887641163717757e-04
-3.266361724430778780e-04
-3.227325054551314167e-04
-2.800556132499822364e-04
-2.712603424207152649e-04
-2.696951787591575674e-04
-2.518915572361077521e-04
-2.390230557099324541e-04
-2.305126632985376686e-04
-2.148658918480245595e-04
-1.840938391056262376e-04
-1.801606289315056263e-04
-1.573944805093702669e-04
-1.479283155536138079e-04
-1.412691753229187454e-04
-1.392451211191921489e-04
-1.350632959437674484e-04
-1.102037662786586918e-04
-1.034444613755351966e-04
-1.006198337747592837e-04
-9.718048607179616337e-05
-8.844952767014915883e-05
-8.678600943170132942e-05
-8.345312299861857588e-05
-7.942598578424109432e-05
-7.481156726899520430e-05
-7.273249420300876482e-05
-6.370747906509150252e-05
-6.212423175739478646e-05
-6.054068162326727568e-05
-5.659830233103954622e-05
-5.229713251266996965e-05
-5.011276234742732957e-05
-4.862022478825799319e-05
-4.597451648510144279e-05
-4.246920559733761269e-05
-4.150966194111228684e-05
-3.492545816705711797e-05
-3.328770199550917558e-05
-3.289937048308568185e-05
-2.931723288237043199e-05
-2.768410358376180848e-05
-2.751143735383806626e-05
-2.668402244896897428e-05
-2.378533375751593486e-05
-2.306314464251077044e-05
-2.267735438933236002e-05
-2.217035489472668694e-05
-2.135572615604086421e-05
-1.903655070326880971e-05
-1.722834437184515591e-05
-1.693049851502096635e-05
-1.563654939011956965e-05
-1.442867503883749694e-05
-1.417055733716247621e-05
-1.387634383483159747e-05
-1.281867983194060974e-05
-1.085052369092716045e-05
-1.037684752413732895e-05
-9.674392510214178430e-06
-8.819183595933496463e-06
-8.595152684430033740e-06
-7.602964897705181105e-06
-7.230529169690191977e-06
-6.537951320902564785e-06
-5.730988779684325448e-06
-5.112529276296220625e-06
-4.188947237683555557e-06
-3.041662432741167085e-06
-2.635414305643387921e-06
-1.996387485487829019e-06
-7.097403828432653553e-07
-5.064762377818036029e-07
-2.704373889583374502e-07
-2.194943548347184715e-07
-1.817234965485144406e-07
-9.095165229330141142e-08
-1.923737292397383599e-19
9.912484886882651965e-20
3.496772348280903162e-08
9.340904932333400111e-08
1.158376351951502707e-07
1.330826888111511570e-07
2.586058804927741700e-07
2.732302013878121357e-07
3.858326897642602737e-07
4.738422820665661283e-07
8.081458430059158919e-07
9.409301614686463863e-07
1.527609918340071207e-06
7.044588503521103749e-06
