-2.289743851760361187e-02
-1.820187206161929389e-02
-1.177710999514706806e-02
-1.123614720022059546e-02
-9.016631245998541627e-03
-7.640182457151301759e-03
-5.388230873278040088e-03
-4.276303661293088393e-03
-3.931688989283028783e-03
-2.822439754199490124e-03
-2.376929118928703972e-03
-2.015526094393216457e-03
-1.935348068314095196e-03
-1.708502071097140525e-03
-1.577162465653501443e-03
-1.279193482615613355e-03
-1.197114865258830721e-03
-1.029402331220154827e-03
-9.762082403364396622e-04
-8.043287766426151153e-04
-7.319430626763265670e-04
-6.314482377880586148e-04
-5.400427603418756330e-04
-5.114812979573457987e-04
-4.509258120323295853e-04
-3.870471667459897467e-04
-3.557377185642153039e-04
-2.934149125494706469e-04
-2.893559131829713353e-04
-2.533588767222713016e-04
-2.440668511452752495e-04
-2.079082401746668864e-04
-1.686820604450818778e-04
-1.430952358507702133e-04
-1.356275921502376515e-04
-1.016040848710570663e-04
-8.684515074029619422e-05
-7.560659432343205572e-05
-5.769097530153411915e-05
-4.844259980746304411e-05
-4.824861847531284334e-05
-4.383967515132490057e-05
-3.696361305250165182e-05
-3.366834846074234056e-05
-3.004700647886430527e-05
-1.601819749450468915e-05
-1.389455274762886154e-05
-1.152139499041460671e-05
-1.009839111542625050e-05
-7.317053159794747108e-06
-6.527874241058330765e-06
-4.335650511635316635e-06
-3.323168912355939016e-06
-2.006964645204935791e-06
-1.255783455390537800e-06
-2.261977526371064972e-07
-1.221474992552829177e-07
-4.021258356667605450e-17
2.617003714143343306e-19
2.286631676593560667e-08
1.096108462950088156e-07
1.214010176946829105e-06
3.971389662832025833e-06
5.993608480637410020e-06
1.073773137619296344e-05
1.257623528759950426e-05
1.620534994619560553e-05
1.805482724138050282e-05
2.834262051629979186e-05
3.196335885601787777e-05
3.995618010184041858e-05
4.766685458505594654e-05
6.654992862664787080e-05
8.863179719979093435e-05
1.180786429261579808e-04
1.294112531035657870e-04
1.730391255942276393e-04
1.810621494528415231e-04
2.158958814478037632e-04
2.471665566260132919e-04
2.691469230791541305e-04
3.049173536451472728e-04
3.646611637944040490e-04
4.007637597830022449e-04
4.756371553665127865e-04
5.505336601639569975e-04
6.404859488085429004e-04
7.560017038332105324e-04
8.449939063827866881e-04
9.296448910383498529e-04
1.025401785426195223e-03
1.243240057643972985e-03
1.357483558366608632e-03
1.518439629035742231e-03
1.639051897822815535e-03
2.030099750342661755e-03
2.193688113381608851e-03
2.328116353796421279e-03
3.728649416397744523e-03
4.241863350368353484e-03
4.510723637824192236e-03
5.257001320213710444e-03
6.073001733452957837e-03
7.899224163869936546e-03
8.895298403582446375e-03
1.229379578291973224e-02
1.430982094342492586e-02
1.732013205492779345e-02
2.201398054433574211e-02
2.390816545098375934e-02
2.620540676266201394e-02
3.771878658750474345e-02
5.739265686514873760e-02
7.823223727370681724e-02
1.096850109427261882e-01
1.504746974862242737e-01
1.944292592055409385e-01
3.626241746811784683e-01
1.761611266180062696e+00
4.667908192250479260e+00
1.148730599884896364e+01
