3.367249282292894552e-02
2.690483733921469889e-02
2.432493897326950746e-02
8.789167829802930001e-03
5.469969244448807423e-03
4.608675853512912701e-03
4.009782508830560949e-03
2.477495190693120280e-03
2.289591952330815011e-03
1.718910527583194072e-03
1.638603256309079841e-03
1.428416003476681460e-03
1.018122149725679548e-03
9.178133803990606290e-04
7.340441132180305396e-04
6.185765358075019042e-04
6.134544398600367794e-04
5.045541959636212466e-04
4.738229531625959886e-04
3.032827014816699392e-04
1.760454546099488331e-04
1.741047202539273400e-04
1.071424324910029565e-04
9.993297747548875230e-05
7.346588313369138180e-05
7.035522143185297896e-18
6.130098411856015264e-18
5.467448573290829637e-18
5.237831310881786856e-18
5.041870083859384101e-18
4.545469600715269672e-18
4.322181505610293809e-18
4.003334007134361417e-18
3.558958845654022211e-18
3.457194081314666829e-18
2.989703703220156650e-18
2.905368775798807863e-18
2.711286458898558433e-18
2.402977235097577193e-18
2.371590450716916214e-18
2.328648426475737625e-18
2.281096877121436412e-18
2.080823024041206767e-18
2.049674660107581114e-18
1.946775874947520667e-18
1.893585149582742587e-18
1.700713184218926760e-18
1.606268967998287354e-18
1.445511532726419375e-18
1.421102969324251774e-18
1.360256766853998335e-18
1.243511058994520018e-18
1.211152759607044417e-18
1.078526509898266727e-18
1.036099931906691674e-18
9.860357580055248131e-19
8.191594484043609347e-19
7.682420079906710043e-19
6.872448601821148919e-19
6.508584747132282330e-19
6.232691756479380642e-19
4.934436998515516457e-19
4.600588910711499798e-19
4.398952101254886278e-19
3.987091325499726156e-19
3.004924535757210135e-19
2.861211265891203338e-19
2.448202708473107019e-19
2.125807440751595543e-19
1.501057865183482067e-19
7.191641547756549016e-20
2.308233069985105471e-20
1.328888314551171087e-20
-1.744422848080767978e-20
-4.033463121626622356e-20
-9.433775134423772466e-20
-1.154459387463513979e-19
-1.270051901517831351e-19
-1.773751534028591827e-19
-2.049462108420009812e-19
-2.417888455141436359e-19
-3.366273688012092244e-19
-3.624761704133045891e-19
-4.307422331149727193e-19
-4.794319688872943168e-19
-5.696235144834230714e-19
-5.930212762160391749e-19
-6.471143374655878301e-19
-7.417063771386229430e-19
-7.718814524194433055e-19
-8.141671929122902223e-19
-8.708055847083302713e-19
-9.541154716248207018e-19
-1.053459023002180783e-18
-1.236948521256038084e-18
-1.356730150814427342e-18
-1.432213978455513684e-18
-1.495556153447797196e-18
-1.635452484512211190e-18
-1.661305424330939508e-18
-1.793393586031559207e-18
-1.937066610778894965e-18
-2.025909154389388691e-18
-2.226187025106535169e-18
-2.254700639738574401e-18
-2.379198901250038792e-18
-2.406775084999989072e-18
-2.538856959672987779e-18
-2.605217436138129169e-18
-2.702025813005674635e-18
-3.080627855816942797e-18
-3.425797577991244892e-18
-3.559196011319208675e-18
-3.783970508418201082e-18
-4.029733213977373738e-18
-4.276361707460364087e-18
-4.599172736141474165e-18
-4.907913441655015691e-18
-5.581104323515517150e-18
-6.281115673907282171e-18
-7.745085262619702553e-18
