-8.772896420593309269e-17
-6.972382717353047206e-17
-5.725858299137744097e-17
-4.293612989070931342e-17
-3.460581561497838337e-17
-3.042894446710189077e-17
-2.782136719848823639e-17
-2.561187887416039793e-17
-2.372484473913036379e-17
-2.261822441312457884e-17
-2.100577640293795282e-17
-2.063823081515349059e-17
-2.018731697418873910e-17
-1.844380032689382453e-17
-1.675489937176473374e-17
-1.599815085278281424e-17
-1.525630256646018830e-17
-1.369513213015681411e-17
-1.338547919272811268e-17
-1.191137453178756056e-17
-1.122024353373479937e-17
-1.023787107544160213e-17
-9.312687241949041421e-18
-8.849775538704351857e-18
-8.684482596361956077e-18
-7.826326668081768654e-18
-7.597625555621474049e-18
-6.792372953896945174e-18
-6.442497412635544342e-18
-6.423346957177601454e-18
-5.805371354111557041e-18
-5.506215097977344507e-18
-4.869484896440594256e-18
-4.558743221596925530e-18
-4.251244739181861481e-18
-3.661601486512030696e-18
-3.368201166459881743e-18
-3.270467418104005807e-18
-2.628553831516273215e-18
-2.390107450824182538e-18
-2.300591370925924084e-18
-2.085642171214100668e-18
-1.668159432319655373e-18
-1.308991542296343634e-18
-9.813847052168981255e-19
-8.822638379448193953e-19
-8.101368375568475512e-19
-5.404688974400233149e-19
-3.769179612941822019e-19
-1.173305470590278617e-19
1.657624547810142820e-20
6.447988106797663246e-20
2.878825032721336911e-19
7.885430535352442263e-19
1.137075935355180221e-18
1.489571388385557532e-18
1.582023220068156448e-18
1.780747353371463399e-18
2.418089672967834543e-18
2.657153662043937167e-18
3.095201791497322083e-18
3.497357304668505278e-18
3.658557678161294813e-18
4.063210334975125348e-18
4.638130358131713689e-18
5.268998195051487596e-18
5.476744971069296569e-18
5.973028200181948744e-18
6.361813669618943479e-18
6.699864262743310869e-18
6.861876318364199923e-18
7.863221341204374563e-18
8.244322210524920011e-18
8.807138825020033326e-18
9.173045703427042715e-18
1.051342204158033898e-17
1.107748267649605950e-17
1.192239229575089738e-17
1.273445881875958094e-17
1.378467678189374857e-17
1.557744130255079842e-17
1.689712215705918104e-17
1.741072957492340450e-17
1.896969488101992089e-17
1.994955088536994835e-17
2.172549554032426332e-17
2.401347491479775677e-17
2.713368844569491018e-17
2.962350278863611851e-17
3.345328555928310419e-17
3.395440697420286771e-17
4.069427888913629278e-17
4.733089755878702579e-17
5.419983891907993768e-17
7.453106999538886622e-17
1.051349857801102775e-16
1.627633516928276788e-04
2.060481533171007581e-04
4.017869110429757112e-04
5.985902660059724302e-04
7.580018068792008330e-04
1.188906795300562810e-03
1.330319112118267741e-03
1.562075726674429840e-03
1.950681141952230252e-03
2.320581480015685132e-03
3.710848025690749973e-03
4.156349394207756870e-03
5.900913272469884147e-03
7.173579774253088966e-03
1.334647539769470356e-02
1.753063555168630008e-02
1.783112961411729633e-02
2.427084196538041583e-02
2.579006146299150579e-02
4.541526316298348520e-02
5.464114415612252029e-02
1.329346059508868527e-01
3.649452404582264053e-01
6.234808193280293453e-01
1.155098237552889540e+00
