5.436700215558607496e-01
5.101900351557986379e-01
3.998673011173324854e-01
2.648927118222438315e-01
2.151386514022802787e-01
1.848236824392496536e-01
1.653940547068394329e-01
1.537092774100890513e-01
1.471836337141567974e-01
1.283697110716535694e-01
1.191332445472537693e-01
1.082671061911566340e-01
9.602236747770402647e-02
9.448862574127733782e-02
9.163754137146619405e-02
8.498553488694383928e-02
7.636133304875716843e-02
7.448562682664588985e-02
7.209182309076343775e-02
7.090724556681678170e-02
7.008674042785906222e-02
6.787731566742491451e-02
6.022486296229012659e-02
5.805306977688726167e-02
5.557297702198070455e-02
5.249617200570749070e-02
5.210241413979193464e-02
4.860376923520027398e-02
4.727559415515365099e-02
4.496296705219861300e-02
4.440564595771659406e-02
4.339960313025115202e-02
4.240256063442312401e-02
4.082510444199820981e-02
4.041257809554531927e-02
3.946761635687141140e-02
3.912889591275782453e-02
3.496973769989328990e-02
3.480672769686191798e-02
3.171171097733393313e-02
3.162849256606582032e-02
3.061585591991271629e-02
2.907285166634802562e-02
2.722484125272165573e-02
2.698594010431595164e-02
2.596202450883144247e-02
2.549131373250702187e-02
2.448824930896063845e-02
2.385523428825190445e-02
2.335022421040274312e-02
2.298924642597675178e-02
2.279505366993679269e-02
2.171804652904190530e-02
2.061036520957232332e-02
2.002749053880008984e-02
1.985750983376853226e-02
1.948499562337159541e-02
1.878003663356090855e-02
1.783691473022106996e-02
1.766903054220616762e-02
1.705937019132506074e-02
1.668750703467602667e-02
1.647859721775975922e-02
1.539119718934880456e-02
1.511115955539583944e-02
1.461796254204294522e-02
1.448557006510080812e-02
1.423348564658535355e-02
1.355937845249295670e-02
1.338388534655850226e-02
1.292122727842458414e-02
1.290742221145889726e-02
1.247272047432580570e-02
1.222542931210012125e-02
1.217808912398348799e-02
1.195708064115100396e-02
1.166118563444960843e-02
1.126068608127705518e-02
1.050704455499966092e-02
1.039988463653036647e-02
1.008184248636987725e-02
9.643442278012146623e-03
9.345003427175709032e-03
9.237181627778289980e-03
9.170476708332172752e-03
8.700702794704013796e-03
8.404981848591086893e-03
7.879815846377776975e-03
7.784343248033806159e-03
7.657815846401955576e-03
7.347803400756012550e-03
6.956231571907483396e-03
6.786844506206519620e-03
6.735419136554401769e-03
6.518521933398390041e-03
6.007875079255289158e-03
5.528460478771262884e-03
5.119248417482496344e-03
4.766699932068922153e-03
4.523191996363420779e-03
4.065580821726115165e-03
3.440800461221528786e-03
2.782359126030118507e-03
2.491724578658177213e-03
2.260880937701681762e-03
2.182250400656102207e-03
2.004274176280306224e-03
1.747014584273774620e-03
1.620129364543902977e-03
1.436477878898129211e-03
1.364909436355089519e-03
1.063868807679574195e-03
8.656514650021081584e-04
7.787968278130680960e-04
6.243335681370342991e-04
4.758436195153000533e-04
2.974487342196164359e-04
9.168444548403660739e-05
3.844155661285649373e-05
2.622248133232126130e-16
7.238417748026167305e-19
