5.422770550316389215e-01
5.098494412577039281e-01
3.997294841101209362e-01
2.646238758471199382e-01
2.149402349870860873e-01
1.845892996737985015e-01
1.651068238181426506e-01
1.536216191988381830e-01
1.470297830632129599e-01
1.282332719132544818e-01
1.190933690978573795e-01
1.081550639289254323e-01
9.592111673547493167e-02
9.440691746557108854e-02
9.152306169952777182e-02
8.488042421240882263e-02
7.629086847029131757e-02
7.441981107534800799e-02
7.198271724549344663e-02
7.082459662047593807e-02
7.000317148830523251e-02
6.784414233130194039e-02
6.018896177523731100e-02
5.801081098340269554e-02
5.550142177128698090e-02
5.245730429775534442e-02
5.204246247730875269e-02
4.854354692272597888e-02
4.722203333959770072e-02
4.491386564847747037e-02
4.436228460538341883e-02
4.336879305769322790e-02
4.234509206424096756e-02
4.079753107429914816e-02
4.038314615233320332e-02
3.944880221601945042e-02
3.908720570979221098e-02
3.494522300348500143e-02
3.476858314621637802e-02
3.167958092043916818e-02
3.159490060071250273e-02
3.056475117871839189e-02
2.904520935267535658e-02
2.718632189670062982e-02
2.695591496017776464e-02
2.592769810960395341e-02
2.547694854117605809e-02
2.446538523723752745e-02
2.383130710915147901e-02
2.332208415309005786e-02
2.296594524861513345e-02
2.276876882182920017e-02
2.171018030304586871e-02
2.058989875578386489e-02
2.000617744957294830e-02
1.984206068352807953e-02
1.947474555548220701e-02
1.876494997439965076e-02
1.782570955577786678e-02
1.765622253392305774e-02
1.704118035220117747e-02
1.667768451554662440e-02
1.647130285236053648e-02
1.538276085714961744e-02
1.510203867839712485e-02
1.460001784747453485e-02
1.446945547284824926e-02
1.422160500823991224e-02
1.353954677168195224e-02
1.337296485776033259e-02
1.290057634425982071e-02
1.288990946125764293e-02
1.245967284968769150e-02
1.221385745193592776e-02
1.216289683060664366e-02
1.195336940342615027e-02
1.165743765508678656e-02
1.125131527575545451e-02
1.049127403303395066e-02
1.038069360791167572e-02
1.007153519183201507e-02
9.631496779204112499e-03
9.334394233526959253e-03
9.232961163110793568e-03
9.164129600821899202e-03
8.694134012917482252e-03
8.397986527747950888e-03
7.869878892303427617e-03
7.779451208622811462e-03
7.650242755733420094e-03
7.337232352330433881e-03
6.948313145881248286e-03
6.778443016743066450e-03
6.733445383720421985e-03
6.514960213862726335e-03
6.003519816239808946e-03
5.526989581540421234e-03
5.116880990820517512e-03
4.763455037340000656e-03
4.522058141378725374e-03
4.057571565368092888e-03
3.432576920782929621e-03
2.780742366227057470e-03
2.488313895002499439e-03
2.258510653051623660e-03
2.179418972176948559e-03
1.999753772080607728e-03
1.744939700729467762e-03
1.619044545893521614e-03
1.435493297273092135e-03
1.363667471161318341e-03
1.063428080087303485e-03
8.655796227852581527e-04
7.775122826935421377e-04
6.243957670122547363e-04
4.758092501008532194e-04
2.976435900133263864e-04
9.165317710364045338e-05
3.842663793903422725e-05
1.009685530762479460e-16
1.271561503383465787e-18
