1.436346171583777198e-01
1.239671078885456190e-01
8.985207570893981310e-02
6.519580235757538311e-02
5.108766887906299875e-02
4.610709116877127756e-02
3.926592525907636466e-02
3.400615413790365749e-02
3.331163512001729388e-02
3.187827829110402578e-02
2.712147589374651335e-02
2.578068459934618542e-02
2.351997168904863475e-02
2.229399115625804381e-02
2.117923643684598012e-02
2.034268785721423181e-02
1.945903413620772918e-02
1.709746715705571726e-02
1.692855777928146607e-02
1.665411851938645299e-02
1.599916476350789901e-02
1.527856625949260659e-02
1.382624232357880859e-02
1.312579049880607460e-02
1.297817203238868337e-02
1.280264088744262514e-02
1.279320539126322341e-02
1.136609747364367325e-02
1.130269104602216711e-02
1.057380673471174266e-02
1.021961028985235616e-02
9.871294474657239804e-03
9.722074462840405579e-03
9.406272756016062497e-03
9.094954744167334237e-03
8.926082634964435311e-03
8.665075308511377417e-03
8.164370705226749181e-03
7.999913017157720546e-03
7.618692646733629149e-03
7.517564146040859978e-03
7.181872407830730727e-03
6.828230733601989288e-03
6.630071600008396668e-03
6.365730033173719847e-03
6.233899775790063477e-03
6.025040621700446068e-03
5.889845893353303982e-03
5.428403796920378693e-03
5.376523019828723104e-03
5.242456051456358644e-03
5.165710177688931717e-03
5.056324475935765686e-03
4.789993437258122273e-03
4.634429410324503347e-03
4.470490878079174182e-03
4.298968255857511626e-03
4.283033526287411547e-03
4.182753599253585114e-03
3.994953647362460385e-03
3.963687257928684080e-03
3.751244501939684627e-03
3.718842687884347988e-03
3.633495934961906981e-03
3.608783815292419470e-03
3.408844668938768811e-03
3.365741012817996015e-03
3.282878245721466536e-03
3.280438432239595348e-03
3.007765153090554474e-03
3.006062979679822826e-03
2.892853580420353191e-03
2.839280956328167280e-03
2.704818950610794401e-03
2.704258513834023256e-03
2.621221803138298889e-03
2.587123305160683815e-03
2.571616285084596214e-03
2.540884752231662574e-03
2.495512150994019882e-03
2.339066167725311392e-03
2.334270829227380172e-03
2.166725473617825935e-03
2.153421390876213756e-03
2.021300080014643528e-03
1.918173346756018227e-03
1.853760988923091073e-03
1.819204191503329083e-03
1.808278358623352337e-03
1.642117205293033887e-03
1.607534737196852697e-03
1.518883182935759375e-03
1.460803124774860033e-03
1.404516679768071227e-03
1.389696064548680580e-03
1.282493688387911779e-03
1.126275394090850380e-03
1.058767519925555688e-03
1.011895243040224733e-03
9.159061202427857488e-04
9.108275573637613851e-04
8.184307851474294758e-04
6.306085644869789198e-04
5.541602576924582399e-04
5.376158054765195439e-04
5.328280643697826720e-04
5.079457358766732798e-04
4.031918149692321368e-04
3.813932653007822099e-04
3.090752832746445364e-04
3.046710108575794947e-04
2.322183793891600262e-04
2.076518272606765682e-04
2.007209076751685498e-04
1.414637205248882995e-04
9.576390817567071822e-05
3.806740887406429887e-05
2.375661095183700082e-05
8.623753591548228756e-06
1.626608320071600245e-16
4.301169710687768972e-20
