4.913929916253835239e-01
4.843999954496883698e-01
3.861999114882180839e-01
2.484464550951205331e-01
2.017933593175325890e-01
1.704750301827329395e-01
1.521104078098039214e-01
1.467375401187116235e-01
1.384390606160106896e-01
1.187084415091580331e-01
1.142997320041328341e-01
1.020148165628364800e-01
8.978650022852083246e-02
8.891341834318478021e-02
8.543789019384059880e-02
7.867107048399518687e-02
7.211232857978898403e-02
7.029727241875417809e-02
6.687811398767821991e-02
6.638225398266092703e-02
6.483635996584345695e-02
6.454968389194035150e-02
5.736059655013010794e-02
5.513256924081827437e-02
5.169428824261196320e-02
4.988698663260347776e-02
4.827769206235198868e-02
4.515363555106931270e-02
4.395722917784435080e-02
4.223087535230511669e-02
4.159728273858619152e-02
4.127160707225315667e-02
3.962495975310940943e-02
3.855590692177811307e-02
3.830825645607416341e-02
3.756177193498577010e-02
3.610138104751694360e-02
3.326484790350726917e-02
3.285827574145416818e-02
3.004510631230726883e-02
2.993612254479432674e-02
2.823137198518560140e-02
2.707094882280406886e-02
2.544682414338584470e-02
2.519088790557078711e-02
2.428758387027700125e-02
2.416119694450809957e-02
2.301355747925664871e-02
2.240318140744462436e-02
2.191878688906993486e-02
2.150558192193379944e-02
2.130701959833828860e-02
2.068013524832299291e-02
1.932232483496995612e-02
1.874691470281033071e-02
1.846435230351083090e-02
1.831757541086237104e-02
1.773486192545939075e-02
1.685476104269507946e-02
1.668232371944120343e-02
1.596964302238022132e-02
1.579598092698656503e-02
1.559110327054764877e-02
1.462934129562537024e-02
1.424105990467107972e-02
1.358621337800302101e-02
1.352358616994059001e-02
1.346036131636964804e-02
1.275764665585079997e-02
1.225146690696191781e-02
1.199374341963381149e-02
1.189421412600816068e-02
1.170914757705303864e-02
1.154101312969891061e-02
1.133346132690875828e-02
1.122887334391916257e-02
1.111023400573264534e-02
1.063217419870677964e-02
9.898914355101234852e-03
9.492539446071375508e-03
9.376872227569759549e-03
9.093660743314977216e-03
8.887594952292070249e-03
8.736456941409266597e-03
8.636700857092914629e-03
8.184881470329035888e-03
7.919400159553759144e-03
7.404365448325212450e-03
7.383781627297226167e-03
7.183987512025203671e-03
6.844632454932919260e-03
6.489539892555030651e-03
6.301947487797108713e-03
6.267832974895731941e-03
6.255135210868072344e-03
5.669249982968391915e-03
5.348639714389415330e-03
4.855927907605445994e-03
4.561691748191457237e-03
4.323724497411856639e-03
3.776673543066013088e-03
3.136888374331275615e-03
2.647418378041136496e-03
2.305713222690181866e-03
2.094545543682774756e-03
2.007622945092978409e-03
1.852642631569366731e-03
1.646866947528066944e-03
1.516829447321294509e-03
1.347014670745174791e-03
1.300080139919890894e-03
1.010933261402370770e-03
8.305086219339416140e-04
7.295702582835159088e-04
5.851775442100164452e-04
4.450887355795283911e-04
2.798021743695317280e-04
8.649427230526246101e-05
3.579388517373038289e-05
1.663568091654529430e-16
4.773642633742498363e-19
