5.433921046905147989e-01
5.101340484800246378e-01
3.998381035432714836e-01
2.648355259478391566e-01
2.151001600530306757e-01
1.847790600978375941e-01
1.653394531868484785e-01
1.536934048002449593e-01
1.471559840279815790e-01
1.283459032463828975e-01
1.191249656465842022e-01
1.082459250294256076e-01
9.600158923850515835e-02
9.447451900533297697e-02
9.161466792880590404e-02
8.496429652850109870e-02
7.634824507328645538e-02
7.447393135417562648e-02
7.207204738909928077e-02
7.089251521734218908e-02
7.007104718688111911e-02
6.787123840569884992e-02
6.021786446221832900e-02
5.804525440995536578e-02
5.555780270760342365e-02
5.248811919563901862e-02
5.208993303288939059e-02
4.859197832784761806e-02
4.726534576218725803e-02
4.495411218842061685e-02
4.439666484702985139e-02
4.339337022845201480e-02
4.239195346821346411e-02
4.081960629830036491e-02
4.040650803575069477e-02
3.946420563367756401e-02
3.912037376883599482e-02
3.496466281285593586e-02
3.479953784876377992e-02
3.170491870111046689e-02
3.162175195487564039e-02
3.060497604194080401e-02
2.906713652232624165e-02
2.721652559958405090e-02
2.697974850705622124e-02
2.595568839615016929e-02
2.548828012042209448e-02
2.448383318771662695e-02
2.385113560647924083e-02
2.334473185164971307e-02
2.298448148582774020e-02
2.278979511218512041e-02
2.171651082773998903e-02
2.060660197425792303e-02
2.002323898314590372e-02
1.985440351575998991e-02
1.948291072832078474e-02
1.877714626363003250e-02
1.783468273292931547e-02
1.766623057987243631e-02
1.705545615235823376e-02
1.668563950858608161e-02
1.647711644166771280e-02
1.538945505745141669e-02
1.510956061642098648e-02
1.461523403922480868e-02
1.448253234075788133e-02
1.423120004604538913e-02
1.355601239238893481e-02
1.338183117654204342e-02
1.291718528697038612e-02
1.290389037498541717e-02
1.247028806693115457e-02
1.222340521228674516e-02
1.217527975950750095e-02
1.195627308622741747e-02
1.166039952799142153e-02
1.125871720965391197e-02
1.050345213352374754e-02
1.039573015817655752e-02
1.007983960286463858e-02
9.641206597990370150e-03
9.343079086399287692e-03
9.236296651094029128e-03
9.169291434549023054e-03
8.699393271396004337e-03
8.403654642410629885e-03
7.877901252886079786e-03
7.783363302883837542e-03
7.656188530469600073e-03
7.345846318761365887e-03
6.954642058939141357e-03
6.785211292853705889e-03
6.734977563180399515e-03
6.517788846208657019e-03
6.007030538373878473e-03
5.528108661360695703e-03
5.118685984128425008e-03
4.765999491216286327e-03
4.522950972972363676e-03
4.063776203923266141e-03
3.438979631985731970e-03
2.781991357832023712e-03
2.490989840362847763e-03
2.260408108024450271e-03
2.181687751204028532e-03
2.003155248938122239e-03
1.746470701672020150e-03
1.619906389659890025e-03
1.436280226274749437e-03
1.364624878354838994e-03
1.063815772810746459e-03
8.656750699833266373e-04
7.784975196675778062e-04
6.244034921646623689e-04
4.758506725671626542e-04
2.974997877550245745e-04
9.169217350589787033e-05
3.844933383422320184e-05
1.835466232613855320e-16
3.454514984950741032e-18
