3.299405823774959057e-02
2.876584644077487263e-02
2.071048042432257347e-02
1.484453106963367665e-02
1.155024280506952196e-02
1.042598885691746122e-02
8.853619520119685241e-03
7.677233509532937865e-03
7.517865731359885291e-03
7.207578931858869657e-03
6.148917729388289621e-03
5.809398210333396005e-03
5.295829733483655918e-03
5.023891020417027391e-03
4.787861258876531349e-03
4.572283457677299608e-03
4.390666095064262552e-03
3.841248883036336558e-03
3.815635256637594803e-03
3.758011735773945147e-03
3.611729988017874701e-03
3.456325521401445999e-03
3.111106138146554727e-03
2.953869980215241466e-03
2.928570181722241986e-03
2.895804153710247741e-03
2.880437345273666877e-03
2.563157152974926498e-03
2.553876506629224313e-03
2.385733173544255046e-03
2.297634090736092906e-03
2.228055860686122252e-03
2.186466772879553516e-03
2.123070845449059191e-03
2.045835463136341098e-03
2.014779004196885423e-03
1.960524118768220900e-03
1.838715058929806878e-03
1.805797350893281489e-03
1.721999235626663896e-03
1.689717801371395326e-03
1.618540733519856310e-03
1.540866355673395360e-03
1.494201017567272196e-03
1.438723773269623505e-03
1.409164942032220102e-03
1.359316027032089627e-03
1.326859644821960045e-03
1.222092105259869974e-03
1.211524661211541964e-03
1.180522953773903644e-03
1.167695322153391481e-03
1.138963625653400397e-03
1.079798844090951952e-03
1.045374909287995332e-03
1.009028402108682861e-03
9.693099237146455844e-04
9.665335278589235607e-04
9.421195130483830168e-04
8.991942417734551758e-04
8.932503751642964940e-04
8.459463105262469496e-04
8.348395868844357779e-04
8.193078058866551730e-04
8.139496299899838007e-04
7.708890842756995626e-04
7.589321775563821716e-04
7.400027632103325188e-04
7.395017819328557514e-04
6.783950846690498058e-04
6.754423079530696766e-04
6.525964038045602893e-04
6.384807776577624844e-04
6.098897114329685952e-04
6.092732052772893269e-04
5.904870130831840584e-04
5.841274699300006605e-04
5.810686123349779846e-04
5.744265218983573814e-04
5.623319209875433976e-04
5.243575833350494616e-04
5.238766916755606276e-04
4.882245828142972501e-04
4.854944469032308903e-04
4.564666934052266189e-04
4.341241588763735163e-04
4.197884735521879547e-04
4.095959439877373820e-04
4.069739174836377099e-04
3.704215295463497595e-04
3.619565566843039347e-04
3.441843997750518042e-04
3.291668478336089686e-04
3.168432718421478880e-04
3.150365108597902720e-04
2.893889343831996803e-04
2.534988587815967839e-04
2.376350918430055424e-04
2.280435157956484733e-04
2.063086108545355917e-04
2.060560763316786153e-04
1.847564567590345166e-04
1.422287727205037613e-04
1.252937851421294336e-04
1.205270098231438648e-04
1.202784673691440533e-04
1.153617421634649297e-04
9.174202421741910283e-05
8.581609961852818176e-05
7.042079718167920937e-05
6.905839136267107286e-05
5.292781492915066711e-05
4.653297796065160248e-05
4.548919333278681626e-05
3.176899804852825374e-05
2.162838606465675859e-05
9.031749602151628643e-06
5.272109552206648743e-06
1.969559995151236883e-06
8.646190458754601673e-17
2.856139206129215930e-20
