5.384133937995353447e-01
5.086894882140509111e-01
3.992323813992482151e-01
2.637116026403265034e-01
2.143089528664917920e-01
1.837371799762486102e-01
1.642442121424764756e-01
1.533170374054620422e-01
1.465410326615994852e-01
1.277057712034776471e-01
1.189350097401825623e-01
1.077923546529806903e-01
9.558434422157581489e-02
9.412119049895130429e-02
9.116860141540743256e-02
8.452740003138942138e-02
7.605119403366777941e-02
7.420155656968191460e-02
7.165166639994462183e-02
7.057007108838274367e-02
6.970603431541472217e-02
6.772202348685660289e-02
6.006530885610040366e-02
5.787270895253190245e-02
5.527815197998343227e-02
5.233180135722147186e-02
5.183208916594406884e-02
4.834005431765564520e-02
4.704056468127856133e-02
4.476163463517187496e-02
4.422140352305822808e-02
4.326963807307453169e-02
4.217280966740617060e-02
4.069406103591326207e-02
4.028187859708157181e-02
3.937883945875281927e-02
3.892368208051136952e-02
3.486929327364359649e-02
3.465619145330527118e-02
3.158510035683211037e-02
3.149359148951245274e-02
3.041573929514634900e-02
2.895079793554241471e-02
2.706930297136358674e-02
2.686635626363505572e-02
2.581283032993593810e-02
2.542814597261132403e-02
2.438782896656147003e-02
2.375249667707917539e-02
2.323502763760289247e-02
2.288606467787792156e-02
2.268396252990598563e-02
2.167654440980868943e-02
2.052261241001228365e-02
1.993807717655986592e-02
1.977723199308260155e-02
1.943213387232682610e-02
1.871444109554614224e-02
1.778520556025123267e-02
1.761465274793357419e-02
1.698432773036888388e-02
1.664204183235928197e-02
1.644204333239807081e-02
1.535214209729065735e-02
1.506483704478396753e-02
1.453559493740637365e-02
1.441383249001429792e-02
1.418392174321279030e-02
1.346916151971661209e-02
1.332788863141627124e-02
1.284609815634748554e-02
1.283095355497254099e-02
1.241257871701520812e-02
1.217087589103182411e-02
1.210444653366043316e-02
1.193592588679571152e-02
1.164297234509957882e-02
1.121962064486438197e-02
1.045100661355402236e-02
1.031768408252876218e-02
1.003695128103508985e-02
9.596071822676934676e-03
9.297434664708968677e-03
9.218166617261975768e-03
9.142522473226291635e-03
8.668660816166027031e-03
8.374324543246840571e-03
7.839694494747244391e-03
7.762313471444704308e-03
7.626389512716388354e-03
7.297011246325518959e-03
6.916575232043628563e-03
6.748467556728465593e-03
6.725352665576971554e-03
6.503434377443948269e-03
5.987479353119523617e-03
5.521395699290027048e-03
5.108590498884358830e-03
4.753704782513929611e-03
4.516636743668213903e-03
4.037706001844316647e-03
3.411114976035088935e-03
2.775255365355371734e-03
2.477062309082741533e-03
2.249295886214860724e-03
2.169803120063711240e-03
1.989188276216985723e-03
1.739804151825569221e-03
1.614938828516576099e-03
1.431325976755378404e-03
1.360277909699781013e-03
1.061280075903004751e-03
8.644972132793042521e-04
7.742445004140879839e-04
6.225654344300770356e-04
4.750245601183511663e-04
2.977520235634391007e-04
9.139391289385066601e-05
3.820538884636405448e-05
2.748060979260691836e-16
2.696356600368425332e-19
