3.140465513409507192e-01
3.089037482056199990e-01
2.488560596561872618e-01
1.574864995915907229e-01
1.265445713569669228e-01
1.113171908013945444e-01
9.349587863633872231e-02
8.841364340665025523e-02
8.586310526578144753e-02
7.729896873572254801e-02
7.515598472070654512e-02
6.470109344282261310e-02
5.793813811051795604e-02
5.718045403200146259e-02
5.212619936513673141e-02
4.767725083464126323e-02
4.762760650601959023e-02
4.457935945106854259e-02
4.271807910164378275e-02
4.225759249267755507e-02
4.113617761790832467e-02
4.094781073116504633e-02
3.444045279802740445e-02
3.440288913274068550e-02
3.336281597870284499e-02
3.143263308474885526e-02
3.131655215862805958e-02
3.042093753093483982e-02
2.745804133157457236e-02
2.652003711399533378e-02
2.631965580010603434e-02
2.484877866033185709e-02
2.444398270773311815e-02
2.411374591532447140e-02
2.401794017265585293e-02
2.378224271677701479e-02
2.330963400681528713e-02
2.071271912831586584e-02
1.972122689357187070e-02
1.931646494846878115e-02
1.894328399652725134e-02
1.842934147944701520e-02
1.787991995978832280e-02
1.705792769769456235e-02
1.592749922227539028e-02
1.533776703625703945e-02
1.488592974927834683e-02
1.425319970417602070e-02
1.390628465628499996e-02
1.354643100550523109e-02
1.338540420602467480e-02
1.335572770695864740e-02
1.262660233936720861e-02
1.250647114107201162e-02
1.186374710956592318e-02
1.178696401790410922e-02
1.164212763074708168e-02
1.096636058290879727e-02
1.051631509719185356e-02
1.025112029316254184e-02
1.015047884457208512e-02
9.459644944412662348e-03
9.306503033564384603e-03
9.248570029209198656e-03
8.807194345081093001e-03
8.583699766052443891e-03
8.466855222411447460e-03
8.420525358377058817e-03
8.198807050007554317e-03
7.741463709303129763e-03
7.620012200772560695e-03
7.515399051939469950e-03
7.395769027286043171e-03
7.281830711540666218e-03
7.153091217086362218e-03
7.059426344455152491e-03
6.926653360911888546e-03
6.647194681982186368e-03
6.550350359807385198e-03
6.130879178445355383e-03
5.853277907621460240e-03
5.685888131376499142e-03
5.538431588500401098e-03
5.225968133137735318e-03
5.118840544646954642e-03
5.113057001229146838e-03
4.873769004501339423e-03
4.713818830875119402e-03
4.658783654420566023e-03
4.497414938296451746e-03
4.164163032704543306e-03
4.131531822216067719e-03
4.049568062458766375e-03
3.889960196920598783e-03
3.869965749750682495e-03
3.461290272407068370e-03
2.989862323396708967e-03
2.866552610860827275e-03
2.699420348149710568e-03
2.554499051524045886e-03
2.296842017514591668e-03
2.096261709504720037e-03
1.416743736487586234e-03
1.406837581593623930e-03
1.362201779711356194e-03
1.257469217988528044e-03
1.249440772558430305e-03
9.866888961201155002e-04
9.645301826122426115e-04
8.117914360214623917e-04
7.900143445516083973e-04
6.019306385290958952e-04
5.340590966674817761e-04
4.981806112870591427e-04
3.687545290673277629e-04
2.472608092656007812e-04
1.185956606653453194e-04
5.697728050023455099e-05
2.076011129892836398e-05
3.526078850756899695e-17
1.051231200502673476e-18
