4.652801114154755946e-01
4.580735172815396106e-01
3.769877666503019253e-01
2.374298621826330669e-01
1.918594308890503308e-01
1.608744922589011583e-01
1.435115457586159382e-01
1.417383147439492119e-01
1.325650158371973197e-01
1.120924150613855225e-01
1.105481113371979823e-01
9.795750935001018567e-02
8.550122893275273472e-02
8.497183389341889104e-02
8.110300552834148746e-02
7.433684720493850817e-02
6.939624954804404777e-02
6.736553029607095233e-02
6.374585370471480550e-02
6.312005678147372678e-02
6.223004979041715096e-02
6.082884651116657326e-02
5.526520757653388682e-02
5.300332051100281605e-02
4.907861851001707465e-02
4.803409402130065509e-02
4.564812100154778257e-02
4.283637674524337635e-02
4.172730972206933897e-02
4.045229231927045810e-02
3.960550074120260111e-02
3.952768205296956078e-02
3.787107987272230608e-02
3.694951115453468105e-02
3.675798803488428135e-02
3.606201475497473885e-02
3.394350015587997010e-02
3.202293121473788473e-02
3.159339529675200819e-02
2.904625372156935045e-02
2.881376225423049400e-02
2.662755164722036341e-02
2.547606905903198118e-02
2.440040783247219777e-02
2.374602781065446658e-02
2.339458326998596766e-02
2.303359561243299714e-02
2.203812856115186514e-02
2.137680140562571440e-02
2.101193482147515126e-02
2.055956032282443141e-02
2.027650805056959576e-02
1.975597577042907324e-02
1.838632986743074516e-02
1.776032357095970460e-02
1.745887863901314160e-02
1.736417954858609711e-02
1.697877519732965412e-02
1.611388355558836596e-02
1.594115111481245184e-02
1.524357733225366156e-02
1.509692641496279512e-02
1.471266595024197862e-02
1.406787132070986580e-02
1.358979470166481011e-02
1.302362869810747524e-02
1.286384072186478114e-02
1.277445840000846281e-02
1.229496849955618969e-02
1.154188576088025289e-02
1.130222278981817333e-02
1.122879289842300746e-02
1.122367325861776781e-02
1.106220164466239012e-02
1.084536636082893135e-02
1.079172825493588533e-02
1.043405883846646419e-02
1.018903686251207072e-02
9.433557723244608700e-03
9.143247419231189874e-03
8.793630045377113721e-03
8.752560266285390814e-03
8.601096416696315389e-03
8.322610396998463000e-03
8.158121408433806690e-03
7.845700736392482305e-03
7.570653507673100711e-03
7.080128054240857234e-03
7.067591233324348361e-03
6.793427744830836217e-03
6.563727195909005267e-03
6.293968303491850186e-03
6.074401393739209745e-03
5.955386068578412059e-03
5.779454674212604857e-03
5.389433723787402306e-03
5.206724552156586326e-03
4.625249150704365333e-03
4.413984446862515877e-03
4.145889601610002959e-03
3.588794552022096188e-03
2.942425840557391734e-03
2.534252059125273546e-03
2.183846029371759069e-03
1.979738517883462227e-03
1.885195380387426085e-03
1.762693985091271648e-03
1.572280632458587573e-03
1.434605829777834589e-03
1.285954372968019926e-03
1.248398177452361571e-03
9.685863605239531521e-04
8.005511216770253751e-04
6.943206900832924909e-04
5.566568242399493960e-04
4.186986771541877659e-04
2.609879362695567435e-04
8.224441679369118828e-05
3.378875357104330307e-05
2.897903147409717669e-16
1.255317784879778269e-19
