3.810643182337946078e-01
3.423768096908941239e-01
3.239526145265302914e-01
1.901207122493605017e-01
1.531553847508625166e-01
1.259381619897130822e-01
1.155845291503438954e-01
1.113250487759457064e-01
1.062789696725754268e-01
9.176433081371890288e-02
8.799794109910104301e-02
7.957898965828685833e-02
6.834899397412012856e-02
6.821365044813208767e-02
6.382248539743091975e-02
5.713616409127679485e-02
5.665682588739808651e-02
5.418439037103102429e-02
5.273561207798636852e-02
5.023040884022493546e-02
4.989122730346999546e-02
4.755389481821430814e-02
4.428027004902752861e-02
4.285029050712788057e-02
3.926096670589459409e-02
3.889530013636262329e-02
3.614507362413538899e-02
3.415904459190236692e-02
3.310115203152129426e-02
3.282879217643550757e-02
3.146477782614699042e-02
3.093554442440413568e-02
3.074091051302810934e-02
2.993019976041628658e-02
2.930551157656728287e-02
2.877985291004626911e-02
2.625267836165189397e-02
2.619932110641634213e-02
2.550156506403973566e-02
2.405377768345965186e-02
2.335591781971341555e-02
2.104978701921033854e-02
1.988227238999914701e-02
1.944910611625765007e-02
1.867383460521751179e-02
1.861899534515338434e-02
1.820112536230448358e-02
1.799886908991652282e-02
1.715521633096221688e-02
1.695337082087787148e-02
1.661562300808807832e-02
1.609603079725276109e-02
1.567018432748406784e-02
1.459496369647230417e-02
1.410090457988116136e-02
1.388372444332534525e-02
1.385855766100247029e-02
1.365953285785150018e-02
1.317117424464264892e-02
1.284196768300147583e-02
1.201531382497643408e-02
1.182629644485463927e-02
1.152113831240599365e-02
1.123782554055580835e-02
1.080182721469841699e-02
1.041861382761266261e-02
1.019804411106554724e-02
1.019046608865136448e-02
9.973572592271327461e-03
9.462660107169758653e-03
9.354855351247776118e-03
9.062320684581199465e-03
8.897302225006641085e-03
8.622674760871437347e-03
8.379379339646548033e-03
8.289195175947481481e-03
8.219831118440370718e-03
8.163839124910794373e-03
7.667203449120752780e-03
7.562044923048930230e-03
7.047877851380857442e-03
7.026848838796402597e-03
6.950627045460484356e-03
6.428312643657375924e-03
6.206264911434584454e-03
6.186802011926797150e-03
6.016356229705261370e-03
5.756830765266333916e-03
5.638382432068769594e-03
5.354537783767332644e-03
5.189196797533664196e-03
5.113298655582309421e-03
5.075672616421239396e-03
4.908118111970190441e-03
4.515838400912713935e-03
4.166246460207835567e-03
3.981419922697801775e-03
3.711346372244329894e-03
3.576182959569131417e-03
3.344573666605276611e-03
2.815239195440347262e-03
2.333120501485906780e-03
1.968430705546381047e-03
1.702776486487426544e-03
1.560509252439319519e-03
1.490977717181371032e-03
1.400551756020710975e-03
1.234626479753519416e-03
1.145245275619340315e-03
1.019544828978020175e-03
1.007908425724321532e-03
7.815729876238868782e-04
6.611307062194137938e-04
5.566089478835226437e-04
4.378417037124243357e-04
3.250960594097599137e-04
1.951203085695975422e-04
6.568681121070273153e-05
2.600135340300889072e-05
3.178065779392049216e-16
1.265136453267457435e-18
