3.814970819414807007e-02
3.307034987707824919e-02
2.379422215680945113e-02
1.719695801443999611e-02
1.334477480748676170e-02
1.206897448604764972e-02
1.023750104610989843e-02
8.890894248818389384e-03
8.689087426158001101e-03
8.339196960742339959e-03
7.092179666849710538e-03
6.718388617326874999e-03
6.120177583948933561e-03
5.818185339207633359e-03
5.553229436854327690e-03
5.286975898373867666e-03
5.088116126639644250e-03
4.445276584498234276e-03
4.415115246233839580e-03
4.352103100688752869e-03
4.185645119682183425e-03
3.992794632062137035e-03
3.598949687529062486e-03
3.410544387970083306e-03
3.392151339526466771e-03
3.355423238046570042e-03
3.332555730272390368e-03
2.968142809816963056e-03
2.961737309452992187e-03
2.759276540122419189e-03
2.651072257794786363e-03
2.580182424815207192e-03
2.529802502462727507e-03
2.461312654136126998e-03
2.370295590791098028e-03
2.337621858399773368e-03
2.269459450351379165e-03
2.132164962592817715e-03
2.085622752640624820e-03
1.989268251468665535e-03
1.960949129621914790e-03
1.881814128339228016e-03
1.787484909347094577e-03
1.737384091547843111e-03
1.664781898643460153e-03
1.633684018869911540e-03
1.574683174051770291e-03
1.541414028455851022e-03
1.419021896989361171e-03
1.405879989695729302e-03
1.371621645235131986e-03
1.356331307795998874e-03
1.321004688756877024e-03
1.251722124181334737e-03
1.213103808888002250e-03
1.168159856077902355e-03
1.123133426225381062e-03
1.118789271888859108e-03
1.094973764231863293e-03
1.037050477995908777e-03
1.034874255046475122e-03
9.788493067060686972e-04
9.698888153578729288e-04
9.492708489126770212e-04
9.425947158135611435e-04
8.913346168099915657e-04
8.780005389993131553e-04
8.571155549837424295e-04
8.557422957355426563e-04
7.902942605180213057e-04
7.823115562356281394e-04
7.568556814425091541e-04
7.433942825130528597e-04
7.082580722869275501e-04
7.077711242655723841e-04
6.865384906256337535e-04
6.758076375212557869e-04
6.720636836776034415e-04
6.631692023219901274e-04
6.521959872561259707e-04
6.114249735356118865e-04
6.108731514648623037e-04
5.670702204617787462e-04
5.633425431252719580e-04
5.298698363268447781e-04
5.041696444908196030e-04
4.883035204558298448e-04
4.761116019392800866e-04
4.729713915955995160e-04
4.314182664106747524e-04
4.199072239639829555e-04
4.037408649847632662e-04
3.843651254928714760e-04
3.723951598383968870e-04
3.666030796358186778e-04
3.382348006216745625e-04
2.930674376128326809e-04
2.770968551402184068e-04
2.662630571659528340e-04
2.426165183194093885e-04
2.396798585055272409e-04
2.164737891241830844e-04
1.651351182521624400e-04
1.466120467896770438e-04
1.414376558557472964e-04
1.398920973473352116e-04
1.341287267397845491e-04
1.065348319822050332e-04
1.009319786564887879e-04
8.159754165472320165e-05
8.084441673631612396e-05
6.138823566417173268e-05
5.484194118187892566e-05
5.301971097606606766e-05
3.737771489503442421e-05
2.498957260726294681e-05
9.984824712717540625e-06
6.198244104991126074e-06
2.270882650565525035e-06
7.073575772067363612e-17
1.618355507596615338e-20
